49551150
61427184
50338130
604354270
261096538
96921504
175636572
30174676
429601885
233431180
37179759
374364001
789914864
623993021
111001663
1637171714
1087879100
164335216
2359353432
195414179
2305879171
10352582
22946132
51392170
17730742
2460732066
212628353
136262895
2977548968
533200584
200006771
2814548666
79418407
1622620765
104161003
46923808
78517750
802655988
2494262028
2494105772
2494067935
2494200780
2494213099
2494044937
2494188176
2494059061
2494267856
2494090314
1728651936
119304556
1466329350
1337411893
1964237336
198564997
2390772690
23409507
245687346
48792349
2274500544
106371668
2847727763
63514892
115010921
1871304199
2881124570
62635564
171933250
1263282072
1635183072
718617338
2440580797
33834391
2483474466
80289964
72906135
310480276
99894995
315083177
2388530936
160128632
325392039
19351622
50716058
2675168874
35343837
117785378
63428035
257019981
632738024
58520229
130424630
243318861
1977815706
430866983
3025754858
135427568
620094514
540587274
37793043
10030522
33866718
451304359
2958639788
384903920
143039514
2950716013
264702960
60373959
733116337
3017590623
66082463
83953044
70251654
100830935
142654623
72838050
8140842
2556573511
1877839086
239314598
2285141712
2342264580
577272429
80876565
1396723404
30835428
146918263
51943
416396386
558496570
346401681
53126405
47371167
62040241
560126144
136579677
52439455
17755644
50465177
198859018
83558469
1323835934
1487291810
587100449
27840788
95472314
3037935379
2223991501
204167051
38392059
73874208
223797340
85330589
72230323
156596350
3044697410
3018316046
224877087
2269045147
28535539
105498404
2294431544
226479482
142023476
2712211040
2372162220
16432739
23439370
17344168
83889059
253791853
44300967
2347300981
1636953804
184371943
2348042388
86360717
2376827797
67576160
1111533103
870437384
1871699545
21683241
88916307
3059728645
1372720280
2278862816
1399919322
2167190048
113605681
631822145
326818189
3042550269
92037754
74483458
3007678284
2903580162
300621751
700486242
108232726
84189805
90013703
272784638
1098115063
29146048
350141879
274534879
157601561
474210873
75746259
2937753973
79700768
53478361
29945291
2504363767
322420772
1590242029
2684325432
2711314069
2513456636
2899515031
45593493
102586783
1181153359
454912739
229865780
278855851
2527466036
1144934413
106341379
2883663036
916353222
485315252
319537523
2454300164
112089779
515344912
77192816
59182481
57655908
2556188838
402560300
852512250
86948377
190179815
190154980
280059577
2935748226
74980336
117135737
59787810
1617683815
228340691
148816079
2788349300
143437385
280101015
2655563257
49275647
56063116
28901150
440575394
616193792
18044891
180613054
3024823218
230430214
123050185
15363966
380239846
1629806988
44610893
2755045620
227935357
765279325
2644837843
815021239
2891885714
2700941168
140332552
1662379674
163109456
2300116765
280947137
50685149
115048157
132807900
1555231692
2501529528
157224249
593488590
403652691
115139601
110474533
2155810667
18236594
267600082
2175523945
266714980
82970128
43482129
119244838
265402743
141465700
221976572
1148333508
2955030132
2476412239
71489236
1271756526
71468712
418518410
97057047
1913837052
589456836
111848844
446111220
57608978
1039388257
2799467646
20751449
81567516
234420644
55316789
178018741
543455640
1591575620
523035294
371278148
76658014
397220722
104283379
75511123
462234722
46124121
2841108820
541499063
262139694
555431976
221719280
1627790490
101718201
2924709785
107432899
2645043571
28466055
53368710
124106274
35191052
2181144475
574578331
2329582889
3011224848
133285939
27217741
2584359684
229062982
736145803
107382271
1911643159
197157001
45787530
1104085255
595461840
12879212
65605657
1515385393
803067127
123044960
48606406
61440547
2386354892
1025784786
1176354216
63980048
158373112
2390936698
57256613
71340377
3025490131
111283731
428507799
274426734
327794085
1614858096
347332405
2654906216
1280463157
