18906895
16458824
15135588
934681
258955839
5692542
5692662
19736106
14184942
784304
1903021
959161
14337705
48631118
19593182
21720404
112622036
549460929
255059515
684983
2914495783
860862469
14654767
24313380
14147217
97317728
221886383
36290114
25358657
25789029
5538582
7616102
1885588814
22876158
2732699156
3009132523
255386740
481888065
19016078
783091848
836598918
1117752427
91233071
2935417536
2361752287
41294515
48541434
94694164
58831486
30000677
2496937952
114071848
14133034
2306812051
209916925
3042635342
19610764
2250777715
38283638
281355297
2421458276
9120942
15804378
3019745722
9082412
15553222
70403567
626517635
930751
211620426
2935399670
18327957
2382903284
148101501
67530068
122296433
250764252
1074676129
250293821
2385572593
2292891152
236622659
353508327
1203093680
19692299
35929298
531610279
1969015206
113508149
201719326
170755114
36561630
2337745040
1174021459
522850010
2330711052
3038724416
21261140
1276187970
1241943546
143732063
29572464
15679119
511420026
19926365
2339698404
162210707
460757611
2236903112
59253546
22843476
22583534
12388502
445507393
264560818
155920708
862446762
24500749
28277568
1067567108
16274152
3086621150
16214800
180963031
24595658
1866059066
522255478
15165280
96680349
527811318
2907753235
17749145
316795339
20460896
15826940
17047239
31941925
17259081
36468375
42668969
2376010123
49437246
362054384
16553315
94692449
322834956
10013962
1227722562
14660162
3319661
18580021
1952074310
10546842
16432034
860237030
40390603
14945884
2367291900
18244358
27500019
22778627
296694221
13992132
20255162
26053643
23798922
24668317
15693493
22219541
61243585
26528044
18742360
27378998
1547475433
2669877300
15164349
25439493
16789926
1573324730
24810456
62624808
524963895
1930410200
20506360
41182491
15850297
36229347
3002481309
2312457775
159658784
314287177
18413005
428971031
12133382
1099215181
20520812
17746914
207353728
15220190
972552590
15670031
29381999
11948892
16252393
608558493
98032859
25364117
40120177
247599999
17973247
16710422
31422711
50864120
46309783
344367933
16197781
3010713845
1319684480
15638853
125480328
15813086
1230415548
2577649183
2798859408
19721814
40892552
31141686
19074134
1299253807
23019832
17008726
100310564
264482686
265733187
383518962
26425011
48754048
99351660
2378824754
49698488
15182165
22520304
21777111
14939981
16794218
15247690
15232635
44754859
14278608
195145269
562156916
465412116
2360002046
2334356204
25958043
3008208344
15736099
58306035
2267171644
14388488
2710794303
3031563025
180463340
19787235
21426656
28293222
280664117
21147473
15024479
3075954973
1136175960
15536703
45945763
85967905
18398695
26557978
16119842
17525171
25362902
18823208
83606749
14353978
19677371
3051537752
25360038
309131111
415653254
19723339
578635443
27601072
1468838882
14101084
608386776
149610584
1261176810
519702588
174334664
58210112
18338061
812581201
2671913779
23363229
3012030983
186652181
234421474
3037080943
864319676
48070883
2913513247
14259897
63861662
985514480
1417394306
2995983227
22818783
3059477113
1323703927
1385423046
745516200
2379548509
38464342
75500102
2431707924
3050368216
1109419663
58830472
147648981
3031704002
1135947516
3024253831
2348725148
468776844
991899332
14139632
24003032
95077129
340665563
20406331
592652479
281319195
57748493
24640100
159581996
27872863
56224120
3087663927
68577986
63936887
2838344584
3038540689
13742062
52521074
17868556
2756542393
2150074195
2480916032
2988127264
611869073
29908896
26116928
1352056519
20521689
3070316454
332557766
2378091631
54825044
3072707205
22371817
1120959673
1167346838
2331096746
20475413
27414706
316238181
129830155
356519987
212795706
16204520
257789263
34466791
171140211
244998862
26396585
634223150
10108722
83459834
16951865
10908112
18605649
3060715040
1632143300
21444552
396948616
498308919
67072980
16839086
1852166742
1386393102
23026859
72201000
338758482
2833128995
24482891
3081389833
2377315446
123424302
2977469834
2379626336
14604012
214865933
29994949
65215643
21902337
385135727
436441884
222869282
1609220425
37192581
2961547987
3073435561
7636532
41876328
132388705
2296501903
14315576
2983402957
14723730
3045895746
323983429
2648754126
1444697965
3087244842
10458252
15962388
2387802805
26814800
523943260
1228226197
223739618
3023125496
2350565126
1315780332
393824512
241233372
2344380980
18354822
11064062
2277492990
1280543365
1241030887
362286999
223582251
18121284
16291163
15443861
14311440
16870198
30278532
231307857
15871082
55705370
2438579524
73443014
2303168790
113539776
394216985
16628349
61435092
211236558
37008438
14792516
95571923
20982787
17999254
3061499177
152001821
16031509
16965049
113439399
15811342
43200421
28321856
21822169
20189084
757617254
168663314
593799001
768033
182885581
10778222
15600799
1179471
15936528
3003855911
28217392
634796593
2495126401
37045139
164516787
16673996
379412542
972179407
26238997
19380829
19602192
22508964
75333454
1599357794
179324508
22263417
2284158014
1060960082
29533641
11111442
19861878
15943209
282313443
141387380
17434038
170211302
19080172
86938776
82891138
75382079
32092548
30964231
1883693504
2166195704
20806958
23730454
20021770
22683014
2301058495
13039372
15440573
200180800
40484103
630484694
16897212
22342486
17345125
39783032
23482952
38122533
31338438
402086837
105178925
30077957
377353542
1528966807
7854382
24837120
22976232
1332121
61875536
16954427
9624612
360273490
23992645
20609308
183750101
21842938
21409407
372606067
75101308
14711282
16265509
1938939488
1263555697
52186727
22382556
1906042772
27733550
20957421
1787311
244173104
82239552
946278624
28560275
9695312
21527418
1596887454
14351178
1149480530
237010417
37725640
20404078
236596538
16468365
90643629
64501232
1257745806
1724279856
15829098
67351660
23124715
15739786
31312545
21586778
2338677721
17811267
2178683624
125183116
1570813506
304013126
20568380
498328354
2573497368
19038849
14982804
1523391289
33056068
25518816
306413795
22813469
12532932
18374936
16915119
153157393
771662976
1165051622
2955034721
497810392
497306591
2754644626
2780249518
3089711432
994258951
29164187
502114278
3102065647
2933533383
554979990
2753947566
738624774
2261153850
482371998
2996827833
120473540
410735569
2895093563
380881308
2532071897
368801289
2431404741
1537289239
1163469528
877496592
444910870
338329340
358767343
1885885009
2585945160
1924280780
2508510925
1647627985
2308350351
1280338471
17297279
160589329
388632060
96218435
60431042
20179365
15921123
2326032128
16667985
819867319
18825668
17783446
16400360
242030398
14160883
870694675
1535085902
1670721
9286622
1246761
16334303
24723783
14239737
13918842
22225606
11148502
27436448
418166716
192265806
71589338
2269588628
75578012
818095
376951288
19078594
18652373
14528570
942689047
615883
615513
2332426926
132288785
351786732
43377353
8816292
17634057
379405231
396893648
5922312
756264
8255472
172017094
14133447
2812445827
390929396
1629106706
13837912
217605707
386297787
56413858
338218744
360417709
23995748
17323290
57842498
97760944
2471274896
1602382386
1260545395
14753208
1667758969
2236358304
391496531
2838447816
612148139
137278616
391131873
1037452561
31456950
2705283019
393129555
19171028
114621495
1223159221
44403832
22289026
1252404168
3089402800
2427515972
2709433270
606517190
29965363
625838624
2905301426
2970121383
284907365
17661992
2530060495
320572374
527781998
102750875
16399828
1053935353
19776403
296361237
69791520
16204315
250673506
270701201
2448175718
125741757
189616294
2165689962
23855985
319196890
20156954
2734428024
518286268
2753172733
1377373945
58978832
30026951
31313369
2163294649
224778221
23543275
2788477064
25035951
153876973
18633388
46031363
16027352
487966350
27797696
14189270
20413732
1175391
36890988
1257678648
338088483
2810312496
33679768
1160320603
66266410
24389686
75448787
1586198796
21708989
27428059
21769882
274104343
2192288816
2444825682
21623884
29960972
1404007872
135023023
47443241
2412869767
273161210
174047778
2326149319
48085804
14551759
3082324176
408841511
848012036
3046553046
130995911
27951239
3011459908
102404455
22413949
2295345954
121903906
2284104176
19028066
54205414
16397053
29887198
2255631168
16272212
411214948
245658785
120360934
141262421
170879292
22648028
89717393
17980851
317550375
2214569185
25768846
2212856612
2983297262
2564258090
1475834604
23585826
1651204748
383466457
15571265
2561654094
25582157
3061503490
24680598
295307282
15440432
82368315
481654752
17456146
3075528152
2310654990
1201191
3031715831
538458753
42950245
222359449
374284957
622430502
24112102
364979100
1584364393
24923263
2590449758
1006838192
22267583
30395686
239997820
2389716504
100278057
365288023
16409438
1703853373
803665045
1192224372
23006713
16643023
546983450
17092251
4075241
27363679
14946736
356480842
6446742
14810823
299797598
18913596
1340312298
2368489414
142634586
358957713
266953814
499095914
1165082036
272904328
497339487
353523477
1582234339
1433724164
1197891348
2345085426
1209885944
2354059892
729409003
1412828772
447268204
273114334
2874490402
507827996
1948521631
633623780
2761632751
2674804951
1005304003
716660166
856852152
310510811
1514206778
3027835234
2158482244
2275052935
541778428
371625255
16338306
401057726
312986289
234456226
1368514946
286676547
2174593861
2528623256
438756112
737116914
2313853220
1638433556
2474732832
2264871740
2492862296
2502036961
399370061
621176705
98638197
1618630314
2575540950
1101377640
750190105
2925897087
2863296422
2682761382
2746556920
94786981
453580523
397486729
135204104
17148707
128596673
122468831
67178469
13361042
21021295
456879125
1320251016
2262958271
1638999907
1084203264
230460225
1896075390
17443848
45194294
285515081
250002829
161004605
242012659
13162762
381589166
193030139
317370343
139185720
2910022539
14275261
1234801
15607375
92603118
37434855
187661248
22043403
10656692
1895238108
468989653
1112588304
2890609924
2932048272
258217469
24939473
1372853570
413650172
603268288
34608547
2367681612
2701881606
38244366
21425912
1905865105
19796335
17526930
84689662
29860849
20946303
14177755
21148487
151364943
366220747
14483749
2724183846
21320186
38654813
2871733616
2156029915
353953264
835246070
2206119703
33963038
14983499
14159257
29483114
80132462
2332540801
49701689
2965428219
3022182647
438924362
2710366100
2851491604
111116552
18662449
182895073
14179145
50207088
183100258
19058861
16752601
437389860
242367945
553621472
16608002
14397195
109141719
15584221
121932002
1017990985
123356769
18034339
449461482
109067463
18261581
1035514826
16297720
3165101
221123236
21907131
32148675
24077085
1043210894
2955262807
131217768
1281509713
553230996
832194984
375994292
17475920
322441575
2615590759
2927074329
174521556
2276703102
56469651
228982371
118439001
19334297
452577987
206513016
65085261
19329419
2398137084
279626203
8096592
22179304
17375954
251058698
124334148
26020465
148428008
18701067
2720144785
261272918
91580567
96053787
2991005590
599643292
35563277
1107887564
17060925
820674420
1944970088
111180400
551806631
245479689
30023595
2453892138
11310502
547990629
2866231971
76994475
18574860
2160109405
7913302
186700511
4404161
2157101
41998762
14438128
38307812
38280765
284195611
95723526
108372881
61598730
2902774861
33767376
232278710
197251486
1562909502
63223349
2244771
26661262
29708237
43196650
37607172
231272096
180087696
2753205853
93331449
161092687
66225147
37895916
16173008
57058888
17299620
2721363495
546077841
21817896
1167661
2382514704
2559619872
80095753
136206720
119081312
280763392
12088272
16026808
14471461
18652500
10118982
314235694
1532586613
93834786
14075281
954420384
22847556
17282363
482827922
30925354
16170521
14193134
197616773
294176651
33162603
91452797
316006002
516183453
24387773
69645471
101766616
623176151
18801062
41598432
159613838
468444156
2602752356
23757560
296504381
412997247
16814891
26865324
513774875
287172231
20217633
2608762800
690253
2544914191
2381021576
825532916
46696817
15311166
2255905927
110206232
15923093
34029756
975333530
477171208
257567128
16077803
7805322
17997396
24594824
19211859
43008762
809515657
318024106
16282269
11181582
9439062
1085561
22668262
16117009
515206505
27033421
870031934
17053134
269911719
532771106
36553884
1890371101
1375135478
2252262966
260677385
911050982
39327976
19196415
42662397
20108560
98760170
563182846
15896129
17797404
245475764
580411237
2497707500
2540062238
2800473330
14869551
1134369632
286208037
11960402
25465131
2324116850
183270281
549505290
13988062
820235664
2399839410
342322462
2295810331
330897081
633047416
485054533
161181903
2161949366
551271491
2799212678
3040754502
14363838
52201571
2940983811
1555994064
1093949743
2826923522
32906646
73007105
569455258
2964859901
30263310
734993797
154434758
46740066
16000752
2882811655
262471432
1387979808
1490638039
1352720142
1409314657
2221997882
401477584
135079265
2421518563
82543077
14551649
32495046
1157793505
147094187
918082298
97482386
9077512
2443284403
27237467
131832424
608268443
2339092388
3031455243
221073
46814314
2334012157
35071400
126378049
3090138010
837232531
1458430946
2902626811
387145876
439628511
67917398
397037059
403467655
193028483
17159147
2895826840
2848562508
27080438
242366324
2535142775
2878655400
257649508
57079090
286360185
2805899905
119545391
91594919
27545443
851437596
100699293
238178363
2460449173
15541679
15606203
16229069
2332201379
17767085
2902773399
103319385
63582147
296406782
2873700427
1902204294
8170372
27492652
20157121
2547132745
343420501
1553615010
18605402
1311989443
385771121
10045512
380896320
2358221006
290081003
453795529
33841901
75295839
2512664528
637321939
347311460
25921747
1631385410
76532458
281654519
1936944854
577438330
22564891
249470677
2229030374
2924209797
37340424
15981547
205926163
258578772
794893932
539164752
1478986855
84214345
144748652
398800739
2970282549
3055728798
1002595766
374918418
450690562
2279790721
2979996206
2375559542
324095750
20480819
2737356686
18265410
84184125
2661605166
337391745
2331433675
1424516053
17813513
3018483713
695443
22634856
20698142
15358891
347810392
3060235825
1322488692
42063565
243822616
2161865341
22039437
257143181
2396380663
608825771
33080311
30779389
178118466
34180814
581838877
144830673
2887047479
3067417500
28366868
16256913
1027234446
598442827
2499762584
377107867
706226261
67472960
370887398
137806147
222935765
1906384316
115826029
69622762
1576543027
19550962
1896282686
1558121660
1155531272
970446319
2364711932
2389098930
455923250
30598512
1764607286
134087085
91277238
43456135
1558965955
2852299683
101069244
2282669478
31640313
1024713775
2935445291
105258880
1383735386
489177751
3061188068
370303619
860789293
21799699
215822029
14126761
3045930999
27110282
14318892
21928144
260
572079091
7862582
10661622
39419576
2558288186
97138226
1244378298
28902086
21194452
735949298
2789145865
213696414
30647275
1629137756
2284981134
2252819773
2463584954
633343
1413585594
3085768581
334630836
17554635
15085018
237414634
493517502
30205470
104287391
266730793
1581743191
575170819
260938716
16320537
1357878865
2848685001
2710931438
495967531
1126340550
77825787
116446159
2809606819
24912733
170115035
131690337
408233762
1686689263
8333332
2283921350
2894901869
864899431
539233140
1643453754
820292137
1268523896
2907032450
18200180
259404770
16421962
813183864
2909709044
15078100
571606281
17682684
16962167
89128320
17226100
2007051
23069129
1374190675
429182671
770750358
262970655
220454915
2321601726
2241237566
1899078396
7091082
3050085341
34312364
1045248612
411173092
28082409
2303361212
1425546007
65504528
182872552
2875178891
3032970028
499410765
395674143
2279100721
989917813
2419055041
267883149
1081083180
2983182822
2933447393
18236788
258765159
37958817
14421893
430434309
1416454502
81650379
2777123581
809174143
15011937
632296181
257125587
2153719345
77599128
2314677457
308791018
31066539
24944296
1531802126
13140
3938771
20790187
104602099
2190467879
1570639315
243230623
105600261
61964790
24583602
18885997
315797146
701036533
425826688
41229792
763608428
74738532
252743276
637359083
183314859
164458657
1103081654
2974573576
23879781
246961538
18324008
3015829258
704508955
2915882702
145751362
3064010430
3032154654
1300351093
14700541
598947276
266564485
434738846
27865605
414692347
963794528
38084009
267133065
145855451
1024122536
15290966
1298935814
37892006
81418282
295140154
148589364
54932351
30834057
708522916
1858172166
399729291
3060055343
2353436449
2253753678
496292516
10764162
436147467
397469686
180124817
1493171054
410239347
59496565
1209977838
27931600
235394328
103711454
1342654741
1025017116
2688645679
2582843737
556837775
2431986182
353425571
1260015048
1447417104
1615737216
66259367
873461084
66847379
165506257
28056853
99588394
1420471118
2818047124
152083959
2348810688
2411204053
50543620
132792309
18114639
164087675
3036044283
3068362695
2279522616
1223102563
833936071
273582269
2219999154
19924253
340394372
231211152
304132809
1902715482
949656745
2350487924
1901870341
306129372
1574196246
1279517976
53587913
2905343851
2162033954
1902684722
2189807450
1597402603
2511497701
242557296
506001647
77267637
383538446
540141486
26691920
1465413414
577526312
2746660088
21673384
233588515
2513245501
613702111
2282411524
26052029
2533218035
3001741536
3004100492
557052646
167117524
909701
200709173
1559712211
1352148019
469668974
171077810
2924995235
16189646
1666041228
2850679497
1308295088
24127628
30618675
2763528596
142150016
370386372
25559532
164387354
1373522448
28114096
250289885
2891498340
932513899
1033399340
25011742
16150938
67139660
16129633
486309983
1355749262
18607787
2708449916
253505105
126074164
625179852
832142160
950699317
86146500
2362976330
33675073
273113540
254671751
831825991
378247120
16139108
214094061
972386078
1568557332
95145394
2482655844
97920553
1333344470
369263949
2608394678
2590112131
1434246241
1705232222
573748308
2553025719
1668266299
89724340
430228469
73417676
90005759
2825481816
1651606801
785006065
528405297
2432695033
279319442
433468623
104957425
2417954480
206243349
993
16452102
59543978
1161421838
2427014249
15169176
730510490
20191494
21516160
95415640
301117400
2906498626
73256289
2907593887
2424632311
1269667542
279631074
96164015
59816323
110727420
1357846658
121590321
210242329
33826976
28134666
321462250
276759802
167160788
386386181
1616926472
102822704
834672494
2377676143
377769285
611137325
1676290897
180171291
1906234692
544339259
2833116990
28831630
1317676496
27960688
54822205
266656134
902141474
19480704
84324268
2440124724
777352568
1604779776
17378574
39085713
17141071
31149770
2652799044
2541374583
2269336717
885327396
93687385
562024972
71315089
2391286146
199111503
260434183
148126075
2723055632
780050
17237956
20711514
2816324424
2881874622
2281313095
250814285
56492389
70404732
1324913742
2230281187
880711320
3182885735
331258104
2892521187
2270514019
130077868
2991665293
2994427414
466583483
3058555179
2576043173
47419118
14569998
22865756
2398343413
21457771
152619080
1671633475
95691357
51567066
130228967
493110085
1256862050
1056460722
2475121410
2224032253
848422250
2842735798
38706595
3072590165
2358094128
1914608720
1561766376
1290063926
44991482
341678317
2771928300
377809994
119178208
3060728605
153508268
545429758
20102726
345564632
1850057575
24265831
2760792428
2973730426
1143810342
165687399
32836872
455263055
370053541
31994367
2590256130
2916312080
527866673
389055926
2835592338
340496115
3085510653
490566569
1887766951
3074072988
3043709587
125561773
1524636156
188078816
533795648
150097325
2938134454
38788732
1506112722
15163096
2314538184
17917064
38480439
2825711089
358224263
2274044785
494475397
739045220
873081434
89526025
747362342
2489040512
2500280429
2251258678
460672960
2154442326
1066201711
509372878
2977887307
2550951319
2979217480
605521639
249830026
41244558
309713483
9237012
86537340
116640323
2228171385
836526049
2859039287
24230480
95050866
631681589
579570476
963840168
42458231
270386477
2981518888
1733420300
79762585
2838637535
1683547142
378059744
257218292
37721114
1080602371
396309888
2635984599
220398620
599271008
3018844283
788025966
2815161140
1493444102
355181625
40166957
429737232
123696234
19614819
46816193
623079777
847845060
3072065166
229193729
1312460347
2982541829
430692668
2735079555
1704566480
197396131
294040765
2405600349
26103924
39048435
2784604144
3018936952
578639110
70286076
134774386
1071425371
39989786
2377712095
3009096712
2275114442
74339295
82692199
625241772
15025225
24745357
1252720580
394209400
2372699175
26175896
1475430096
125851043
33221920
1662540194
2979504201
2940169185
2149769052
57982595
18368740
480975287
1063580887
827832224
2559424745
2837418615
1468280928
56149312
444932868
1064002574
19120335
2844434062
151946076
2957541854
546424269
1049665058
395227256
148148588
20701433
2908210474
2926034580
301372046
900365912
1906601275
1317689665
1311758150
19270084
2390208097
209608451
1566945798
621161103
159737210
29933637
2999085252
2825523506
29281230
24500007
3022141364
53248546
2196058678
1428388681
2223031520
2975035048
608044214
36126635
1198399873
251934258
2424504566
2964894693
3073103655
2727002510
43260208
21794771
1478270724
2894902713
53723621
156086291
124292697
863741088
157047155
14861072
3036257852
35741463
557467159
90519958
2326361724
2595305948
590520515
110388734
71542666
2996250006
232694916
25407972
2259661920
2437399645
1076809927
168774858
1863295710
1267123928
279102772
226047857
262489912
1205438846
89601432
578391696
535951594
2721117064
1685282328
226051154
3063890970
386532099
2184924268
97311584
71652311
1938544542
721065352
700198579
21445154
282098746
2299171847
1978568034
183808483
2492929303
1673485380
531706752
3018772663
78370680
187570803
2532602232
3072730431
3027177387
2238736027
30815996
3135357413
1666588260
68917136
2970696742
2476850217
434010267
566797932
295676583
2618343897
1444457568
2992287490
337198935
382561630
2600475440
3077784184
