69874367
358293294
88593181
2247054350
578202060
316974182
136889439
88640443
459936806
100205953
756035371
1945987644
2250820957
424450412
127227438
346067781
258781836
318673863
356092972
1630630458
358327990
519311183
147994804
28515803
2204539866
417060768
2826529099
571557561
2818104212
2365225165
369438749
727973347
78513180
1688830495
76265745
2622450394
2655980366
2343682555
2594217433
3038179176
71251611
2228551975
2275977091
113655965
2277154944
2781601236
131251989
1666873268
313781978
296755657
1910063808
2492576089
1913668759
141889664
73571300
496955995
415294882
146969105
351433890
363893810
2591399174
222106205
1090948867
442667199
362609666
58516766
724188553
47930563
151145107
1451820792
1525187353
88872137
2356070976
102945558
18697736
100525507
774729824
285655507
2993171988
2574642648
280981852
888508442
543867282
793231310
2798263363
2658875844
1274411497
57913034
1321898108
2714725650
80043660
703967380
323118309
1361756911
2928776378
144044740
261707637
50700978
105039807
2455202539
157016660
159040801
291859349
181133738
2614211958
234559256
200170767
1241726142
201172112
1524448356
723504510
392035799
113810443
1714955306
130782004
779809399
135824659
736004250
2286442256
1323890816
2184256248
1057988562
139630562
2993656118
2341577557
399239807
3194602464
1234223270
2458399345
2562384241
96379514
226234783
198829012
1530239658
75610842
2274628063
779863892
386057207
114978436
95468039
342708401
381920622
74792545
3029689637
3009017174
173395280
2833140578
2303386854
582773407
260808148
133208869
2255543256
5669252
2289109550
2252160715
1205234707
2988982072
3007926774
193579632
374932935
276683150
963675614
2991365466
1889378245
49951447
3002887254
2223595298
19654008
2596818696
1560649556
2375276990
2317465014
1684057640
1638336416
828068220
2618043851
2346379950
2374033452
2286188761
2278472431
17771406
2420559431
2989035719
2989119309
210025602
488006618
172289791
1264268972
2465158117
2960674464
2992765416
60281586
2258951982
2801729758
1352298338
1315550958
168554409
86302457
3001272434
3019072116
2912052246
505638293
101423650
229463671
1962432751
2854740458
61163758
454863989
303160513
830628120
1492289869
2989206719
75255608
2563235403
1531529382
2988695303
86902256
2223314346
103775222
2609165220
536070455
1639627976
44346105
28998911
6864742
1672680908
2989601192
254429536
1670369593
599910617
2217912041
1212472860
550854560
144369434
1031252766
70951863
170993839
1096566492
2993050484
108630313
28316920
52677643
1004719717
1377648546
314572010
2884806025
388051669
144500227
2732992031
2440980008
54351242
1108365085
2354646403
218762377
1601089098
2488510225
324266450
2806865590
112156336
2193977948
2258432832
358192606
2949442712
2188609951
117712433
3029670645
33477698
1078660374
67248645
431721188
861163832
2296489909
1707806647
109234611
148441768
2387354600
1062825984
1650876847
986680280
83114735
101540481
2808936980
624685016
86461579
592775535
2982588033
231072702
372846276
100957279
2773272062
2546441913
130714777
707263934
192124763
1671237456
2329294652
99512115
2789733951
103299980
2789640931
2387685996
607050475
109500783
605373292
45177874
26461628
2469652362
19791947
1363990784
1530037800
20379413
1271778210
363742323
130588860
102991077
2924403823
399933809
161590148
2648882708
188676499
922608115
70922852
168535363
1709518717
1039557816
1860717252
2868059857
121103638
122928358
2907712004
3003086586
908407160
75555664
2198711797
134773422
356951857
940849778
217749424
88389821
1091624545
14785721
468348437
423502106
378992860
1100117918
444898993
141250075
1326311402
148052572
2837797147
117586857
70896383
59569772
2549383044
313189874
1175047638
144023923
78568151
2256856392
113669534
123322741
1830619279
1690765086
154495928
313915256
32820903
277388031
275964174
515138614
402758096
14656843
2432722268
1690327352
2848995450
104228099
121789216
131725672
399928357
385247365
2412550704
2486750329
17676896
1883790102
99136355
148207537
16275782
156209575
15330829
301299896
2218082982
1065952920
3022569924
59418755
354077180
1026022232
2897800202
2926120765
332329637
2383212192
948025009
561414417
137370609
1943637200
2303522365
2231391105
2218321806
2418414072
92490381
2793605047
96366616
456532465
