20431922
3035472579
25643687
2155185577
42290868
3175076739
753358988
3064958487
1242615044
407474647
17119424
395994661
44133541
3103256345
2302173793
762621462
30971909
3121670999
3131592842
46801044
2985955438
2418120913
1966002282
2874464293
253734253
2258464496
2744781469
10458332
227952382
2880364274
761429198
379595882
3092698598
3091533683
185622716
1312225898
16050296
24968293
1563482935
510208575
2367806942
3072312415
61608747
984279223
2773657314
902101824
909429824
16248319
598925796
2244804276
3127199489
465158270
59141515
2491848110
518744362
89476066
2479977919
3033786251
2526578912
3081267783
2418154111
2203709198
2252219430
3007681714
2929470125
1336218432
2335725002
2546635844
2724649025
2334894821
2336733936
2331266245
2829910185
2892765827
2973110063
2976279779
2863800816
587017604
2323065984
2358873649
2275531998
3001576030
2595416385
2347832648
2788434185
2349494486
2829899700
2283571788
2252983828
2967156345
3001485537
2863811408
2358135572
3001531955
2303923430
1511154877
2973188812
2565386987
2749502451
410101714
1474878668
2892462880
66739464
294918280
2252398055
2319910580
2321479686
2304512363
2358133675
2966563907
2741855063
182954828
2165900536
2324461358
2269883939
2973152566
2704665782
981611215
2763864162
2288507889
2931402611
167645659
2236695299
2784752753
1527762264
2351157576
196229648
2499228290
2305036525
1679524980
2155242431
2737414309
2302702209
94719372
314287177
96972239
482054137
945540668
2824445950
75873744
241987341
2530512222
2433068726
2796026526
37523006
2885634367
143865983
2246074381
1475906437
600935948
3099584558
3242348146
494690179
1905445776
2373985232
1674155334
73402597
518144609
1433153444
1953454975
2462631013
816711163
16957824
1018791072
164704167
531757323
2229967117
29534604
307969991
16968917
2753743832
402797867
1403463672
3034819943
2566223978
2912096877
18057450
376010035
33367205
1011428719
2858393213
3029588234
172980515
22688529
2359028480
1953786042
3035768752
2653454930
1931226613
2458060080
2506769574
2355209773
2911456948
2708621827
2160595618
1325229535
2832157632
2883941980
2924543970
2525663505
2194671646
1352713410
3078874540
2875704400
45674330
495088169
2698317289
3097038881
126372081
2745168269
2909540375
442191722
842718474
37379379
2877226200
2800630287
2800532344
2765588951
2782566723
2782696715
2957041439
2848760890
2842465811
3173896889
172019854
60495740
137694679
873461084
3207862588
25446627
3143085166
2253783906
1608836484
1403196858
201535116
2620069326
363537571
27073309
263492643
453993468
241817763
2837582335
1954166066
2647513808
2301041859
3017510064
2638740465
1867342454
2261075405
2943934487
2900818122
2433542039
3158297652
3002622596
2889718624
2319095519
2796770771
3061627566
2994390921
435459729
2987628990
2932429173
16146535
3187319668
2844723167
2911378432
219093248
3037148238
49710072
3042569202
112886847
1655497585
2838401600
2938367807
1228458019
3192877875
25426892
90283136
1660105406
38685301
2695436700
2291577193
1325019404
1658244800
446708544
1002771444
3013544329
1924985228
2987731206
3034081911
2984825498
3096688489
2948885241
456776697
2315472559
206856477
3018580823
2338549014
1265932692
2188137047
2597839416
2543096737
286806196
2695405879
919536019
2889258269
2918223952
1348811785
797162652
2493971545
2785197523
2910441304
3179059082
2458090176
902276340
2806154434
29217093
2896853081
2937796283
2300619008
3038876083
2971247836
3034950226
526020620
2300602826
2315919844
2503814665
818291160
2493993336
1367043446
862424204
237994971
3179462436
2565873344
2525578032
542539388
2467565366
17735096
1670142380
3033331781
2503813664
3035887829
2433047627
294684090
2491529862
1648702687
1031530278
3060853761
343595703
3122399532
1868379656
3234604527
3035556394
2603186736
467628888
3033528999
2533835623
18442199
203845120
1419175117
3035775665
59557368
2650644284
3048207617
2615722226
3193230514
2734304898
3083518566
1433927304
1449585378
183573545
2971220075
72627052
3033608201
2653468754
2279522616
2601372570
2866231971
44189291
2801570913
191971378
2453805590
3035823628
2966854221
1476742116
1379302908
2503793773
51235955
2806446765
2340671790
1967570335
517985460
2896876654
1528976594
2848772475
47942777
2455353462
3033696333
104142045
112322756
343062486
2979301273
2425154444
637096601
2799600215
2494003213
335398596
3033359355
2184556872
30248338
342838806
2883349797
2980136477
2802074098
2493977822
15771252
731019727
2798616144
2960092606
2960009571
1564507890
122739382
964720886
2539908208
143241973
3035915548
2946586270
2311063720
2273292660
2984898000
2202434364
3165567711
8678412
1916739018
3025418826
173228602
3037194144
309483282
705564782
53503202
3118867904
537052093
1111126194
880929493
2813678052
1461755088
141283057
2874137267
2207062130
2828809156
241776425
484158129
3029036945
3218225025
2420174358
2918974935
2588623208
2984882238
80059512
16476911
2163883202
1573044258
28801405
1219481202
2911306367
2985666330
17129251
2842866262
35425654
630722427
2519041406
308698101
2562390674
1067287825
2868975987
99956116
2298043189
194898112
1323992516
2857426909
2590205530
54759959
977196816
16034244
15574237
69976507
2799776363
2446026914
1636673089
2292743989
2800648561
28680787
933703560
41609235
350670309
3096688231
2508200305
468161615
1957155570
175327731
2570698417
1589148474
1943656842
61399101
1661810732
2503818606
2781183924
2370787236
106274902
284241195
540321025
418423461
2585234432
2358183708
2765617167
2809614112
3181251199
2418897182
2431111628
2439197382
2428918782
2419076102
2418399516
2417991709
2430880153
2479961724
2432095819
2294945383
2432114684
2741760121
3034854837
481874509
2326222897
2340728744
3184787383
1694170675
2741710998
3033723040
203324961
20642650
2366052380
1392898712
17862252
258235055
2882317778
1447732447
3033270773
849923298
2322901370
2348865338
2863924726
2245238366
469937852
1898330678
2902626811
875705425
15898569
3138326769
54204222
58912749
2430503990
760544600
336427431
34493217
2637876483
2501091768
251634768
591005674
145752172
456457718
2950121078
3057608414
2868053200
169670184
2972034232
2172513648
1663911799
1185165626
431083961
64491631
990788370
10342142
1478450474
27257426
357648167
3035635263
3033803560
2937780359
3064371401
2800608903
2799217323
3033450923
2593951230
2805055330
2453779782
2653433042
2960066687
2804567817
1655293610
2503791674
2601317408
2799547613
3033644783
2960067448
3033320812
3033732837
2774007786
2493984529
3083589634
439520177
39813977
2159300588
2556403851
1432029667
431031924
2597751222
1897607858
260778431
1363017312
2569856559
579149793
40200769
3035646772
56458700
2554048974
272020464
470740219
3148558261
549361410
310917910
867447006
162265909
18993395
2999189770
22746278
1831919268
2263147223
2411733739
257199184
1910398267
987187945
2285519352
40769584
30315515
1290404490
2367273037
2360543083
2366584550
3221718717
2419055041
3116194296
2474320770
2491589184
3031810431
1865623447
559693130
3236481497
3189945438
3180403681
2876862491
3243874785
2998958791
1416404924
3152309567
3033470290
2896863377
1670958361
3035668474
374357782
457709769
749176735
2761301599
3054237409
3003855911
3092351545
3157154455
2463908599
215070455
2876808155
2532961218
2361872202
3244056784
3059785990
390207019
60360757
3169110512
2575745114
950038176
384652059
49663803
311339795
2546912333
2501124176
1665099738
2899966918
2781294222
2467545006
2782404078
70544375
2506745091
17235735
1703460248
1920856916
1424085642
71307217
3033690970
2945778960
458674076
2483445000
2891078918
3033475755
289463265
3034890100
2571036644
2332201379
397921436
23000618
1381013540
2839708510
771615098
1121769416
2734650310
2237958133
3137928626
3133615297
2709334834
2792591161
3131042691
258135801
280082481
16495147
384483993
155132335
2518438370
56293711
1431202634
2937436697
124482301
2476138412
257014593
57151929
2430832376
456326829
1898274198
2196140376
3087680928
3182408911
232793668
496549415
55433691
437673995
69867746
389548615
2917302837
24461721
2969865717
2729037229
2985063531
603884155
18942944
887356508
1724140628
355184416
518018198
2983265114
3020168556
42480010
95176269
21121491
2535954936
1690579674
20255553
385749119
17548479
32578158
3033531574
3035890983
1638049705
3034870379
1190229518
1948260762
3033621149
250729831
1100194788
816460406
2453803956
2857931632
3035644065
2593900958
2458103234
961091592
3035661064
3035457045
3033291887
1279517976
2446005762
3033485183
2544190647
3035880765
1197582204
2905393119
2971444174
366761280
240027157
17741038
1128255048
3033440645
1925172110
902428952
2896958137
2668511677
2296228925
968043914
254627062
3191295323
2964186071
2388914772
47064286
2498978331
76622987
2853645556
2521541502
345146685
75056492
18906580
712547850
65198665
2916520938
2787125401
1662020425
131614451
958325040
296534079
118750933
2601353503
2239132789
3035786139
442273542
446177563
2778043482
49530077
2861753055
32676691
3033576191
628092410
487953217
16742064
2780401584
3028865068
151891567
116841782
376510469
2690417377
3033503267
35328409
797230573
267855640
2973332381
183607825
2782995524
2467216459
2635595337
218666318
3118255894
1123080942
29157743
3071764538
737303228
2793006123
780916632
300337645
2246071908
245385426
618587448
150627581
345592846
2800475385
2505788228
580264182
38683121
3207639365
3245243314
2971474120
2483475012
2506785930
2496643028
2467556107
2601128929
275867146
439502873
262852786
188630428
22455702
19648315
408306350
306641246
391533773
2285018040
2603224578
2778262237
2781939518
3121936925
17203795
481168319
248135355
3184421268
2411743836
1614549458
2887861044
2411738820
2490407720
3035905625
350472835
905073708
3093357100
44184445
2741655314
2960220811
2774360515
3044807802
2498257728
2594002573
2300238246
1949752832
637321939
2433667077
96915355
2605006939
3240856791
2298745231
2463915446
810053322
2762645418
383896720
39666075
2874473917
2741396487
195712305
116191992
3170214357
2156560602
2798748398
2798716999
1665184958
2896850638
2501107820
2298722532
2483491746
2411739817
2361865279
2463920684
2506855418
2411750658
2899946470
2798607668
2959981113
2236783614
2593898004
2446135554
1573473840
2161949366
2791820130
3181453674
3040754502
3208024522
32635294
248383985
2876478297
81190667
3035590697
1674428383
2584385758
2513414066
351524646
28927554
132243158
470811583
2300557593
3244136351
475770140
63953685
2871590751
2589440542
3176596077
21094406
2725326884
2496645174
2836956525
2926746575
2453787236
840435552
1080602371
36332025
2933995596
2979947685
2892104121
45098754
93891680
3001504929
3005135168
69163320
2908321702
807780570
1710050395
94894401
3170166473
1475168784
179054279
2252627300
434010267
497810392
16913939
18168437
3161600846
235173460
3023033587
522827657
3121928316
2265227667
27428531
24161687
3150203942
1211059848
548697019
806180298
1961195778
2330190258
2408226319
2963686903
2315866519
2296803947
2889657072
426903572
3131396181
429757687
3085693461
461803364
418867971
236319969
3116881513
114006321
33150221
801641586
3004560231
2241789872
194663746
2151172184
79543857
1022779850
20110434
3033286185
295586633
3035868652
3118587285
96055277
2593922592
468732172
2808956630
2932012733
3009756158
1006983462
182946333
2994718876
1557015818
64044525
812079846
2483500938
2365305244
233853114
429506524
2260794852
178492884
137420854
1912522274
2306740958
802105243
16611239
3145020575
3094340712
496122950
2272531993
3033286474
268500979
81714813
3101145551
3004517593
31591353
2533737332
3033572704
3033639388
3156894084
1377991304
1151932644
110680437
3201754973
3179781877
2873818406
2490332148
30609779
1973399574
2820607874
3195653409
3230165511
44799303
3045399469
636426776
3166472054
1413971334
269958365
33733789
3228931432
108178381
14500782
389500280
2271896611
22855302
2996329019
331417963
26759589
200556118
3040336566
3033276441
3088025604
2804715352
30829902
1533480067
259555663
312983888
41205820
572024575
3025376686
2744743236
52904093
18057787
2494736924
2737336521
3115869456
2911601660
2375955662
532771106
2927165980
3138666765
163273990
2794641017
2915181104
