317972790
406377375
969728082
63832723
18850564
116225202
580968094
195410381
460868696
55370049
2493401248
274367522
192222418
931544138
2530776391
243318995
2348421122
1270038192
34467570
455010438
2602286463
276529106
577774403
336630849
512814104
239467085
709426010
2234545502
260133944
390975747
90854340
2428920877
2231189252
242414346
106393496
165323247
257097577
2375337679
753095426
2226735385
516694000
1413091897
49968109
578228413
468798917
448394012
2255284916
362915516
3000945173
1979568403
343264102
1894351262
904349491
535166689
2182007325
1048468734
259895894
129164948
2407879965
19145560
43844930
367296011
353353761
1554404876
2477973888
1813434864
809840586
381214787
422868987
2199454722
308130306
55104794
396507413
2490819006
2987812840
2297286916
14799078
2196258063
22679976
52329723
2649300462
1164336541
462427721
2520727820
831768450
1880399689
180317088
16476536
25979970
2172632484
2263235750
2582427774
2264130177
2409427190
1322393514
2842490193
1133836538
259528569
2286291524
718487389
118589855
1117064341
2432086843
40882610
238080747
2172203360
435533981
387779506
74484610
437294311
1271025590
1619820937
577288729
852483272
47962856
150881077
192517432
218264459
2484642526
55260264
1250111466
2468828556
19694461
13374
365947568
2366419128
258003948
2315411725
204246297
12531012
19541556
2773487642
337685619
3035082505
2672972124
2671645208
82197899
2674257122
296164029
33734742
2682151194
507815295
47930274
502436016
170636417
502196862
19409176
28009377
2163221941
2670696570
2672728603
503078501
34874146
2674005546
106705144
2517140557
3022648593
429014113
2894499118
1045693164
282538742
575321370
358118086
156406849
199201124
178406304
890674015
117477516
487496478
294613911
60165404
2394313432
28104195
20106357
158715457
363767963
835958604
554720674
176123550
1162651273
315124926
16167716
2353360606
2616617478
210954755
285502685
1978165356
2889971332
545501375
286217515
961365841
497031544
14460241
531796194
2316065196
32734867
1476204271
2635197969
253026595
1948657260
1187136625
428190468
624557599
527672093
498316263
2436883562
212291101
708479918
2408747287
2654843173
1273247052
2954137227
435260935
374490485
2689237130
109014242
2579312316
268170197
2477965532
41964836
163217488
2480686713
2789403379
2841948712
433231620
2574521093
169714974
475031044
631906810
2304536438
2704521656
398696454
2430398826
515227531
200448272
2990074222
301197522
2252773470
91800578
2909176641
1028049379
328455681
2782859101
1168531934
192874345
388818862
294332076
321413027
160862455
2403384552
49084424
290054710
1861357464
2305601048
263546779
2727217895
2308633824
1279958772
2513908814
2840350877
2989424285
470919829
2366191117
2576523402
220776068
2998099809
2791235354
220689036
2589443876
368132514
2503899384
2759112658
211345057
581402775
1292538062
452843098
2176980513
2465102024
2926034424
76697960
1694169914
2756014735
2269391174
18263932
422145250
2393522197
224855007
2269095733
474761442
19835812
272323854
475954041
766462243
128356728
2256982358
2713326029
2462268236
2419541171
224754446
235598808
1090949053
2490062928
30887280
51416198
740929069
166097729
2484657731
2375479240
290518964
35237963
264359201
2979730084
2577285985
3005921362
1164738924
2841726413
2493221947
2528553697
35813556
450562674
184492022
2453649331
2790768176
70094279
804884719
2925787775
2598523114
2686106365
2330468346
1688658920
296289556
2654535949
798056203
190907458
56879907
63766213
219346345
2265885618
1656372986
2516920201
2874415893
2971856007
343657212
464989725
2463571945
2430320149
2607703608
203262099
229045430
2659891316
2727226645
126974076
2525009367
69163320
1967813779
312039297
2761853959
2481035036
258081766
2288286954
474392066
204099617
2792756327
1580762526
2354247799
2470138472
2890340403
340613559
728762689
116231444
18137144
1708056163
313741596
462072826
259975018
1605694716
550696788
45998359
311613450
2867541859
2398314404
2300558029
128753624
2851724579
2849260845
108265218
466724521
2279948196
868788270
314426639
67910712
2201162858
469808565
1435572854
513452562
458806722
2325832484
537410763
578558091
2773447099
225423130
114074988
94055268
176024720
2291104117
2247863552
365341838
2480827290
411452408
2487626539
1027404487
2980953195
2783538092
105078752
22252395
2364388087
3000374364
432725203
2730467197
2348449149
2463969932
2311542744
21478415
64643056
19062153
112803449
119324044
1100342040
40321582
501061708
2495238949
262222386
1588202647
239067644
2942268940
2749661718
2541974903
875762472
115612698
428748485
2394678108
2292482707
2389548475
2701388952
6135562
205076310
2402137351
378616566
866829260
552756206
2534652484
856933964
429989103
315402215
2762033381
360793850
614318363
2408829565
353463122
87250666
2896477324
15968617
75576664
26840140
246667561
2918005417
74676216
3064652860
740464286
1369217281
2398461734
142394763
161423059
749562792
2370125906
10188242
2684865902
467164764
141975784
2293418102
234365083
618515966
2638214938
276944655
853315154
148340410
2901964056
2408067523
367808555
2390083512
601665285
211011537
368957674
131226295
291121786
181907408
1310811456
2905460692
2372153795
594976909
755958403
823207400
585731298
2447333994
151005270
1490322847
100253123
63430346
15427912
2714579169
54747537
771298494
2218836026
1937016907
195536660
76994787
57631935
483395237
49358024
14285783
2659115942
97727147
174606198
330978029
47583332
264029894
32232539
55798340
1898043270
2719268039
309264453
2414457033
261487188
248352630
169670184
249288691
2638533797
2511809006
178655399
16574787
217197823
473630435
497815260
475785724
934399189
2980339984
255809182
104394500
464089504
159095242
527488190
184382279
115618332
2477663670
1341492770
2276189150
1240007161
2695107679
228009789
1588370304
156306739
708176525
2257282622
2902546372
1920188978
2982013384
2875761863
9378802
433301961
299929232
1259868180
422153063
37218742
91635777
50228468
1257756930
44148094
995701830
333343647
280242927
102862980
240710359
186397158
2567292679
33864051
439657530
254554605
86406337
22005584
824450408
451700311
478168243
951778310
177633279
1440866227
503094224
1343969064
56123341
16057783
1601683238
274673222
2339422032
18677125
332185138
1920598568
1336527348
424893128
2839517127
255826721
521121753
254526980
44191417
247302175
17713591
389081753
954478344
2323086596
563443029
92939766
2443803060
2484962280
384483993
585968039
995021599
545924100
31223236
192538987
2718299444
1640024238
76877803
1193780617
1427953662
82969663
2484572599
189244171
3012369735
2444646074
2663151246
273354987
42847125
2481896449
435130827
632077676
1283851531
2477763710
2501381538
1702815950
11277572
1093219254
783046681
1918829856
2693595092
2151630226
407145530
366614141
250178611
259796910
72341630
474426319
2740426550
42004065
2582880452
24639297
2598298903
319513253
1458557011
209990420
1062522480
147923342
2611903088
2315961337
2567310134
257382963
1954914690
244463294
492546242
448537890
128370270
498278516
1382894354
118878145
928155858
379030092
133425731
72777391
251815423
419614725
768899816
572605950
1619869854
208962230
2936597619
162917748
311053760
893941020
310516585
980074483
345112635
16796717
212605949
410981056
17261549
2383424604
288599327
958272440
558890043
423361015
2846393149
777335611
2980915396
2422988518
1192725398
2775945289
2577657145
2790886953
211337962
312288868
333936316
580676113
2846809907
19428305
138132973
2367260539
199376256
442562996
553590938
446982484
2749343985
433233965
231722039
186835922
98794963
125570941
279531008
567756424
2288618833
623609854
48335070
14699423
236054545
257102056
251839291
2280871022
2198515964
736880372
927290354
20263645
322281109
2296753292
1719419203
125616993
367070806
829000544
317675776
588605632
555014575
407821546
542032919
48654466
1907943324
86453229
49800332
2365305244
34262462
38153856
1705317132
58964788
49021031
617619927
418421014
343032283
375405313
769702230
257086746
531946181
160279987
1650858084
346656479
23813725
134971995
188687596
381454271
268709525
112167887
219649914
1363214102
2949614183
520718282
2191984092
705564782
29806418
61567598
2210818765
1411070407
1235613098
321544214
98174658
454831138
47113735
110774602
2835919730
120724991
202897577
867042174
513051520
520295659
866157062
2372293982
222277722
2335714981
1171252178
2570574680
332240346
2291536631
2439959394
140464754
17173681
328790729
2716919023
156044803
268890324
48959778
200027753
47969711
454310560
999907196
857836572
337376974
28762327
595382891
786494424
244156764
1330845414
2294969654
2447038212
1432573375
93077846
15483126
2477835384
367090986
326226399
2808455227
2432714887
1004265056
2189423735
302039432
1163876526
345832968
2682318842
757171202
1682589438
119006593
579765911
925504734
2483244835
591036434
1206408949
451332972
125207364
67757332
2793020689
2881592909
2806136484
384822746
52205948
293394867
1275620544
1025143716
1226074158
268227593
1111054572
2427074910
435723134
348979316
1088255670
95802678
51350559
547904132
242447808
20283294
1627191492
1026894067
116417727
209294493
453842058
50013926
14760636
1447874994
280082481
1209778926
64385029
154460197
147241562
522814233
191735122
968956904
251078777
3001158334
633129654
3012961541
160675377
51844779
962311789
778057
283694143
2375819184
251351863
19523962
261780905
16984207
964794930
127643327
1916721728
18233432
2277551988
579962917
586783065
1347766734
227097813
445371243
2966391220
1584921516
1729631856
1301340014
224142741
179385678
552753487
462467664
258933467
106653207
32843129
3036642455
83418080
896218406
75934946
38808541
267044880
564198569
1361021012
429929929
1318057981
606332054
2543747136
446340586
185491814
485096299
18396319
261918509
2951614234
138173981
346155548
2966585309
1003697563
295054026
839402840
711300450
1724927846
190640054
110396763
255674310
586556912
976070742
67930398
32130104
2664030384
2951968857
33164265
428211604
2544138182
1051485312
553987364
2200412632
182506310
1057356487
208531977
761358348
2446899540
2769420297
231257304
93363329
374477815
95097330
1928003306
410176691
132391855
1025521081
2307419720
611307996
126093744
85670395
2874610954
2903508166
372332533
307452066
1683560257
3042410350
2809736069
2909648091
2923523999
2282469222
2302866931
444094538
2736512909
481409710
326316197
1703205367
2741787174
958101812
2255361265
93046954
511634883
1336218432
153876973
1573512366
2431107457
2887789169
2943415287
431021855
875397618
3020138827
724521750
16044195
442559171
1699582302
2956481811
1039535562
262715664
15135760
2539644809
548207778
189601443
3030627521
398225548
2765543981
100731315
326705676
20715638
347810094
960589628
2716083855
2403126061
3031122717
3064371292
2884168344
2743678871
88430296
