2810680684
3078858172
2840409427
2842495032
2842575475
2826970999
2892352384
2243618841
3326549800
1330955659
3334888576
379354085
3250000844
2992388768
3219419186
3219670154
3230937421
2789640931
75110384
2833553179
2798079668
3221337684
2384536885
2855915617
3256322003
3221350279
2574695713
3003557236
3182798022
3289648433
3289641869
497463899
1712823295
3221346457
2769544544
3256381877
2216816123
1270935073
1969818156
3288409127
3221415163
3219471475
3255447555
3289617825
2240504065
3023538811
2797973256
2802976477
609912721
