69874367
17197378
88593181
250784913
47300062
88875512
14427575
1611887712
386137123
316974182
116749385
73635356
21298339
48927755
484522355
136889439
2439561698
57904564
140044212
735462954
1589675966
71951921
274810425
2250820957
2206428378
117969034
41247756
990430560
99014337
354758854
87629490
2198579185
2823192415
1103469708
173392503
336523276
2982269822
424450412
448744998
224961966
170282279
94299371
21002587
2210273923
344136693
119364024
1498332403
55882740
604354270
2512089513
69531955
313385516
1269258001
1696581948
2907739345
14460241
2375531316
2359028480
119058143
50585550
171862394
1446783193
151033934
867497263
138507114
114154074
2392634084
438605865
3044964838
3000096772
456050920
240580316
317325011
178730308
322171742
540564343
2815369840
14544408
1254455846
139752332
459951829
2613775838
2900644657
100435990
2675168874
2854423723
635249171
2262532860
472870741
50700978
58516766
1714955306
44704537
1321898108
2975641309
75610842
2481459637
2826529099
605640136
793231310
142379064
75479507
1340095548
278101136
357586191
1310019205
315064049
32388203
26382552
113415132
24509594
29173795
130424630
308655006
52797829
568138644
80043660
239304636
28515803
222106205
779863892
389491470
1964237336
271830762
2922402498
77178359
100472536
2991147912
83858580
370601021
386945060
1520273426
1683287516
26461628
2894877330
230047662
287064784
74433034
62733014
75233270
3018225020
963921739
2412598447
2652993068
583836679
2960637632
2860512739
250547449
505638293
21526671
3114745071
139391096
1091624545
225022698
401921570
1583035398
17691647
193579632
199262539
50260259
324266450
3016991672
138988192
2939056399
3008852299
388262946
2635723913
2190293232
320729956
1342399172
2343221881
3147232288
106513394
2517428846
736004250
88872137
1662266550
47874909
14801881
113810443
51310666
1171468872
857715840
2228551975
104110160
113655965
1672596146
45177874
1064458855
288779167
137544824
1140759223
2618043851
2322270066
763234254
2540887040
47889031
2344007365
3018756439
2991365466
261717971
199418584
1338832044
3194602464
914159126
60345420
1351999795
39118710
420300910
17806480
136207490
1602756109
378459997
1601089098
375488413
81127341
571557561
937047116
18304860
466726180
130184493
59620421
254359081
1538522869
3140384227
87985823
795724453
429601885
2270416014
72543861
354993695
569661214
1285310293
142023476
793048932
3108536618
101707351
2184256248
779490102
51228889
1678170241
64212398
344194221
2884492296
2741706085
314572010
1097340697
1510255963
492268202
456866252
1451820792
66333111
859805846
74939637
131713623
2274628063
310751298
2591399174
142238984
2951215268
3040193116
1264268972
1163216629
585918435
138354887
3102530401
109604915
291859349
151145107
64125139
2614211958
398588101
86681225
212628353
444847329
21084137
169599273
226234783
381006515
1647937688
415850192
97461810
326520921
562197486
1666873268
1541073397
276426939
86881024
49163496
230735437
415294882
102037970
1529716106
2486317314
486325684
2457578142
2261364044
126847449
173064517
2304274585
753316309
148058023
80883533
16447950
19059502
828068220
2801729758
2780181786
1644335880
3168214870
157016660
2202375985
277948134
2301535280
2951245914
2354523650
125801522
3046490198
555227531
78513180
1524448356
829347607
103202959
76889495
1375661370
351433890
604430370
2268951199
75039503
120432102
14048734
1090948867
59073766
1100540682
307835686
104782572
265814274
533200584
64139164
734840688
2375276990
105189186
50944856
104584321
136262895
2522735215
69539409
2399130948
47083884
90606511
925406383
17752369
39015780
18838499
2944113788
789148104
1911866556
826345584
2276499824
2979593550
136546635
2901618795
6867222
712030506
284321286
3199783019
237707187
2879834461
2348515142
226125855
56301608
1315550958
402735692
217330049
481811559
20842368
386089446
953788129
2469652362
350066114
140538791
121333725
3060221218
289414660
449133768
102910807
2455202539
2410379587
2496647126
234559256
126722450
400223205
28316920
183278585
71251611
3031971549
1182969414
313479710
1593365736
1339691472
1894063945
303328401
1530037800
14175873
132911028
2862283290
591179346
2853629978
76308940
189086105
1098890888
1886068736
571774088
200170767
91962351
353160963
66960207
47984812
1368782430
2532106062
77962792
475041559
489680897
2210260450
95226818
1603901210
100745820
2748570175
40044280
27839234
765323426
2156367271
1481711190
136267178
278551481
423514732
12759692
2796272245
136602024
133685250
394253139
1672605002
26971429
83114735
85462891
1466329350
848827465
903818041
334611796
2740963884
1020427657
74918092
1374222889
20906660
2594078406
1196857183
778637047
496141729
415553048
94082324
161634802
3019743560
2572315144
49255828
3163690508
2346379950
365377400
42628772
3171059652
12419322
321795761
40579448
1082547751
592450187
624222744
359333693
2300872686
2362152704
1032172358
1680231174
3041014808
2561720820
371190753
239724782
99034397
2549477317
97712383
74747435
585757869
3017590623
2578308889
75816710
262976949
21764186
117658607
52437155
18794562
38186442
17145512
44769574
2246989759
1128579816
32352108
2317314654
14196350
1549748922
268201193
63695382
2255250210
14749508
66163799
2201706786
2371728061
592982415
81546322
1475013896
159492499
35759844
1124064192
365345639
2540947693
3010084370
30253413
1550288052
333888813
177829660
1056850669
6509832
231033118
123171317
3132823373
2444059646
198030688
115465399
21985976
1510128186
481506909
481254586
33829806
103532314
51635729
294452881
1857833808
445625990
398656009
116461724
212129844
61428857
1662604596
2207099154
119048275
519623407
52343977
1099124418
116746970
2536510904
46210612
52340477
115378178
128631626
25966181
876105348
324260426
6404332
34239430
479494002
44839509
262738676
13584132
576786930
137330147
1012651754
79947136
1334301475
1459445870
66397140
198532650
37179759
574735627
315083177
10352582
106371668
44871646
333418409
115283358
2330509423
1667441149
3012915048
18159588
1531465705
2439543374
326215753
326003769
138425862
2313689766
2890023656
1954638967
973255843
38411647
2835522493
3076931560
2299347058
3084750533
3191326864
3033026117
2884546672
2733222059
1024294435
2331777157
2762099605
2686812511
2918536901
2675160912
500710033
2391585170
1947149130
14259241
124115301
80909518
23326606
2394086220
786826118
1365188820
68000936
2688179788
2244940019
478468279
3197606981
312538692
97504268
2797623855
978279944
191799826
1417458174
181481201
2486039969
2922630227
43590258
159965265
100751034
263823187
194925770
3093207434
10331222
39962361
905606798
3078793101
2902099019
3037090683
3073356544
1624164128
2916036173
2176145506
634686554
3079687041
3081927945
3082462121
622045544
3085179202
2939368013
3052585955
3084325425
3087147412
3070513359
3084794056
3075181997
2706499106
2981695727
2212798142
2665969968
3087056777
600378246
877201812
143426944
200417262
460129767
438343543
18209366
2991944597
221811529
272760723
137607498
358151844
2964555255
332877390
2378105918
72764179
1525187353
33448057
129260504
61163758
218762377
2596818696
101735799
2287039950
190284083
180304771
540043363
378098745
1602700993
448276309
1361756911
56331691
877657226
3007926864
13060492
1831453579
1565949176
73627942
2231503512
3043758037
1485506221
2759168556
619131457
216636341
86488753
2374098133
2946586270
84020096
2935709966
46340245
114997906
2815239325
105503455
3160095980
961054086
2617480477
35343837
171867739
116508368
328885060
579953661
3018860590
98841396
3114180972
115889063
96444573
227201747
3137574705
2949442712
2575418629
173778886
71507293
114691507
2526243361
168976061
137783313
374364001
3022279009
281309797
132621694
3144876295
278030515
550907932
2904564764
1958780016
2907712004
1684057640
962290848
3147171164
103376735
246393207
122907716
75258741
97416647
63738155
196220366
87882279
101154963
2439769728
2597472542
627607867
3006805795
117675813
888178512
40469230
92314859
340803082
2355634093
2755356752
861163832
1113994464
48271118
90125010
1437573842
3008937366
3003201228
1530239658
225981398
3083477128
3080386936
2154599398
2887388884
3066304804
2963119288
2877395290
1965184910
3082605599
2491312698
3064794670
3070619361
3044252238
3075652509
3043010399
325453580
3081947914
3041254027
479641892
3075839157
3010902118
2356688897
2921453482
2482522792
3081483309
3083732897
2340713095
3075023313
2748405914
3082828229
1385864516
1103118847
58409919
334503428
2330256583
108852592
112417560
2384124948
761004014
741080053
77707387
49931196
1484891816
75469159
154030847
133228195
122928358
375392164
51072417
1132711926
581230076
140746060
45846954
197574440
1435493616
2677918765
100272433
120375467
141524117
2451166069
953615916
48796276
2445705283
3145345159
357581949
68167553
114203276
2372162220
149090469
482761624
1649535307
600031424
75748544
67540376
1411761
2780884614
2546441913
1290278593
114533091
48060951
2801695913
2842536975
3086051283
3075549610
3087056441
2978545281
2960742911
143883962
2904789879
553568462
1705473571
3085045163
3084324513
3035005144
63690736
16579583
823729003
2926746575
2358244080
95404086
896822803
75757768
359868075
258720422
926907572
43596900
73816312
888078932
954037566
493066986
2591544655
1917118819
1642797091
1691747755
138637871
2842465811
3085089575
2845673985
2687290880
2941950665
1166383453
1361634884
3070810584
15760672
2212228370
44830995
1642473805
197034722
122263846
56315497
28848909
437593016
156596350
200853430
116356889
447701075
477429293
300316896
348674113
2227664533
2158110366
2512743709
2791193462
47379666
258963843
564809921
2522659267
89645383
79260733
2313487754
1317869274
355279328
866254800
137423395
2240365320
1886700072
3016185331
22082492
1503188923
14917151
94761188
3668951
2287099098
121127805
166677579
293063175
47137923
418518410
50716058
1527024211
272021624
56269245
1926134820
251016927
2903690790
1058701801
82025519
2230949132
93844433
991221283
117365624
198665681
471911020
150928300
140384483
138854219
58514619
3006989562
3067762038
774128750
2505672895
48706493
315421768
53631661
1568775032
94750390
61825515
3035098620
3141089752
22332332
219925338
1863622225
21111388
30616006
16845201
3098084468
324991510
2526983658
123174284
473009879
1859416698
2235916612
63697141
1270821780
2943003606
70147998
3092468980
54827721
126979246
89280817
55212228
423471075
136518781
1925929110
49374840
33822469
350269572
798914689
34871124
2523973944
705741235
731329567
2297489203
1096566492
3086543718
90246052
51151884
2593573783
92706664
2343663649
528039191
2944611009
474210873
411130815
2742164083
170274200
79700768
1288760821
844619557
2426088436
362413983
29945291
59132109
2854668410
1611895122
103335570
411586401
336009607
336985274
246194416
2259256722
220285903
914415138
2649284857
1913472379
75977801
2420121943
2995904436
17665641
2464337550
114753076
17937017
2734033902
2217311312
2496346489
47596486
69822203
11555722
557908357
1710050395
463732269
86687705
1870139972
2539825754
2431107457
100960520
1203856092
271950370
118929851
192896123
136935731
3107909896
832142178
2472440202
17679507
53039419
269256017
2477195188
432800621
66367082
583175530
2942029428
2669709960
1443262537
2273135850
2994053057
18017238
113301671
115908206
2991381267
48307454
36327407
126596090
19331606
2184104324
1643367187
113300901
70047245
175372810
141250075
2305228178
72894072
1211119987
2239841164
2169028045
109257752
395832341
127554147
587118431
2279118108
211900193
92692541
67378160
120350623
69852835
536222298
116232417
2492731915
388081405
984918906
363742298
2949057224
1857537698
278428093
2277383275
154483697
339433623
3150177169
1655868660
108048046
102717635
136271388
930170274
760869378
2204760312
605373292
909880075
15143770
30434371
196500134
17680748
221972638
3071115545
236051989
856102651
1357681921
1339923943
270863497
96336762
2389461390
1336415922
196934424
261109532
2953238605
2953152840
2953231513
2952668585
2953218601
767496529
2884807063
17337231
77969055
859649060
107018934
2898690398
245749033
2292177816
1643131838
328487104
13357842
18579233
14200838
1618000237
1047023874
3028219076
3011510508
992983208
1049284490
78388785
18685664
2907128143
3081485315
2852273981
3065690212
2518906761
2996134415
3081521800
3086301136
119667909
1613263459
1043937320
2377564772
140420075
589586405
582773407
122880383
3103931990
1926571112
2447208012
879944042
2440481174
2453448030
2437854206
94853291
507558279
75488482
243561180
2876910904
3176895801
2769781279
2733526287
419532446
2432062812
127160786
1707748872
134340549
1614755798
174969500
1588225610
2652396072
1256174210
50670972
516805564
2907066158
1545996349
61729718
2898203684
2957101507
1364378959
1307550235
148304823
910013089
384237793
16416648
381377012
2713701522
75004354
19104221
951447878
2871998220
98362607
128207792
518461398
1157117906
14406623
3634
22848269
53089452
84549026
1003505952
3030020955
1979524764
1422472682
139189823
973079670
3044681578
2475499622
2539783242
2552886624
2434151130
3044650367
2476833570
2441925786
2482314942
3044686126
128519574
355989081
2990426747
1291625480
65584383
306692877
303172580
19084292
524446916
2221160306
2731866714
3084112065
278115380
21395143
2350568522
17735075
941758969
1384568868
145907763
242204358
16252903
2254871191
96175094
19897138
74985668
160069354
59182481
149840419
2832597839
41412454
1361173562
1665850855
416447083
920947352
115084707
1510366494
146949010
2921283364
2427275559
2275857684
2451564948
2459787853
761638963
2199164725
1550479350
45178643
2326521090
100003814
103069710
3019011448
2898896735
16036756
218310881
115651509
33844041
280931096
114707915
70318789
2921439702
1907717186
141839436
34618931
81300791
2381786232
307833217
512943840
73714634
2304371448
323625854
185188935
57376225
44882558
2489521248
79162031
99237022
321015628
278206459
444917278
280892345
2731844775
2329149577
70947541
2482182001
3000872413
2965931333
581542330
2324003984
739894728
220990924
589927445
320821799
2232628430
3044090461
46626938
1735779350
2808669962
2996836681
982661858
238504288
38881813
538890994
310172148
378627556
298628591
140030120
390560996
2591942485
74807833
1366646221
78450641
373010601
2916610881
2738013186
81789684
134758540
14054023
485829143
174116474
2797734798
2455987260
3041576139
3084323368
3082524657
1566871374
3043676430
3025369149
1503555638
64025077
102387306
2816799914
2816784356
2816855695
2816792522
70608152
431686303
2571202272
323992568
466397114
474220565
2505111805
125976238
145988197
2205300924
1391810138
3095495180
297754792
316238530
3103999339
490129729
73617811
2312980808
526147236
100120312
1614392444
220289588
2857313947
1696451438
3031346598
1869012518
2613846216
3082333389
2992484668
598622444
19770797
302766743
38400130
74980336
49908689
330808784
2816961289
2161244606
2366273897
3048914207
334019010
938784445
3138720421
2901842290
1394262409
2668718807
24161930
3115215300
209963808
133879017
207938287
43652223
194017030
61446473
1278813980
301668100
3067432947
2227372396
3063978568
3192259305
2268708606
1555266841
23879043
418254040
3119458888
2391571907
934017001
1903258512
200108931
138732272
421656461
356038175
159914168
109208352
246383257
104538064
59489293
53104607
2874163264
2816837820
141307840
3087077795
20751449
103832227
2337326831
2869358690
348105678
2160482738
1192657177
2231530843
292604374
23573291
1864095150
44346105
399991698
1602734420
177250913
156209575
191945117
498898367
392860200
465471814
834768966
587318312
2363829728
2745351197
405037800
173170633
14938239
248644677
25131800
122647813
62265026
3021425951
428961860
93465991
93170752
30835428
87929255
369522527
2965931111
3065758354
162748565
1498423118
2188127275
593342422
119244838
44418666
69095553
108324944
86160089
451486346
184488812
174166731
1278392948
16924206
197167415
7530602
284530476
62245604
340281705
3087452691
3189629417
3034559937
3073111600
3197707535
2155185577
315763813
344010133
557408330
102645288
214877096
484562624
129818476
173740536
3024209417
2570569092
397078987
97032269
501711419
2573869277
556212125
238323699
2816984713
381628386
290774797
351525987
1187028048
243620909
1114858909
2348769173
800938897
2288923162
2989282337
2371601296
1058482878
933801756
2202964784
2203543941
1017616693
62046514
173976649
485528280
1452711847
2743390268
455602115
288157711
605375273
1057175094
94348065
1011563214
585646051
276708960
2510620463
2817017432
99893163
1000362372
838029798
351824507
1650373562
769657320
122462643
397253884
3041196215
2299664210
113297991
233487457
339663961
1709569398
2780432997
901355366
570771148
394606669
154580995
294090457
500380935
855414265
181898302
2223798082
326285914
911087696
588322070
2984500163
365320161
3008383115
3044925827
224228808
309277698
354676608
603713040
407142302
328186961
549492602
276891508
3084707572
2177867297
611069608
416505541
300689525
1686229052
353103647
507776342
852961980
374003472
422884047
236900000
1859764213
413244486
484710595
419433119
3076872051
856190700
1017440300
2995572707
809503538
308901682
299523488
3054159023
2816964481
1399462908
288897996
3084501628
1253878838
532465700
3092026529
400107157
163469039
506090658
37613523
1704393396
609375794
893853278
305492549
292799999
553804838
227994933
3003856119
2178004445
807107730
2816990850
1151488086
920806428
787186974
227012380
806411216
137303855
189429274
345292026
576498247
119484708
947406528
735290426
2219694077
3032854276
406078907
2178703536
206360275
2948255908
3063245032
349636849
2718965119
710215741
387889491
97715228
622920983
2512767835
335317081
2861085903
232974687
550361505
2483761476
2965929971
473223485
1080704550
36348492
2982217983
1270716716
1530239816
368234069
588354615
1923926378
579842079
2217721308
361108139
953297798
419445079
427528217
241551073
2237012108
421780288
221398152
333977670
240362507
221366414
183604253
563310534
1098143226
275773573
174285240
337938351
552676360
563206305
154313805
1459866582
96792986
103350574
301516041
1450227066
3083975746
628323534
1645075075
1161302401
301880061
1635289142
231501881
721943424
326993953
3089195533
446915003
1075174501
2274371620
2280677750
550860379
312804505
178743138
277574389
2510808779
142893124
585729048
634675715
121422571
2308473013
110638849
785085722
1345268490
2962545034
83575796
2320361631
1520572368
544722087
1478124181
2965905695
851719910
2349001587
2730279202
94807990
766072566
2477176996
181543972
422181982
458738355
278017223
479679442
260444946
99496724
305726187
63249087
427166861
230726340
1475891971
352565401
382142941
419997571
201638405
246419913
579859196
1490095969
143013076
3046674867
102343533
297312745
569394801
3012020847
581763383
156703286
1022994698
1197940705
2400629276
216445687
595384541
89987840
392814316
294503885
392969082
591854165
247369574
855369968
148723975
967763084
971989081
347070067
1483448066
1128353036
2263952998
334308257
538983378
326375403
386977128
2880179349
2521499689
138046804
350142548
292179274
2719014861
1645059350
108006339
146494340
715176442
881972281
1328613817
16343811
68126244
2439039156
2447961895
287306668
23439370
3091187252
73905707
2974729342
2842483768
515344912
204219759
1357342237
2739321734
43902341
112399538
2391969325
559730865
1331732293
339028287
766151096
3030179731
265222131
572961420
3147395373
75552756
547518200
202699879
74962376
17704600
2862112039
2400285074
2500694774
1670894540
2552698171
1685582126
244385730
1025784786
22955968
240649814
247661298
2497551536
509076293
2721213314
2437579987
2439234289
2439463346
2437585670
2439219698
2439204949
2439232742
2761636772
18550777
2349743245
2339882618
2349623023
2339705856
2339784038
293013676
2394899112
142164700
2482719481
359427036
3009127568
74968796
624168449
1045513238
416442882
2888279362
719173129
2720648541
546774190
2791017783
124972635
1206968467
19957734
2840335393
231755703
18185798
839659472
36648285
409464446
107236049
28313717
2265736212
1263852733
101444042
2951513074
3049786643
464857698
953195186
335324325
2447186586
2444714994
2440491210
1434771025
762097662
102991077
52344823
17638041
2489825972
2286947240
2347122337
500635798
97152859
494012125
728571895
1656454861
67271209
426150390
1527920780
151397644
1859738694
572619533
634574091
79937043
2629692885
145595563
1033246922
1541025156
308029684
68677937
47069587
1084996573
2944021282
2929557825
3070420354
207880763
506519038
790349856
270890197
111003622
2459181502
438764376
123226547
118824346
2286353966
107382271
1734562356
42606652
97376439
1028395934
108940444
100986971
198093795
98026481
777622165
145614927
3153080359
775296019
45804985
20510539
114649396
3031119867
2318289853
101453787
29011215
1046846558
1323842544
2286813090
3014195623
281587858
68382633
3168034908
2997858267
113908292
3151648404
270296032
2377384326
49891240
2730683010
3005743940
64167429
40646851
489389839
39743812
187560502
3168249863
1109456988
2935748226
2422653499
72919562
3115129646
2827625704
137882350
1538847505
2210364506
59993190
1677965485
2401867315
1100927498
2598625833
2914782812
564786480
1571007800
1550526344
2524190234
17751565
299436825
195019132
2412273459
3009934899
2202134310
113679352
1560308714
3038498251
335907019
279492699
201624785
103547932
3118922347
227625740
405046098
586371891
620144558
1884160339
73624511
276943235
137674353
3101371262
3069699576
3013334312
41323064
307549219
755184175
2440594637
415186153
2613793195
607316159
619920870
439842732
2925049000
2436014665
104942727
3111419733
253550725
821330863
41771774
1199865348
103790305
332063391
2279367265
378607090
3027673805
1119861229
18071358
1962277789
259497406
600241630
1623271538
2472722849
2444717923
163903064
765759042
