18558809
792786013
27995424
701269081
294852352
2952468264
146566275
732980827
3023037872
62815642
16490787
2430963199
1906666825
792995834
1109685884
2615797262
192523561
2649478172
19492240
785524554
1251812930
401675584
36690283
366068102
2437448389
2855890513
63996778
35051304
955736706
120181792
1220386050
905898240
17723632
18743710
270535444
19365750
856933050
937704163
342737639
1634077976
2790786615
48534885
329628740
940368062
2848815176
27306121
27368525
2966848055
951008132
2600189071
251668274
31136822
49470271
2880211960
400270219
26834837
2332327202
885716214
32475192
32497478
460906549
930946476
2287590997
3090539262
2364112074
314243234
49190063
69483012
915137490
497548528
2885523061
553642348
598925796
2551394742
259846474
449430615
930245052
2822619188
16382144
2167674121
715044396
864927037
105105254
63277398
573692319
1358502698
40875530
594069871
33332251
884304968
898627262
26979999
1626795866
236182540
19552528
959349781
21651982
2866365452
32365573
3020425427
261354197
39674993
17907878
27958450
35216399
1075460258
394392730
448510528
1370051250
1379288282
864081109
714947334
211068552
21965432
1691574456
65279376
478157435
1369789748
1862610973
2184428881
2263033101
2975964370
73025974
369249722
289836894
2558068521
2730969312
138869127
886193449
478383774
2746979823
2981931988
38191297
405909513
2746515860
94384054
1009195424
727472528
493390391
316102811
35525976
20532568
74827928
180921842
131944653
583271416
54096689
454389074
792856020
36700664
86726621
570115053
281685471
111381659
20628670
110192074
23113181
526601851
53987594
33320422
329839187
921983294
618172850
65786703
515869032
1004312185
1465338450
220181900
17970907
247991761
448242444
805905864
16585101
702291044
24060607
16206579
267959196
38521731
68166416
23237954
216848117
767403506
27506559
52702957
15723683
1173485852
532198621
66495289
29284444
414395538
531565758
88051266
282694449
24923175
1308509430
68270085
539516578
450324323
100554577
2941802980
626152233
1014248527
456775778
1528559454
104240343
47808357
2177264365
1059040274
106561599
15564938
18996558
163722969
382910487
1472490782
2328752058
108688171
28417879
18774342
426647320
48961660
840435552
53999460
28156710
15542691
406443172
525874754
4240441
23331101
228989699
469022809
125813890
160348847
2951577298
2862621898
787484389
312149882
301588004
18393661
34701889
235395935
18244206
2812314881
2172355193
2845464628
422798683
2524059888
2214318990
42433492
71808932
245885182
295171830
22253744
930575720
300254302
312848382
23138382
263205777
46300775
859869386
259332340
595659014
30208983
3029036945
1694600448
906345576
552282663
2863229966
1244446112
1103730762
2770758386
88222637
45671909
743614046
44204171
913355760
141154921
15518286
884648612
292629799
26528766
502335393
402942300
485960927
568678633
898281972
25685342
405573630
30031690
341027410
54382606
737238931
1293538381
40808671
305877707
282695161
52758609
34252794
22597474
524901955
1206980798
204355964
204786099
28161086
956688378
305736905
378054350
1853261750
234419508
48675152
20011267
313576566
54702689
191052555
264219232
1599700260
32628119
24110466
423168084
361918202
19847005
2187781914
2321272902
34824846
828120944
258668258
454811069
321467768
544854654
1074607166
481295316
281310593
160505037
929792940
1301159580
14791358
14306228
1239062041
282371758
190662041
48952344
1631841212
791987130
18378801
300964081
2468448045
328572979
525800525
58765247
1837143518
17543438
728814962
316635261
227469180
259095870
565112744
606836211
928875248
52321301
110485352
263468245
22632305
220138198
253653624
41495964
394817605
258102381
770421907
32559327
707996570
2927297108
2892903484
300524931
41444233
2774344453
388077359
831729216
30675595
7846072
811714718
1072386960
183729766
600352663
2198275352
794671951
453537985
353388367
2194548046
874942982
33327895
368793771
298608719
2296489322
74841347
1072022695
1944440994
3106208237
2754761811
61735353
3027398127
2273636460
184676117
872786449
21155483
3016977972
3010328682
553820172
1733753772
2854752538
1568858138
17494767
2869527457
475059186
2182507506
776522766
973060375
505214831
52490379
170475006
224389684
3103954375
43917621
3125084512
47253430
27463702
257643702
2204046544
46820711
2268085909
107562348
3041851019
416586428
3065653685
555503622
415378018
310884882
111440588
1362582427
517692792
2429313248
861902468
405056292
16072697
570816602
882696823
2159779477
49660521
1287220346
15701061
331825712
268860442
2261405917
209706754
772465922
59273270
120306239
27928777
44740493
856490520
29509120
2978817585
1014322812
1732121486
2268897511
1314317676
376388082
492685422
360265928
56413858
710202376
2571202272
165255622
765213068
348664508
18643437
2771588954
22303562
26853182
120234291
1094197688
59031002
16080891
248379643
18496709
25808658
1459916354
52389827
855318254
1735142954
2219695045
42159847
7274082
71554273
270647290
19048952
1957817528
320629837
484119725
1302505034
568823793
23978460
934824404
294512589
1378567909
2372760702
625925155
55943266
470373325
913517954
1126525710
404474615
1854644412
3208788989
154253584
3093567521
378847704
18284893
16072089
403436252
197896207
1052554452
599813808
2917061695
917960180
2793402089
23531111
904863313
126064552
3170243284
2983208653
1861885849
111960543
20365254
367905405
358557566
1251973729
130798456
368360840
17915515
3073767893
469551079
147755710
29580146
9188592
464711917
2499295284
322093913
717826254
162959947
19691570
22158282
233066068
347557029
2349823937
1375084074
3077715918
349027514
197208738
2780600140
2898190371
2861515789
2196218104
1914979285
2305604299
259824803
131582916
285854587
2246465580
1084264573
2174781979
2933754945
315461934
3035033042
739262562
2480887080
2441675310
15593503
3199551592
3155833718
295439829
416547092
1452417348
20538442
40290487
577385434
3013188377
344305391
377031316
1558529222
250169138
944264634
2242624445
2820916967
539281570
2239864518
867728167
550684641
343012467
2753743832
491737310
64408317
7009542
730510490
45420272
1434306696
532458706
32278745
2919784131
34041397
874729982
81501861
502496161
554593426
2743678871
531547747
3064250423
2975936339
91817792
38226099
239725442
17537147
2273197344
306680922
481660244
2336560186
1146451310
88741304
526711239
853315154
2242422180
3130412849
1582497511
2434449557
34310801
1573631304
631029361
249756171
1538562272
455827744
16854212
2801874380
37579871
2407472323
38475879
96681919
197558841
3017893369
411346195
248788313
22407018
1080475808
27701521
352090345
28004399
3194074078
395821849
117584142
320419987
15876810
596749764
1241952727
70447484
3015080584
218349794
31480794
25221671
985374522
2898955948
2421143268
33481932
187631024
18877987
535034690
3035935373
1363297184
2611971943
625746122
18412958
2863694324
18247918
781434554
1155575904
412365720
19359393
24761120
2981572462
293808164
3024629923
27273742
2927074329
434512045
2150817955
435455975
2966757413
1374510187
2546318659
262935830
2806464135
28390094
24875893
3214705809
19495785
135637064
58338095
12734522
3077540311
37499500
21791100
799619366
232432797
2602331814
22657288
2369091678
343573063
241998119
956495047
38303481
597985667
480811227
62416981
466600982
1917731
780992342
380506359
2218656074
167887227
724976857
21351342
3214364397
37842197
511529142
42912883
77850834
1270592167
2166120313
3076245165
204956488
1344600594
2591943366
1586854567
962796116
961957580
264982326
