1283285533
529569520
633729676
543637312
1615472791
2738230026
2763247458
2778379348
1696706041
2553298251
1194726258
2302543061
911043037
2906549317
1962366000
559726993
2574619416
1147538318
2533457502
2153571233
471243860
1384880556
2353205613
2186740873
2379813568
2676526282
108729879
2758353855
929913120
596817323
2825667119
2211602792
2510854592
494065708
2614323254
431799496
1961923573
2768497527
2789725157
1875556118
2768962049
2463550549
1009536242
2714674204
2823123738
2726266472
2748106596
2584165607
2829335525
928587949
2693779646
1952148216
1911992473
2802327696
1060952834
2276203140
2311248381
632327307
1697391739
2841988441
2791053276
2298975879
3022762320
2996521996
1304589186
3006371434
266856925
878855263
632090423
1414963308
2425901634
1083980269
131715719
2329054590
1120518560
766752318
882270414
2506716135
2187269004
2185065556
1052860776
1236649903
2668950677
1306618549
961535107
1012369302
189184187
1671675763
1422404972
3086833216
1034224789
3104386899
2977819954
2488425926
791525354
1918123729
2646493286
1630247414
2394939938
2708064014
2270930817
2471698279
3107910266
1051676725
2686691227
1628148404
2202363695
140165333
1177096928
2984756076
2775518131
1706505420
199111045
2593197989
558592790
2519676609
2157775305
2899577737
1658027923
1120968512
2925614328
1512372390
852604770
2766586768
1616053092
1048576093
3020518964
1440617484
965092914
299585799
713332670
2907082528
3103583659
2288336187
2399434782
2898292469
2769777814
2593464086
2929025996
995234347
1627434828
323860129
2805051913
1663298180
985284936
2832290189
1074230904
2275686801
2964295859
2164035107
222253116
1957300628
287260814
2828320566
2790476392
633106584
2242078216
1614879421
355262676
2974893303
2531008266
2945373821
2790886108
3044656248
2671546150
1958479357
778832828
211131888
634178030
2157714971
2512654875
998341801
1665679034
3086058484
2843482977
2925689859
2371314208
2562505733
2799775428
1262491074
617007277
523733780
1735744519
1759394970
1443698748
2886251842
860415836
2351557217
2896391709
561414184
2877085904
774000253
2652273720
1554152180
1691937888
595049854
2169808712
2212886911
2959159077
407706106
3029043226
2867307039
1589643427
3103670130
1897265010
602181233
2841984277
546027962
974353957
3021456549
2808065984
1035875202
2512950699
1258163707
424008906
2799852138
2890255831
1301337420
2214926833
2336962059
964492698
1391136350
1027223954
733527158
2246466151
1694672046
1589622234
299820764
1365990559
377979925
856828512
2397920258
2809444516
633301296
551292871
376764559
2474865048
2571819026
2333783995
3098366581
1447080798
1002741224
1709766721
228929826
2454508777
2740759812
2715762675
2554714356
2985120509
1095199268
2339337708
440839566
985998806
2465149890
1462300478
1612512686
2257966758
1466415300
368338242
1676820848
1713176480
1928095903
3037732659
2965377605
1944972672
2797640246
1381392480
2431087821
2604548662
1451645173
2319878351
2605344606
433560057
1616908904
2744084301
2300284976
2942576867
624024804
411180195
1872101611
2764475080
311497738
885123493
201023372
582314164
2176086047
407935010
1364241834
1270419974
550596891
1697960568
560118961
2313346258
778063891
1362195913
1591533756
1592505788
2198426587
1639211918
1699594496
2650174936
1537457569
255076742
729327859
1511583853
2517747307
2806913164
2823471634
2277183992
635166272
747325560
341778900
2850471280
2530569623
2917455721
1209906314
258642028
2486543879
1075308734
1311548480
938703823
124302924
2563788704
1047673364
2827152946
776187445
2724780121
2543780651
1944244010
628931777
2600423100
2262709997
1444347576
863637691
2826202870
1421668398
2268528464
2618851885
1470271848
2186142754
1055383405
2660549136
1294605368
2416919925
1288843944
2934173674
2446668366
3053659034
172773041
1351745161
1957949954
2492821525
1703085451
2523515438
2546864790
2908577918
707953796
2192911206
2763484185
2790165058
2808612644
1517795222
376516514
1363330141
2916829354
2867125859
2355670462
950565648
2292843214
2233486076
1007128616
2796271173
239482673
1576356930
150969655
606995397
1040474142
2756114381
2603725221
2726097073
1179737882
2603513246
2716189619
1861347163
2377780182
952256886
2153150037
2273304908
415245211
2437154467
2952417209
2257816020
2728908000
1225127293
2154267437
1135200038
891829164
2209523912
2441841025
2712049054
2330631830
2216167163
701446980
2846878019
2573921749
2462362982
2604707381
2364704360
2351404396
2617453136
1614095796
1234893925
2863741953
1371533900
904735952
1087547094
2898106488
2174604361
1553579461
201297316
1667053159
2524069657
792724574
2942648471
2204306619
816080665
730923127
2263222040
2487828012
524611723
308573864
2277641556
2387552353
2275161599
2584767132
950699317
2518769149
724667137
2579006826
2228664038
1385640373
2466769441
2695313321
2437957778
1603316744
460447881
2734137432
1351818908
3053229000
2739620467
2462082723
2972068312
2352225625
1368609732
2610836016
1250071940
2866549243
2506635075
1351002733
2655620287
2345360860
2851357502
506853968
251429031
2986305001
946966350
2601812053
2705008524
1145350838
595633108
2869027362
1267710194
1493277379
633198886
189661461
3105774648
2710017256
2493407984
2623234343
2942255361
2265724021
973060410
2462721731
2876200020
1075047265
1915097809
2649686239
2881345243
3111739705
2346939313
2289998759
287683430
2223206081
2582232331
615847234
1553047026
1456445497
421108578
2715893698
864222817
891180188
1549513022
1348722720
2561279187
2286627128
167538244
2563790342
2246597438
1912846999
2300803356
2883425236
2844585772
290848177
3116466987
2543108602
3054378472
1126814240
1522956248
1597393830
2657449138
2869248178
2719234630
973964144
1343220673
2832555269
631749135
293209956
2787058139
322323638
632413848
1847789762
2878799456
1061372232
3025952752
2866359533
982609213
613779709
766166832
2193737187
423405626
824170658
322627085
599967298
787426322
2741953972
525208862
706939795
2802707607
1581777644
2321295103
719004325
1912411002
2159951629
2893723341
2403193529
2809537599
1963233918
614887338
2290947005
2492195403
1697929381
2342103958
1582800343
946921482
1252691215
2738425065
151314692
933429812
1292747041
1297169558
2950107699
1587150534
2161698728
1749431324
1738162975
342227304
484863523
1651203625
3008333567
3100800256
2843891441
2968524292
1952920212
3107988999
1050933019
2471600448
2276948653
1152729380
296691133
2163963714
2882270684
2411863191
2854861706
2917952371
624777779
799250100
2789444711
2732227221
2691100109
1375696789
3036391272
297318623
496936479
2258651849
2367530721
2937347887
465182217
2555222154
3127295422
2159572680
2985316235
2291448607
1638341677
170543440
1977937172
2511296551
2478947110
2352200424
2729374121
310637837
2739295953
2760075386
633466281
2922222330
479639085
2843350907
386458320
2575448783
2278262071
1466884032
144650854
1140593130
610669762
130001626
1537773181
1250248508
1855713656
1026861175
2676062837
442630758
2767197490
1479621608
874039494
2460767424
1539488544
2765426867
2893053150
1312027501
2392909536
2420836148
746403883
2444333731
1916069510
1242099308
1209618998
2837239055
554472566
2777692037
1323645746
534870740
788727188
2605951802
299244877
2936762173
2331684948
2707695308
2276226822
2622199918
1631479771
2165587717
2345609065
2466845665
2302122510
2852181054
2553587773
1258428968
2894688993
2804789000
1296530942
612206992
429310751
101110952
2921786247
3054249840
2685178881
2945743969
2175058400
1094453210
1591911488
634941345
2935548916
621953127
1684859592
328839334
827106128
2899329257
1460388378
2933860834
2898053815
1325752220
585770145
1553098794
2567667487
2877590809
332524837
1718026400
2869736897
2826425588
2995798106
1040295572
1272750943
1186841564
2330720674
1705836366
807951618
2566135880
505751763
610920691
851010979
2678004694
2800922773
811663352
543169513
2610560179
1541878452
2478198132
520759201
2405391410
721345820
1664878650
2541337535
2762187743
2341278022
2168313363
1740324793
2727924920
111782242
2559502185
2809848816
336724069
2869296167
2276053515
2410430171
3010736048
2640698596
891942649
1692084800
908896374
616521017
1214860040
2863537531
351121991
484404170
1689393170
2858927348
2849638107
1343111790
453834749
3102451438
2380722559
2808124369
2184883830
2876998146
2855022799
914150286
2431397408
2388581083
1530326628
118772364
880819334
574448376
574448709
2750830553
1686492594
520948784
1009827300
330612499
775803590
523861261
476802701
1115020328
2773956341
801097680
2745959392
831625423
2658152492
2147981749
3124223290
2909419521
1526668446
1395536046
2535811514
2848718219
2866258523
572156130
3027273713
356830502
2802886236
630689948
2845018337
2759551177
1031643602
620192042
2604713958
582003284
2960678697
2534280024
1160629147
2303601615
2902550061
1842576354
2550288558
1123679058
3041463171
2606811080
2790872838
358206237
3078907017
2229856635
2950238200
899765036
1421446171
572048077
2833553179
2798079668
2798021756
2797973256
2650003513
2439219062
831859478
1250095214
1029074612
2444813142
1358029783
623312517
2260524012
2728394435
1939914092
34351286
2233857882
2299123290
2790173343
710969175
2596334131
1607238180
2390052710
2348397715
2878176718
1072645244
300184490
556885049
2877568807
2915077130
637321672
476703384
2408123117
3071282511
2710359690
3001023146
2179052431
311158732
271736975
2580919434
181618917
818026663
717641879
1520151175
2607345457
2315608074
579940717
208088228
2160566237
854159533
86563551
1402237292
2623056443
1728650522
3130083057
2188583269
2950954829
989947398
446230686
2602441882
449445746
2260421031
2898839405
1728562675
2170019316
1392774014
1317264908
2895605802
1435179870
1712682001
358432914
1357768092
1580582654
1548524652
2823769062
1467638052
565709479
1254470846
1408355936
2536032032
1018289430
562631911
735667428
2346076525
826626199
806056634
2203616519
2732767065
2170886526
2296593480
1687017998
2398028649
2647232491
560763861
724540993
2883890352
1427552948
2435593225
1303462392
1340445578
370984113
1348027622
1638890778
405406813
1720439953
2352054127
2782188057
2379689621
1490017994
1417631304
878435497
2566392181
410254697
2823369454
742999004
1161292722
2823258695
3070103750
1873173289
1969549602
253390924
558364959
629488735
2717453123
2332904234
2881875419
2757877472
2824714555
3023141413
1894623985
3116079675
2347915292
2962685734
2814793801
2172110394
2768313040
595702810
632871272
2437771027
1680595111
2565835594
981004777
2869386045
2626583244
1394748362
3024089921
550425341
2908408728
2726560006
813565802
2872249362
3024705945
2369846407
2814629708
2562284740
2348054802
815579370
2233454879
2390080010
1522373868
1651386355
3026767206
891968364
2713706503
950040762
637238116
922740751
1407803575
1188556838
2715910082
1659950904
2398463178
1763673530
3121633097
566151558
2320171328
401890400
2888337113
1314505765
3039571805
2765850868
2979045243
2153132864
2885579585
2305536536
1335403808
862287738
2422914506
577059116
1172613313
551913936
2983375024
411816143
2784537544
2801207457
1021969993
1929149317
2499418230
1372818889
2872379303
2426788530
2429235494
847810956
837911558
927501548
2293062656
1664698561
467824218
3063694493
2184275204
2958875824
2276134356
1304614226
2570078726
2792826805
2856922990
989697494
2244627324
15953437
2269274644
1252237940
2943109402
172501112
2765602799
2770677570
1219716829
1012493036
558908939
320147160
3083452321
2832571918
2292278797
2521752435
3097067742
3107458433
1590133058
1581768332
2411880674
2812444045
3111813371
3022999965
792444606
855226800
2496633245
39207222
2452909395
2432068220
1710579942
2767232147
908559163
2717674085
1861295094
2887415396
2519483811
2447619264
2452003962
2347708806
1383908521
3020166049
492215020
2376207063
364796169
1540790810
1688258220
2678654816
1312000478
181632901
2965286567
85185488
2936378353
2564552991
775867598
1186441950
2306035222
2944469583
2763375873
2177807353
2937431596
1734601704
3011203413
2468382636
2430767167
605463735
2687229480
118023645
2500280429
1043055132
893871078
2345255723
2916041354
559957074
2869186359
1077605576
161302200
2575879250
1578892268
2806413062
2504487924
1889485734
1534167517
417964964
2671621944
2166325528
3122602857
2769025240
900773460
1057986746
2957833390
2765034653
2493844054
2288774891
2574913411
2789201362
3035902541
2793605047
538484334
1052781122
2428646401
1426810242
201026903
3218877635
2148931660
1360899162
2848258883
2344800456
636636944
714550921
1180412574
709564357
253594644
1854754866
954344496
1371300132
2200711253
825446581
994107499
712620752
612912316
798402678
1408675952
330629384
876251323
543918770
1623732859
1146062046
569710025
1628515688
2762123081
2834464395
2559373931
2268901048
393923185
1648691551
3041605269
559393417
1516235124
1013967492
573976604
537434118
3121446251
30701142
2789811897
2402433470
2729674991
415746580
906011503
3036768379
1628989776
2762077860
502955549
1368097356
2878136776
1123091840
1433167687
1936691022
2699393689
2174467477
932804802
2902701442
457330671
1319232139
2188204371
2165567790
3048059447
268842187
2412445331
1958712092
919529124
2641585444
538474998
736219279
1546203644
2703704063
843997406
566475220
1601746554
1366007545
2962074055
2878856279
1615905644
613880833
2798070511
2731150179
424542972
1472783456
338459612
601347748
847840363
1284761784
165829760
1645849508
1547514211
3029198333
2666460194
420883620
3029345380
1304912935
494288615
1451192844
2921275618
1629809730
913012140
929450509
2482335470
2530868028
245971985
2256077114
2278060681
2928777459
1308422305
1420727486
2589753806
1095944060
608515534
1498824782
718274597
1536918073
2291513058
1155005904
1137720547
958174394
2836944710
1926788790
708195458
1709284200
1140340914
973080464
1013298547
2821530249
2687774360
2727385539
2428891496
996606444
778718617
2909236242
607693413
2940621291
616407470
2770035978
1115208169
2271340879
1337297047
2464913126
2483102108
969798014
1551054768
2249457196
2156121155
2698482888
2398807530
2778179416
2407122507
617570719
2322619973
2189200862
1465109766
1166710482
2930972260
1071145315
567414963
2576010569
1697535078
3027442191
2382510901
1028256727
1197246764
633638393
560636743
1157277667
1885598114
1022767544
2434354622
1082893920
2271560373
2848288727
1662683575
2523741648
2253749911
2740493011
311577923
1626799460
861358284
566456627
2660808246
2198023862
619453956
2900097171
2559445250
2827301358
2945337416
1414168183
2761103791
1646145942
1663856606
1942288242
3025041830
1034454590
1426145300
2949105627
934556629
2957662141
777723109
342630528
1324283702
321684702
553635241
1712071477
1515741181
3023964225
934748240
1516607826
1892819521
1932345054
1010280306
1401003738
615130320
2798654103
634185015
752697474
725174102
130355251
2559242001
1580619841
2777745065
3116528643
439974646
453758074
1646366689
2350384128
2715074294
2878102296
1700092730
454370052
352826099
2649191657
1660109654
2337781963
842386033
1607452236
545398909
3009716765
366785551
1894657866
774171614
2732384012
2941503287
554069765
714999293
602120672
634484942
1121362338
1497183721
2448494964
726026288
3013586334
546497395
1606432506
2361357051
626860672
491531837
3007741135
560010963
2211189079
2476017756
270404714
3111294848
2263426897
508817411
1140581287
2226001121
2958206380
415436780
2408053850
231245931
983332226
580566106
1608231122
81618658
745518306
424431714
2751328487
183031299
1705187851
604369250
368330813
1402889167
892110367
2495112897
1383013122
2558019764
346320179
436968207
1661248340
3038225967
1696796509
2211329372
1334164772
383578084
87570874
1612685672
1658762023
2193410687
2390829265
2610822636
2484864727
348924544
2283813107
2188585033
1040996318
2179759047
3040049463
1140465690
1139925228
1402384411
636033644
1634229925
2225581326
1042274118
2557179014
1107281292
1345219706
2997926796
964521043
1001106242
596029652
867128730
2760675894
3024002129
1893590000
2169488336
2862940241
840222518
2645236694
213041504
634836959
1478580187
2500568015
470786170
2931629704
1666022641
925734686
2560577286
599071131
3053348353
2485334029
1104831649
588436421
1697800741
2834686765
197643950
1327691569
2549744726
2286047524
708735306
229979754
280511788
2674150291
2605954764
2900383227
1413557844
3035602985
2602367184
1049395796
2779321888
3027198182
2962628377
1656098568
462733889
2919608481
178768341
178758032
244225397
2305023670
1425672498
2587117077
1726348790
907237584
1423709880
612025833
2272194858
953492574
3116396470
173672702
1637150364
3030002690
2959289826
2587294746
2261857604
1693647114
313898876
247868863
2482293031
1288899278
362803087
1291033962
2919945816
546882718
476915220
2823262961
2380602861
492580305
2457742649
371860455
2236721816
2565679114
335263016
150692007
2757059968
3108792441
3104651299
2258286510
626907968
1138732410
2390057396
1217466162
3116190993
2850103119
898642482
827055500
1060620241
2908261534
2199785166
2320940414
2304865743
1628870083
171364600
321600870
3104371765
541684659
2828854711
2647253742
374217378
1281896953
3062587660
2857457654
128401982
1182480252
1559389674
2766918182
2943241491
2881431478
1469868860
2693712680
2335045086
1763878465
2459985740
3124959959
1424504952
506499763
2869256873
285009482
2393464490
1712166372
3103049785
2940006367
945533832
1397250798
1187408180
3117617439
1518121483
3126679601
2282649516
2561295673
2735927727
1630615530
544345202
2704281205
2174623897
985051136
1026470023
2866373562
1652613151
2343475943
738215941
358481160
347473534
2272554541
3085218585
3236700766
