299780605
2561722728
243318995
290533460
2891901262
1701432948
94055268
419614725
2576523402
220776068
2439050534
380266112
93310294
2526258773
2503899384
986177899
2921770341
527672093
76697960
2703630613
29662823
2315961337
2355107790
1903011139
1719525565
728180250
839628266
1162651273
2442634034
476510304
2407720470
1663246039
2269095733
110774602
2398461734
1644500486
604569932
766462243
422868987
2345874667
2993393152
431932420
2411049716
105078752
250178611
1239688873
2436883562
888561218
2582406367
1090949053
2495238949
2490062928
492546242
30887280
51416198
381419034
166097729
1703908958
264486809
2484642526
475697665
2635197969
2542004198
35237963
204099617
457866683
2577285985
2408747287
47980747
1322905040
361885723
44395434
1873439413
212023751
2493221947
798056203
2394678108
2790768176
2228442066
2528763461
225423130
2925787775
3044605167
1897230871
3005808796
2330468346
2603889660
440248911
201607095
2475252878
76994787
403647191
1690434842
2443803060
2413383869
2414871902
2212520106
928155858
2239063122
2282695795
481532979
2369910918
431116897
308130306
363767963
2421958117
1813434864
72249167
2823647635
2541974903
377265660
435260935
2174081447
211011537
2370549163
2598298903
319513253
2255361265
2894719611
2276189150
2315411725
80717005
2519192659
2477763710
3044584630
208519026
181907408
771208968
2494252363
433233965
69163320
209990420
2788122942
258827954
2736036634
132482136
243592170
334542705
3010185713
447772154
2348449149
474392066
2374301562
2579312316
2354247799
2582427774
1920598568
2468828556
169443326
2654843173
381214787
387034895
410981056
13374
2477973888
2580745422
285502685
2447333994
2259412253
2366419128
192517432
612711373
2428920877
2530309800
190224295
257097577
2371261604
424083365
2522431765
32258396
2741739183
1235197404
2929072815
21979017
2608435524
2419541171
315124926
502166388
1159436552
1267887043
217044098
2430320149
56879907
531796194
2739596257
716832049
1476204271
15267777
893941020
20106357
158715457
2942268940
708479918
1640024238
245343379
20045684
343657212
224855007
294613911
2353360606
166284293
2637846533
2616617478
2608502821
297922652
1903712426
248642170
2760789090
2713326029
373703345
2203085920
1542767918
69291785
2152381201
237499005
428708272
2414457033
218264459
2740426550
261981102
200818199
534972891
2864397183
2982082863
21474769
2354315841
2307296534
15063486
2432086843
1513507111
156636361
2465893477
128356728
1250111466
497031544
55260264
34262462
2659891316
1554404876
275983663
68870186
2942126987
890674015
705073561
85554738
59663522
54616104
2269391174
56123341
617022957
555807170
51111512
34874146
244970171
3012369735
2341553208
454939289
1485176083
235598808
1633570850
436255433
40882610
2263235750
277459070
2528553697
219346345
239882824
128370270
2524679834
2288286954
839402840
2654535949
286217515
74484610
2269557301
47962856
2924988555
63766213
1648172178
72849378
2849260845
42843646
980074483
262171977
276488996
835958604
2385887136
335324325
2689237130
501703032
2903638510
432725203
1432573375
312039297
363345099
134229643
317952109
1580762526
1625300959
2287762836
101691018
18137144
2361247910
1179710990
2989424285
502044158
309264453
324086895
50228468
452843098
2976206477
2347027923
49449357
2971856007
635613678
368132514
19059966
784225118
276944655
462251110
458621197
151005270
2730436603
435533981
382913150
387779506
518991950
437294311
577288729
852483272
2729860567
498979353
1295218646
19694461
25049056
2344766802
2515202562
2711273143
2307792158
2307779239
2772773119
2328481070
436563948
470095817
2415470180
2306404748
2417012448
2416290378
2323498339
2345808050
2301654194
2819681887
2307772303
920328583
2417030226
2345785819
2307809282
2564869634
2565025052
393251169
2416252632
2416972465
2307788923
2345799852
2417082920
2417098164
2307847256
2330085104
2418614586
2415790514
471099483
424095082
321851131
257378804
57266418
2284889750
2341883299
2307887466
2530127252
2417134134
478677752
2417152190
2331696432
2299302276
2306291402
2307893838
2564743939
408561862
2416283767
2415575281
2329891789
227892747
2388133650
2331594356
393244123
2415822834
289202460
2304340850
2299912842
393256581
2549429791
2302976749
2386608366
2417063011
1979342658
2418624194
273270948
214464964
19059809
1546947763
1967813779
1601683238
984212630
16316449
211345057
21533462
398110728
609374869
46088331
262222386
279118291
59461030
2607703608
16984207
38422859
329888323
2520895162
2207430032
2584619299
454084311
210954755
851815249
121406363
470919829
108265218
1092400777
199259483
18263932
2393522197
407145530
474761442
2202288234
2462268236
2875761863
220689036
2350408909
2444646074
17841571
268170197
59378275
264359201
3005921362
875762472
1939090549
2644522487
1273247052
2598523114
212291101
295710814
2995626469
296289556
2390798966
178406304
2407879965
364930955
2783538092
498316263
3043509831
2571164752
2265885618
2487626539
464989725
1187136625
964546038
49358024
242880993
2635376577
2481035036
2316065196
258081766
1208266848
340613559
755958403
626682905
2783912343
2367574585
857008494
736880372
156406849
60165404
2394313432
2851607153
2654381478
554720674
176123550
16167716
70414233
2791235354
95008798
2288618833
74676216
539721796
2366191117
2800786581
809840586
1117064341
417406335
2567310134
2453024994
136253091
2282647082
224754446
1306545158
162917748
2777256645
48654466
2663364192
2502606786
1867887450
270134005
2339422032
1688658920
2463969932
482408064
2453649331
1171252178
2889048281
428304457
183409796
2723551333
1235613098
288787102
2516920201
1343969064
901092264
98794963
200688599
2396856942
2513097107
95537281
415304375
857125238
2239444216
49596186
2761853959
2469120860
116231444
303891803
73935439
1978165356
321353408
545501375
453379502
2889971332
32734867
1267060320
961365841
2864162404
1948657260
2770548907
2954137227
1951115454
197807729
510783391
374490485
109014242
2477965532
1399113342
2297840263
2351617982
2356107126
221776077
299046498
2840350877
258170404
2693595092
490419761
2759112658
367296011
581402775
181503211
2176980513
2465102024
272323854
2926034424
1694169914
2756014735
16092768
1570779979
324572101
2798479945
991215492
740929069
476155020
2375837516
1954691101
1126806397
1164738924
2841726413
634168631
35813556
60420690
77004636
804884719
2470138472
2686106365
2953532961
249600436
259975018
1292538062
2439500330
1687583504
870804655
5967972
2402586186
2541392418
1403430847
236684588
3000261851
239067644
2463571945
2727226645
126974076
2491528136
49915208
51125172
399231710
2737950909
2792756327
2890340403
728762689
2699282928
2794615305
210846490
313741596
386425059
2589443876
609463250
1605694716
2874415893
426413511
238080747
292872860
198393228
362915516
3000945173
479423526
466724521
468798917
2842490193
128753624
2783745206
123521611
314426639
904349491
608044321
2172632484
2409427190
1162538240
3064069641
976772936
1550674172
2385977846
2357770974
2325832484
2773447099
114074988
2373636134
176024720
67910712
2818659153
912583795
2294969654
312149882
157790679
42825230
1526052798
18919170
138092553
2840589443
28009377
28003949
32772630
67720874
405605548
2525601571
2480827290
2980953195
3000374364
258652863
878991270
317377922
2750161886
272933351
2693708886
2436976608
739299132
2197082592
2388009762
199201124
251754573
95097330
500966378
48570843
178525052
296164029
159095242
224226061
2344738660
2563918750
47941897
2434963412
188406946
934399189
239164141
226621859
127114548
2520598592
1954914690
2296753292
335957195
2751536594
270396457
830590404
870200407
363182806
326175211
1729065984
494360338
255809182
189244171
594976909
2370125906
273354987
88098920
771298494
26470418
213288963
616275764
66748464
853315154
125304595
1346530920
2638533797
30004873
40353438
50013926
334933381
38172714
17261549
629895443
26840140
727956643
2714579169
541131956
496929918
54747537
2431786046
14066928
830622012
107209093
483395237
2414995022
1186808365
514470336
104609567
2212482798
3003368741
555269124
2526197847
1411455757
2561035830
248014091
234365083
34132951
1656372986
2839571500
2695107679
2257282622
314287177
114413189
24216744
2279809478
269137682
269936113
259202358
2330998107
853711446
217197823
2965783271
75576664
248352630
340552372
246799109
2785737504
2293418102
340816654
1658384953
576478495
215058742
24481831
3052275442
857925152
122038532
1593774876
1112479376
131226295
97394747
463933965
2918005417
632077676
1589383064
2325436885
2354909542
1718641016
17833458
1028454576
2246909494
2165033947
954478344
1027010347
1427953662
178655399
2172203360
82969663
487540404
589806407
372785701
228010353
2646048644
2938592060
424414054
1010082511
2248458483
718487389
2674005546
114141144
160930875
1702815950
11277572
2414168274
2874875224
771939499
383906888
2722832755
2901964056
38608477
95766503
562261824
220694658
2900829262
2727178788
255043069
480392039
2408067523
47930274
32891676
512135401
600399808
435130827
881766932
245732563
262792637
147923342
388495274
400602429
257382963
188501323
85657389
371398125
316376052
2478765229
179101061
956336772
498278516
2285705570
118878145
601665285
2386614031
500838412
72777391
567756424
19409176
558264884
2520103033
1382894354
56682485
20477694
1372461787
566503666
985906658
513065734
857624024
148340410
297428826
88799262
207759526
261487188
367808555
1280051480
2475204680
16796717
2373267607
41231330
64643056
2905937794
255951248
464089504
2582103744
2567292679
19527964
20263645
68112791
740464286
585731298
62629844
2269268087
2184940369
1013889636
3013640852
2238287285
2325587508
919276506
225356039
29452021
249850854
2929671477
2996165561
257102056
2340860012
2280871022
2436958382
1979568403
119425743
1590686978
10082812
235922549
708232897
281798145
768899816
2504254110
47113735
2739031121
172437103
337602704
36037533
299537940
2725359660
2725546867
2725562725
957952244
1249314150
2992445105
2883229789
1193905340
882735048
1377163218
17324110
967472671
401022871
86241025
2227254640
2914412829
1441189663
25087252
23620605
2375154235
1634763686
2472900414
2961807153
309843971
2682318842
1294711250
63983314
18892635
415891587
315002735
103044858
576514849
600799231
403004768
584508110
15360796
107428076
968168774
3064652860
14699241
317239220
1148983261
2259785444
950455272
19523962
260537964
879531925
1257753662
1278184561
2298075552
321544214
2239488537
2219723633
1693359115
2765919144
384715671
194538182
2228737661
99495842
152283597
224151703
1726200008
2606431506
103327284
21745651
391052158
151184487
1458557011
120724991
1007082072
224421052
17741758
273595457
100986964
40173650
214091399
27404671
437298305
93363329
1547574926
437058481
836173657
383867563
624525019
2876345079
478340807
2255590766
82130629
1369217281
2291536631
2236787788
1596234775
2790886953
2714661547
70413165
3056704816
50253241
1364239537
2229061268
1317689665
1664059166
610904764
367750490
399981220
604737334
760315758
2400802064
223630412
2814425150
3029974985
2183954691
2259585476
3012137459
2197342608
138860664
476150374
14175411
555014575
253169170
288394575
2987660488
2963577393
1931671837
198586007
16386126
2507009544
1861957496
2230292222
16574787
558482688
962719842
28762327
484486640
96363359
425109461
2192580932
464762477
233070040
2447038212
1096329121
2579214799
1665863370
1278597655
126600280
628394139
398827540
289148078
384822746
2959094625
2718780520
2500178477
1732200626
3040877188
1612390970
2178922148
97026547
178779512
2768228523
1873135039
1935340076
3034424365
249288691
2330437794
2798968673
2279678299
588269605
2883336142
72652837
2350233150
2406645356
2751309378
16205823
576358484
359417646
334626794
453533469
1390693447
1486206134
1573473840
38169764
39979793
192547775
2308867254
2552698171
120146232
145703465
186791238
303258788
251606996
2460073927
1873548374
1642325401
230218419
1700243311
61536173
516982165
2764063637
2797652929
1490914789
2385135552
1519722392
287423191
2349964628
2243396782
45279852
2951846914
2267133421
24317132
2888053786
2807588600
2807029784
2808085904
2891959429
2891887866
2182007325
278370845
2437574713
932787264
2720797988
1608781524
49835691
1463096012
28186524
389548615
104235460
421105330
2300653531
2459278543
1913823228
2500166055
2437929845
3018417609
2776353256
637083045
2752355069
1573512366
309709569
594287610
580065681
2426342911
579542639
279392400
525010026
509575447
525027828
207272299
2241100279
150185458
2250201780
264303124
495835754
2982164367
130078153
2784641215
140601814
2915229293
2562931986
2492018569
2382178716
708176525
1030919934
3302489645
2996493771
2607995850
3041869339
2711269749
3002303920
2922270563
2841716267
2545283606
599508397
1041811579
1021231058
1021214149
324945582
3056912669
1511188916
163067499
2349908155
371840777
1600505918
956311722
2246469003
1183836265
636375230
3012961541
2926241518
362151710
242447808
3001158334
2372293982
2484962280
2236592053
633129654
600883812
1363602512
385947668
2369312460
614564727
2571927566
272107079
426655450
272587969
579962917
940000238
346385443
2773517432
2773345938
2825578734
1832736740
279383407
2891851539
153876973
15933658
2547951168
2389673004
80258865
2876493634
2888403904
614634742
3044128742
2956933635
2230000125
146090729
95502178
270847347
3026987458
2393298072
2342764929
613493565
1308616477
1004508822
1269559484
2383954135
2716919023
749562792
224142741
1729631856
2579007270
1584921516
2772624139
2914343437
2714240054
2385383630
481011796
2840858953
2240509865
368215075
30593431
2911956082
2946016944
2867077648
2317528782
2308685204
1535583726
64385029
185798831
123879200
2583841256
1867362378
79940342
228582230
286495337
464450433
1177878342
1288604946
231936497
2307419720
2835637911
2981427513
861516350
326629998
2357233917
606341743
179936854
411586401
564085262
290160296
1006782769
245039964
447899768
1016733578
2370454477
1455152108
17462501
1228840274
345517008
2424836580
120441999
101729324
139156833
2185842286
559341584
361536887
2902160667
187147866
1708820119
363494152
360910256
2572182840
338424822
119807651
2706534565
2696469950
2828671781
2915160561
155079297
314649566
25999868
1544879983
1327354904
941040727
369760961
3013132513
298422101
286527235
412161795
277389838
250761116
2693126209
3039497031
2350367216
14761622
951906282
185491814
532429162
127464496
2994053057
1051701277
429131939
498854802
2895978157
2365229088
1430746742
2982170835
1707606230
1106962772
2199641274
2998652307
1493233116
380648579
2350346738
25414292
2248902872
1303136983
87018203
754810604
87728784
1340224687
991221307
238989413
3004526994
110512213
1239804800
2477835384
1534267009
821331486
1246177122
802464698
2924099714
1290919580
87995697
15750149
2396482508
110596487
714735686
361236496
1518245408
972909073
55232967
2930524966
296493118
2821104610
275942684
49842498
46460895
1270391083
1403574307
1305796237
1538903558
1460051365
1299622676
1463939642
2594358360
3065813609
1062894738
2481703728
105845978
211337962
472958230
508517516
525093440
323685593
590366563
752383464
18270633
1217628888
17807719
1127431735
2735511486
1664939335
16365255
600894228
1472626488
219915030
2915122787
2569702867
498602387
3026556664
2694904664
2716083855
581552687
2950141691
2824091754
3020138827
2987611813
2994718876
2182497116
2528430998
2921070791
1259736474
1069426902
2221143372
2365673341
2559640898
1264136126
2593222412
1458950040
1259773070
1112443196
51580213
2506199450
1893107718
709871306
2215020150
204994250
1278717012
747914312
1542053611
25482342
2792802479
309172469
2350794473
1692174140
2720144785
2792170752
86142824
550210056
374994805
471342135
1053548274
267876773
619503519
2248288427
840909558
1491880526
2888729354
2230048605
2519587086
465420422
264004582
478327553
412847272
2221040859
2924997537
186478529
705187969
2329397898
853088881
600814751
2436970602
326953852
3024367335
2723425020
1105557152
116155386
444484100
321297716
1162112953
2431107457
2429355565
2816846208
1969777081
297443753
2849327461
2902342503
18383195
79094653
145213760
2260008948
2394356202
20715638
111432633
2887789169
338985020
74764818
86796377
390381898
3031965847
2366687214
2189730625
2466145962
951418284
1236599971
2855963195
300288846
244317966
1020397926
504002826
600614567
504834576
2707282819
121262614
2969639238
2806290660
2958874904
802335667
22622212
89206968
2352250687
62774102
347510048
1057356487
590312609
627529646
2800244211
141521806
2860264691
1266567530
118632554
327941852
566294913
191214208
2926591872
1298935814
2280325974
2273295306
464461104
300146770
787634984
1195087230
1418310314
570722541
813064693
2859241954
3034986557
1531192957
1037090653
1731163332
2889098734
46415111
2312682506
1628313818
2308817593
2313006656
2308411033
1547626141
1552590950
557622123
78765091
2823283968
1473916356
1633644079
230673965
88889613
42727555
238207840
2337544130
2175819474
2603476530
2248400620
455763180
241090055
618730492
548489617
1691639264
23620073
2547454890
1275624552
2347139345
1543436755
2666143236
45743681
1104938408
17728732
336041336
2958451612
2228298893
743280769
2422121857
2463736220
1667574200
557422508
620713076
1410789368
