69874367
88593181
250784913
442184451
1358917686
316974182
424450412
22603367
136889439
2954853655
2206428378
2499488604
21002587
2198579185
1425451896
358327990
21298339
906680725
127227438
1521463748
2210273923
318673863
48927755
356092972
1630630458
356104964
1192316876
322171742
294390188
52652334
255474953
2200983054
105432866
2349172013
344605487
1669785120
2815369840
535056591
585552277
2912609557
1701248666
2337108618
1499337384
996744252
2159081803
3035540262
2222014015
454697283
23836993
959932051
2378983843
1623733969
2587183117
793044222
2590006953
179875285
23409507
980825300
2237288250
1563763482
2348098934
262733887
588564384
169672543
332422427
289300675
14455216
851314873
1901453240
39778805
1394282664
2995607255
205209361
23749222
28809199
3041586126
117341432
40044280
147994804
2317465014
829347607
321239611
317379285
163742316
14048734
16447950
122928358
130514731
1666873268
100524496
124115301
105474069
148441768
73599003
1285494979
218762377
2934645534
1443107148
2503501640
3003201228
35664763
99034397
2467549892
59539114
17404570
925619305
46349684
116461724
580846506
224913704
46901455
2202375985
1931560316
775415430
58419534
142379064
120157946
200170767
68636682
78513180
276426939
324266450
193579632
2184256248
138425862
17666692
222106205
75943020
1321028052
1031252766
1293923341
2259290058
1096566492
628561621
1862657162
442667199
2591399174
1582716960
2898203684
1321898108
99355615
5669252
465471814
181133738
175636572
1022068009
28535539
275479815
2286417703
115377354
28763311
203351820
2862112039
3041914065
44346105
1234223270
418518410
313279173
75539717
405757935
864388608
46331054
100960520
124729909
2432258978
1531465705
31102143
1138764877
806156400
14158067
27206015
195248527
429601885
113655965
101056138
1196857183
28229170
579906037
175416517
354825441
124146094
2593370954
2935041555
255666206
81146077
2445314659
69288583
119304556
779809399
753316309
323118309
118033018
607050475
1728651936
2826529099
251721395
793048932
157016660
1638336416
291859349
605373292
84823872
2356070976
1244322133
2989206719
1214894034
2989035719
135824659
61163758
2988695303
2989119309
1090948867
488006618
2988982072
3194602464
2808936980
198829012
807971208
70047245
118613799
1656622657
18304860
2884806025
1495544520
60254483
209963808
119675139
398656009
208331297
2847242918
128802901
137330147
1097340697
230377875
28515803
233182257
1411761
53664165
55940181
2303386854
528039191
2529119167
73714634
116497922
1089618157
57292768
115300306
596723980
140746060
2240348591
19313770
947603672
2493291252
1377648546
198030688
560774426
2372162220
533200584
2231503512
2616103580
2833701133
2892802668
356611315
2932835762
2180950870
1555231692
134472391
2412818148
2518237015
62635564
381184395
306716760
220255312
1025602022
18044891
436383630
982560216
1016981131
170616732
99136355
212628353
151432737
71486102
33978796
2305228178
80043660
2992765416
134160066
71251611
80883533
40579448
75719681
2248655422
37928303
2951215268
106124185
1091624545
1894063945
40469230
75555664
591179346
90606511
2618043851
861163832
966171799
156596350
386057207
141250075
142023476
2344007365
20842368
2246140232
466757945
1570833126
326818189
18697736
571557561
278551481
2809941750
373914332
2775893226
142767316
604155816
142982370
98188901
94783228
387098515
220346850
736004250
2901959954
93349233
871660705
365183825
355514764
89393035
524243416
1481560026
180613054
350981337
573941730
116802500
247271879
230430214
340912768
1466329350
79012978
75521696
2540947693
588587397
213412177
113391336
108630313
2369754084
957804270
2836251990
1209040513
2733194172
602922945
2675168874
1336816272
2185015458
2954708636
142349352
2736492491
1670142380
73603203
360490854
236964774
2806865590
65858538
1111533103
86687705
581230076
2993171988
285016800
2993656118
1643131838
406705846
1560649556
94408650
15555497
779863892
2299248680
557408330
56045528
23579346
357763828
1650659863
14373248
4781811
2476569446
2956100655
571711666
113581004
20906660
2453805590
245757875
464784763
1586968568
119695465
574584257
799193192
141881430
2298686652
2506785930
462234722
2962781306
2572121096
468563630
2951811085
525196664
159128756
195303612
359441862
148021753
140703414
2986526870
379614879
126393835
2939283620
3062203734
375409525
872795040
415553048
289414660
26461628
888178512
49374840
313283125
1057988562
267103266
74807833
1366646221
628266191
577973295
441650700
97376439
307205141
1442036246
2418945605
934648662
2675152554
1472171683
46380029
270296032
2401872150
322862349
124608608
85006819
917181228
435054522
73390792
36154505
1101106376
28857276
1661517744
1299414205
1274058426
2446112202
56304422
248429479
389491470
2899460390
189081726
332242813
256453390
3005887986
200537452
226997507
290676317
2631187107
323373141
2497551536
2313133952
113813035
148101207
212930267
597524596
475699979
104905203
2504628546
2857961301
2991696361
1216585298
2854391228
197119405
1548937333
296247479
125024710
1175047638
2387187138
316381737
31366780
354196297
265300621
85330589
3038784006
801849704
358042031
339775143
1206021
2514870097
72663390
222217244
49556500
455048693
133669658
2440025528
2250268544
36115718
112961565
19859554
2890450387
152123482
2780401584
1407823862
385247365
412243728
2182593386
156588203
1699470679
20982700
1027877840
81346324
365793758
331219667
273077909
1145382235
104977879
1127451540
1060706082
1882693742
1526789316
1014830100
1705940546
2733923603
296824207
1064709103
2700941168
37451311
1336649726
907725834
2525293879
42628772
74416825
2778427009
2199357805
1677226273
2455406720
390912788
1930422805
536105365
2598006919
1308314310
500564705
1534328886
1961298542
3052869518
2739321734
1059267265
20260937
2988988827
2922769501
2501505876
67248645
2323772125
110956856
298015007
2501124176
28049560
74198218
2411738820
150198912
140166838
2889281894
1684057640
134839975
1967461861
243376460
2661896622
2931751386
1580866009
567324600
2292235262
139014473
58410046
170356458
1375760466
1011720500
116412043
402758096
1418758146
2243339272
2703628080
3065928844
539093682
553940025
2986634334
142566737
1545044760
65902696
2507652968
1217017676
505638293
2865839081
402166607
2960066687
2463899551
241127527
2798607668
2779746606
2284653523
75810249
179318287
588184911
94532518
3014017015
39491378
188676499
2712113714
140333572
118095129
2252235324
2723249024
157020864
57284632
52797829
1636673089
1859738694
363957892
2292393666
2864557273
143796594
257199184
1116634651
3197085410
249185042
37149320
21669657
260808148
589016703
618274704
2825849341
194675675
364594283
103645297
2935049487
2937797170
2493993336
2603224578
2777400420
2960092606
2935344994
2780748739
2411739817
2926746575
2506855418
2236787462
147643968
2468140758
928965786
70331587
244537522
556583189
513036151
516462809
28310981
2781183924
1906245115
1138930788
60047243
136326712
3025490131
2743678871
428507799
2207099154
270287272
101980102
20351230
3042550462
2467418930
2304371448
334613153
2778262237
126244022
1204976239
2593900958
2315413238
30539237
17755644
2483475012
2463915446
2594002573
2503791674
941490637
939385298
70430406
65673617
301331032
2985167048
266506471
19897138
2601353503
2483500938
2650644284
2899966918
2459655756
2896850638
2971247836
2960067448
2603186736
2533835623
2453803956
2496643028
2935252791
936505141
611168442
300621751
232437896
155716773
1315335714
188564329
545864291
588812585
2285235872
39067715
97174265
395785157
2163211861
38849321
544945515
443057565
22474997
113669534
515824534
2837864838
2609590663
1825285459
613330661
113862347
29229201
326651573
222530167
374675258
2782404078
126903275
293086683
57465247
