268386176
1327471537
487600344
718319754
2861439818
27901877
2465032116
1424561394
376390162
259283033
1949347722
2921084698
27046785
373783051
2429481745
116594869
19449079
932558718
2865078826
18011418
902596597
2850249772
239241444
178888741
550639277
1550449868
906620078
118166301
2918039334
2837410746
838816748
130294479
917494267
2516247246
2730745842
16423356
247116097
11203972
2271125897
23773209
28031362
34822048
20889358
424248616
19296440
20295763
898728732
2956710659
233853114
21827845
1393559306
755864660
1460673890
60403583
153876973
1201545840
1355380111
143169070
19921268
22674471
1671319380
1189628401
535554692
158610503
100683705
1903011067
360967238
176657599
310643025
28905454
119001399
402355096
2269619268
2721777926
23888634
16146535
21355755
34093672
15546192
164650525
764622636
17719592
15907183
58945187
599857189
1855582706
3171860673
2815001012
2491714328
2885036429
2855628346
18294521
102862980
34262462
297540702
279390084
1038481676
2677180819
255938834
377619841
373157754
187387276
3085355650
405702914
2946910620
2890326728
230474638
2937906232
42405906
119980244
2719377370
889566793
1639220383
582927693
22090207
20823571
830232180
1961684689
42786325
34698303
1595364620
207015756
296612576
245605402
1672035422
228944118
132286315
355370633
13322812
119618571
983793061
28248148
160018783
25381869
3010241109
22487445
40961805
567911598
1367159718
1941860150
2445831720
2980186012
1561634388
164429187
3087492885
2731650511
18349059
415851069
1556631295
57749952
32627901
1180847976
2957862936
244728546
409568756
3096888222
611867011
1704809450
522116594
2201702179
48105920
22799750
2906348990
869481554
2885009030
854203626
1556206328
187543455
2648306173
67169191
409297342
2795274284
284844762
2150427982
100325179
448590097
798530833
1013442566
23145486
448110981
2450447114
334807765
1850025186
14359655
226841523
60388698
50799216
117983479
711487408
284320807
351151761
108335935
116686335
3100150554
2573215164
293227742
45647641
21408439
303418470
25022241
2372929393
2249274895
973698278
2525108320
1072807633
54747537
2312224767
2312659651
2912397622
2223286417
1385912888
204584481
18026638
24743022
22037129
515047062
2996629936
3159713238
557960079
114669061
303477986
2912461124
1865674987
2784641406
784875325
23906678
155640818
16238605
526636421
3122235105
279870995
223066792
565082326
519537454
2427452816
1058559158
371464860
20010422
100125756
325295651
2304073578
210265911
373419652
530821510
77801464
89476066
3146482982
361342191
500444558
2724349256
68907908
1444997538
71069505
18823611
515782631
188105034
24920395
30216656
56543630
62668733
16150687
22251459
279660360
26329406
179981513
14491975
406694243
2684175109
389138781
40614984
514098973
3140686236
1099055311
571606281
19468168
247378337
14811111
21254384
15777611
2391870344
15744281
625136332
812249371
424910578
2906382661
1627120838
2742532806
257163755
278664831
346618904
1323370267
2826580150
216486884
262253888
1618051734
724397754
390567121
340349519
17893690
623229667
350429629
1287526376
869049313
606135759
227766833
103988338
293967375
62354529
2905058764
20561955
24020769
88662925
195097945
979826190
3011102368
2764357907
44788203
32942732
258024131
109991420
22805887
571180553
35291387
845588208
2447038212
278880061
2769701894
28044827
2828068783
2828640809
35221991
2288740951
192788511
2972072795
473523572
2876577615
75570206
7684972
116375949
344882852
2192297074
14186393
2853543524
1611093804
172607052
3015643258
19920619
23136962
20946303
110396781
2869946822
484660909
113174096
316130208
2791620555
17131639
19775606
908198846
16793170
2152065493
86761224
605697707
58949135
2924390150
242560487
18774140
24230078
166560427
60281236
68263175
2379961994
2186755996
1206151874
2750111733
3096265683
2952231472
32814327
2288462990
1481389662
240361325
22450386
746399252
508067360
406353065
18236427
34294546
1439700691
277065925
1305494023
20715638
333477249
60160365
19255284
169253348
134019092
275374521
124816474
33411018
261954157
234419121
240471848
176534793
2747114010
2802424662
2395135370
83339474
3105603524
584180446
14940283
2892637335
1586846605
66053125
109364642
62174822
16104484
519811886
500154514
177087665
3097841799
43235700
110326494
2811827220
37750461
73695731
93912662
15985378
2955551567
1473396901
443078259
189011315
1569176071
1213950048
68558914
23636341
255621544
2566535282
47652268
14088487
24715437
1646044446
3033998948
3095087652
1576921448
2791049587
2910169599
369900660
339981117
2430626287
589607287
2912335598
2535637739
896254543
596001734
450765930
132296384
60598052
14897840
14268564
375721095
2177428656
2845605179
96063461
80883533
3155216647
51852208
15391102
169670184
49639189
3165982734
242347146
190841794
2432221788
381178095
193122636
31202119
34033504
274785536
184401439
259796910
30540412
2464470806
251671827
17013621
99608225
1689242101
228049803
291722437
498484609
1607486071
211258100
245556900
37321285
415881663
55107768
77054816
3127199489
200918966
1485892766
2401704493
2748076033
2309021534
46553559
93235261
282910832
72449733
65749253
149655065
1068503185
760337274
29528014
17022638
16169593
2591486034
18038429
18577789
243621751
21488738
490558553
162917748
517212934
1191604622
2319826566
141521806
259490295
118611326
3111960850
482623288
208800984
241384833
1003130904
42295835
727843496
45138003
2486420616
29558719
272295412
157389754
1309415732
622554887
374590524
5174401
2261182444
389217475
2184621170
14268618
244200716
23366474
17818216
2970682425
180169477
288579703
2476056608
16209662
15604300
29387336
3130887615
1635893376
2750152543
816155875
337413311
575107031
16812732
2288688367
520750006
933326388
3088025604
219150788
2885699340
2444007907
115754870
2595871501
2579400265
1109971519
2944202273
56177907
124080106
2952088462
20845597
2319925296
247878466
20221325
23153001
228570629
2752236714
407951843
2777036023
234421474
473543328
328701971
1443723240
379045183
1338129498
2979605302
2661682980
124832157
229246026
2895185063
367346959
1553883566
759251
1720891502
221186368
152853206
2896419418
614138502
2645911493
3209804423
259985439
239241015
16153820
9709412
118869837
71031469
37048488
313032883
318673769
346231358
584048935
272748593
111248362
1164528278
2463623484
183027450
527157011
209202119
50698933
186914744
2905078379
2891865640
40152815
23140412
48654466
21594203
2530670244
2833284949
1299363006
1720
192046138
416693874
519843371
39651426
1591893216
1653403220
922083786
44162427
434366392
15198744
1080895027
316030083
412052598
770047992
1154036820
3133633698
264234073
183782780
466097665
239121244
24012354
35762725
2220465989
527922389
970200684
2914057079
2500154670
3022099694
209294493
46467907
413389727
24740897
322281109
68493706
2179058990
540519203
88664027
386336311
2239990459
156022844
172935502
2561485942
17520908
2927853665
32748623
578945450
28744383
1087153770
2448363398
189471696
229537740
337450924
19659126
38363082
518100592
1730649206
1225229720
1160703678
2939951175
23707762
1144262384
872993390
