2972553928
195355651
308721189
338026616
1216119745
300289825
243614415
74492844
22123360
3295093882
132668108
110520731
2438347352
65094819
131916518
2507490721
1553442835
939400819
2314806583
74495134
3154548851
318061085
867075974
2303722232
2350808685
35287636
1856927719
3248971055
974375282
1330546310
187963123
1870581656
2398284306
191561031
2651878800
82856093
80940944
170526804
800095177
518112962
1338032910
12307882
23681574
15038668
224503720
2718038620
2308952748
3244698119
1012494360
22593956
904766246
1416352184
2241235933
133139999
2910385133
1915798844
1268407447
3293889569
2996246955
932228048
34741439
3006337660
103096075
347581204
1186658438
778991204
2925207819
78731671
26270728
2493549348
2797003630
1377394638
118296427
1206069589
1434247680
2606295458
2620977122
2435885089
1018229636
402445976
543115118
549483542
1682282857
92546385
3246023563
412188840
23310416
15776891
2276074723
364455348
2395199234
1431628267
299299449
259006458
1682179351
43173106
2559850361
2886685353
147297636
32338228
2339816842
25340233
3301116130
3240879006
239213725
78208471
825561265
248784638
376925402
495565142
1000654987
2910261792
2648990768
96059841
2233288122
1106566350
2998677970
21421068
3311797263
19919514
3116917946
3254761257
246664793
2352243618
489100488
964048706
42409220
33442941
2156013507
3139128306
2559330253
502335393
206688888
372581650
239885144
3127732162
394216985
33144360
29342640
1373433636
2899188773
3124454597
2722918149
3303451162
1405125908
107622393
52158186
279346642
157829685
113771802
2972276205
2453781038
2176218074
48748990
19092710
505453130
24083422
2981781322
164761758
2317761134
27167691
3229900608
3007289562
2426453983
162013071
1138714082
325633686
2245014654
26895018
2934153411
392393330
1880505458
260978675
53391112
15393640
26784689
2729211728
537028278
60975439
764094996
3017967110
191748687
356286146
1467390241
22490294
45069613
124148839
1590150786
2448352453
259744278
29688957
625017471
3029307268
2440687135
1690894422
174564729
113483751
403455791
2991521963
2760710195
42912156
266325204
2839657411
25111146
1653527894
300003123
31422711
599313323
64740374
143898456
220128541
3081771576
3342684586
2996005403
223694898
2548682990
3109942533
2202943387
19554492
2931625980
3238232114
2889910978
2908625943
67591460
283297751
307289809
121334757
479658590
1633165446
54497607
2234760798
1420049984
2879605713
178073291
2360000485
37866773
186860459
2318157974
2474280608
79899233
821193
3060739652
153401331
939480464
158690666
135999125
1603979245
1069027322
483944569
2375166849
354635311
250549164
2229549180
3077486277
3008140174
904276550
2204688295
2276436087
179952866
118510173
951710652
397873205
2155195969
1858828098
335259132
155936725
1434719647
22847745
96883292
187751609
396787338
39970811
284025691
3239808385
808721557
128215040
3323764636
102268884
2292041132
151010754
2235796651
102591598
193023771
94565796
291224644
34102541
356036223
134007972
256643872
25718645
17525171
74301830
268554764
612636092
1265832084
1337174858
1628854309
294026736
245071408
313284216
23532881
46939325
301798768
75943888
1281096763
28170939
2948727371
849559976
312235457
65736385
2160047654
2879037029
406002566
25643055
785464531
824673080
346306702
45077905
437447441
523929844
180968919
169208459
104649910
972066924
30809779
352051681
2402455850
3004237555
353891624
362234651
74830199
169457873
46362579
221446048
1639016310
432538343
2861031417
130254217
1263148554
2311016975
101894700
33084790
215203115
203570688
155063240
110326417
310553371
416824728
2820665534
395403158
25748323
1431412297
71711060
2330599434
2213524494
70881258
2188700942
58607436
33788811
421501855
303040215
2281664328
15358421
191205903
2365044151
1732435442
17298365
3189795596
62454048
1594390682
266899076
305878130
23414661
482576964
713914472
3035862645
33856501
2771251799
710382199
254098696
365689764
132918078
14743983
1205049582
396798413
17363829
2709128076
296989873
98411906
109237024
2446546152
2901429923
28882452
134604805
392888385
72173969
1201633182
1611464251
110681820
507976848
225352886
67291311
2765900938
406591203
15063116
2353110565
127913188
29545007
1860345668
31389492
2283906938
146615226
90093454
2998830059
1402174196
3138675905
904606598
849746245
59126208
19019325
300548556
196604088
465370245
1638625178
128358220
859816812
2364976120
240242970
14898515
63847468
2412408998
1427752201
386393592
2371846128
1148539314
211492059
292451855
2867306759
341815874
86114142
395258871
26839592
310486552
574729215
171912644
97332687
40812583
2376383473
68014075
18532553
111936358
338034868
2258413368
2803326849
2910441304
3087179217
167266835
41036297
493479442
28180681
1676994331
1674428726
58056474
29543286
114947295
1050873277
2482594212
2949414191
3310618018
2751712865
37400954
2573050067
282816339
850114778
93458477
3246165521
62302685
116648735
81174336
2729290089
197955615
130743687
2256008858
283451540
170812797
781868606
733638540
37486698
17244295
64570862
55256494
18742360
13251272
31052535
20595200
2450916633
95176269
2225989658
1377991304
196632679
568334788
717194365
624998563
149206430
292523975
3263289747
19737465
314605601
137285300
19913847
190041484
138055707
19491908
123838069
123854687
100749835
133627135
252033150
57083268
621336065
319471130
1283183972
2244771
237478154
62106475
460361029
1651212612
20258914
1659206893
172221917
152415660
437238975
14826211
313581868
27083513
15764283
278093318
130051975
34189531
3230545937
244532473
628807729
2865302843
25775315
2764463357
41355285
88271420
37504257
68525317
259712748
15104855
93813308
1654282422
21219240
2609432581
303804147
1016501292
2578684997
16160446
2614429622
203714426
950987353
302466168
44292278
933928326
3194698585
32341383
25125532
134964362
26990025
42946193
445282527
293798728
489525034
74488149
378284630
1480136215
3040754502
321766895
2595545148
1216621867
2737509807
762191408
177951887
1648278390
83212449
71888903
637321939
2444434430
78735995
2176774740
2950340799
1525055964
1909483010
557783747
3215234891
3315040036
234537218
129896032
19146778
75909392
50429897
87552283
127372730
64645420
22179997
180809919
307994771
295386761
1325930203
66976382
302217981
316843317
1220670606
612512523
247545871
266262520
3239546974
628299196
2740321534
2448084427
197368650
1074815533
160330312
986907835
244235429
142047399
1081759668
75069193
2595127880
472534378
316895498
1642883174
53168041
2888027134
278173474
275775404
931215810
19465358
2490698651
14848428
434531411
31476243
304209744
27965474
2987697944
1723864213
2930573173
175554657
2760714974
70065506
890557220
16502379
1247421445
2551142418
2234658935
1551315554
3190175503
3290296083
3339237891
370652725
2163388765
3013091774
3160541112
568435155
105683760
507742513
3125072621
16670566
252743276
296990171
2693827530
3328319693
2390821092
2911164512
35364930
3300668825
637270252
3241098598
602652695
1554782767
1686239311
175196262
3080129175
30328658
32368634
2997752253
100974841
350424705
2437660399
260877564
193470793
2580899504
3241899346
416655719
301709805
3187860632
2891314072
2973148067
38260859
3047464694
1272968960
447368351
2482334442
351248711
1209568068
179332715
528810783
1894379287
41645701
91554165
270503470
3016314232
22132041
24235044
3038838852
3202280878
755448157
356038786
3158266892
179380558
2416857396
2152125960
2745389103
3238378357
3044105350
2551115922
993618037
34009792
307458506
2730020462
17738785
26340080
102192365
3077821560
2922382040
535951594
128778991
2971515599
2920916065
591848794
35305040
44313852
2447808504
3315940851
369173508
857244224
38374932
2782404078
505470796
286119833
478750126
183814002
835024110
68955930
2896912497
2352239719
2835076487
51567066
184619095
135560257
787424227
2973899812
3329831715
359405734
2333879308
1377868464
461987261
294067033
205844123
217163275
185704530
314923021
243611593
95608595
16595229
281498527
3083432295
150395508
178034143
61602087
353416279
268316055
182516267
463250985
262798505
317226443
104688827
328583685
3079605754
796972136
300328033
2305012678
2867540141
560564335
2192876752
3235706175
203682293
498787942
1732791878
116957669
1436084660
2984879343
286875905
2615692340
3322693089
92317239
280471322
225232529
1189568089
366276054
285852840
284235167
291181113
542955018
2322951066
456327625
2538218883
1666398248
432410126
1265538691
81631135
83534979
426663624
476171181
2938405739
339722491
630066991
2399973256
64160961
107806852
398977185
61174062
162996905
1856885280
397565303
213809137
31282804
36658921
3035905625
69803268
137758814
52209801
1655962244
169700826
179071701
2496044700
191736476
2888353036
3317210769
1042334540
280446754
2306333936
221700866
179529907
320720305
2172825289
2968974720
1328491903
933419630
2978842347
138615885
147518844
250335864
526651963
23674485
32974114
222979356
104288005
18261831
2976667433
27372066
127624729
305287070
47247580
86503842
308877783
14282517
611318385
68881091
2280470815
542962969
226408008
2762367301
2271761005
2271684626
344614821
2389710762
365446077
453601157
372213821
221647151
2447739174
139639456
372142428
343122721
2221858422
3196065660
373928548
321776031
34767218
560981275
187830708
321063919
595723694
1448876712
3250425966
2601416480
287901710
3054464446
564111073
499943274
3167480590
428604205
16306235
2574237071
2447823043
158555267
751987969
2794766284
41204528
374047963
9466582
439093187
2419777798
2565549308
253842761
135022597
48120039
946617590
974419362
37821033
3311351267
1903077054
3101790829
362830305
2910571860
1359955326
2263976888
1325479273
171511618
254686755
629404450
55641366
128761703
1237872260
2870579749
312394656
33958162
329977467
371833280
269462356
292087044
421892618
1433586072
1441102933
2787674279
1613466775
18533620
2852977769
2967182144
3039652935
2811503196
2868218273
3033900825
2741714451
316106966
3244206116
2310727610
3053768583
3245546334
83013185
217170722
2784088797
330289593
1243360801
3134905919
1398560198
2776854527
3063180244
27993411
81448883
2957062777
2757989710
16815402
2365791490
2658290961
807767424
98551616
2959856939
613311805
2916493234
3135378029
20285047
111850139
2440759519
22370340
51418900
775298065
43233522
58916749
1695159529
2261037247
1368979002
1325507808
2257348287
194861751
2422903748
286309305
2826612571
15574237
130215718
1377702960
30372129
153816503
833109559
188866059
263813187
442776907
2554579970
402010853
3168280572
230852424
149482856
149621611
382312021
252530210
253021343
853651634
2445332719
236060339
39994780
882051548
2371386961
126145481
701636768
894860785
1281776556
343778367
1923215990
503682590
2796999281
229351371
774336781
839593724
292539609
268417825
276679258
304551571
2652780564
53686349
956509476
115697038
2395361197
392940135
339115312
610374540
635421679
2169364117
860002436
145867790
28657880
459516221
48620605
1476269587
59657977
6067992
2954366694
304679027
227870002
320662290
65849975
2722809395
18029505
143578329
46398443
40407844
70590783
267004350
1297565892
278755526
549734325
48942691
22952989
854069137
19131792
905372677
832472995
65552940
811219351
360983000
471810878
1955385925
71722065
1239349062
1621774837
2419498388
238544730
2383556360
2366712262
2805899456
139790937
515596456
999293378
329924346
198596807
343508710
625070495
213856441
226011566
352650591
104068477
29429414
354403476
31576334
1104987361
2160589173
2889470587
579467417
1056824814
558218633
855046368
3221611485
505047537
66944727
105507634
2320289662
521948309
1442498828
2367620273
435073726
489682514
1255549820
3237539428
2710493203
1707229892
2449987230
525808515
2189571338
285956311
2727607767
318048489
3182143745
1480796154
278351043
577456179
87076625
3033075706
112294676
425418625
385151352
997972921
185615465
191931031
41791565
229982489
1328885857
588329721
2810034574
11892682
353676960
1419850513
278812963
3310842485
20113887
26536426
353800597
20562637
23707663
834352891
22656089
246920706
22056673
302465404
1648167307
93897504
2866649608
404666998
419258439
106275942
2478506010
1116571992
1444871761
21425990
1631645832
588504674
1423541352
2455918632
77974607
428384818
273286736
2803483444
19870967
1885177736
3331423425
1241195238
1174748149
1240633951
1000308288
397433002
2381340372
38313401
527760393
2224043089
3232051177
114351351
3047306152
3111526222
3304261677
2203571713
327354548
3305520449
1849772040
353899778
393910075
2753003748
101762451
2255903484
548655682
547340539
2759000281
33123688
504639294
580029207
119113968
2281060387
265949906
394866985
267831502
398964415
628946366
1028988594
196779296
281211044
2658204643
43859905
22875719
2559162919
147006895
594218419
716686555
20220936
22161644
31645536
210652127
122226351
514888778
3325341274
126957686
3194635346
121953944
232167426
467151457
1573625330
2251075465
2722587583
200156467
23751066
38464342
2320038834
381391189
20096001
1631492510
1673305357
298807407
1238960389
91284857
21553544
31269527
27692930
221671151
66265523
2159261583
63679556
125988399
412657268
968788320
355864533
37725640
21409407
453204440
3120734419
42997787
1149847122
2842708267
15827727
46033685
19200341
3281266091
51531050
377463030
17280062
559614467
14243008
1370512346
450975550
1433498906
14145626
636586551
183723239
416934863
2797710909
12191962
38042062
500378744
2511107827
1174012429
323754242
2259115196
582677848
1362324890
1252283257
1896166172
15652824
594273801
2991852931
32624951
2760360134
64612181
2878170353
53161378
190689313
2423473010
2422238587
2441115176
2322482962
2310335743
2467414981
287957339
26856528
80077667
229630335
277261673
40264700
27592905
3134166027
3340124297
34145873
193873715
3325075631
271482505
2953946251
2868990886
60855911
1610225844
3044423553
123356769
12737142
346558823
994918147
754107930
2363624352
425935080
2426036294
250196171
105708948
2430464773
603175985
335082248
2870699914
22448293
2480248968
20560316
1867534207
157705443
548697019
768865351
15773072
1226734730
544850298
1594470031
1603580958
1447832455
3111886418
2430153004
21290267
2388167912
1910990863
3247170116
252709025
472297384
384445622
296495698
376392951
118435389
83987707
29316624
337924783
2728422546
1511952336
2456404458
309324757
2912658953
2712046219
78063751
2596740877
587437673
2509204711
2341186123
2504796992
3247036252
55304346
2192078372
72372407
448544769
23113181
331292727
21549796
910811263
111240303
243031834
37538320
472211449
1589221176
165128833
24832799
393664875
16031897
945419108
184404326
249828076
889974259
66332964
229700807
72247732
425402164
218666318
2411750658
68020559
523566414
22082801
2771097648
2446005762
387419890
2231797388
48905701
500800915
81793
302349082
2388914772
2459655756
2843114831
501284260
2964747491
175711368
1469746531
73216553
80187373
2497345790
39128746
3234642188
63872971
1140548378
634390169
105917253
108146898
466226731
2499591100
2725857311
453833562
1443919680
2741308671
20033962
144531006
507277863
2854127439
2661047480
3198085603
213732501
501056955
41884238
471673888
2360044146
2912262723
1348322599
238318729
2975422449
2787602128
379814008
419017804
937716318
1177277089
105004195
3308742299
886071325
2708386622
212875318
61304795
43579859
343461992
468039324
241596288
2977368908
821135712
2909492820
492679532
942512696
137952466
3218977772
102038779
2509001036
2789106823
137263724
1568051126
190967819
2838686466
1392983714
1040682774
30276642
275922581
1927297141
367215124
112149545
2315625426
61430356
1400736193
21729928
2424606168
62643456
3042952011
35602786
31267769
851818585
110540464
904488414
852267594
1952331558
3246361382
234769476
531795736
76789171
2165368140
81157022
585130852
273816258
899022266
158652978
53126595
256187597
430228469
1477780183
2764790971
2226088650
2529944268
2435097384
20108560
264470355
33380865
1934146452
65877129
2732783050
2355132401
528485449
200476852
55440910
223354753
2584503524
1077433543
1579208780
17261660
430589068
76473100
3080373411
24693365
268590478
1962994226
2893750566
464838676
50596222
257666575
251718910
14773593
2364669896
2896850638
2157382005
1110049428
31024662
2265476436
66253
189356325
86223714
69309205
373430109
257165153
364351338
1021139648
1710484260
15370867
425196023
169739245
1450760053
287401382
19092739
2353216597
2918952274
2835606354
63038524
2960328615
1274686045
435176865
29392320
161137138
97015686
18488066
2191793345
67063362
16229069
133823871
34727288
305363688
2956505001
1959311316
2578049741
23563989
478009836
391457999
1000132999
371312411
1398673123
99177027
3114156511
2363757470
2575016496
3225599576
3176921648
3077941917
39173306
1595290712
20964634
23276007
232468110
1143575377
3254212509
255217007
103301653
104953046
2708148716
2327431026
2447479088
477128485
3131115040
133943729
225005021
500464783
89323411
3306404625
467263865
325536525
902931469
325910173
29876639
191792290
3126905045
29209091
110150510
3171192904
347810392
270873768
351677170
195892311
771909512
41055866
33663855
2525800173
1623207246
66784295
2411738820
2490407720
162657463
348603685
545041139
55641009
113908598
15862028
2778000277
195821810
2981020384
585116346
2287030892
269911719
2997396564
2331758522
15911582
1130037728
55148819
563283069
275210283
40829768
330048553
2755694301
746941298
292272731
150920918
2236787462
704525007
556819151
356647326
2555624924
14158521
143944968
19666861
3176721335
3109229355
444620607
74794254
1410149263
43735479
1220416022
846375788
21075629
33893926
84749931
350284575
1056630680
3018902851
625747319
177191653
2213621054
632270947
22179304
443170774
432779521
996198924
1452668023
2175055010
1064980178
3042572474
90141275
19001138
2335826743
126628056
109498840
3307076140
431776393
499343426
127053837
3309313438
387294636
2582807193
1506069840
1718994307
3206859635
56479531
328860741
58131066
3310228211
345158593
2494068253
3133228260
1601272207
741997224
357567717
2440469337
181520337
399925642
3091219154
319296983
3020933631
2388808196
28088585
1358102935
2978373605
201496109
228685099
313936448
1627626433
634189107
340443341
1493250306
42382503
2508588786
86733947
19050597
2405893350
26128966
538304939
90741220
161704338
1123122570
276188075
1884547801
2352273217
2436933360
3310971472
21545542
973440974
29717908
381216888
301177656
251867639
51109691
2230950745
237061205
236506334
749332530
2593719649
2555204755
2518234136
557902495
3163143660
1604333419
16554252
54113697
1175586451
42739354
1228684357
53808541
579198296
2542917242
1662657176
19325917
767527321
207986112
304451297
500339280
45609278
2779719604
173382661
284812300
2991866248
36440517
2458103234
21686067
2752636348
1564130112
470312211
81950708
2223346728
1052107886
605549056
2832642293
250086045
47060970
729660427
1019000550
73035571
3315130841
3004297960
38221867
143484859
1107887564
15132701
2694137461
1905548179
216783357
554429640
2255661920
479835073
40355149
138667908
57470127
2372699175
227263357
1332807547
166361660
1604742367
1411031731
2859394887
2850743830
1347608293
349488307
181243367
32252678
384094961
792809462
437982898
241382835
126354972
2876150241
132541554
2908064932
212410798
2895978157
14515799
733740024
460910897
524177369
1533153889
912288054
2835550077
1114182282
343661873
534671648
307179438
54349932
149195971
46832770
1494945548
2288813407
143678728
16507323
1602672638
595072337
461917899
1053346328
3079022396
243763860
2476848962
3227219682
715621117
2761808526
3034413411
112607245
68688062
137611035
270547763
2450500704
3243111986
87284588
1543428890
809194890
2597707309
1360006639
127289951
3027165221
2910854367
1263528816
66017030
3104356285
465848890
89403639
24007449
90231745
59513055
528350008
2661174925
148672386
2201969568
555700817
418346322
36117530
29373663
241439425
114201427
2759314953
264258510
2383995696
398915494
1476096290
1632691052
42312418
3033331781
180906715
3033723040
19742838
407051134
1561259425
1587484500
59327865
2379583298
394989972
1360788103
2587134816
3150296983
23082880
429179364
2167056341
2267979140
392527757
304582143
1864844750
322754880
2313914826
448203698
2798607668
35147233
25399317
25467533
41803013
2183520866
10118982
1664059166
358206237
168695591
17024292
608044214
116617242
311910862
561223679
1247705617
572965711
315161628
170626814
323985136
249717474
1707620341
983154954
2487791838
358042751
259510393
101640714
2195850330
290731902
410275574
1000531867
74159333
225281049
748966542
752281441
1582826676
176886573
2743803034
1001886504
110656730
20290091
2369060832
2591924623
2731703780
1273342063
2957868505
68698703
1430815710
476876406
98561502
988298442
2727416149
379977194
3145716139
1112559612
34087174
1421039934
1546983811
48381693
2781294222
3246279468
2442555690
2252962339
1476280532
2677749008
2788107996
168536342
80779055
1900452428
2812380092
548133801
721457976
2294617455
457993214
2957637206
54485602
17379685
126073133
3244325564
513562905
39810659
561098353
1202047854
8727232
164325410
3098454756
26805827
2338540770
1888138303
3227270906
39088688
2574954632
3164342416
2872175714
35643668
382973223
19611423
2822022038
45888970
2821718092
416237579
96410271
320082727
169476725
39209126
1597528543
2918799739
25701904
632113602
212487644
633871433
2843944205
328015019
892887770
50770992
927669529
46429628
3084295725
2577139152
596690895
633538764
17723143
2593951230
155447658
3105673316
154953270
2749761886
3245584328
159763645
378070677
36976276
46739841
48629930
2574821528
17832758
103897341
1978553394
80952898
3000235289
3164582773
2386585498
626379895
30259703
2542038084
73975702
3131019705
79939248
403058007
1923298423
1540031820
2338531658
1684558230
124831382
24818420
2330071042
3068681700
2438963022
45986174
16184358
86053743
2466117386
3018707020
1027046348
3097030390
3168908084
2781828285
2573319754
170993505
363245181
230481847
72937835
136367291
562673541
182593867
164784647
47895982
2180742140
21017449
521212961
558285128
279485686
1030572444
352303179
2926665778
427448790
1619271554
3194633959
371159120
214537647
139596858
3124910283
198626693
525493157
269452677
139188938
950299838
64069920
75283455
327839443
85965469
127981978
377355467
2983218400
1200087746
48965022
2161556754
164818072
24758922
1614465728
3028666505
140869845
33153952
21931253
45421531
735898740
316770096
308559786
2437072350
61780315
822085218
165858601
1246582488
2271116399
229851000
546203578
75197662
1406225143
144446465
846262754
411214011
3057604216
2281533611
3093462028
25605896
172759879
2384719027
567795456
2794858826
1426792778
2278793532
295806324
211691069
126247327
553254139
3146255115
131680446
2250527814
2774668432
863949348
2483500938
272204389
2347968828
554997657
205672792
381117066
1953743174
384775494
3035564740
91168044
2538926716
421553421
74464219
113953201
226280424
2961937243
1868561822
67368755
43161300
104191542
36066608
982048998
28927511
537159402
808137510
217804751
315977013
3141772949
1926402895
272496072
2471771407
86665962
2458311132
3033732837
2737622747
2741170746
190502679
3004761869
255752055
382363701
3176265732
630061909
41656740
2881331079
1301130374
3164764013
1413057204
2974093449
2949164584
