493097369
2319004853
1349614543
2531067582
3115162387
81817134
479791866
1387500614
1304827129
326247643
2982559193
15395800
14712692
254111297
16816972
1635259598
2717697042
270088090
148480473
2373899141
954234692
2874154492
3206069499
2548680834
252735972
2993259312
40947349
2249179068
90645586
65130553
519983462
1357884469
2913668454
45981213
535977623
2183096557
2762897193
135456764
2159391044
2401830277
340720788
23000618
3288094593
1894688378
2852460032
597981445
3039475755
270063231
123392640
2899832445
1220386050
2700512522
44157878
98986981
134546927
47808312
2504640321
35259325
31288110
323245161
26570863
398330531
719929340
252997533
316338221
1327639712
2411330978
2599832912
49472317
279323768
48918759
2889200437
103979872
1720971878
314174259
295374276
32993444
2765617167
52042123
364439879
17449093
119467452
364397125
28849729
313849267
608946357
2615967491
276700136
1391213720
51736393
74294977
140075756
366013395
339916249
68584161
2372338136
417765138
1378320288
1186334989
749243623
567324319
86697380
110140954
764567449
3076989457
2666403512
764164026
23215555
1111126194
328963837
542058062
2314375832
199093735
125570862
1901371944
1863565273
558152045
2194027241
290102552
421267966
1309584812
939846354
496286576
1649246720
36407891
2891664787
44655717
274136152
46544514
2905543623
1163093898
377837848
1382606473
130672431
72291035
67953340
2525578032
576255103
407654649
2589597186
197404857
132639731
76650489
2161638278
116791717
178010946
2178920484
365076726
35697294
14550939
27803293
773938801
272497911
23751066
2489690280
1368236310
56316699
247874198
236134919
27489519
337342085
19529292
276918379
20120408
444274499
25443237
2417779818
96203442
2478688204
568510137
1428784640
2680015243
145984461
3233011502
26914697
15501305
274658825
28917392
379372530
332966388
2857004122
2386822380
386038955
3004290735
3311349599
2782745869
2739680245
21681608
907703484
2297917674
1578629228
154066674
3312590392
487609328
485722389
21836824
794543808
255818437
2896574057
2783631635
96469356
15734989
190198605
595341417
2987748664
2578786465
2881514602
2569680515
2321238775
3019903659
2383827674
2989478735
1289477905
1904761490
2178348182
1180622503
2332552943
3172803941
3136625496
222630877
2927199115
312894787
386440614
107187089
2227291189
52682906
2762870630
111427015
456137808
247492611
331094569
1325244324
1299558078
868439215
234310063
808771099
2307342901
3004847224
2201335277
121894769
2570947334
359103469
1528069364
2205044527
1963095853
3108013259
725445786
464867175
2961955331
2525224598
1118432066
562094558
1636949492
702442438
1880267845
3010833422
34538761
2704872315
2857426909
49859891
207700097
1341462944
242728776
139536023
2912585302
991460328
584001292
1401236340
2499794851
523511214
320977780
1549079918
2791820130
2813678052
164829140
143595349
545743023
272538235
2243860400
526812864
149491758
390392465
3194661633
558334886
2281716090
902101824
1074166974
270308051
1299403057
3322294997
112798950
3232861818
2214984744
445193336
54899121
1345828836
52911590
3148558261
1586826302
1084443319
613479938
2753743832
3024657966
1062253004
2436275690
617853906
1044141200
1404532987
1464177330
544741078
100281735
513369978
583069949
15285490
621051039
837184957
818392459
2284131
69660988
60570706
66117622
366712903
94122032
162123364
497637366
19143769
453955946
27366610
33788427
40331315
631029361
169044506
46341070
332261547
585438571
16474630
736022173
45181309
154654719
276725004
155311735
302750596
2943771353
1395923928
2755405661
2604380670
555499471
71315958
33910678
461288373
399665589
2271952691
364241111
2739667932
2942186825
52243993
1063683223
75314847
2714607003
10920842
2860049411
33064939
3120801665
3023234458
100076991
143241777
151070271
2899490760
3295945757
2418279547
71272591
3165223599
905073708
3243732469
2908198188
1027582938
85021241
336511336
28918980
2741570807
257471968
66246449
200018612
1401790434
3232687300
1657955172
2893524202
41896256
3083493216
30296165
901206098
2296531528
1425554215
502717995
1548941240
27775410
158687116
492498057
2655241459
189134281
2382947930
30268257
3117036951
401559097
2982770032
2724308804
36114879
370881838
2768228523
372497412
390877153
4264291
24405200
125935401
2704966334
612191097
518866312
25723378
456331554
87957969
3077515383
68315113
1228651723
1569510908
612931307
765763200
938330827
2328599465
16520112
115094250
183876837
23321567
40698923
240030895
30871594
2684799759
17613354
153252061
961677596
527360744
486169653
465729427
16189954
402157271
143923172
2230324225
2982795185
406312695
2984591416
2982670527
2724190285
2491744410
2855915617
599189624
42290868
2987670286
1710120552
2348923712
2987767187
2885753355
42091611
51207002
2316682978
3142885113
84102421
249128212
153907251
42282066
26932777
928645411
1043578903
30095152
1257954962
2575198087
17741758
95244036
765071010
2309294342
116874736
2885885932
3246390453
122374343
2255319036
2335822530
984859898
2206438397
21323607
200061946
217368090
1369035834
421053941
1653266233
554757875
2474693231
3187269939
1413593322
634200606
1672277690
28507777
16554252
347633853
2412554777
1478620254
184407432
125722011
77606168
1342425758
1974017821
21256801
185150047
363497817
350024083
2457225193
18186504
1676980292
290051971
76199277
89961549
560248408
215677606
313986053
2497467396
35812119
3040754502
243697203
1920430682
2521658279
2330894053
17414054
2277838267
22738203
333700546
1490518142
513556739
715522770
437238975
220387941
598807255
243620090
53590352
169845001
27611273
137786520
53770576
103316756
24999473
371900102
2912480439
338756047
215102948
37922279
25855145
882804235
1109534750
128140908
594056292
1344991260
141623061
487006853
455816433
224166710
132466029
3051925189
438059703
898381772
102661927
3076268479
1919572561
206813069
592222488
632714259
3305283976
2858152901
518068144
1708556292
2250104576
393056012
2476672849
610063759
2855584094
2283036590
175673275
582897408
194972957
140161482
119247286
400924969
30405068
43659743
1209646898
126673678
994244750
23246523
143215168
437501534
15025529
3116163364
1545633620
2905443880
27469013
34221314
90506229
543339059
160914167
372951972
850527578
3143025656
2352838445
6466282
608328775
2535790731
453817821
112296882
1893500400
2512814147
2911103219
20999866
2331069590
18936284
1389088195
3311219116
2972407985
991393172
2854848500
245256412
77815076
1615380414
36008885
30971909
30288492
456764166
105112688
904861723
886780946
2456246641
265958960
1284194856
390585701
486996989
325688284
19588212
2299213855
2505187038
75249119
389082709
43664342
356044518
46108747
281899263
71555146
1882111435
387080946
282160609
249033962
20506888
145957808
96972239
15606203
281093896
415785585
11095682
1639668019
1219455846
54141035
2396963676
292225170
75656874
39263296
47710773
357076509
18795950
629111582
2423471059
316116946
1296182228
47664722
93100491
227423290
330754700
112212057
1704665142
2794319396
3032859747
615927039
2689650829
2779048504
3123161474
845720863
1241669910
2841096553
139388233
1065114325
541889889
328247807
1248029941
108184112
451708926
1346216382
21387821
1029119875
526582338
95986221
2415912139
620414191
229057661
498182988
1497986070
136314158
2492945006
2280440666
16476911
172664432
17454019
2328657907
137417427
237823098
147920533
710519222
2330448084
1715426684
1351087830
3241082147
2366986355
1665733716
2848125271
345408839
132698186
78607910
107449281
34429934
2894061016
1098738577
1334681850
24572862
2508649105
2856748539
301399287
117035692
348437957
2701062007
388916111
1359951792
28574749
295607123
3213935429
3326621195
180789461
2893524472
1527879786
249131596
1449774438
2545563643
447509552
29835420
164771462
1875854796
599745022
47454043
626646045
2493974978
373952620
2655853535
313418919
311119191
610339333
2241627420
20280611
2749041059
2951065203
1637187150
24519809
28126103
2950651805
2991906261
1712823295
2943502679
324439359
216991538
2969697677
764639689
2396811301
497561384
858827100
347342328
1911124195
3314205753
498253833
711302221
252929755
2226037686
2271896611
741740294
9942692
29796057
1543994348
29888350
118080576
421864112
2742998171
2957098941
24305174
23801499
526637732
342458612
91493488
33946024
482709680
526634900
13411232
170255120
2857515708
260257006
191255002
183109835
35442564
1662125149
412776430
471555374
33919095
448184029
2869049901
2831551173
333847077
571902927
1211172955
1272815017
2277860540
30182990
2609695814
2456983891
358081624
113922413
363776422
238221067
96543321
399415911
135614870
560281752
2711268290
2526588174
17937269
3225274822
512287398
450642401
2840669666
1473507469
3319478817
532658836
606227438
287198108
38192297
144187283
585600550
2299465830
448150018
427091884
126467979
29431826
403034269
1304155226
1684560672
2779857717
304984820
359703735
29284444
1599677563
39145982
97254875
412654030
2983313188
240051328
307051616
514298597
711956334
619767610
488357975
1244298643
244873687
2766304241
189242422
754040036
2901429923
92319165
149966490
740589414
37744555
77981804
161832956
3116835751
2605333022
97458740
301480654
2378157926
109939192
434463744
3194645827
31752363
79604782
42897901
44738299
848371627
429253772
131707682
2369723000
2279225400
22001536
2547687733
601856565
18727954
2787769044
3324267567
2251871049
3102614818
329142580
171457693
2949133834
142885691
3226095694
55335854
1494768163
193504286
1683046620
1652494476
1187691217
144612867
315878798
510120656
732185508
461403656
2979836998
124143602
970363956
2849814681
1336526060
134253695
760203134
3202234641
402785923
2829828880
385598858
20267347
2821962337
2909090861
2803319107
501971028
467818281
38191846
460182710
553396754
603660185
1898274198
376938512
217524155
155938904
89903824
19877969
2296704559
23217361
778970688
447330662
352950990
17315404
93823528
141254563
539513421
18976809
2815944859
584189949
29802659
402004804
31476243
606937747
259846474
926894390
2207586210
465158270
3004324027
457712573
392537035
197642655
43035602
27338119
55348286
2346986202
31711513
2346960320
2346980197
238660514
55756554
2682966228
75517161
100551915
1111527979
28165505
122737459
602963781
21705678
613414752
84168374
608473
311961213
406106138
2224226376
51157552
130822704
2218334325
527941286
2972030200
574284134
3308045465
2266059481
137291222
746502602
1726747297
1726973756
1068628021
1723700060
782579179
1726908840
1723431050
636273602
1541273533
739730772
1726837405
614602745
1723465004
114231090
1726749908
1723168154
1723128914
1723441572
540866444
951831066
45315179
2435694092
1123047733
470175423
27073309
33437279
191034625
17757689
295930770
434824972
1426359067
702901397
1109863902
486671307
441076750
379429447
3230381619
3164960698
2409704385
1664755440
3153875769
2949692055
2712087708
2925331787
3307238205
1611202400
540793022
2921984019
357194663
2418058832
2773026138
432784475
2785753603
50413751
239626941
1894840093
2827075221
72292683
2776346801
1429876506
308430237
874741914
100683705
90283136
559467521
2396714636
2382963174
1170796794
403992815
17775954
405594830
17331660
1433475794
117373891
3254285577
76025491
58685992
114180392
25351387
121123916
336041938
3241804119
298029714
117271730
16992416
2169208436
1549672350
174627761
1947303967
14116906
132531997
3331817854
255166170
22754511
174618314
116490969
22640423
5027201
25044658
2849771796
2319720816
148466972
733811449
20330820
466916096
85650541
87343047
2698715094
2790366452
157400353
535258029
292346552
14266186
41238441
68598054
17789501
67448523
47255864
43685252
21947254
2405082170
93503197
20612726
296159713
211213112
143966984
273576538
46037408
30599491
309132533
2889518243
313527989
67688912
127881681
311980358
43596679
40140510
3248675195
939294302
2399391152
306097253
586157691
456826445
19193935
408150112
2381408053
61486001
56603535
494027719
1428073543
1026512892
623866803
2828329390
2257067250
17272077
17191646
103131741
1852691227
1088099732
1190097812
20109343
134934712
37519574
457322713
364735409
89581967
1327027764
3012527456
1959004706
1533737300
18637420
355050856
28817025
1735071607
1893684854
424249509
278533593
2382546800
2635340887
1106900352
3178143191
30894293
568396550
80751106
561347593
466785976
66788371
173379460
597751869
331467423
120228563
518807696
557030678
522339656
619567169
578632189
70335795
2801321047
31454104
314518856
125431054
2427550833
2803993252
821175980
22048628
1927753680
22362068
353648563
302327595
589931785
1160754199
394229534
207630647
66628796
326750167
93619978
16887632
464303207
163247998
598890904
597613996
700745288
18660993
2844082392
2173747291
34242760
17364159
19228992
32432454
2511383766
2940086631
2244345602
21195697
47820439
1292115890
118817820
1241219856
144524499
1407359839
3288796168
351101117
3056118457
183909180
1866167588
118697115
324899341
1963193384
1013059218
1613835864
3302632655
3048689699
231506584
49309789
724326337
17943307
73647549
2212001420
238877704
287897430
1696026414
1634304428
18737312
151077985
2966118561
207584849
181910370
1381946474
254999238
431335845
86364046
1529943404
2466410197
186891750
25534147
40678823
304092143
2300094756
970008674
1031203687
499590887
19961822
574508945
395136282
702647732
115705583
90412353
2264363900
3103256345
3249463450
1325709318
1619040092
347472706
33753434
56846743
30767393
27839216
1089536220
72708499
306522872
145316698
18802134
1977993854
1278126870
1278504457
1273003616
1278428762
1278517459
749176735
308434860
2547315176
223527899
1060058798
83995295
1312462652
23885775
165140243
574345466
44971880
520784418
579149793
2963899133
3036888171
2720008797
82174782
839523048
826734998
622854132
134998612
1429261818
2215953809
289308160
120891590
292826456
39793810
2729227331
1916859277
1319072916
2338270538
490787919
602541225
520380662
39481010
41236611
292609052
1413408344
335607749
2324255922
220066464
1190004055
1250515506
15362680
212887759
2902980362
701207747
3245196547
535359296
516361882
576144150
313901170
569608187
193407588
431683607
2927269430
3253899287
2917637169
191088765
579962917
20493490
1654029781
518379151
281204510
3088223997
77357947
163899486
557752076
258658312
2957639732
918348084
2808088151
1053439681
2957541854
172980515
854422044
3142956245
3147624400
2905235441
2927773789
36008295
43615157
123848518
3069250429
493194916
292178677
139148731
19243536
33535088
28492463
3057872173
1562571554
131433508
30290949
78934295
144231995
468822412
281443141
589008665
166204982
2602075003
1475323520
2446676017
2356830830
2434282807
1416161916
159123332
3152661306
303717788
2511957307
94958798
2159056992
101772448
20028965
538328237
14294115
21263349
635648433
811978704
878111022
3004338064
2985173587
2894328408
274562160
263054151
2353766251
166044068
178083491
2753094983
14761891
15329395
2510698808
267648238
91579455
3153145782
191950673
20033253
74707609
1386146185
38577290
295632077
109006180
2440721773
3147699910
22878318
304209744
2986537454
43425861
3069236656
106801032
1957640054
34261586
3169535187
359317698
29886317
906316597
40289098
19478758
1914556004
17701801
231493980
915421814
2874050277
2884809289
211460551
48360697
48825516
147236313
372539275
2484206269
3184726405
1561253816
454816236
787914313
87853237
787504434
2222715717
38906741
38941668
20020877
253396457
977178361
1713327404
598838355
1674301591
2292738051
2377510272
2886781471
2731981592
55207986
396514835
132546297
3109245139
2919018769
2847353697
1645387304
43564586
568019733
886823749
3003092643
141361672
388848498
883138856
2679963583
497214786
54688609
330466144
61086581
571346870
2237903656
574512661
238618906
3142936030
3195376064
3142946332
3142852127
3195415525
3143018293
3143010680
3142941502
3142898943
3142915552
3145698252
3195399415
3142791695
3145758673
3142807227
3143034632
3224939612
2650053890
400810784
1026093486
2745426716
617615892
41984019
855187586
2470561027
23918769
400373529
127564069
2603544656
184440288
21230617
25503370
566656965
2513135891
126327723
144416723
26824237
1053802687
194191907
1979472660
2533502366
1964686164
1317043656
1494487778
251810310
291993299
112819301
246313812
320750550
1697971334
194091458
364938826
552890224
2997108608
905899051
796539655
116476362
280022798
1887264824
105528844
83931842
1558822848
406614878
65353100
418187883
3071152067
437673995
108657905
322054650
329281722
21098156
527752930
348916892
375466501
287275135
2957465557
249388186
343409843
886722583
1044563142
486288760
864982249
469937852
2584178036
783060836
2488543346
487821943
1464620293
2756215260
2956733028
367658518
1187950308
2808407737
2336288521
223428162
3150196270
281670626
314215748
716019752
798312086
76332289
776242974
218097134
210919633
372060185
449584507
3222341659
182026914
109958364
261988561
2327434344
1731415442
188643347
1247433817
21907004
44663549
159104980
22346497
404994604
183467007
985113522
2202806028
206713709
24101774
860209556
497247223
20918680
480859786
3164928506
463375924
1432664209
255957444
3091872862
1162611265
1089282625
2981283088
2300003405
211337530
32953036
112482127
840586922
226136626
180358517
369082365
37337067
3051749024
3232093536
180706923
2322501479
806840245
1048569829
1112674164
250595879
1728579193
3081428077
224378817
263092245
1588702994
1156594298
28709198
53697555
182944218
226438202
422526119
2345263466
30109799
3252740764
1364091619
551909899
394222130
429068247
2385553735
1724099436
395227256
28581473
2225298128
1227929718
3099303081
2844016728
477196264
63604303
82889930
149175595
789529405
2318825218
14443705
59246357
2493557755
930458352
499042391
2794878127
43770469
90039600
356868063
245380007
1090192490
1077615468
3144645234
2382559130
2513124025
209243408
322179239
884834886
28471475
2152302502
55298979
2813183965
3246959853
2960735745
2985952535
2412104594
3196416872
3196399838
1376936215
21937045
21911774
16597967
14513217
450837938
24713818
2189311515
264312932
120372396
362568685
163875170
285002813
230248016
1625361524
3152635695
767658752
2468283260
2754053432
155696329
329161751
240096946
3142796907
1488683082
2889980778
1489428439
1210667348
2804591539
985563229
2905687749
25726240
85854399
2695265726
294972467
21542816
760369897
33516750
2995045981
964128248
15467058
2495902908
225582168
591641304
28408320
3047097340
58606388
15750961
568128607
35246157
3247927973
2309128982
3252375887
1662210319
2919516738
1232236352
622474711
68698703
193259173
1126436232
104626843
25129904
115428320
2499362502
1282934478
33914151
2343711853
149222335
3245282253
255522818
604870487
409891499
2441693882
2966981850
2820391733
1976102227
1968649244
48581688
1282700036
191802495
1319635016
168967944
1214586686
3298624385
717459933
2180475391
1694919956
3119091784
2489433258
2772752994
18730662
2267648557
43358898
62562112
2343015277
2870883321
190235384
2148926292
115065053
569264211
276595994
2962091650
3137599424
268973140
3318182326
42362389
180466121
3028400688
2202224976
2330794627
85060556
336996257
138531108
207950470
20203344
423648919
17514290
1525745971
3313894966
3288777855
2752029533
983422316
6240382
930789798
2381846016
234513359
276710110
1535030036
15802588
295186069
252735243
468406372
543768298
2615767950
2981549492
2804654859
451645789
43194121
30628871
393824512
2346820231
29695963
580213332
2148257523
19264069
432669270
2736169953
279157484
2771611900
197993587
21899941
2292805991
3301007589
21481032
2350632398
94624885
2986867252
2297609353
3198453457
847559090
301221459
220439934
184677397
1441490497
1086467190
636672381
17628537
709777324
461155173
3075541442
3046425279
2662086889
2967084185
2408226319
2726912703
3163572462
592518160
550419001
48135326
3142960306
367230981
114001295
2868478946
24080423
1529906474
1310217889
67077697
31130306
2201622348
1282773211
1107733136
500725023
2482947168
3177066320
945624036
1278221215
736903874
74205026
528673761
1530263162
947887429
2401922072
14914124
3056492483
424221006
1562586108
20710660
381647842
270416881
2799686646
185152934
925438956
1499052223
20846579
1562675928
2276570082
185632981
426401490
2154324659
92600885
1974611382
308882855
1733576311
1564489038
1287643267
1284874944
1286004709
1287570488
1284916831
2381879642
153061546
98785051
2757691230
2891347605
189632154
1472046060
21547488
117128893
2830986954
482578400
1562659645
1562669287
16536743
458343276
93077846
71586085
470390566
1611344112
361485695
3007676648
454426286
749278034
178213300
2748130468
159138098
211815691
14100028
48060854
3176100168
1443497190
236960387
74801895
3177517639
