1330155708
1191278580
2568992936
246939630
907186650
1180020535
2201782562
23246458
158165652
926457948
105914164
1414346322
1426556600
22954321
3103989758
724445833
299983531
213735436
134947847
863216444
976356878
1829870216
34081785
831846590
14939094
18660631
1132925100
18165865
34299038
1107699060
1281453102
1538995524
215453755
17197159
136655165
75822831
1104383682
1210098278
72750421
1417508286
1120575656
17310523
1129413397
41373006
1494210600
3167161323
245689692
339736269
1418323224
26639812
22083654
2191568058
2946368513
915762936
2210938932
17292556
1158773005
2980276503
18549385
1138593368
2178365916
1131831955
2742763844
1275149060
405249707
338298739
2379078162
1877305142
1167860810
733064412
2174593639
163329441
14337131
1548252848
1268353729
197404857
587536673
1023463759
503794853
196067935
22165311
138853940
2150146458
46692966
1025617501
222319683
2409501757
29342199
909434454
1152928454
27978179
526773948
2458283396
1378223838
145487145
14180360
1201439408
2657065715
3180697014
9893742
372627035
735806382
360321466
250212097
105195590
1263212856
1116801570
1472345887
2513438476
1646110706
21059647
1696442881
273501169
222532228
417916672
896218406
2186206505
2932429173
2222666510
408855841
1311408793
3078505711
21238575
21811025
53543141
1289848416
1611519468
282320652
17659636
249938201
2264363900
617619927
156588647
1906365968
1965191694
204584481
1046114347
153876973
1138631786
705564782
54328059
2165900536
630364256
2881785430
2247466819
79187514
403069904
19007782
16351985
17235735
315413807
2579201827
2509208545
29574846
2980186012
3236589895
537190386
306743476
715173504
1099977356
73811280
381666934
147696785
242414823
319049629
2443199622
845669107
2690987964
2885150428
1232009113
803672700
308698101
1876171898
312288798
1135773060
978982226
2158855397
1327987770
312108472
225516033
2547790158
32047533
172612269
201870454
233302618
1638517201
130794511
2365332748
2704665782
2758596024
2863811408
1491595206
2746229537
486001691
820596079
754243238
204161510
26682251
149283816
1939212224
182954828
604010080
261749735
794492185
101395252
940368062
1634077976
466910067
15736424
1075460258
43583486
25291723
2685199019
39790265
67514751
2992624003
62815642
732980827
2944557101
3302942387
61015562
121656624
2850722943
129235890
2167674121
2984727962
20607709
1049681827
2625174307
182265955
1432029667
26900055
3003765995
517039011
3106208237
885733974
50836292
1947303967
368545981
2863774500
393190233
474202929
2612497135
154523730
2288526260
38589890
2207780696
49721208
2216151008
593735572
1358290958
2557331785
2289803264
120181792
2966188357
3027306700
456775778
2307021294
32765764
1852114382
16992416
38226099
874942982
1370971824
2716100047
2172274432
19365750
631437340
1618641848
478383774
2746979823
192959969
21965432
1017637447
1023051186
22720365
465158270
345146685
2184368298
1696925604
2223706778
587017604
2829899700
2252983828
2252398055
2304512363
2358133675
2335725002
196229648
2350756641
18558809
2947512369
718319754
932558718
68207839
1853261750
540405511
21426342
348551536
2169498667
331467423
2731120870
1030757887
385519773
260936816
251668274
1888089174
2709681242
2567523902
938674796
159447476
2466494540
2693843706
381928602
2722429967
167862232
63996778
1697561382
1898903978
2479977919
162114552
1694683982
386331159
3008853577
905898240
90888044
21794030
2364616098
1537603994
525954207
2203999755
1547813166
937704163
196292489
212369811
2564440225
2311466989
220417081
3078658128
2996533537
3070103570
36673331
200105962
120818659
174866706
1382696899
3069361299
2160070393
2887851497
1302483643
628638850
1242171468
91493488
26278305
1833228726
791964055
961634492
1169040325
2937955691
1693894483
1145998106
3158396605
2508050305
2772021782
1170072614
2689817233
2865078826
2516595448
247046165
1190825605
49462016
1658154254
422277246
545675702
2412564816
373331421
2559168126
22577886
747552781
20702013
337117790
2437183249
2826036250
36048950
709744826
930346952
266480790
28534205
502743360
2919907586
199820130
2530367546
430161288
931248187
1594875145
2955182857
369029151
21506670
17907878
2609762756
16606038
158286198
45638072
1255179128
17793105
478157435
441940470
40980913
441405741
240087035
2192695398
33811812
2792034505
1931562048
477174486
16989970
24894416
3003795434
27835263
539699081
3005180361
629359957
1075036850
19776650
83871133
611701726
60252677
10222612
2760789090
52141764
3071374229
541904508
1713036884
23521607
69411258
2731072181
2798593334
1173230546
1280809656
232326339
2991817044
1707646838
83443717
1650939342
8909302
60436043
3087525413
33388655
3232678552
826046582
301425474
808047409
496199344
2301922842
84371179
3199195201
3186924167
1906272902
1395265676
274134361
1137609062
2192326945
397666788
1208762725
878719854
889506740
1072596854
437182147
1013442566
1167921061
514098973
1872867204
228549362
2922910703
1037823200
388543577
898868323
136395858
1573806572
725009083
2492764911
790168609
3302869955
19315835
2994024402
67898230
215367568
99580679
206299865
148908323
17131180
3139497463
2318014982
336532267
2832365528
619393302
1263149196
15988705
1328186540
3001485537
2892765827
2701740860
2967156345
2966563907
2892462880
2683492969
40679921
529548712
3171258439
216195586
253441096
205853979
1942234530
560486889
49638895
14533827
188004228
16585101
488887567
2853443310
17830132
2923233890
175521110
2344218308
70125620
2758422311
228791219
1870222346
765213068
2329887572
3165502039
2591708060
1332568579
2854752538
3226368062
531897219
737294036
3062055361
812542670
2405119118
104850722
285176380
2363325966
576311581
527069112
371064566
3096818329
11380912
1638952657
3214619445
57057629
1253332190
1188039708
3222789809
2551861574
1961640349
243241423
2663706607
3324539931
339757406
2851017702
80181270
96872181
710785040
959405664
2893277578
3231110123
884893716
829157137
453613350
3248845024
2936456665
2904202875
2772675690
789569244
2733317145
2575724036
3176897693
1425523170
419930249
423168084
260011898
542112461
570259470
338896699
2497564429
2931137843
2400802064
48141381
1597398924
2272203114
452951939
423530697
19799489
274172634
3004439539
2471135371
14203214
2373008095
1125919046
2509417839
510120656
334389274
27928777
34144959
3103256345
3303393735
537052093
926383879
471279858
2802522952
355803861
40753992
2719377370
260639475
1804829239
117234024
3010241109
1697294472
507604962
2337348542
2346790179
578079826
589254366
3037453339
21630064
1567757154
1567759796
3308992078
18486484
736821540
28578720
853728662
82675902
274459696
1350140299
1485271602
2882875941
830333216
36741547
1933829408
411845790
218794464
1303434889
282271953
2732519856
1395702464
41791994
1357530816
22726592
1105525076
1078324094
44417425
240906626
16438132
1103730762
318919102
47789535
1640413292
33551417
1599700260
1184347704
3081438934
594221885
2553275328
2273797556
2850766605
1012014734
39363592
430968485
226841523
2530558142
2336930774
2373209178
1367267953
199079991
971047465
761591065
277868767
3301340710
3251663735
3249463450
3105085465
1933777994
24814522
60113766
3257452687
973060375
3191211836
300254302
339246375
548765603
2516177028
2183338898
77956447
1065917114
1904485652
1486042717
1467207810
36394732
16637437
165082737
514919679
3145477872
2240043422
362650462
368793771
2308720454
166990045
3234206654
48961660
3099074796
3253558035
2165642942
2296489322
2821840325
565453455
2955551567
3035730671
1567804519
2261405917
3170243284
1895962765
2771588954
46276566
2161921958
2555775528
357571162
1862270754
3331905027
2198275352
3196630410
528738181
1922263856
1251681295
1170721818
1281767028
2478593209
169949875
1722307472
557175261
331048727
2455329806
129940576
217258486
124919479
629411365
631606268
21812268
2586662894
1083814351
904863313
2674098205
25580745
3029257097
39140979
150398575
66240525
2565400531
1952940920
402731217
444386403
2323783152
30131354
1661481450
2678233152
2937629505
1601473026
2819619718
717243036
455864034
2365305244
2826930276
40000662
3022211641
1589267491
934824404
3110899521
234419508
2848639361
3041117789
418463502
1567786130
3222853035
384042768
1222603627
2612954227
3029094087
1181456156
2335675484
360224851
1275629976
1122139278
23147124
2566277820
57995852
30447138
1154877709
2369692350
1092986840
557374614
3327642982
2960174119
2727834742
2528860032
2845370273
2233897784
237459440
226987914
27319911
16221083
713412728
635567415
45254307
412683445
1465534524
25178951
3108308903
17879454
1026504504
2317865342
388344870
943638643
19952601
739727142
632873556
1486083092
1620735660
122067339
111960543
2428090276
803921318
2540799426
1837417136
36471617
249728730
2806606484
3295969030
485923228
183706706
24080043
138643869
293849712
1035798475
2499877435
330777053
34822048
2998693358
1567870669
3027203210
255693250
2975429398
1957640054
1051183267
2441185613
1939428181
209748270
23830016
94531362
2201784097
2270820314
1883125574
1533617113
173545946
380506359
2943551813
299923261
80452645
1671936266
12704962
72710947
77550503
1064452536
2946893333
2227448309
247555424
410061581
3158995731
1627699074
3293630295
2812369938
1461436682
1877492857
3293648951
