1089093714
2996045446
2322542945
2258245386
893834335
2734029568
2764657205
852942080
2394945541
1699291927
2429333166
566735078
1293549270
2271575798
254542114
2308982160
1671488191
305689020
2973513369
2994263853
3127354666
2318861782
2241534030
973070688
246278700
1115662262
870599816
2772978789
1586434880
2350466356
2766575450
1280219876
1431111283
2180982127
176920193
2834147400
468844807
449203390
2975134889
3049529122
734767358
1449797588
1001977328
2318034801
972981780
2536374032
1594090332
460850690
224281063
718520335
217946744
1129116636
2300741720
1428602756
1522828490
1216331546
2673044622
1269536708
259277696
1430510514
703022682
1142586900
2443646902
2899063427
1955251399
2864387377
2922414371
2793148829
1080696080
3121889620
2602023631
2210306410
2694672143
242386547
2551357165
102516933
1945035792
2568125294
287345791
3048632366
952395218
931906056
2470158691
2881786553
846212514
2821963056
314784553
2476301965
2203502450
2962806389
2736833110
2262250366
1726199707
2149869181
293131656
555880198
2908537445
2574115415
2416271167
2391490285
551980967
3064961892
1023396876
717389342
2729585606
2511669115
904502780
971228028
1431128743
1737739322
2949432106
2392084222
556266361
2750976088
2322941106
316087401
230914219
1703148096
2764397105
1733483804
2378840623
1855361910
2896635779
2549806891
2880208580
1535456407
705170413
2455308846
283058167
2471653278
1965337093
1689417722
2500312430
1614873055
782807484
462700220
2505994406
2664143403
2431153506
335036116
2413327692
1377927872
143976475
2953092711
1447558790
2493604722
532660794
416303036
2727250853
2545185587
1624177652
416742275
3008626050
1141019108
1609030460
707944304
722631343
906888367
2642656868
2869346554
2869290675
1488596275
200724868
2799162682
590296862
417360226
2507912042
482273123
1016036971
2373192584
2203270046
2987597634
519319215
603502213
2297051916
2480070085
2967497590
156890894
1681565179
2913893338
2581759424
908640794
3042722367
1320753738
410936505
310621463
866880145
217258165
2721664047
3075726890
94489862
602367923
1093867520
2756439580
2987524223
149642117
397632619
1653501037
2727553033
1628471346
2518755247
1115679307
2174435601
2961008316
1051966658
558996163
1322886870
2315791352
2300696113
1528066927
2980586891
287390294
2770057031
2463709189
809088121
2415457948
2756508934
1387929828
1591739089
2951647432
1650103722
3054144994
1385041598
1247643727
1312257366
2987699771
2533764198
2229239126
402304776
2911771030
2500501515
2973970924
2513812421
1265226450
180010110
544561308
3008069795
2630163741
432688495
987163309
3021621661
2882288366
998958259
2160134076
1029305407
360230890
340014159
1649210076
337839306
2165502773
346815841
1337293592
367411001
2171367405
2861396769
1835515969
2179317158
565814110
1066922858
2752164683
2506255730
2319568602
2636174337
1877236730
2185205478
2374476480
213471348
3050038413
453632899
2714552694
2975373916
2182799045
2204925437
2291453244
813306049
2727426671
1705307252
2942690997
1028375179
2653476967
3064272549
2542142041
631528237
2338104774
316054117
47546764
3064302364
1579207309
569229053
391492326
2674940898
1301456292
928744693
2166203359
1928024857
2310247583
2602180207
2203951161
586812141
768275484
844438045
1586977760
365285606
905823420
1737914498
2562492942
586237239
1612989338
232284399
574090410
1296529260
431657443
2266423460
2588024222
1550834216
2851156818
498932472
2360810925
2542006511
220655788
930261775
380951652
1611042158
2466779659
2279297345
1292222221
1322541360
2257003543
1963470816
3014312741
1111960730
1068580753
631501663
519107566
2209523291
1020425136
1363089698
1325156144
1639091665
2744465680
1058700318
1340730445
818120209
1614307928
2272480548
307390982
1190325871
2328972025
414369389
1068459764
1126235990
2779961029
2580452355
2893921780
3050424330
500904620
612871286
917031854
1103937151
2241514525
939154254
1474700052
570162484
1591761098
2807880606
2979818103
332966490
1915411970
1733402311
56814604
2592023226
2970396255
2737416437
966513655
2577072637
950220781
2973475373
1416513302
1634003744
2843601219
387434359
312175583
2910302575
298885332
2204274193
2525037807
2352705608
267952129
1250327648
2719788040
346335405
3108016497
2462096544
2513932116
2322657349
614485437
2954012009
2876866372
271070738
2831559887
3038277676
2391574081
1487600095
2857276149
396940576
477196737
2375916697
2287099574
453602694
2955959638
2461010908
2236925285
3120090729
397691404
2429691902
1095862416
351212433
3038677127
3044852281
2289865708
466815358
286809702
2387938862
130265952
2284127740
2516517612
2722260486
2865472716
1442285376
308780134
286204763
1669182552
927384355
1538205224
2327945966
2982489293
500107025
776804612
2510964117
2511526021
234454722
795014636
2747903395
2866283160
2792590336
2920266904
2974862505
2476693998
294165989
2391247897
1164103424
1446561265
849814080
2842697620
865583648
1585042027
1695137910
822220586
2217513493
118825326
1686130765
2869895495
2392862153
2192685223
2911880618
2867964391
103068293
2876589101
2957277322
463215660
2808123247
623212965
449199615
282631802
2431444775
435341525
623278226
150824987
721198401
319835428
413533019
1636492363
528406583
2554620458
1053239395
3092925934
1267895059
211607406
2652286851
2421476155
1102293428
2457100490
2194963400
1883565180
2380528563
2840571276
2841097887
2462267003
2589596791
356741688
1357451654
3104163027
2995981684
427618250
2409669724
2764455340
1652031120
2723590937
440728795
2939098985
2647460335
2743339121
2687064713
2448389735
2519935780
772610010
450302671
2653634046
853016702
510298485
723821834
2655553723
1601916043
1608848498
2719687651
3076009367
2921605607
1978499288
2885377314
1198260486
631397751
2396924270
1860551030
310952891
1946794297
2937407849
2282032927
2797420658
2718440062
2734848522
2805855225
2535604674
2932258991
1457733944
1538806836
851967972
797360671
2338192287
2265315976
2743983951
2277093573
2970220295
541661543
1075386170
1390386800
1466461532
2974948289
1353028184
433372336
2711038856
633084647
2372690277
1719318104
2310616717
1528812344
2273361572
1335548089
1370253877
710048361
855093787
2264925260
2733173125
1053448837
3071018405
2925676076
2911593874
2321395596
2993291758
2927301875
1969824944
247800437
288516067
2678294718
2799145234
954376861
166380062
327760305
1349798936
853557786
293015947
2904329879
1131612888
343025320
3075956399
2154940643
319341097
1330586762
2793163527
928451563
2720185439
2591913282
1292828774
3010860923
1418282408
1037468760
342355249
389136306
928170128
2926132989
3123023333
259995007
1403595121
109281797
852081434
526608963
406304375
593198584
437652087
2223138547
2481180926
2641769073
3125802029
796288574
432754196
2447218296
2232287606
3022657253
1917735068
2213263350
2808021445
336702782
2600402743
2975537320
2740355221
269584053
3064584388
729430502
99146079
1235769300
1855452434
3051979369
1459821222
705693523
1942338012
1236044785
2347408837
207137222
3048141859
2372470303
3010643327
1011766652
2973363993
2476690713
1970242838
2531159412
1665756500
1421743922
3104945163
3097778405
1673762598
1308764352
2844908041
809687816
2429338813
2612193811
1035595056
2800089934
2532304235
2409448104
827108244
447405756
2724548731
2631432559
606676989
248314948
490582731
553704210
266039850
362198447
2350790303
1065973412
619354046
1544291815
1620889399
2834529592
2789106328
1188317834
2186842471
585086243
608815232
2165524937
1768235989
3115508595
223230714
1263031628
2398858728
2301829040
2910418051
2559238054
2570782686
2781258865
2216124727
2688044240
456205384
2781013464
342268441
1614268723
1514161008
1569519288
584271605
449881852
1377794652
368110137
1186500463
1711271875
312825505
2864847201
1307256727
1624386890
801251462
2432586036
318788335
2952362728
2205685063
1597153058
1531962416
487153817
2973831321
418024286
2877298749
2320197709
1604139217
2797601295
1354774292
2980023669
2597296996
538400420
1623319610
604129764
3006861760
2761675252
2935910085
2294454674
2722712654
1658378936
2480132328
2408587493
1729764516
1271010330
2782376521
1852302050
1424063203
2721910499
858874682
3115881307
485959346
333437934
2506751109
304509768
2510933978
715451060
2502780468
420571838
1934760390
2602267016
2735920113
3125006152
2692398453
1431446340
793381412
2836403890
2676642141
1911290803
2214346633
3090618762
2317805155
1135201856
178890012
1654617414
165993413
2591307238
162607491
2568219350
559721436
1554191126
467039656
1655994734
2178615571
2922523690
2877028047
2955551896
1028223876
2778056225
1314775945
1165571029
604938531
1017850476
2731679133
1864396375
2730264109
2813746722
987621446
1216458139
158514554
2424435560
3029020402
473523138
3022036899
2426031781
2868015995
484246082
1961146562
2565762420
464146987
2165762061
214963019
273168531
1177631610
1949181733
2625870135
623168997
2255821038
2885785119
2361781923
2489753072
2822691790
2482988846
2701552368
2241299995
2867715484
1909484990
2725249907
2547305761
1223030472
2586354290
1254604921
1764286338
2717315059
332744414
982156412
610803098
831821287
973027303
619524209
1455504926
385045138
2627358332
1000059673
351206556
3040795088
2964553948
2924341785
715153469
3016771225
2830061804
3082616712
2963434103
2484499657
722595787
3048429165
2350383986
3096775905
2942221445
2690599165
1228112012
1618258002
229740351
622393065
482998675
2366305303
327654238
2475064065
1042173722
2786991423
3126950087
58242440
1618836686
1450327237
2739481384
2694917314
526956294
2786616788
2542035932
1705551888
2865101273
64778850
1876810764
1093627160
614537681
107432899
2824079068
3100090869
2921477302
2209520706
2326717875
2708034925
760489968
252186348
833707224
347991313
2781861245
1511896350
2984401024
2548612646
1607073536
1953424130
2323095246
2766015533
365815621
1636787900
175871670
2440287092
2595762452
2728192532
2731978725
1141063062
1397413464
2175886539
396202511
2335855122
2265435550
810724934
455078009
1693991917
2855939740
1549278037
928335692
3025886193
585182631
319342769
1615229982
1524998346
1517969010
341300664
2951553203
475279913
2258671366
3050606412
993705613
2381240838
2923520177
2928014589
1945216610
2605660614
3004104833
2704613357
3098133552
2801834053
1136874715
3034549407
2779381899
2327541900
2432492296
492784870
865019090
2199054618
1729338493
444127405
2982757336
2246283951
1599255211
730552147
439967424
724714238
3043911298
248435183
935458033
1140699884
2911952896
620193969
485820893
3041156019
2825594913
596112129
2950825251
3035087483
800015941
2373607365
1587464137
1535618058
1118259204
2208101036
2835058716
179530666
2301844321
2993298682
1265220690
2449989635
2548442672
2718368170
2405430285
748288987
330603389
1352474312
798780188
210536940
2638127909
2438301694
1085598486
82692817
405212860
1260965982
1029890737
1551959473
2864977725
3126776152
628832024
26413221
596026822
1594114040
2829564941
2314234952
2345733583
2336169202
891472400
299248355
2283526718
711564751
2543370928
1877405275
1876317787
311249624
1319340535
1561779690
179771036
3064794651
1402713926
129337431
1031130336
1904906126
2726069310
2597349078
3026270048
3123434555
2778818203
630598356
52869295
1864110895
921481124
370307951
851474808
626052783
2715948227
2828791551
1405481593
2968129377
1433177737
2799722378
405070662
880471633
371423843
2783947538
2787139643
2757472563
441290681
372477467
2933109100
488827873
2278406401
234546933
2230767018
2744329642
2177056697
2734271045
393710380
1063340275
1472215447
2744078643
499291797
913490454
3077978200
2564237766
355223080
1973169421
2229432983
631849955
300308583
2245178536
3057942575
2415681653
2959419844
2571421795
354088832
1131122684
1914759158
2184809143
2453892162
2469796128
1169601714
2946757993
2807693821
1735426435
535818685
68188671
2792849249
2468142120
2494722695
2279300521
2699281430
295222048
3033463974
2846118394
1238362178
1654185606
2340148947
360077962
461449947
3079414415
964853330
1123358880
750116408
1468583137
2795124727
240075918
3008587392
2755990744
167227465
883194505
3109163264
540224438
67789382
2673464049
1585962246
966765073
1143056460
2932883230
826136492
531787572
2780821527
1033239811
1585802221
1183672430
621127990
584879339
2491746338
1009385785
950938489
2763175083
586212919
361956534
909087031
2916225814
873920336
434345568
579108777
2737662929
120948067
2158265095
2610692556
2923156893
2232018120
2631568135
1220282748
842727924
2508615920
3007051996
2565642822
2726549571
627743083
2489969714
2720197895
2748626285
1109707842
841513610
1689252332
2924376683
1710442298
1632613356
537124775
2988006287
2405985895
627976574
744101912
926606036
291374593
2798893545
2937632187
2680684384
1689807259
1568473314
2458736149
2902338273
2258126704
2361268678
1032456332
2951925119
941068836
2784262962
983224844
2181124032
423123108
595444181
2903898159
2315773799
305650514
307510635
2594325631
2586201582
1546468788
1855627202
3026107749
2184810393
2986230223
2165096609
809332729
1005339804
2348912390
2582222820
1555751191
2338677282
2722530721
250259066
236136609
870407190
2723148791
474791200
523059597
2736563225
1066288646
1007117196
2796999196
1965072757
2299593515
864103578
174736316
1528995757
898276560
1739643913
2375962969
2785829572
245105192
809698639
511155124
954911820
1849886635
486083241
1423674739
1433872086
527738414
1687035102
1952180408
1679183294
2427705521
219388299
184596732
3125415945
2957815250
3059302881
1715519474
495984480
2277363358
3003825317
411678964
2962593387
1858898292
382979786
798836672
2459650631
1558231304
2878811622
3069010575
3051277352
807950288
1624301545
326386758
2696687635
2876170064
2760322563
1353136154
1656254552
2541797485
2380815589
572982242
1236004904
2730002021
3087742385
2938419559
1147495910
428491810
2228073379
2609167042
714908761
772704578
2162483458
2724734590
716292488
434235439
3125029473
2964621429
2419001313
803270203
2173216807
2768404523
2464059253
344971176
2945708668
2610101864
1496405460
1872153745
324205457
2228683759
2743812830
922030987
2984588229
2378888442
2965603625
2932996211
751683884
1107385447
2854622850
902946590
2185004069
279904668
107421428
1258110050
1013005886
1514408322
770379553
1235747899
1223064223
369096842
2800005944
2244227219
2942360147
937166480
1080916903
823197816
348044121
498362596
711585512
2478788726
1284532856
1235253859
3068851205
2742378945
2302345072
2975379459
356431705
480044866
3006074248
1864490616
1626125677
3105348004
633875343
323877925
2325935906
751714868
519709562
443027830
1568661343
2939335649
770357096
2713186867
1918226077
500217668
3039967077
1601782513
735618433
1586718955
2964973810
2332926600
416346174
2498585153
2296432279
338426903
311014150
716458651
262464862
1190312802
259001423
71058957
2898410651
864655519
1221609366
2675280972
1643575818
2954052280
3063281943
2313211348
2586397020
1066829792
2736744124
2405063143
780660301
1457992038
2547041290
130955158
3044657164
2220102212
561182380
2733833716
2958441744
2657772097
3105749482
2857876797
341961662
318715210
128881700
1906339957
922224480
3116144081
3119747789
1515119749
455039689
1345766076
487133557
2199589089
2661581713
1026467354
362737842
1426344738
2279328858
389690962
1944226290
270103033
596834115
565730938
1935587160
3087284411
1630823244
1456475347
180593745
3095141465
2282644393
790634587
312166132
2217815347
705225976
2926266943
2418031782
3096778933
2168826199
567455692
3001188944
215723659
1972349604
2566162494
2233485616
1975698618
1526171084
2204948642
958421946
724605235
215747128
325051483
2501921580
381735538
1514627990
540823151
2182241713
2480244083
1705162813
418207807
523906166
2779648366
1925080106
1596758220
217814120
908456418
378320568
1586075258
1414305715
1704882240
1001903088
3083226613
2260542247
3111986100
3020174053
3243490425
449185891
102246831
1638491786
3027731828
3134603488
1383109230
1680398028
1081398510
497263031
873588217
917939238
2735136137
498801607
452251231
1114428012
2195214720
586864299
2806648161
299277614
2159771185
500873360
251459390
2237054732
2953251580
467787533
2887363133
236579963
1691763620
2730732297
2957222536
2343342915
239412955
586703124
1152205105
402198888
2188715614
2721219849
440954476
889653960
842460074
2343704784
2315271288
160792890
1668256808
3118982770
372597487
2230732669
2288783096
2149807189
1727148446
2615257023
1032052567
1367013000
622706640
850258682
2827795936
1272768727
322053497
2466164290
1539135085
