47554499
19038210
25346069
805847202
53503202
199875709
19044299
901537399
134249298
19308529
319971600
16502238
97792916
49289506
462427721
291336460
478407982
25896141
63747308
189806241
3100973782
280082481
24408575
799531411
20545422
146644080
149543566
21043723
61149653
206713709
87492014
2954803559
76058560
160273215
20834303
133793696
600444379
16146535
892037664
30741989
41984111
26015031
67638477
133546344
22796565
49960203
123411969
18082945
460577661
1439700691
709625947
350389927
235395935
593711620
73938917
126223865
377540405
1013889636
110363115
17580892
100920952
388310964
450101575
1548714900
420501578
1587648133
267884847
31480713
634170042
792926154
34341362
1714431205
28862856
514793921
838876423
487770873
1016588101
22831232
1186457310
34234990
736026823
9367082
626391901
855298136
754135908
49021031
98976956
2421067430
49800332
37209193
417571583
16672561
1287128935
218701194
43013901
239025975
1108282994
1152342199
22532954
499972836
24441055
2743731783
17686959
822576654
117983479
19088288
261035490
328260787
764622636
32260931
1634552636
4390331
117254605
2996772688
2846711961
18772094
188773079
27446191
177974542
848518471
2901817365
617854798
2369233345
376472551
109854452
41186732
633525067
22360655
53309297
172867574
133743369
146297323
17372783
20565828
1282197158
117896091
607637156
634952572
2999876575
1152406627
27234909
857205728
85460092
32680990
312248392
73998366
48719150
815871284
293753817
424657192
2866639611
40057924
716823321
1853199474
1956139957
1086638664
51330975
244104169
220595687
2258357868
1895983010
495602226
2822802185
247043886
272642804
1634110867
240890205
2646690067
1920598429
2985898489
624018877
1130275662
111742191
174102086
455394628
1852633830
450863429
2198820559
1541989867
3219848542
2519552569
2491817137
58525387
1252882802
259420367
512417432
78204783
366602176
837813552
28578888
2548427874
2565386987
211215801
469908168
378844127
21519788
1888217911
1621195915
65947064
2377421917
620283948
1210022401
2181626861
329159493
2190334998
390696780
727816286
835786237
1475143686
492507438
361339501
1477779715
185814562
2286862575
47416919
41902875
2540442901
1957948550
1411284846
294918280
215026562
21773704
171973084
2993719803
16020526
181450119
2353974979
19134557
2391870344
2359028480
3064261950
1410601014
50398239
293001386
3219826746
68185760
331247872
282311572
24292794
195610523
90280824
1253275021
134971995
250926368
49725600
2804833183
1390847160
1325400319
284139213
495454106
242438723
628806217
2177428656
423985664
465145766
17093239
28779853
731019727
192477353
1660911480
85881268
17367006
2381114150
596011347
30155403
246082925
2396615286
423931126
799068469
2369193094
2358873649
769702230
355028519
406295914
2195006237
519610901
266326338
15220853
917860104
76848978
1060975332
410135192
1447874994
932800111
1516602132
279598938
412751259
31516646
57426532
35336511
350545629
16672644
269170900
32181402
211565054
51522136
2796729572
169670184
2311063720
2471421697
41925308
22633156
1604464490
306055499
22969087
14398647
928183320
1094114329
274593553
430057402
1592246006
715052108
2349010292
2400901568
45446985
2609480353
45673524
23303643
1921473512
59955239
115663436
3040963421
47421452
913112498
47491845
501750780
14922943
2761592377
149942264
17258301
64147321
134268800
2589771511
354970356
125122538
17264634
207141071
2800648561
1040447646
260724365
2290263476
298997025
324489515
351143365
59849033
365184866
27178022
722722069
38218247
41831995
2523313824
93912662
2433194094
499800496
18008403
3029326756
3161861207
2785095528
345399113
2608043178
216385540
2229483438
410972730
1531796665
343676150
2334282788
2918979014
253344989
367750490
37048835
2891605635
67364035
1220065236
2233635295
18398047
405561109
61279303
2218531554
20017933
183901925
762435337
1452428454
17719592
628818151
2551313612
34093672
16439096
1263236965
269992592
29753067
1566650000
55107768
253257813
1970398459
1924985228
178595022
2205709675
388479343
372579816
1441509901
195030017
110459289
26070572
25435411
366374544
71907621
601890937
792651643
1164224114
2163248447
902988020
2347719997
196182278
315495725
20634939
2608956567
15294551
1217028908
16493714
1363580378
22421834
1720345368
1969699820
1080941352
2880364274
177719112
767036004
1683533647
2888303193
14589287
2310314074
2969992499
2592419502
2352090426
113182207
2735569132
1639186040
3230930205
346656479
2216532829
955906094
2481146024
2793276151
760436942
1969390832
2254884070
239510568
511167564
22192635
210944813
2363804264
13133312
2749016354
199924232
886026313
355470606
2466371303
294459097
496557454
2906076919
1219480375
17479538
1171213596
286348171
17156932
19129405
8150742
504792607
1184544560
119775366
507877806
1722564374
2946745916
39364813
2303923430
920161381
2730550162
369844120
44828614
16226417
15090223
1278587388
253340432
381732787
324405977
116960062
558251172
365474528
705299120
31637577
33097125
2949176343
149751818
523841218
1389824197
2351157576
188317155
79583588
933788114
1112486646
751976443
2275531998
760337274
21147939
913625168
2376270886
71439987
16829397
444283883
394188905
20964739
484399952
22846618
82154548
588910218
274253919
161840982
1684930806
950425081
2768922304
2193756544
326892463
415196079
3296001394
16892169
442593662
1408622646
2329328857
11715042
2863800816
2331498373
23676863
3103213542
1397421727
2788434185
880929493
242874600
1599428166
98763982
21008418
446727989
1246900826
16025963
30606087
820187383
810145062
2233463637
1287300193
32921077
313037820
331317907
118850495
1049560369
1215185892
1209017300
213518581
1934992172
21048844
139155464
89468986
177210160
115094250
72454254
615183767
1458417840
211035819
1912521912
2893128681
284383568
1318582820
2266197685
124898913
1317717439
308142557
522610796
100005598
1159047036
1056832406
16474992
837561853
51203205
196802928
626045472
469696938
2900405206
293227742
1010242938
751778144
274422511
410056274
1290162984
372536288
2383802631
604726301
2895978157
2931429190
575925999
2180223120
2176216441
319777415
1735969045
3241468546
25725812
1494027864
1934770050
2163939085
462351266
931310701
403932208
403095802
1284956808
274645845
272986795
609350642
21539403
605757334
735103080
863261922
2893216836
96838049
17426310
40601473
93111391
145862955
116504222
1229007625
188055481
2775892105
2331209359
3247907297
31223236
2811590198
712353756
107429408
233666428
48854106
1347805152
2651777845
16082787
1969346438
12004852
1604640828
558152045
263282373
26137474
359382918
30231573
1644805254
64302962
72781706
2640582588
270068926
1357424546
765763200
484792469
457209302
27127139
2838283974
765959942
3075776587
597673831
294991606
1613003676
81714813
408194759
16280644
36945245
894437281
369831242
2288507889
2231739759
981611215
220251523
2236695299
2155242431
2528702076
1548756944
1494070861
1330404805
624827127
491964661
1963664575
814054454
2588141216
291789016
523871901
526119734
869049313
23284066
1404087277
1003130904
17346357
3062750309
907376150
810053322
132583388
34101992
221707278
2595431574
2473783645
3181476694
2899957255
983481974
17203795
2822428222
862461535
250162946
13107002
276209711
2837423108
2772761212
22781012
2722386929
404525685
31575636
241776425
474580874
18122583
75079148
891464396
119001399
3069923951
488911358
1374717445
48215218
2364021598
49098949
329106483
2815413319
572636480
1887263564
318073012
2553780078
116686335
340952746
3060563942
421616276
166001916
306775013
1378625954
1908397542
21461995
37106056
17403395
50282222
2394678200
392425423
3217694460
236506960
393427466
572024693
18302938
136815044
85729788
31417953
1650858084
413590655
3001531955
2784752753
3001576030
2415311274
2305036525
596617763
259240479
430272786
3186934534
3060075937
398885299
14551462
5571722
129281932
1482492223
861532946
283306173
2802609655
149372504
147399749
1517839669
2643555593
1934736961
422270949
166603532
3056468552
49814519
418940510
31369265
1532683722
1511150162
338046959
1463111
1383306206
11650472
3164451176
1833235987
228597356
430459707
855366470
1628829222
3189453985
2273955565
2284965018
229278838
1928543654
321120449
2663383536
453934235
2706897924
3108577915
3163148070
298280728
97273575
355872790
910854372
3215174111
75101299
1514067583
100894411
26001253
414638265
156979197
325275379
163063779
22819266
2889718624
22336578
20812098
3084965788
1901619300
3002622596
3158297652
908489023
838254506
214615758
574412638
2726862579
18022320
14755761
413593863
537441013
234306352
34466572
3231089179
257998939
19763032
1161097123
242051914
514038892
406517011
3024088539
78769005
3211720726
631983890
819998784
124059210
23732681
15984412
58819354
16051263
3133488306
3012462963
1378596126
3062931934
2475769051
1470451572
16044195
2853494706
21932745
2192887524
818805
3253144770
260088866
1968890413
108786940
18034481
282350729
453677181
818022380
101532348
2249732667
312916659
69384446
363818762
630381470
933447206
2555539338
1461069295
77481782
341285407
20618180
1284089072
2330962234
3237341261
73422045
14184603
1710050395
109404985
1433767470
83955876
2532121151
321050910
2725463241
282102992
20308223
128713577
1332100604
3228166268
517445951
28680787
1659032058
865200110
223023690
979522628
2901248279
39523664
754391520
1610021210
24369760
737395478
303440327
510844878
24387693
2533099796
268265145
104370949
180169477
144577821
1020184764
1244255280
279277725
176657667
187657428
37329551
382481131
2444984626
193156404
2735814732
2790467838
