21037189
801657973
17061263
191283006
149315713
31288110
525630064
263285930
18558809
21426342
884648612
16104643
898836895
32497478
379767285
2174030340
49098320
1164554108
2272203114
2615797262
454389074
1252826672
287434334
1359328298
45638072
356199275
191662607
945038419
93637779
230859523
541715127
40614984
159447476
464767923
35483977
885733974
208083510
55004670
2174781979
954124423
72415000
1436692442
12912542
525893350
865206576
110863694
540405511
35051304
1906666825
1372786812
28534205
1322916290
789599245
259824803
906477877
526543401
277501298
112874216
15669672
456775778
270535444
1496545255
26504239
856933050
242618658
2274644953
1634077976
101395252
33381229
1653742908
329628740
940368062
2848815176
829735580
890236020
1367531
26643566
11447982
27306121
282224096
249368015
900136014
22253744
383313838
388986101
24305174
344990680
21537009
909448512
342737639
28740137
273400168
315878798
46810713
174618314
413495031
50836292
23195603
295171830
26834837
220138198
363761111
25500434
1049681827
32475192
453205202
29048085
3024626899
1393559306
33611715
382994130
1618641848
39741214
525634151
91493488
2292074120
559623797
312848382
893856362
20435808
23713170
314243234
864313800
347627434
915137490
531893966
856490520
759581804
587782307
574942825
889024146
17760814
261749735
731690714
21587082
418867782
805241216
598925796
913138123
1301244769
400294294
2604459826
2272092822
2346652446
3005762823
36435132
62815642
24868543
1964112182
891114542
1870222346
256222687
2261405917
1850025186
2316246829
129235890
2167674121
2937602114
180111748
564824282
401675584
405963037
26447410
55066811
1013442566
26278305
2863229966
751214924
16478130
564927741
20958510
467296247
140640762
332637055
2695810070
1415594922
884304968
177584156
174046229
40443752
1358290958
83312898
111225697
18011418
19500176
751614823
570447536
972909709
497451993
18324068
561310591
131664598
21651982
2866365452
16320885
264219232
180039330
205825760
212670233
51332709
3020425427
1950891102
397218846
15300388
108532283
44542844
52141764
331983140
73195351
542962969
426565939
1692821461
469506220
793044632
27671624
43354788
25291723
24293233
526461138
25689113
2499988608
98416337
1447035235
1379288282
81438841
573692319
231843348
341008064
21522858
621400341
41902449
1471615951
621620724
246380932
45450902
1064362644
631437340
874606098
1432029667
34824846
17648725
1302283879
900187770
16992416
282670739
1525441063
1370051250
456300007
403899803
526632149
15273001
38097395
323223149
223719518
38589890
510245805
512327871
69190453
1564676498
3033154947
1014322812
342894187
703429596
532688763
88186553
2321655144
596749764
25320639
76525772
60933564
26900055
2558068521
438492337
15972765
289836894
441940470
714947334
1936536769
3033004077
270973744
20273906
198945680
1012605522
1609140835
1932204139
33320422
226675993
839915725
114572222
61015562
478889692
41351483
889566793
259489745
2914054015
24434613
2936124853
444269803
1260207822
1613181414
995212500
26487878
2477799221
831864182
2307253314
194615561
40808671
465158270
1616425044
946406934
30702463
51738464
2275164037
75411585
989905712
39917365
216195586
812079846
69681565
466910067
939024314
2822619188
40775946
175121583
283078892
1907943324
17233536
2784100399
740769140
715044396
445608258
758020214
2167351699
1109661295
371422784
1066204172
23272075
1589160426
1307480432
2854752538
2716100047
831729216
133780263
2848666053
502743360
883035882
737294036
1638535628
224334872
2364026722
497548528
478157435
585182654
525641456
712421161
489022138
472280781
2952852335
25988969
120580076
16382144
518041508
2670390968
2191416554
24737098
2760789090
43182702
769862798
162114552
196341304
2209806914
2221921292
112923483
305877707
210978450
2746041570
1511271482
2940847108
1465338450
23999320
42433492
885684950
2702235565
20702013
378029485
1928409378
2845681325
236182540
1458765055
270647290
1191097118
261354197
144570961
21939876
211068552
1242769566
616290540
812542670
1920807991
2786996610
2998676088
137380559
26714962
1561071572
177182882
2401037196
340771891
2172753872
2919933614
2839576867
23974861
550029547
1226159444
40189359
1595364620
331489082
300449386
228073841
1462419804
748477502
136432427
811726752
513704992
715539325
3008845621
1164105180
20094273
526981997
399703982
31375588
24837432
892355978
234181144
394392730
864881161
17494767
17980762
1344539976
454912111
2957862936
1679970553
27901877
546488925
230474638
885716136
77956447
1206885618
538481859
90888044
1976799128
223003520
176406752
1558529222
865636782
541328418
36673331
29531485
2709681242
939062790
777088074
2300551194
1887554594
216172986
1242107598
1258161890
1008492163
297461983
47657632
27798388
21327035
898620354
24859202
1332568579
103855686
58966831
2169470797
1656884071
228134082
554117316
531629036
934785902
2799588421
50948136
200523302
98225550
93466519
559645321
39286260
31946780
24618161
2369506560
1917803892
314287177
148291255
21091983
432788601
2996533537
628638850
2477503142
2885523061
535607356
28279013
2173016900
2972624471
1317386574
63277398
264271174
67026176
17694306
634598384
959349781
430161288
1977419539
88071033
369029151
2685199019
237488620
485310129
109331141
822663973
2827694780
410076442
2751081982
293745809
28435461
19921268
2817777769
1722647352
29609843
2352419610
802659122
2618792633
2149747512
718319754
2906724325
1735061834
932558718
2634797304
33171915
18740607
1359973026
49651439
2590325786
2327615780
452655392
2958753946
48141381
1278171943
1213293126
908715349
30644500
54153498
58658319
192538987
84953132
557342650
904089649
118448750
226723035
2255785158
524627779
2918068353
3007192720
17723632
2770354485
2934690287
1355879684
2561754672
2655358698
311347257
2292921309
262443528
2795245697
387009983
196759287
289470512
250652357
66033904
1643704652
170085737
272431268
2850722943
2450600312
191264356
45192612
120818659
1091354204
49475614
2330997878
69032114
885944552
942826278
2906263767
469086244
1516376172
2733138920
385179692
2256488685
69896457
922213946
531501670
1700583302
525893754
129594482
736175502
29284444
2459121330
2584199773
311925651
2707815410
404474615
309298818
1786566690
601076863
262990460
82681900
17588925
28487370
2556296572
347507710
2875219086
41144449
2721197463
370493787
230267094
386331159
32765764
55828151
1268902962
2518150002
360037865
325893346
27114485
448510528
1493311459
3022752176
2828638911
2526346565
846330048
1242844508
1918805598
3032364329
511210135
455724651
286922738
3042133878
191733680
2976578589
1885042742
2374254228
3028838013
746595684
2956493900
2269308450
264265349
271376020
1385892644
130574287
153266090
2907629860
1849337911
2676050774
342931335
863108198
354914590
798530833
239958055
247991761
1240187989
19492240
17274913
63996778
2387949798
222235384
608647639
26388848
30288492
950435708
20592715
264815813
926317914
1292597821
790398000
76732855
1702344373
1015788055
727132566
17561562
1566816938
1048444981
1358502698
111388892
1626795866
626293862
2458410882
1655392543
2683032895
2884450835
157054921
2830642691
1963441988
491220394
415256606
28906716
842685444
792786013
68207839
146566275
1369778664
2649478172
2899753775
259846474
36459231
26947929
46315077
19365750
20269307
583122991
41300398
2876026530
2440610366
2744227350
2152799365
26760308
2571097444
3017683512
128742068
2735601086
1177749511
2820491088
3035236380
39674993
2992624003
1536617431
2863787558
31320874
49122180
130644112
930245052
137183203
631224927
2906962900
48667954
886193449
192959969
398073907
2861439818
3015178005
408299234
614500070
1369986619
525954207
1633410900
16007872
437994028
578525346
22375830
192308563
622969430
930946476
1951788738
933480204
2689817233
449430615
245076551
2412564816
59290642
366853135
1578462980
2271884777
18927670
2772815098
27479025
946261009
549600704
16858278
2305871250
73654065
525954482
15936981
20218885
83023459
1886667756
907258501
2746979823
16490787
1933755493
2508050305
1191511122
464189079
36454635
1140926532
2551394742
39491289
803663671
2915848305
509118632
95737635
1259393028
2986237430
2364112074
2241675875
428415988
392757743
2738119976
880785217
443858973
3060099582
845997336
774719010
1350989725
2706645518
1691574456
33409429
63300391
2393477486
1219906344
158201879
1216636987
851726574
321129064
20925446
532473961
2827005524
151632715
1954611157
2656436210
1305513199
2823913560
2853443310
541658852
3013560148
464840550
88494677
926902484
63964199
27413161
508732274
1357216692
50645061
800922559
148027081
771791833
2314360662
229640679
1147437914
1734086719
2252906316
1888075375
426257553
1129661486
1462625593
27228928
46007759
28273053
1418775942
36417257
1631841212
405909513
26552390
253653624
2906382661
20084570
889980282
341073304
838235976
615444672
840862346
791987130
102121246
23037909
39060649
54251487
73490800
9084622
385443184
59141515
882784867
86726621
134959712
591951432
490946441
106395831
34019808
830232180
707652888
1181842302
19264063
899033742
20567058
18098616
73174692
1020144608
1317689665
375669510
176494998
48232999
377797120
18261890
30131327
16504112
168908163
18206391
166134301
830010780
169245808
67052442
525750541
108688171
74247792
373758798
33410754
838399572
260592059
357995220
222519463
358745999
475059186
7274082
406443172
457566485
144956157
15891547
413430793
60403583
575064729
278618766
398435091
261751772
983914922
72348170
717953316
316566075
889753225
612875602
588640557
903156355
517295675
777352568
345149891
29199144
18541783
580332073
47673765
244167280
54628695
356837905
614801913
30311356
74644440
538765846
3008665736
2324223608
2464608174
1945885447
2998974105
18466375
24885076
24727923
299122796
16569075
22643800
838761601
853246909
28319608
1576552782
2268321580
231156134
2321272902
2688880416
49431141
400416809
515600734
293158668
407191551
71918006
505214831
2372292854
2722429967
2440620382
3023462968
1853199265
41109410
2255610974
127693283
1447070082
2159779477
2214847005
477988285
1118004986
1948368672
2233286821
2784656501
2363000533
803552875
1935089888
355286099
1564097827
243038407
1653003212
531497189
2734291692
381308128
905019768
321477858
400429003
312705978
1097027300
14469996
1125919046
239244397
1107905466
424311927
599365689
180885750
2497286180
575476401
920948184
112619441
1977365496
824308788
215808662
1958881080
238741076
2746034971
1952486390
2798798158
2234582461
349027514
20113220
26470418
2959996658
67514751
78364244
498324020
1464945781
182347444
74590093
1016153754
1145724890
85072747
131675689
48130139
1226512668
247971267
1293538381
51188243
17547456
44002861
495360524
52669143
821403404
2479977919
260522885
63860918
542918338
959375792
134241474
1643303508
469551079
1335947582
373954620
229732637
2625174307
1428464731
811358304
462520459
149286219
872786449
1190898636
209833543
913517954
71266596
531838375
353730821
14464961
1404014400
16222423
333835573
430952981
580546410
17759437
342431851
2785187253
59209789
95963257
29061744
37360481
1058559158
570115053
38054768
30208983
236195607
43583486
345402650
306848694
15762637
52702957
1251623082
26419242
70125620
22667849
47012417
1076570982
26210888
19888921
1059040274
18182080
2544319896
531776421
428979873
2291945796
1942234530
923252185
115433979
89519316
340033776
54223283
18267466
776458279
63615980
15473626
562927744
475690797
1165957686
390833402
15978475
241192851
2804044016
1547043138
374547405
31435069
25143740
2502435974
126977940
228055022
2596413645
552059150
828120944
1723887391
2869860183
67350721
2865664820
20416773
860200224
289035534
335043068
2799276557
34822048
956688378
532547274
2343569504
236569967
2771588954
1126313186
423799125
1855467733
17205449
872954089
1031414395
1052096910
257105141
620255356
734822588
19240098
125975139
2165642942
33890842
861896869
248379643
134838620
2179916998
332317424
42531027
29458052
44257343
33815054
1679672113
72145801
22674471
42656372
120306239
2308959078
2882972224
821723766
710202376
45439376
131944653
634686904
2289920960
2849872934
2885985034
74827421
2241671448
2198275352
318721919
541086423
21785996
34986245
859869386
1176029954
36979782
889453944
2903064759
959405664
1345401492
532542705
274584425
1488864481
1251973729
2185523918
2892147681
2280915056
17896573
2521350702
23346365
83019577
40058836
34701889
2155220057
592481911
787887222
42725260
33467574
822450943
338609055
928092260
367905405
444386403
721225400
255333689
2955949655
714658207
377644304
15696011
1349911075
27665506
24764160
22871894
30989204
274172634
823454042
27364778
345019341
378054350
2923315967
411643866
618172850
86621558
47652268
569546005
2691420463
245476444
1653887586
1261405470
21542704
87603897
97819461
19010788
3010748630
3021024623
1923895026
41584867
310593238
2745003547
2435296872
2699417312
2907479754
31694460
258143430
2319882186
66227698
2382749012
343958576
2645260633
2147794769
850132044
23808467
1692065287
529604764
2892360850
2851411532
531506617
42276979
104850722
20365254
146181311
75592503
94840180
56403373
25735851
17099193
550952740
568678633
25386925
21725017
24739879
230137328
369267183
21827845
156660120
49439070
2640871382
386541602
807472957
422891848
16611239
635695613
39147494
466099598
889414560
192099347
260505307
2651806602
33155165
2159596618
1345758930
2626301616
1052554452
306882624
22025247
103999662
2290743985
1355929668
2475664423
307011013
606937747
1375684140
2825224526
18175578
1732121486
876506509
188175619
18774342
1447197757
2904043490
66240525
472535416
73155705
16585101
222338898
513860518
105604742
58857890
731128693
185431970
28802658
362678762
2708306761
412776430
195070336
418064015
2931608331
182505017
924584022
2952313758
2504665885
601423427
844883276
247432690
182609877
2400802064
2840054685
19543692
21866516
2892166218
1904454054
586083217
2302327181
572071966
25890358
361918202
534634021
18222202
1187675324
2924199337
60968019
45284956
761380526
898374318
2230908315
1347011700
2919738257
41286675
2394678221
1250419446
373150494
2157054487
1041049706
2363153406
17250787
823925462
18102864
439647015
416723234
574031250
116949923
2977381687
58765247
737291432
2251214227
343124987
502335393
1400504629
2683134085
2678642341
1125492462
529591144
1599700260
204176679
1902400610
2303792689
621499838
91729057
312428361
194672143
1326446600
2614240147
2999851369
2974858709
388077359
100325179
49638895
21946906
18533386
2994572585
21009217
18231666
402481614
92618005
2924574110
1902427388
160018783
93288759
118991546
125732984
931296510
69403710
23376602
1117777436
2153584001
1123712497
329247033
22034930
452951939
350026841
288041411
217137252
64408317
310569635
490940608
525641764
370392790
2869527457
347871360
3019083571
315073177
2464887805
941943944
16977127
723043112
378847704
2940539702
2948547857
2838035771
2711791104
1676830856
2377187200
2946622600
2906473932
277244828
2590165561
1406015426
54582163
792856020
53787946
2308990478
843643842
278163796
1476028855
2762908909
384538391
285441571
2781807314
2284254035
285943649
197731665
2891286207
867467498
285321357
2253634964
20778273
45442257
563785715
15502270
38226099
175370325
2392878835
264761699
38670213
132722100
30953058
164792090
24841259
531565758
24524057
57045374
19899344
1105184047
1702750386
1539727614
2745921497
19637012
26068217
157513753
37244808
418874761
525874754
745187028
801069757
2425624067
26658853
374426962
832119061
1311102144
864888686
2356549334
2179196810
19694461
462957302
22096507
341744476
1924258531
16504108
35287499
15736890
2833078354
2855753456
50177875
1531932516
49770741
437216317
34637312
2312387600
867217880
87770390
722941098
2340470118
363647644
1659122354
27359464
55700774
525002011
16982413
2495610757
1340790740
490179072
1550215886
1554566202
2471146016
110850383
26883100
2938300815
15501992
27181317
31201173
586943674
243039783
2342181402
307476067
264470355
16957590
2876704776
1400837041
818411882
31526132
2778005963
36682899
272731670
860845021
111960543
18284893
81951329
2509417839
1409139576
420842266
1472490782
916768412
240658286
24295093
585370431
568713981
228549362
2917938268
3041851019
2730717271
48409839
49240542
2443168699
24626715
2837322086
2355673748
3032679459
1447161560
228317174
76538085
262425295
217258486
1041050016
228989699
368525958
521761797
844275558
761840947
445951926
95995039
792985038
3032765653
2908659675
2902646527
18533363
217841136
104613835
533381999
2879757140
1253135906
38191297
3033497973
2912065614
138854207
46132982
205982781
3027398127
327035063
18182363
54713427
225050742
19541129
2959785818
1902525451
17373826
2682803569
2302407630
877527739
2809129864
341277812
500322924
17239871
2542439420
825904981
24517068
847975615
1292608776
541121054
408224915
26922508
1694600448
318181127
2319485120
1190229518
2937843417
2871301318
1611093804
402371719
1970347927
177300436
25745942
908555298
1649168856
175758268
934824404
104364289
2562585720
88023217
140281574
108944185
2739444737
2373026731
443248057
2759518575
1398106290
2241668755
2813305829
1183241124
2312126071
240682764
442667199
244605913
876464412
335461731
1517504654
1523711678
2725704808
44147253
407071282
259001548
19757184
156316105
2292444842
1261329704
86646124
576765914
22672689
349372417
15532840
576801455
412579325
1601806597
1140698426
15724460
189360856
1406751253
29913890
471944502
229876384
25667511
785327418
2460093271
233732925
2273775337
332397750
2507815202
60040294
60396967
375702238
23471333
22969707
2243964840
624806025
1945760131
2209420577
2381524519
294512589
834309296
373593476
2967147467
14150095
741957914
128990886
1700558094
141448589
740874799
718628982
514555506
461409282
73137862
719124324
78091048
554593426
544771847
543640679
62930133
2891044801
1618546020
243492696
2780600140
1608808782
310063071
275144815
2267889324
2938553148
2758423707
1287290522
179949921
564012190
115268228
819551238
378276695
17753712
23092777
108593067
774184586
543028480
1621208437
224700804
343012467
534612075
1730565866
19155960
37135596
93027509
197838315
1255845145
344197111
2874969850
91428707
3049954747
2923233890
306187852
2845825910
2861097099
154747552
2773473280
2882898247
26989937
50913710
34387630
1260185384
25223278
22821055
756964296
136119798
72640894
940827752
707946482
21939486
213399256
14397104
64572413
16151355
17876008
2596920348
1869527480
1726667976
889596158
244881110
25808658
480597732
114235871
2675944675
48926108
227159271
36514310
19111502
1299258126
34330845
1574459706
1924775376
2979286533
2930191855
2937541654
1969399538
1703533459
230973499
520401044
264595508
309969689
184442176
979035560
2476432273
22467757
1969493130
114845234
2747489104
74047434
2401839042
948953881
2485845780
60598988
1909432327
2979809680
161230861
2906438088
57034334
359110618
885548480
244327443
429801709
550295852
192327852
1666562821
2576439539
2945200479
2369949012
21573010
162959947
2924795666
349445673
517084598
2406214979
184954742
534357539
523773033
596844874
48691994
22179710
42821699
2306158353
114944266
186015478
1347622494
182627613
1887504650
426903572
718420838
1177491776
723197528
934171550
2517770803
587978301
85172621
3065986461
2816538906
863113304
1007085582
164429187
26558549
55686855
602089650
164573046
216481604
472472650
107411114
60028300
965435300
580822529
133330131
1571124337
287927245
57049338
1618800769
1539017028
56486531
551941377
1289469470
349131657
94736041
2947291886
16715849
47534393
2402536627
598527092
187618058
2236981711
270134005
186282830
87462634
409658798
79015324
28634061
463073232
117907686
22717757
2650174837
55588504
1621473954
18339138
531953874
125534451
2959866970
2969570773
381623728
2410799813
2949311052
18050592
1666194115
144044740
153825032
482617008
21930092
196410062
362234651
2177658393
2791620555
22205187
210623756
1528868046
1483805641
2290665714
99739735
3056838309
1051485312
1109611771
339387432
21288557
2935459542
2596079101
519636507
156159484
1031698208
2906887971
19490590
2744873043
2378211719
21701510
2693778508
2981511422
744254240
222600428
2175006985
23341211
998708929
58052610
1424519778
562618600
288681356
2970055875
2731900079
855741127
15986565
2766174322
2616622435
575566413
2796971894
1140107772
46039197
2859269159
562543781
1452290660
968220217
387151655
101253010
2910489511
899718001
536490917
584250571
339260157
1152123776
1045215859
18660379
624548346
14926425
277833613
448381888
563461185
14729072
629654273
21603233
260495025
2178125113
1101691369
331403822
61312552
2755249913
3020891608
1690057340
130246604
1718711286
21368516
2482114004
2281093466
127287351
885811801
22263233
17134730
61735353
88635165
61389702
366717113
462923401
583896743
818717916
1138527853
891792978
2285632136
855844130
22425233
24655764
2814416554
17851022
724459518
112320673
1134438830
2399857465
1568858138
44385059
24597982
2787109649
343432526
297383888
526635724
74316803
51081910
466114522
71369865
44181545
1633251324
2719056173
2288690060
3063890457
2372162220
44783795
236283968
2570972747
35328219
39148101
282341361
481757670
801611701
795851838
2192982312
2528395964
52061068
3036464019
463300142
2254470722
931317318
26914667
519253305
2379961994
2668251967
6788872
821752764
19142259
3034198494
2991959998
46194602
20715638
96092531
2367650918
30335514
54057782
287219381
346342005
771466680
1895272381
122228256
1955466594
331393447
329700944
2319706291
270559839
3016242005
348595048
688513
965980476
245490263
28784338
32550980
21024554
870267589
489016407
29094510
731285940
37781088
2775737977
54111299
30253413
2886500230
2598174548
373072438
52453214
935026070
261823024
27734496
14657467
1235373914
16260617
211187473
452024787
1364401981
2654783586
2506436971
125180028
1059396866
242603412
325245884
16077455
979239271
53447591
269077439
27037460
454356270
24466075
86514028
16394241
17857501
42806681
180087718
907090610
1570695726
2339966660
256555408
392024268
3016141785
621264841
479218074
440285897
54921438
2240186024
580998598
2673577188
2961715510
56181356
413492357
2148988430
63835589
136232996
434375068
389462260
800539231
840740250
369248992
59457935
19184939
501240173
62960896
265281570
109807012
2565643399
2337452467
62356851
2789640931
2798021756
2813345641
542328634
20906660
18183577
107432899
14846729
87235601
2909648091
789612391
791754848
2589998773
1166383453
384899484
2917862283
