557304154
18082945
17495447
108011730
1046114347
282671020
2523313824
1048695074
30231573
24556105
575925999
754135908
272986795
17258301
52230962
73333278
30122242
145341828
199924232
390696780
406525423
16847525
73938917
58525387
18220818
49633388
32283017
41902875
38218247
14027452
242438723
244693950
16225955
297191567
1549507302
43464027
103247646
59574144
16892534
329930757
382370203
549010227
166001916
377540405
769702230
50151086
253340432
244104169
17719592
628818151
416009248
261035490
380693277
280592005
1488517507
21705181
149543566
228015335
31637577
15626479
35336511
933788114
26015031
17426310
246220722
350389927
2257097453
1494070861
330472602
512860075
204584481
2414913756
2377990530
1229007625
2423067464
188055481
2775892105
500154514
82154548
119642250
371950796
2608956567
326892463
792926154
1094114329
21660781
16493714
1720345368
430057402
8287732
53503202
354330741
1552125739
767036004
329159493
779305904
376744269
880929493
16672561
24775935
810145062
19088288
2331209359
2353974979
513774875
4390331
909434454
49021031
524623571
1357424546
1881598274
17686959
109854452
815871284
189806241
239025975
28246428
2373857028
490936163
484399952
138409823
16474992
563244796
196802928
59849033
47677431
132016606
28594165
957658364
18978610
1893394914
130344773
355470606
116686335
2832365528
274263703
408981744
2283571788
539699081
2800648561
19030740
606907410
115094250
219855077
487600344
17580892
796493114
259094582
2269619268
38248247
883316545
2743731783
16829397
76058560
802817546
1423707932
16146535
231881134
18817574
19129405
2721890870
270068926
189565191
241776425
401090263
1475143686
134019092
589119722
2258357868
3075776587
271513600
213916750
75630518
40820283
2549056140
2247799814
507877806
32260931
705299120
2946745916
246939630
2396615286
26564529
85881268
2266197685
2728658254
27010341
2453455927
2891605635
18398047
714959053
2904027529
58915476
501397421
1452428454
250433326
51827732
35544091
270528803
2234179932
1924985228
279102772
33237351
1708080488
133946836
1528654718
308142557
117760902
28654816
417571583
14596185
2481146024
1289848416
302751848
2191568058
34391224
25377285
31223236
15992132
84676081
1287526376
464881483
177087665
2804833183
48098530
281611074
2891364502
2233488978
50402530
14551462
48719150
921567085
29509675
1065041960
76713592
41831995
49098949
1003130904
2570940854
259121785
53158947
345399113
274422511
16502238
29049770
16209626
2275545749
266326338
399665589
396720850
1892315352
596864336
333014276
23825051
2153698232
134971995
3018931604
49800332
530822717
37048835
31212830
1130275662
237103462
2311063720
2471421697
239510568
3060563942
202250575
633525067
1539564943
2975358273
913269368
24600554
410135192
17012466
550253258
181080454
375183837
32011415
22701396
22204106
574166517
119323247
16280644
256322163
928183320
705564782
854926250
301713190
2739446098
536646582
568596412
2369233345
18597764
92848358
313037820
67194113
2519552569
402355096
484186726
188317155
191463695
20565828
235954026
117360791
116504222
1511150162
902428952
2775904743
1589383064
1290162984
230192635
559335813
2193266910
267342991
2996367836
3033854524
17403395
49161541
838254506
19876355
1246900826
294834870
45673524
186414608
19123904
330481584
349677350
2330516804
75576664
1971339697
39530382
988650336
144270833
754243238
247043886
21437892
194799062
2423788815
225838288
21545704
2394678200
865003854
1471142977
2834896270
1266323203
43456927
341908197
263895301
802694136
50647831
2788084083
19738886
20618180
23284066
17780763
514793921
2158855397
450863429
135315293
34101992
2610595777
341546135
2548243027
39523664
865200110
17069442
242051914
28865483
311424455
306436630
2531889245
1887263564
17848540
41507212
36765448
20819627
393427466
143660061
614481428
452172857
2244691130
14659577
239617607
1601473026
564612626
931082108
813915445
2540442901
466319594
23268215
2536025643
303354100
1604123390
65209619
2529994715
2745712545
2337019107
340552372
1895637186
924643506
513281702
1349538888
816403628
339108951
615183767
45679880
1210098278
882807788
1498395948
101374268
581648203
369826481
197920351
45674330
15174190
28787718
2904923727
216205407
1920598429
2414457033
2338948855
573388541
153971183
107890260
18265410
742797936
17579643
2308720454
592818441
15789512
310747868
491809971
413327979
132243158
2338300920
522610796
14596530
100986964
20531247
2699395477
27269008
23217897
22846941
2369048514
846443269
3119653353
296812490
244459746
389881568
178141430
839274139
357675942
3028251629
116793440
459813233
767748914
2828404003
2548080331
377738649
1391504964
499955286
167150267
2604628464
18012632
64731945
1903095350
1895466319
15792248
3033690970
47750502
1375289149
2779031955
377904401
25373756
1360944403
2166951831
343141985
573156743
1363083624
2528078443
840516733
676203
2967270313
14662354
2777383422
1433227584
