17503114
2269115984
14562685
16493868
69648081
253663760
11489
25165065
18986537
14445775
384974181
15441074
16261638
174687551
52998511
79543
39616153
855838382
16012310
14618805
178088717
114706702
209333689
18204500
28686060
12916
499267022
22773313
21363752
806297
289502013
14060637
33057154
14463806
2735591
14448173
14529289
1710801594
10689892
541372404
435038217
44366931
18337236
68785836
160797890
16365983
19096914
2789295302
22489176
16977689
16184258
10876852
16195112
14705672
14761259
778057
15379970
83634607
14224916
17372167
15132938
1027796359
14802766
14859563
26352439
16657047
15759749
972651
15823875
41948619
18059761
23210238
24787843
140279366
22079872
14969810
28989171
32518531
7017692
499416337
18122488
14132655
39800178
94390992
820828
14859608
9451082
9831002
13394722
6375762
1610571
12380072
19353946
21280562
10284472
544540850
11957802
7595002
30704146
14610981
14065217
5745462
20398450
2260150651
16710642
255570795
6545932
50193
72982024
759186
9075622
10875792
18647850
17383566
28172188
260582890
1260176245
137757247
7439302
16404520
14328066
17750167
15384720
1501471
4893501
17839720
20012313
1743571
16926069
53726264
5986922
18372260
23461358
161461109
415765530
161372707
14262217
9355982
1051731
873291158
14492779
15840194
14824990
855653684
8241232
28671535
906711
14290557
584016075
265750041
49748851
17820399
13175582
2544111
119173790
755751
30148623
542576253
48990513
15666773
91851727
12522
395350496
15644002
32987115
19543375
260531743
21003824
14687193
30205586
19777264
158384982
23960081
37045831
10305322
158007209
8232782
9724372
16366543
34684387
39807414
18616021
2387423744
42659612
13575602
7113672
2778630641
12912912
48616766
14908780
55333874
160327445
32462168
15773424
60660929
14293348
218490706
14543036
75263523
15537577
20758087
15753937
4235731
209104486
29045729
487347572
44383521
10326
20173415
17816703
35860484
18678492
13536792
13637012
26035132
14217862
7594232
209642529
16200653
22607927
2860101
17471096
28559678
17827446
15782297
43693
84705016
143054662
17857933
203454935
40251198
130986081
9442882
300202857
18443585
103238137
362717216
233662421
15813904
19049119
40279709
14690521
45875118
24197009
48375449
15822191
20591232
15989218
776105966
15811525
60349138
15112274
281699934
37758914
208736091
246976394
39596342
6837
18300176
19750159
15576406
327068500
16632124
16262368
12794662
501816370
267399199
163557128
14773804
259725229
21434557
12238742
14859952
764775
12736262
26382995
18966061
858051
1630261
2917838001
14654938
26092737
25569881
14934456
739853
6708952
14081826
2507851
45853761
20016881
62462658
45667986
248808554
43980828
14715703
18590697
14266010
1292941
22525842
35627807
16018805
119455170
9429102
14673311
841791
3751441
9210592
14595574
26755373
15367820
2828273607
2066291
21265305
8117652
97033143
11984762
106681538
3231561
175445113
23379024
14593987
12297062
19493257
1025494483
52278768
17416571
42954206
334733002
14665637
14604255
11893122
20094734
156352329
16565696
81896993
7790622
10855182
22167996
140569932
85025700
435272548
19232548
39758076
18491250
49730253
157856784
22715137
17394442
22997862
14131892
21983925
20643299
19770241
18727755
70970350
318622246
515766653
15053355
6603142
20928470
15549457
24025563
30248338
824087
208739281
125396226
16985311
13362542
17562737
16687059
527334899
20621761
88970342
80096895
39244854
9736262
15489387
14111534
14347227
16928930
62937135
17882059
16896485
818155
16047894
19351302
874
26050133
20346786
23108231
633287684
217612422
15536325
24465329
19718922
397561079
10064382
37759047
18038038
564028464
210053076
23033882
18220591
237009851
372866179
24848492
80234925
19407053
106062063
1303281
455397226
253739755
173591614
15754281
348127618
110541296
18164662
20532806
38931262
14074474
18639734
41606452
354103
428225985
20342990
17975882
16194054
25635432
1538894516
11302402
16304067
376453911
15447545
16457983
34079088
20171685
51478771
13284672
319471130
11856332
429109760
14370917
9589252
47824384
12241152
3042711
822647
15925185
21367679
14212815
19165082
607235997
3077882497
48731433
17234109
14632241
1355443368
1330064300
5371352
2281044080
8037062
232067485
24036897
16802731
630249182
3034251
15686692
16313058
676493
16352307
40291482
10232022
68889891
27308256
10696392
3091885246
134627167
23329275
342254434
277618799
17308366
1715105173
133153889
54709799
48446877
110816589
14617294
14400079
15110125
13725942
8695052
17316885
248152531
15570228
920051202
301005068
13198452
191264074
17349845
15039436
14629000
92162698
1307011
2375621437
20425510
2377833331
54191952
25763468
15724052
3427261
276542287
1621271
19106061
17216848
43952326
29134697
5245841
3530131
40218831
302427757
19711691
121158213
6147182
1081
14590019
7828762
16181819
46096376
14073364
465991675
185808487
938801238
2330727788
54319874
2485457381
125656302
410605574
19247966
8622212
19522188
35921248
3316731
345846673
557061935
30018058
364477412
28605673
14949454
58527394
26281096
3054407589
34563430
7789352
14402248
265492742
96204791
20346477
104539831
840727532
19602299
36176418
15056202
1453011
19538786
774675
16407193
103904696
84401996
515616934
16661147
197111481
2878103038
7405072
547096356
14411653
14984714
2292695562
17027993
266178016
2950474293
2804836256
14870804
16392208
33864072
2260601
1694170675
7860072
95515503
19842170
7466522
560120957
27736519
132232120
305016923
1608836484
14171975
19584100
15580384
14449292
6479652
21458224
11095722
10782332
14234858
16554477
1666100959
2724426108
93972605
10284802
40965783
25701011
61628461
2232381
370788145
18723319
15239391
1729082275
587727919
2875031589
17118141
2897498647
2374329672
9892692
14856194
501386735
286185263
166673892
3062502499
23478246
481598648
17539739
947591053
14410951
11054772
134233015
21692785
312011124
103246788
17237200
15798734
2301682675
819814
133893663
14123570
991821667
112743951
6636752
28441175
14324559
26443744
21928170
899137992
801698222
564940646
2270461
932949661
20564763
123338610
2813551386
12187712
318339770
134741365
19896914
14140954
14629547
488731043
14853995
26777308
17025065
83937740
16434196
2363383928
2743601
43050086
14248699
163037818
15831401
578531933
3022890488
3060288606
20946432
14002442
24370138
1670873444
1377169957
28280380
79375201
17173604
2885515485
184993975
46625346
25363065
231454510
1533781267
114405730
16800195
23020765
173429362
1069220989
65982448
85539002
32212953
90929282
18168801
157075644
85843640
219610576
505070325
132023852
14747706
52825156
19903052
115623088
118205783
340083909
12229702
16210538
14087416
209860904
1005342092
16240349
64201351
83736981
20065689
74119948
445051101
152062823
117139622
90914454
23877922
2828590159
14435252
14986408
107431318
46669431
21372219
167481608
38506279
471419386
20865186
38690310
109453657
15738735
130216302
48813545
7782402
281708855
7805572
47415231
14215683
16560810
6108862
22651499
177754033
28449922
77062391
226290723
15985415
35765068
21411154
21716207
249218922
16528865
23381083
21403204
462540897
2324496715
29840909
26034767
19199609
23103346
1535406200
3074209896
511987485
2300497376
19587692
732474475
40193786
18003285
38424446
253265245
2980436562
293714403
15438562
543618357
589622606
9366912
36405503
18030410
9384692
100170236
2148159775
18216236
14873916
60631955
15358683
18876735
537457148
131193406
118085849
491708856
308101212
224634229
43589645
14847158
1885690866
1419211651
16082115
6406102
26534822
270611102
34479045
154297160
17398986
2413035888
49648767
24732999
192257528
89201785
248898886
57526574
54325904
16023926
15362832
188400799
15706235
14134396
14485956
20212854
18806318
274959038
403462610
7578302
8964252
347521529
1646768298
309480311
47371372
391068475
1072081015
146917197
26092949
2788161869
22631113
24946566
14421958
541093406
17794963
29499141
17159555
62332934
27010640
507727770
27923233
27933736
2332199730
17908314
19035962
34464346
33585774
2811696349
606790219
14454363
11799552
2723012120
18057450
92621498
71041624
2402943805
2864528609
14606620
27170101
9590262
17674019
298157777
37702892
1286191879
28409554
199707196
14749334
54328998
852036882
59930009
20553520
21327624
17707947
24651390
9098632
14090511
136712882
143894109
8112862
19621850
10694362
51453068
45383082
15377479
16031637
24290529
518205960
249801423
15057865
115116833
33901126
14860350
16118433
633534615
25357788
15377616
27692959
28622733
2384192732
24379797
25629967
16821304
11009852
17970274
2322963582
171040527
63437905
14703700
28628375
287298301
3065972277
588323892
15037743
268595522
1961259012
49921442
9985172
2944026101
144896650
38930181
268345035
261054606
23237799
116621693
6813672
156297711
8955512
27811954
858226776
15250836
2352063643
3002557214
344439484
39252546
14816238
145293285
242549735
203263122
33964434
116225247
37398048
17926953
11957372
2484334861
5929232
140889272
66679890
399227819
14499030
159996483
279135349
97294988
18684361
17895466
1768351
60628357
26089252
16636394
240722024
19291624
595945891
14773667
874811
82612816
569569550
55928492
2539908208
31077999
243665363
556031008
175419846
6011782
15449188
524715864
6967252
24445405
32775606
216187106
15825051
17816420
17905508
19485870
447608348
307276529
19920360
344896093
28035990
3010946844
3023811
1124048252
16486956
2765842394
131497030
80480330
25537948
14419099
1590739890
514613499
137061210
2227056710
235780911
15781775
5916122
1336361
18225538
14305837
153061181
14594204
321535702
15024468
4925881
2319502748
18148898
16814961
16813249
29481194
1077866083
39645469
106735655
20241927
557963840
158483021
22154726
111679943
31670205
16169272
3009416594
8553412
533441655
7902612
138726463
17178315
308988200
16340593
15071579
461705505
1340093874
86120813
110820527
176966164
923813406
232442536
2229520249
2606889138
118449344
15668818
451065610
60769348
16971428
175415640
2065521
126456232
2320903952
459423177
14121456
2446816039
285917234
5511422
414872140
313338752
2867700930
930852258
1902021728
17430435
3091450559
1651498826
2166055730
902419718
2950042531
2709019986
2842054474
2223688086
60166493
56314749
589881546
24374097
2786393447
2494736924
381159056
2723095804
8476192
329795901
2192301
15195706
28098851
14027532
9505502
34503804
249131825
18769157
14652452
231706630
15348564
470571772
16506571
17691106
27845912
469309010
20978458
20775453
14086158
114788820
122759220
23183052
320301062
283705541
23344490
344289192
1934055872
35575567
2233469258
1563548426
134268108
22803469
62079598
2477965532
2333017830
1399113342
1882793930
2349883896
15876961
426155280
2515448870
2499491383
378197959
2188957902
36443216
35723426
14068364
240386881
20660609
26867799
552094012
2195971795
13470712
2827548484
19224181
86107125
2888583159
64873
2474299466
9384812
222697836
5421872
15849366
26087742
49441272
60033
14074673
16306630
14432184
14140695
49855122
560798571
1670411502
2317861
1410422706
429065890
64482503
19982043
23771696
19313995
15154811
140473916
409371254
874394695
63195846
10336
214372723
93713301
262637172
79365337
51448695
19052007
10846482
2888882327
140183551
3061779044
15034077
26138978
63169712
476203543
18616356
354996393
6564562
15040988
15621140
19381789
5468322
5676952
282733951
274295477
1443132836
12956852
471870263
8707212
309270043
155665628
27357000
182548143
10284312
2873928789
1373505554
594428036
16891922
436127555
14433197
429707643
412586981
42823170
72343290
2580878034
2253477378
297024581
394664028
14908559
2480007552
26279045
8149052
817283
138282945
180317088
25796386
2244991
321700614
107782663
22108330
2414206159
90915624
18422904
5425352
1963055822
947047663
361818698
15038072
389548615
19781714
27972795
28363528
14855916
24700651
262055891
20632855
415042769
292631861
3067090766
57784614
28335441
8389722
183898020
22160766
28365960
28028273
1131834690
14100717
304764693
406992903
23098818
9122802
16335908
14411809
8515772
3562941
17540746
579941739
186383284
46624954
3023839951
9546052
109517362
475300454
15903662
24044865
2783023902
17227306
83057498
22678898
117742402
2733051
293934083
551251196
1658896992
18530817
13954862
952582974
30934707
26789088
14134524
16854853
415096127
161601372
19365210
18037189
30213415
17295550
98674435
2175055010
14302429
18056755
132243158
2795422567
8207212
14571700
876173641
26497388
9543992
33344003
278223827
553563068
34355282
38157355
159067496
14802019
15812140
50880408
42368820
156147679
3249
251129104
32167968
23708476
479859707
43163208
13014082
15621290
3087636648
50013886
1354518024
207804775
78174871
23816314
92054803
2507802553
1929631795
7649302
91865625
14126054
19923588
2708009916
30159675
51856887
221407001
351277167
370293209
821351654
43457438
6312712
49464873
17837520
3040782133
19012615
4647211
64391036
19148069
21685661
10226
365860852
395804631
2915823696
37508953
22054705
1067684294
56964060
22968866
48442726
24981492
16827908
71611945
14321672
19575613
2964039724
112996390
107442066
20176119
1135299488
25436045
33823988
2777014884
132016606
21042383
98871957
19477758
18911568
1221471
18514504
5650952
317787912
142698513
339719308
36233331
112285525
148650054
884604799
240283009
193533979
1510971152
15623363
27174024
2825067359
17464946
15603001
1833135806
27160601
78661261
16505786
192315964
6114752
27879588
150869918
2908354734
427628778
15205700
290196207
2315590069
15295957
19140856
335800766
14858113
69682411
6614602
7300242
534045415
15158439
35860455
2974994107
14103884
39018466
418026779
111246471
101258018
60885990
99792054
3008804294
325838718
19875993
260773124
249802119
52129033
2666935178
29302137
1033673352
2270152357
830020351
362311295
2811627916
3067852941
282131995
15906959
63847591
20506253
23151920
3020844178
326069095
9107122
5922482
22820473
14576426
7763532
26274219
833571
2648112667
1498708897
21327119
14614988
20520483
29140540
291491434
17355699
10781352
947914190
25328815
25405499
82660006
18166299
14102815
161724604
266358336
1359965784
28111521
26524127
22646768
278617308
14334881
38279308
2487791838
21074243
14390102
39570171
2660368982
9446502
261456825
15482557
30190793
44286213
2436448261
109026566
234673113
21044039
46908435
20086478
445061776
1978687296
80330032
5652452
1708601
622214601
11238762
2467338618
819851
21226307
17746732
370028485
204010235
522943352
27650945
2852437059
48437506
7120082
457644110
1917600852
15868231
22142916
1456411
151173219
88907165
288558970
14128457
30125464
577383533
8341692
23507486
20406802
10753742
388599192
5751322
20701964
14365037
46154977
16193
19339531
54694053
282356323
20334905
44471950
492433868
182991126
235572729
17852893
89782060
14813535
2904880201
44131530
2421352927
1912763791
14628651
21128899
18968731
23798757
57680270
18033550
5945542
17631069
17613261
5093951
9213222
68880408
44503856
2902115592
15535228
204491797
18074981
2254871191
1973154223
89087631
78424271
2736117492
2786350339
125812829
13444502
77750391
26881565
300329503
92668895
43366773
115461794
110634408
2953021036
94414042
267440899
21168623
20949511
18383799
40960219
17787007
15030187
7770342
1390873712
31553362
169927909
12006842
3042675751
698093
115455896
582836442
633246557
16949908
69691647
221974467
22590635
15807122
17809159
22169181
58770733
26567174
1447800031
6859172
817884428
130594085
1135967892
2281250144
1849587086
820333808
16035522
305135099
18633429
193962408
249540454
35036270
97261425
16154624
338520681
17789940
551531940
18002056
3002100596
60773989
547156390
118177584
2161406040
2884184632
57132912
2866533985
49891081
106545908
121706053
44511188
1658312030
1125071
356359065
101970219
19202700
14941975
593834508
17497382
14247924
25770215
320498278
44471064
1662485388
314703677
2428741
22343879
33371149
3634801
57206280
350839389
15832032
39521557
2343645648
2281030992
471266378
14366927
1190229518
13460112
1554381325
1411144020
70816370
11573892
16652395
705287821
2456093709
425907208
1849526809
151892237
231479526
28476976
2527511184
2482474975
882421842
375437372
14727247
141040647
121321885
1836417379
1438943570
1967166660
2917797668
44534577
2976543195
15870794
9484482
607749295
15463628
19914859
90973981
116876687
14173377
214272214
2832090895
16477920
6238712
45473642
215679045
2589729396
19468168
164772164
15844512
1360008440
66992843
2295833726
7422272
14164297
2995354087
23280370
221520765
2510462702
308573576
2150341230
2241308316
2796260970
165469675
540058882
138531489
569215094
155394436
16976447
493423721
760544600
7374452
5878082
2447547871
1329129848
2875086263
2976370593
5995932
15097726
117793414
21135674
20338945
209414380
16462209
400246375
56373405
2273187186
569075497
2906137317
2906223347
2919412410
2906171831
2906160748
2906192758
2906156945
2906097621
19016936
47990015
7776912
12141262
15797425
10464212
54158730
46120313
2939564188
282675237
231051167
158827012
2897645003
2582493034
749176735
2857426909
18833982
2664037842
27960197
948865302
18261109
84458066
835829334
16269950
3028925314
563691118
1901358799
1545676482
572961420
2934578015
1692174140
1664059166
1121028973
21370554
1430791057
2977789042
131577129
2172691
2983206962
16249235
2664961
7730472
2840032449
17218640
33249954
8392632
23757410
15948109
576705604
2206952120
2268339048
902101824
86019289
213339721
44421974
475470860
27735577
14155994
2695911
14098941
56841094
59661348
131615805
242262992
28124437
755959
92151077
2472920462
267915933
2742716547
1163705971
1263308732
2680085034
1957689138
289033048
2305554522
8159742
15783127
2330837658
22680719
512022277
293437768
15484076
785848908
1127135012
361951203
534222686
28420120
257213815
17257931
23029883
1592857140
36854060
2634928165
3033399095
3022631144
14096972
3059907034
26571164
151242944
2993896027
870352100
181110004
2241410347
3061982959
2419471446
48971936
1588418131
116503984
164481274
2506241215
250583074
205910433
2925926711
31641911
17110946
41008711
85001062
14642882
155136606
36734685
19952637
28516733
510397878
9267062
2921337141
2917262590
1912663848
80370145
24218417
71511368
3267891
2662589857
1123659882
40375180
4855501
1942
2576970566
33366084
15195038
242719184
23499730
593031913
1120709312
585171360
344365161
111842167
2175180889
18496526
1042929355
831981
24794149
61443332
17051045
1089341
488809452
3022558948
15812482
2704548373
70374767
14790645
1257902442
244192610
26507005
27440779
15464422
11545592
3029911181
1373368518
252148549
90272103
3088939047
19393550
2263437272
912972847
285184413
37235378
123708821
228379452
1916215075
1158494786
2375943529
2993865607
215132592
17313298
331305552
15306130
2417978328
252633758
26133822
2328580836
407339545
85361836
17854271
98517003
720740185
2862727151
19357262
99625563
5364532
104529882
15512133
17681614
533503231
41153119
3241081
855613201
116792537
1585350338
251793212
21461208
1389437161
1708460947
3030025274
3042958793
57882875
15852860
1149568189
95121059
2895978157
2584178036
2827442674
2758896709
11609972
3054237409
3045496764
3093357100
101956358
1937379115
771629515
18335473
2466534595
40300046
17539447
6839912
324004246
262761148
3087353283
385668781
28571325
248884036
403422915
17043077
17651249
19511968
25454698
2895455096
38699351
1158589824
2752501140
14985126
2186632998
500771107
21522837
18698528
461534019
1692777504
273245848
79089810
499837600
1135412742
148779982
14849319
22659609
326400624
47446623
16748311
90439860
33430082
21696105
3038820221
2634959292
6064432
774269
1117920906
1270684122
19380752
1270592167
2160369655
1255891465
27120158
20298394
19117046
14662069
2797891939
3065578556
18129174
17827166
27359396
1611858558
469937852
18950544
2423908512
2420718703
380633730
10177792
219218579
106382337
3084190617
53038112
58891518
3088011448
63208148
17526132
1319687328
240252034
6164092
37029825
132155424
26721993
3081832151
738070556
2751816499
14479610
34911505
43386663
302747867
18341311
61008134
2802975873
433149322
80267089
422142861
3038652607
52955419
902428952
1332054169
1383057912
15516662
512924342
1174132262
862679882
53792665
2901207242
254381246
39166808
2919553592
154503111
33940828
249247572
425340623
2864267228
2447299165
3030555473
2471158591
339709750
82536271
116857371
15108910
16060830
29378706
27998256
475500599
10145652
19080729
55457473
394390585
3002089925
137613
29529194
15854153
20194083
14142375
191916281
18781503
263751453
244703042
918498667
3091455286
3047656670
97405767
3040926575
1413155467
1914591277
756287
306108434
232487155
7096102
40044902
18740533
42010050
858173576
92931085
3021952667
564826656
47762622
2315010379
1314317676
20715279
9550442
485242725
18941800
2287950745
47310900
237792494
21834394
132275311
59884763
3079037910
17848423
43019365
9355572
102095785
328839137
942389256
32448380
2492006444
55057699
341546135
2926754521
14544251
52205948
3044958322
15525535
18752408
77700357
31189380
174323629
845925109
1447732447
137989288
117558915
1008678350
2507687826
160114189
367144660
60725654
2583176521
2798021756
1904342161
1621504644
188277052
233649904
2469192697
526608836
28630854
1648421936
33169098
3022605750
6236612
526771179
2423090431
21072696
34286569
949083529
247468686
2759310935
945540668
59696106
25369428
2769925698
1137231715
1963408951
2657061288
65895885
2983102587
26957551
380347963
17793804
2296475856
506503559
779495852
28191551
197417308
1185908131
2827819917
426323910
2998159793
2993359104
2365248324
2948324387
212995238
2788237626
540194877
20489331
2187433692
1515164720
7662652
21127905
182679506
2176834562
2650058581
43095278
789619784
2903243346
27648201
423438559
26004240
348159621
255664956
630728108
14167930
20756444
17213892
27861762
18765167
173382661
338965037
297988115
15422759
495157087
2396232458
260177234
2384949268
2658193670
200734807
1504731085
1609935102
3025518377
2469755918
782785
3070878932
1668043620
118085711
2712902306
32973
3050235609
494313318
1147569859
2992125250
499645074
15306907
3065835950
14706328
31291342
2695489782
2454183000
2977494855
149710485
2285444132
2349294312
3073290466
388700778
285706984
2379583298
2976390659
2993169672
40151143
1689548983
2166499319
246801406
461273369
2727437358
3071740650
628661472
3084661037
629084145
2202282662
2292999174
14359997
42084462
579864644
36020848
99489302
313186446
483678591
2230301137
86567569
3081632644
2326486650
207009500
251180106
29609464
2856393727
292253262
2518740296
6039622
3044761
305428783
3007378774
