2318215575
1258042380
29708690
26043177
572042230
2450011579
2925452240
440815012
2421248143
31141686
1963841725
259370909
1519774723
2787282069
2940983811
2547112646
572447568
3013525533
16190478
1323342649
2882535849
2520908455
2450204874
238487933
2269632726
73920238
1425765482
723030986
554240771
914509417
2682880705
479610002
1947867206
2700939612
318213747
2443544325
772396446
1215928344
1713840601
781125361
2203579830
567121312
2479124354
315819253
2419844042
108040832
611097056
146370745
3068659781
138993784
351524646
551971949
260599701
288245234
130886493
1589607012
341643216
553728274
919765542
747743774
3075054903
170126356
466630101
125670688
593123867
297879469
810027078
2757471897
768513602
771390734
895937868
1908698226
2727790264
865219622
2826675342
2448425908
865470620
553684592
1695081163
2389988437
2305771396
127653949
126468839
593024950
586455560
557215918
1895071478
2211232999
2364553098
2873880517
1334234466
928508827
1053769285
2451551275
1192626698
1137871915
2233810338
636915184
291231956
2417414995
1891539007
1473293287
1600864134
2510288498
1578699404
740596206
470336670
388832551
508263641
499193276
408113272
2439244441
404350687
810255847
450746672
106149220
54579772
2925937469
1331303366
594535449
106540986
2262448875
751570940
1259284556
265672115
423802565
1300323054
1518204283
349673517
425356812
75115822
2611599841
1849671572
164045616
3095542199
113810552
170990201
3094293146
625135691
251350987
2449322464
477466776
370886420
2318859431
977326987
1650856170
429204712
541137588
2348607127
524628310
941612966
2405107987
387404618
294136864
1541959796
2247267292
2270984282
635782634
1470621386
1280787416
2153668332
2200190107
1164484578
2908634649
580499953
2230254090
273104087
251946178
71046476
1927033596
267922015
102402414
345301156
131834803
2289948830
3049698859
635240831
122614834
330867568
278855851
596256944
3017602621
409807288
316877739
1600747220
835488476
798330811
1210725056
128053090
490242609
531512281
1555671109
2909648091
496530440
2645446135
15416654
2253554577
365362686
2978904989
854820582
1575508722
631925656
2164559378
721069549
168790500
249750373
552105210
3063756737
2308781474
1698151308
2606900092
519906556
50786542
906244530
1692003931
2863734527
2192980158
867395186
309235098
813870720
737523517
2569490625
2368098259
598727776
3091846889
213866677
2363082464
568381947
3088025604
3051911210
3112066833
2753181835
2645035136
181702791
217825860
2657982991
385394626
1282529640
2617618026
517542335
624481553
1259332171
145518909
211846711
3074151230
612255435
2870731725
395380075
322068730
578298086
2644995936
224477236
486038282
928958737
2797973256
2323226359
1697109078
2645569429
385752280
882349748
2644983042
268065445
2313024692
42019940
1145414185
2719364097
513585412
624942964
772477722
1149948974
1958188418
22443463
283245056
3092480831
3068215312
2693695043
1541904132
2239995774
2209637424
2649567678
2343372140
2510070481
187746624
1459518974
2707527073
446613984
335043630
284581171
337868554
2788603496
2239741406
586565722
3092579039
3070810584
304170540
83263954
1242255385
2848948066
1832476196
2781312636
1655847410
571337003
568738154
59233900
2757299363
1661039352
1973630390
2296885920
1928686926
1578216037
2617092246
2165047191
2982044943
2862988018
2417415732
521668918
1254672852
628690062
293965826
3101284455
224346976
202733318
2924966337
409553581
2474723083
344846085
2911199494
964518090
359056257
289120846
2183133794
2978634148
2581622996
1090582394
1493500056
1529683542
952531663
2768017458
148427892
1381373036
2699888304
403776370
34274275
2252444874
464391175
2579888833
1099305019
399061251
623217514
933285146
2448222536
2761353234
1915147207
3044859812
2845632310
616629951
2934016573
1058877804
353833875
360468407
2377750070
2296518678
1348998720
1004968609
614764284
563402167
482517666
222586771
991845265
2182594467
726132913
906970585
533499143
1941542538
356786555
2583090198
2847438779
302745246
309325897
578523924
2617485302
400510886
1583281164
393061567
1348066104
1562985487
1424042222
2294606461
2165418926
2765154208
1976167513
1179981192
1683913903
891544100
395607368
2243414151
87612379
2836944710
2498529663
370692169
2542120837
364461000
140463290
1048854638
2332534381
2528658438
2253860402
111587597
490411686
402978712
44237514
165840683
1563873198
76235256
621239483
1241426094
1613956291
1459411471
32228535
1096298616
1057000328
472404404
295892012
1360082431
418040124
2322926048
370417204
2159656520
367273171
42270593
285822673
525058749
1885126856
608329228
1276645620
163336940
2998488083
3120356739
371225214
1307508248
95914963
785358697
748396530
610410148
2439213042
221328963
3054245639
504752770
872760690
15431067
349669276
2314365180
1849400149
528117289
2564169928
335409350
811585520
2821392077
137523553
26185875
2157750599
2720313638
2255700074
245521265
2193130788
358277817
127808535
539154879
49725080
2875185767
1559319866
433708713
875262170
727127492
633356356
1389760429
622061997
309995809
1250422093
221888788
1172731399
492339614
126714673
633148587
1673392338
1914585192
388188935
615930139
731755651
399677578
184677624
215737180
239135593
2799048865
2617542512
2645431975
2617536990
2644770750
2617512318
2644850083
2645038507
38153856
2644950756
574010623
948512215
2717865109
3029417801
626365857
1124459905
271362620
2787776173
2430798600
2755017937
1184446843
951690626
1109989850
610484222
2437987715
539569649
163370234
435117334
2287506522
14854888
2803970506
240027338
3047007809
2415354752
2820328508
396740131
1572602161
61446473
58286244
329225991
67543636
2966335601
170670795
2606507227
245870419
518854087
1733984797
1368585680
2302942159
2923348137
1618389638
502278787
1172750754
180253434
92491967
435718162
414857802
55288283
2656414355
298802304
565053337
772653157
1024290661
839772793
730076089
1494151518
445803017
229822105
2382766730
2281133196
553990085
635309062
2627306380
2799604832
1362998210
78254170
2605403245
1266909829
2798070511
2220117685
232489093
2176654682
54052482
738009396
533200584
180612875
520106676
838508334
1169959550
3023884348
3020335925
467458286
612371036
2480208024
2172130666
1022475072
303339918
2573423208
2821301998
302869161
1370315550
634570969
464155585
125822385
629602398
628231733
495324828
566908551
1525776433
2451166069
3121898657
536683898
405281604
2331525829
2182924776
2866382683
1491968473
2237517129
2228126755
1319225724
1142046150
563647541
282707202
3125420607
1001283103
122736583
1726114447
3024477850
577616693
1245199561
598644846
595944125
614651850
1722594384
621302931
204324422
359495080
915887124
267807366
286304951
1366455396
389098660
2260180604
173667189
2896838867
2245892972
3018774624
1060729291
2571402846
2182219259
265747580
1904136576
360800300
2797795214
2321375239
326952545
324832283
562867947
246270626
1042935324
2308935248
2223819867
2199480590
484646632
205935407
1134252264
919004245
254003619
204220376
44962648
407706156
1052098916
1655319782
495403582
38019456
2614050472
798617004
2182478253
1275956304
34391960
2179898379
1421974928
169290147
1631505998
3124690389
1571695710
2471446536
1389508914
2362281275
178872048
323508452
609605878
133108973
302392651
826304329
110532524
259050858
352817640
1905367932
3064585692
2910653846
2700787554
5669252
2826681798
3110298827
2195839842
299036531
411824292
3013750120
2454093688
2690965843
2807381524
1457718594
1243486309
1863506418
249290344
2320998374
603645874
2269793322
152327331
496202236
239353294
537258652
44770825
238663011
2886475631
282152133
270104116
2569513998
446296651
138245795
258537958
3077637021
1730824213
370806960
1627885981
175243985
2743678871
2149719834
17916058
2728771383
2408297044
2854050509
1898036358
1365737101
829414814
1703092615
2296754172
260885911
3010029734
90224553
2264904728
403028634
279165312
140223003
151770667
328333211
3028497387
284773306
2418285138
738267224
2167192151
227148845
341922138
344466990
2507440560
151496465
282219014
179864166
1851545268
240349741
250300685
2825500396
613263778
429127649
2310186089
106928859
619334978
329329342
631163054
1695063678
602758588
1571502145
349898405
1829983266
298326379
3020844178
2249267172
1361619691
1195496976
306468197
118161598
352437933
2806718017
2548737932
85652637
2174640583
440564672
48412959
1028612497
1358290021
39483947
434661797
452665985
1596751280
2563622838
95312107
219113298
262771240
2234912236
1388135952
782747892
129570909
1180265371
411048576
76993796
2701374445
2937394380
2592096841
1487808997
1176489181
539967750
51290612
534851396
2205207882
139714468
214311416
46904639
2276828108
2765871183
497286214
233159007
731733805
2252969998
1569151212
126218054
161011224
2599670418
118212497
301997242
324055847
188150688
3049304583
2515246779
877880173
2911880829
1729566402
1565792275
2878222154
169617718
577426731
970615620
256514799
286850628
880065925
2513757673
2586383671
3027473188
3092154983
327108675
475816707
2211538340
872015761
711107605
1499997631
269094804
124914376
3112238667
357734622
1410203850
712001495
1161550441
286213859
2670175988
283220398
2299014014
1323940652
887542278
277929557
381034879
365739240
241683132
314786264
103720918
2365870554
441142151
421319278
61957535
2798910295
2932152315
622086579
20718793
264844847
269902586
200645803
363859809
546121264
2754862867
956376542
102424323
1654050552
414290406
1109624281
2906510955
780685736
236893323
1140134408
1902289032
66151500
231446221
298103626
450312636
287178429
2189568126
32779099
3076769376
222369775
1142520486
147775724
275651151
2297537127
1311350768
1496253079
865336436
1278153212
51631492
1599068023
1078667467
2668671076
2693416183
1059220417
203622142
70734122
2822843265
604224638
498454648
424921610
1091604061
1449487178
353991137
588293749
872080981
586996065
1248284810
256818719
551596662
2840669739
1286982474
2903240093
3042675782
2826211457
408844865
338277521
2203906178
122528587
2798021756
2793605047
2798079668
2789640931
2946512832
767954528
393676630
1884656804
282821329
894206161
1132682408
1725970314
2575384028
72162600
2709461101
726867042
2384949268
628951126
2502372378
45918272
2859171273
2957541854
2668329438
536878057
413103174
906197102
794722518
1724094756
34656556
238153472
55008500
716786002
1601578920
1231059888
584240000
2798923127
1044421213
2802397986
16076510
74252744
1469021881
2356723014
2201999546
323325707
232613968
2214652561
2321139247
821304300
2967000154
2148783394
342576622
1577445848
284889528
1247594070
2896367793
2334570107
298610703
165031513
225615480
308032976
925443546
250404912
2242976612
3027583661
1331507682
610879020
2802015923
619892990
2270847110
1618711123
596876069
3066139834
269609506
1632266400
151657178
2400640297
2307260424
