489995918
2156218140
95869405
3178841658
7517222
828464179
2855489750
354717491
419298953
434937207
2423354078
2250021950
1554638947
1528892742
616185189
3170957934
42606652
2470960434
62802866
1181153359
1094661678
1302796046
2887270010
2883194838
2883205830
2867140747
2859620094
614279980
2458237033
65294437
2204760312
2513673019
588909175
2589737288
105750737
3090668851
246393207
197359055
501480429
2490691548
1609634336
1965381980
429246977
1205234707
5669252
2591399174
2191676590
2174326862
150659668
779863892
2559366396
605640136
2405000858
1567367989
60070357
2597472542
608093778
636756218
779809399
2228551975
293529821
418810439
526512721
457583378
2604671916
2184256248
141117921
2379983450
64025077
2598258590
109187286
101202948
1423114544
140737033
2151149249
2547529515
300783878
1348489050
3202081203
1967653489
125062868
17704788
1324522585
307708241
1712763200
1451820792
299660995
3095697401
1513211724
3119659599
2205488671
3025145687
3091713248
3171664265
1323370267
2238859194
3161340078
228240747
3115236362
2481592362
580846506
629179215
1561275600
1598963778
2411517990
2281943539
2163610011
285549010
533200584
2279582227
269402975
2956317554
2226736370
2164018771
2899655005
3109631672
3028824565
3052426518
2206428378
2917251019
2464271844
2510698808
123881438
2896192412
2789640931
2668396152
880037035
1731162325
143547422
206151704
2716625444
2983967425
1499337384
2497623259
1603124670
282944219
2868690685
70349548
172180404
2876850817
1594352611
2984884370
3207666611
3206660277
2342841545
2492264773
331755818
2437124384
88872137
723504510
113810443
75233270
520588784
1116349224
1706930748
2853629978
230735437
223779517
2360618461
154921050
369617496
2365961882
2500780038
2227118117
3012300868
2394690469
1036457611
1634210034
2827860090
1360283702
22301819
479810905
3145345159
70335795
1145613343
2731989603
257655339
568693985
870031934
2608549716
3020748453
2581608516
3131246921
577241654
2914851595
257937466
139336704
468733420
87987022
886756508
78833796
1320254874
445332034
52455786
2481885681
365612385
3015045207
47868268
2364268724
2201307618
305286581
846826513
3185383735
2581660352
3117264625
574210296
3165081277
3123863457
1958080830
3159642456
1106425050
276457858
216022700
1665860431
98109149
308058367
20963111
1326410052
2487173497
325455291
3115588320
3100035152
2827576051
448891089
865220744
703896069
729905520
2764747501
340400882
2644983042
3001751874
3240999537
167745290
1655276330
1432682431
136889439
2781601236
2951245914
181133738
98339993
456334669
2293380371
1714955306
575171562
1524326720
2532986118
2799024819
220686621
2749783381
2302872589
2351926687
142044957
2663691679
2150514432
113683172
861438439
2173934251
2291301511
2796441877
146358874
228969547
103838684
1021537237
1932603584
2916922646
356038175
24710958
2730861284
87387294
817401294
2282516562
2162784738
387200792
149062476
328795772
78283624
189227329
532077816
294005941
2864223607
2862984205
363577574
2597451848
435891515
747591229
540818483
2781723888
1328613817
2903497734
341429354
2992128680
108856065
135472360
319521142
129720313
1548101024
186396137
165688313
275472704
1361571187
823576328
1652075268
1663721708
1570487444
2607200828
120338020
53019763
2486960736
497022709
19386376
72828162
217346194
3215231121
3182438713
376719247
2268632731
147241865
2817316830
768857682
2644837843
2301938471
1344536893
2516999743
1556196062
834025771
3191529873
317092244
20087934
388111919
103255965
2517924222
3186376873
2872056748
3177444840
1889388084
825386257
2798070511
2402231367
3077774688
2749562602
2437788863
3148555523
1012684692
1030764194
529765259
2322035263
423575311
704682074
2500649575
2430123151
2895338736
2820172015
2796480655
2656699797
3051995252
533140252
2359891910
1306929954
3050062291
2992998955
2903314608
3150081758
2980649963
3207733163
3207731662
3207776074
169095113
2520728551
127289768
2980663659
449955945
2906495251
15844512
2881826828
325446693
1593444380
2467903831
180317088
3077030976
472420131
312681971
571037318
2544914191
586446131
577105275
635710077
1408169886
140745884
1373979044
586188089
571493395
2219658991
2204641405
2257392444
2889783595
235746258
3032209046
474210873
1264077649
2846578495
131502982
1714516849
2993573000
2966702596
3226297919
3177822357
1440379196
3215309416
3137244936
69854360
3125326235
3043330922
1852477952
3174533369
2321456035
2475037864
351384937
401537614
1140833990
2806643087
3033775241
456187595
2977494646
8802752
266131761
1107862298
870376591
430804045
2931567235
2910575358
2257039386
3009224106
1250757782
3114932688
1914750007
97221801
217102539
344597052
2949504008
133709154
2985610626
3082752041
3198334569
3063710733
3070809642
511942421
1074016957
151589230
2862936518
3163473054
3152236239
179764462
3105780880
3149897429
29111636
118910616
42899227
3091540882
331574081
2326567460
76011309
561785133
1092723055
2515597547
2505758378
1941577927
1147136520
426936592
1891062210
2745114214
2593484520
2897498647
2748527870
2596802863
518954029
2226526712
2414059400
2771876283
190574515
245869866
2893165794
2852985259
2703295109
37867781
312507665
333014439
716785466
3185626495
3226977424
180473434
341723261
96175094
3152811018
2259240434
3130213691
332426802
2926755925
579906037
2394083281
168622882
181150439
949103574
2439859483
3017157106
2500628936
2223794347
1117319364
2762624996
3145087636
2529984408
714566764
952114453
2428785117
2158653273
3009528044
2908630524
2890617540
177552860
2910692864
1019810551
2527466036
2827701539
38886388
321917222
88226323
2315068837
2776287180
891239888
982837009
2882073145
481415481
2884537519
2980540257
2928391748
405512459
2914151438
3128668565
2604380670
2453781038
2944122511
2806166378
3000662647
1408327218
2980693653
2787272193
265182727
79443900
2230175486
2303520500
504092052
2614009752
527036648
259720827
2806865590
2788315130
2739630200
166502347
2323899210
2250254370
2243553802
1676178062
1103969378
436418141
14361155
1298410196
2322261107
1361634884
38153856
2889733610
2889679566
345301156
2635723913
144428103
2757563826
3165615726
2817242282
2871536623
3162923312
1082982337
3140467857
3081179425
2980534953
2645420418
2644975634
2617629932
2645428922
2617543705
2644770750
2617512318
3055613618
2886804391
2959946115
456982384
784716498
490172340
1086797376
519983462
3157038553
3111016681
969960961
537328182
119655605
529478946
1713310603
437580756
3162353947
2892136339
1488093229
145109186
247638521
3241326532
519404374
246405844
2451166069
3116930525
1304215634
605997035
1719492481
407791450
1456470444
390179975
360486564
2958739199
859901072
1711034600
3012085071
197987968
3075304071
125662947
336619511
2798258604
2948978878
2855305443
1895625649
2980651019
3203196327
1095505742
3020352113
3014618398
2586816949
2436310382
3189146035
2202018114
2434559876
1016329464
2829781746
3165137654
3052039321
2936938428
3165168391
2904194900
3165174085
275518879
1479111684
557506992
2662951153
86521959
2599895736
2791321519
2292354985
428017196
241860096
1065937645
2403054914
805977739
499544289
2299153044
1595238374
857917729
1368850964
3071531024
953593873
2252588455
21196759
2571202272
1112974033
313186446
3150708366
2936701032
80525871
35706221
2817477660
337101128
980825300
2435947016
2755599366
2901230534
2912384466
2441375189
84169175
2616102636
777761330
212972087
604426478
357636609
2972877998
3151252218
2673327426
120207222
2353473133
2570900983
310401632
137695454
2387337853
41535315
544382465
2611121070
2733447038
2605801820
430968327
2392528418
2387734260
2756101566
551770898
374492784
2841077982
2225723400
2532786757
2882228185
2565117709
3115743090
3185516257
3096878768
430811832
1015648470
146451331
2980613482
1434361364
2372162220
3038245713
2896518254
2518322193
1458374563
2558781002
2834983046
3190325366
2980562085
230975555
80799887
220255312
2844788220
2341419591
603392552
2347300981
3117426987
2447950238
3031787984
2320184995
2573274451
3190507940
2880231606
3093728929
3190494722
3189448748
3188374974
3093729002
3032221974
3056770393
2893338037
3032290746
3032104662
3052704157
2515070677
3049430419
73449279
3035564740
2515656829
2515075448
3032225816
2510864772
3189550519
2515107031
3032275314
3093668592
3032276851
3052004420
3092769013
3188515483
3190420848
3190449222
3189543920
3190426608
3056642940
3056786318
277397944
1409839502
218640256
3100850771
2846330347
2222115608
2419596295
1327360987
2718117380
2977545555
908615107
362081094
2491041691
2863842305
2980573649
3190473716
2984893530
3183592159
23724027
2984867131
3019048668
1904055798
238637236
716387490
220021050
15667716
3149700002
17785881
231936497
48115692
2447222777
85729788
32922549
3118922347
2330610276
543177628
436325403
2196532267
2980612504
1227420422
3162698276
2320100651
1961146304
2655033650
1700875496
2446841540
1971206484
2405341116
274217870
2233460871
2828157694
153809889
2889823675
3207337396
3171017756
2396541150
1329974970
3144698149
2384855424
2394943081
1700121168
2780860940
491947303
2787892380
3004832258
338252370
3179231876
2813345641
180169477
1381673983
1484303954
581859263
521948309
2606119148
2290877094
634504029
2922769501
2914705334
2842034036
2439336445
413327979
1431608161
1525187353
1965193328
3160073336
2782718911
2991195938
625517084
532275984
114526237
1432236050
2984850961
165227805
3088228903
2722863047
1040485819
2898711161
458570404
2407953331
2909148007
306284789
116682645
1447094678
3028219076
1521463748
2427475698
1607769787
1869358364
3021482287
1275280032
3060993466
3017296140
2980736326
568156069
3139623995
84298301
338958737
2883457334
2843642567
2851481218
2288662532
1564736377
3080692971
3181270023
2984917142
399527646
2980669721
2594704596
403343139
1350836251
3167411995
2380989757
1013179554
402910783
1519552381
2638075562
792264176
19148855
24134203
2597002514
2367079228
437315847
2489522365
2510036459
2609422698
1484201899
3010493763
2404943328
2798079668
108366050
3065835950
2233796258
2462188362
90641852
1623026076
2732783701
164725695
3189550896
1064843576
1374257834
81388913
2247256832
1590569078
3163236990
2836614325
3185865312
1001758560
2404913598
164243337
2233451900
76576254
99112657
3049895214
2221360248
1588251055
2273279611
445615805
139016872
3032872068
2392292798
1662923222
46069271
2915349876
2935054003
2279441890
3171535916
2408787926
3237361780
277957744
194127315
2936523734
2418612841
1266909829
1606795340
490179072
3134332614
2980660757
3178855938
2980559643
211744108
945649674
445334799
1859738694
843646129
330978964
1707748872
2980682260
2980620982
2824602254
243966637
141503517
2980706025
2980679662
3095607943
3156942085
3008698802
2953109771
2820633415
2980678685
86902428
318117482
2887425780
2980655536
2984837864
2980589111
2984851016
2984885077
3207739937
3207754606
2984885718
2843658429
2980587167
2980623383
2980574823
2980601375
2863838027
2980751375
2980693372
2980549575
2980641862
2980773928
3165194149
1370923212
2787882637
131951754
2327933017
3166072737
462312587
1937447588
124971975
2399740950
2847546495
2911249667
2555377050
2256365804
3217265981
111690962
118073571
1951707936
924888396
2881622965
2371106268
3180873906
544945515
358072665
2869121869
3155651468
2936654448
3102777062
3180097652
2271350625
2832805693
829881710
2907745334
3149809352
269911719
114887750
3166112083
3198329985
3071558225
279631074
493176273
38125976
2891942463
3135746873
776264058
241914343
3137410060
578141819
257029172
3009662874
2269023383
637071676
1527165992
3034313804
2393993144
