262816879
16847779
26311860
35227730
1063083302
949906417
139772444
196724330
386677933
2315207564
2704027533
1242754788
2241386012
1676245988
150993071
101403450
1485429175
86489144
275023883
123624520
180772418
2765992578
576625715
2374253252
269399115
346677163
227402355
21575717
48999435
30438042
35258653
47373060
144611647
2288308578
121261104
2499287342
17400044
302948564
18025377
20759034
2388075212
1369701486
45275331
77127065
16790655
2595088842
2297666596
63170688
870394272
2389126902
1183898623
31080136
287210934
792902605
27485335
2351339382
2195628277
105327432
44045081
21889627
1587558540
3007242258
2310837482
165335229
2693500115
34792486
320192129
926062267
245547900
37752159
49687037
938829744
49408574
3001893843
580254115
829779132
1725292759
58898651
431771009
36080516
144365572
20328062
2447664324
22369602
1265727487
87417707
2236307282
2455114376
1213623457
2920970101
1319896939
1654822154
263940105
86327801
439565971
2272111265
121884901
50768070
2339096091
635608354
250376516
20581923
2698369310
2935548143
2372174178
18487710
2414810330
3032720313
2553111391
225227311
1093610112
338951778
325843123
18600131
1728771781
1525864795
829750026
1454687180
1451377339
1429244420
2951650024
52003080
2328525793
524122127
2539073085
962069820
29709009
2242302836
459310999
2733112614
259784647
1357342237
1359532099
450896622
16185879
2371300318
2400343586
876245533
480221791
161302782
435603158
1326653898
24157295
2375882414
196686885
2758100418
2264913398
368197723
2313253446
358328909
217758017
14534530
22313978
2734908327
29769998
568984184
909572196
562331498
22600696
317143861
2381131435
2734727143
763010018
2993747356
2728197467
389701913
2393448206
383145741
265075984
2354939412
127632704
2311859094
2212772029
2996748969
2479712239
311687382
2313842983
105899607
994074914
294727387
2433920654
1170076507
2351478066
94212396
234841262
166153613
2459757282
2278053546
142157110
2223241693
241778680
591961018
300437885
15301503
1598554111
2221493848
2238830876
2260150651
931605320
24773466
173591614
108556027
2314767778
2226399648
2216436712
369424853
2230037077
86395110
627331558
309826369
486559594
2685081332
988177634
2544092720
2369060502
218804015
626251424
18125466
41700167
2395790593
321849458
156948869
2223656113
358090121
92821589
2212179205
324964171
66662429
388957874
250849580
460994288
2353485140
2333826209
2613700262
27274887
486699266
2491856816
788492442
3028072109
627945776
175521254
2506521135
2493437504
2971201923
122650202
46818339
382768924
382580476
1199815022
1225635114
149431991
197023363
10196452
524337527
377882157
2451732105
1349999419
2862224447
1883924160
433534414
381159056
2559521127
2938684654
111873703
22177694
159794077
2714874103
2255424079
239057534
860604739
3013767796
3004108919
65616414
2533091000
957306920
2653488732
1017220874
555299478
63224490
1169857784
36112504
39889387
221715528
265266455
2318652065
768106334
2756771755
583119044
2914427715
217338349
84417802
2310389551
2537862475
188681444
578090036
2998892890
2156183006
2398775125
27448581
78364932
19300315
252083013
353580775
2382750942
119590590
1485403460
3038448744
22168210
43079427
19759808
12912112
65617648
359250895
2900416973
76297855
2167955629
280822613
2432870707
84641456
241022156
246196874
22316477
984212630
201833719
23917612
48113280
864001388
260706920
45715838
2157566028
1929030181
1648305080
1174762118
298595926
459872442
22495574
2775909654
2660410752
2553154040
225288490
584985919
248157429
2845307871
567743229
2301712239
5036201
557665372
2466323787
2493118993
142236260
2294822140
936639960
2380382220
294028113
2302545086
138822590
275701337
887361588
2313758816
2778839647
3025428083
276064146
2441048114
20826640
2525860394
2669604139
47677431
2446943442
539079849
221445245
73498797
38123446
2172292811
2827085194
1173944071
247865851
2831287221
268466245
257575363
17869799
135578944
1612410164
2443835024
1505343828
572111302
2192520229
2462670259
194192721
2361814154
2516181758
529045854
94209955
2917187933
293030852
2472656414
258082651
20138128
1317092514
2373560916
2522622542
2440607929
2217311312
2543934432
2352436693
29227818
441193606
83338670
2337451080
180631163
2274255962
201757835
2992801704
2990790946
923951622
408326555
114753550
2420752340
137414410
2374154207
401896102
2178784034
2739618493
2566535282
93410612
2401442858
1520202720
406431568
525673730
329697987
2914237738
1409889001
39048397
2246422989
221683276
2501695254
542372341
3014453480
829380451
16827148
2608248157
19527964
53190110
19264047
16681715
90286816
315132389
2249718348
435791800
2777105731
2775637803
257490984
2786404254
359464680
2890956959
2222620237
2478103369
2743104417
2737124888
212674817
386228286
357068847
2468238072
1479903319
2615215782
2445635994
26458298
393902100
2761709602
2247784772
2918231439
58280294
630375482
1848965959
918622416
200909315
122782183
2481781923
2383396332
2570522812
2320605949
755426353
2352012553
50973242
289035065
2329329656
386742747
2853218723
2565423540
58942911
281684847
2731698647
2602317283
288492468
223456342
321934137
2674001280
293530566
545341539
1410243716
1625304667
1278050952
344668090
56653426
547245887
43345425
340414569
2374078499
47036166
71048726
18022037
2441717192
2305052573
2524089593
27313635
28162211
886956590
48657833
533291791
2162451416
31667040
273993353
1610998189
2905157800
2828763361
13562922
207140780
419362604
267360468
398304192
2330522762
884071716
1272009386
264353512
1325893922
597267379
248505587
229835502
49945745
21885474
379282298
125095427
2615835660
2754863702
2378742140
374775473
2837994951
475678078
154882961
516013018
2179152744
2250651420
871356990
2212658774
2401971236
246979484
2205548274
2214440169
585081085
520704052
2410659768
2799388561
1100471400
2928549636
2852790653
1058286812
98447309
2536553837
251723190
1487159630
29736739
128294739
2552694715
2996745436
1428683570
208105973
25812661
388927940
30425039
121120804
901413804
23746808
47721815
1956570890
2219857820
749252804
1341673081
1596234775
15487001
708309848
93194555
274498914
33960482
969920803
16240725
26552390
1250721026
1716429511
2379915792
2379525791
1912565419
2613821851
322746766
225438673
59839020
2739680245
1444688514
25514299
481499244
338465876
2313514260
55511657
25637673
2605764724
2673531139
488270264
1250340006
2365425882
308687439
716585397
577076313
89522921
2636822604
2826946773
148164669
550612446
47408060
260802024
576829705
2262560586
17737614
64236206
1511018348
620504847
26924407
1637541067
896577284
264445979
2324172788
2418776960
28101276
36637021
1674065839
306116656
457154886
93723783
30319100
780266010
525297522
393551997
817672063
551229082
376920145
447254671
15368631
2365480440
2886333207
268023872
26738483
17614849
431421505
146741647
268385416
102631324
378492701
26758508
42247052
2058291
991421359
2176764356
944526506
53954514
19549406
2307118585
551629377
308069341
2342032675
1267248576
2657378995
2557737781
2486809808
2317609638
105427657
261228864
326129744
471142198
2873883146
166982073
719868644
21747882
115726590
255731410
30210107
2210822792
2474515398
634436957
291687597
1531845054
18014005
196071392
2854715842
2447096960
2645428068
2588718286
578348764
22323324
20072873
236466533
275350991
113764596
2794658735
498251000
937059116
600078211
2742071414
28511259
954237498
1710050395
32127420
93267501
349395388
2969780710
1210130868
2763191363
2619196809
19048692
380279061
388473987
956593297
964322748
1489350132
22547666
276306991
152820790
2356127598
1373505554
420810311
27739833
34116023
187965811
42482134
247359862
758424
324559822
1413765162
32747553
1583439666
430200099
2371111750
46937987
17999859
2379161758
280385318
209538215
2253289699
14619119
14940354
1510005949
32298950
703223386
1333122608
615766863
28996633
16542687
131273713
421191913
128110738
2233488978
881581807
29318728
491471063
316144548
49415744
27045771
282566200
559727269
2377078836
3044694329
388736253
96104745
323132599
51198949
1951682294
2225228154
1571218195
7888482
258208740
1411247330
14330886
2345426397
14636384
2381063624
1430455554
180891245
1024124754
2398035404
259615508
344381865
1657850136
2790292676
2737442363
2839294894
2472115024
170133233
380162427
2774873353
39609732
2912773295
559532577
483248006
2778604440
49013960
2901403580
3022181967
20414133
88158622
2836958635
771390104
49161541
15905721
278115412
349131657
20195562
895360681
10714952
1421290633
239801248
872786449
2969800969
195698288
342636189
187964046
45656353
108077798
15431507
257221975
2795543358
51591128
145776122
26911266
2901736413
306115762
1022678804
17264634
33523938
620122782
72075056
442541590
3237221
264265349
19921268
144114093
332347918
2355003128
727472528
2312659651
2182381315
1381782889
59078599
2223291246
1972998626
2719154545
837371060
15486163
2196727578
135886035
441689280
2515011956
2388677593
375297691
2236787788
26912315
1664059166
15263795
16971227
264554677
470414945
47391887
2300204892
515547200
316972734
55240866
28186524
61481674
2195957861
30026482
2372002118
48136876
96456317
1637725969
627490600
45113855
965298974
2179844546
258522742
1042922828
385447065
338985020
349859689
952940900
14788121
345774804
331422844
15719868
2273497872
431023014
2441414252
50645038
346050918
459532635
373900600
2352602189
39224569
198095537
953695980
18969131
368224044
49117120
49044623
1341530864
523090325
54345317
74756826
3003567075
2711171023
2312810112
602740184
31707061
1378781119
254507476
28861341
2694895650
22637980
136595916
2809760812
2285444756
2406353654
911033802
263647843
220543970
13808562
272937839
273456262
2836330155
389510244
2237408230
110006946
235822567
132428346
112472551
17718831
1516481186
562857686
2980497041
278364950
106553407
2482470697
302637617
74377053
38492810
2645431975
795639116
2903064759
73803494
2356478766
2377949635
2683982867
195898743
2433423134
14186393
414977995
2795517045
47253430
32491529
211289122
1625816070
121164126
73971750
2506756763
2302507548
271376020
185287105
2381406825
2370616813
2880900573
734190043
24344627
2742390284
54860624
43078386
236810163
2657976720
794818363
861659911
3003604661
422479459
291866988
2754633214
194489115
92511984
958320660
182124902
398058033
337554845
478512048
2587061719
475029424
272059737
37012862
250170548
2988764374
2250486570
231371935
958473223
122820406
14079118
1275849829
15427864
293606138
556255235
444541588
489801528
2218898414
120146232
243882040
22290941
233554905
468551506
268953985
2302389586
53877799
756768120
2303271557
5665032
1001610289
22526181
2372526998
1166383453
28689241
2750643270
2655463824
133215196
2950716706
2463065714
2219801993
2217105824
65078889
131796361
2368635204
1257875575
1226140092
389389982
2487022413
976639634
2741947891
2780773356
1628764051
75083234
144278366
2315195550
1866765822
2977789042
2405696752
787774580
2729685033
3039168783
1137181110
816398888
2221718462
3041102615
1650135380
2339616749
431644330
16032967
3046425279
2302081303
22232701
612560790
132158439
200710896
498503338
2680205154
277561227
386457629
231077323
2995079319
574443870
347740501
2752118724
140972710
229047322
205305015
1692821461
2156561740
786405282
137777900
189552933
145373186
329165397
2375566952
47256341
20423769
116411298
1457392165
2899392910
3024866122
2942029428
101349261
1543436755
399324585
2329226376
