262816879
386677933
26311860
35227730
16847779
2315207564
2704027533
2541779444
1676245988
498234511
2241386012
269399115
63832723
1485429175
48999435
116225202
1715202120
302948564
275023883
123624520
2765992578
2388075212
101403450
227402355
21575717
195410381
18850564
30438042
580968094
144611647
2288308578
121261104
2499287342
86489144
2374331324
2350774776
18025377
23917612
2584479253
1369701486
2297481815
2252387870
2478141397
2212179205
2440570997
324964171
2829120555
385346548
2827085194
2272111265
1454687180
2447664324
22369602
1265727487
1929030181
2415072836
2236307282
2455114376
788492442
1213623457
2920970101
125785294
165335229
2910638711
1924720530
1654822154
918622416
1183898623
86327801
439565971
2459757282
50768070
2854106193
2370830377
1652453209
2339096091
23923352
2369592728
2351478066
2301712239
524122127
2935548143
2477020885
2372174178
926062267
2414810330
28035686
97261490
325843123
49408574
2466081849
888272083
2553111391
2461581686
1357342237
36080516
2995789660
2592057295
77127065
909572196
2637300398
936639960
18600131
2595088842
1728771781
1525864795
829750026
93887048
2250045585
3025411210
870394272
2784660628
3001923721
1451377339
1429244420
423625300
287210934
3044584264
2951650024
876245533
2973745205
3061311382
250376516
2698369310
2351339382
2539073085
256471324
2890773471
26984250
931544138
2414382311
44045081
2733112614
2729497236
259784647
2367366121
2313842983
55511657
34792486
2240935454
1319896939
224592436
450896622
16185879
2371300318
764444310
2530776391
58898651
931605320
54722214
3021426155
87417707
788018329
480221791
161302782
2225747204
435603158
2587437648
2819469363
2375882414
263940105
923804467
196686885
2308981855
2242302836
2758100418
1442312376
2264913398
1017791076
2313253446
49267935
172323296
358328909
217758017
394017606
3032720313
2260203392
2728197467
2734908327
2281815722
568984184
2368371285
562331498
22600696
2423537112
829779132
105327432
2814811673
368197723
2474500518
389701913
3051276854
2328525793
2381131435
2230554998
2734727143
851641591
763010018
2993747356
462250449
246188086
2393448206
2375699683
383145741
265075984
2759974825
562817504
2354939412
52003080
127632704
2311859094
2212772029
792902605
2996748969
2479712239
311687382
19400571
117856715
2190197779
105899607
994074914
2383088793
294727387
2796737598
2372162220
1355691889
1170076507
938829744
121768165
94212396
163018653
234841262
166153613
2400343586
2278053546
79589584
304997519
142157110
2223241693
2358887487
1270038192
34467570
2613984086
2789616441
1339182672
14440214
166530562
2899129755
321986074
2253994314
1648305080
455002845
250849580
18125466
2446943442
2389126902
86395110
2401442858
27485335
2458506475
1505343828
1362021756
246196874
218804015
2535093788
2317703892
17944931
192407828
320192129
2361814154
2397890569
486699266
1520202720
406431568
820857224
1093610112
2312896914
1534558646
83338670
2391028039
2314767778
2216436712
2351587564
369424853
2230037077
239467085
309826369
1934064451
388957874
390975747
2685081332
2413775350
2752926436
2398001503
2237927370
2369060502
2230643924
19080151
2403044516
327700774
66662429
2471587819
626251424
428138278
404683804
2231189252
41700167
204448003
40229286
2226948247
2321654497
1625498414
243238269
368803057
156948869
2375337679
2223656113
2499512802
265899859
144365572
1133486174
2493437504
531655324
2327911741
460994288
2374053638
2369976362
2447882124
2392466620
24203097
347198963
512814104
2606521149
148452137
1413091897
2356351802
2234545502
15512670
31080136
2232888368
3028072109
2724616626
627945776
577291702
2310676628
2506521135
2353485140
2453246514
2540785820
354191093
58149795
2358744281
46818339
612724992
2333826209
27693786
51335781
354682307
90286816
212746574
2246986993
2310889430
615766863
602740184
2374057632
1317092514
2212683144
45239771
2224040881
379282298
21889627
2300299862
22495574
245547900
2313720536
780514338
1048686950
444127067
716585397
27043655
107968051
2543934432
1292126678
1445828989
2310837482
268385416
73398952
2365480440
2605764724
430624316
94209955
944177798
20072873
3059370106
1623287251
21196759
2516181758
1169857784
138822590
757171202
584985919
2379525791
2845307871
583119044
195898743
2375139791
2437341031
413906000
2313758816
78364932
3025428083
2305052573
119590590
2987013262
2195846640
22168210
2172292811
2329329656
706595600
260706920
2653488732
2541944454
1333122608
2192520229
206413755
31667040
2755455294
2977789042
441193606
24842995
2950716706
37752159
864001388
2862224447
3043054408
1883924160
455954419
2525266778
555768292
111873703
2832079027
2559521127
2510999676
2290841323
2364707888
2938684654
259895894
222542059
14857525
22177694
2255424079
957306920
2912261778
860604739
386768989
2533091000
3013767796
28575158
188124948
108989895
2490819006
2229407488
887361588
2297286916
1612410164
430948502
2570522812
1001695700
2685959761
427230369
290925542
2276779309
2363961008
2924984939
2523215357
90854340
2229201696
2254800032
2750229253
2478505844
178256465
2219598224
294028113
2501695254
2553560545
896577284
2575433509
26458298
1013405706
1455083180
2990074222
393551997
2350035164
2298324180
377320419
2326669144
2223863806
2999726187
2609293998
328455681
2504380015
2915153973
119324044
2159750414
2403384552
2279927055
386742747
2565423540
1451938003
2221493848
342161347
324264044
2543219545
2308633824
2716851232
2227322532
2522780765
2422988518
114753550
25263220
2352227913
390696647
1868016284
2392201764
2815171898
2781052657
915091508
108018807
2494246794
2841864309
545341539
20245527
2495018473
528451817
3026085999
111021184
86163193
317651431
21885474
2380382220
194192721
1907115938
196706811
868620044
143427448
2385806143
497830254
271349786
3036815979
22679976
3052295315
2493972402
264836363
2157566028
2369768550
20012895
1174762118
298595926
315809292
490585993
2775909654
2660410752
2553154040
42565336
868936920
446488640
931713360
397846530
2432894358
635608354
3007242258
2693500115
557665372
2294822140
2310389551
2649300462
2775644394
2987812840
2537862475
2582096803
2867139737
2353115534
2397166208
267736380
2541805111
2998892890
1851354788
2778839647
21905086
221445245
200251650
47677431
27045771
276064146
391702208
20826640
137558050
225227311
2462670259
14013202
539079849
45113855
73498797
2217311312
2274255962
242985834
2196258063
2992801704
2398775125
257575363
550877470
1173944071
255364701
1461448568
2369641621
2164188007
2491845824
529045854
2350985893
2382750942
52329723
2917187933
293030852
1022755891
2472656414
64826285
23778212
247865851
207441433
2373560916
2440607929
2352436693
29227818
2525860394
2337451080
201757835
2348625554
2463718741
258082651
135578944
2990790946
180631163
923951622
2441048114
48113280
3004047783
408326555
3037236429
2401971236
225438673
937059116
1120931161
338465876
24773466
190269156
577076313
2921466909
89522921
88635165
21478415
2871364516
1151009124
92939766
876006139
2210822792
223456342
371723043
93410612
108556027
1024124754
592818441
453863067
401896102
1876150914
510120883
2420752340
137414410
2374154207
2771405038
2526668269
9285512
15301503
498251000
2447096960
46671396
2379161758
488270264
19145560
288758181
266084123
1561329762
2451732105
20138128
2785617068
2702956276
1065618655
282010485
2373694578
73803494
84386050
257221975
132970227
2838971849
2737442363
45998359
2205548274
84417802
2350536606
925311906
2430398826
481499244
2426446757
1068791401
867437262
265266455
755426353
2365425882
22323324
300437885
2226272905
2740387178
2802324369
2310327841
2392873728
248246687
2602317283
2928289972
2301580002
2724679705
2304536438
134991841
597267379
429989103
2295196603
2219857820
357735362
1585192123
15719868
2478103369
296755196
349395388
255618330
307368002
2490050436
1392523968
365341838
264131833
56698771
2544051102
486505335
199291635
63170688
91800578
2208091680
580676113
1618356626
2353180508
315210862
2305601048
2249718348
2212896715
2398128991
19135715
2226338960
2194688740
1118715186
145776122
329697987
2418639158
2356127598
355553437
2938822803
2962824201
2923386941
2980933206
2962705204
2938811122
2937508851
2930747302
2964963503
2975089144
2977103711
2894803485
3014453480
16827148
37760576
47583332
255826721
954237498
53190110
2225595024
69986363
2317884096
2517140557
2910191776
2212806077
2568606470
163217488
2297666596
468735647
2233114944
2684980207
2360997048
2707097522
2706851356
2382479468
2914237738
1101358790
2254201233
1466396708
212674817
2303271557
1537170643
454409111
2867802112
2505476564
2853218723
2775857870
1485403460
2865405256
1848965959
200909315
2247140905
220080432
2743233123
2307928750
2486910910
1073554670
301365880
1028049379
2432169984
1111275474
1930906208
393902100
14636384
497000581
2925812843
1864291490
289035065
2777653659
358118086
575321370
1055215303
263546779
2727217895
2674001280
2658957878
2777105731
2704521656
2651569850
2786404254
2765596834
359464680
2314709474
2389548475
2731872089
2743104417
2302507548
2737124888
2574521093
378738961
353498108
122782183
2929072396
2368423478
2870580046
2489343636
2859537070
515227531
253124469
2350898167
149431991
294332076
921805130
2677766264
433139786
2216074497
2400235495
2499806606
110671382
524247069
2973691552
2383396332
2194241613
252979721
1279958772
2752620062
2356485277
2812716752
2733278950
2325451284
1168531934
288492468
2383413742
2260437824
529347584
435791800
2552878908
385870170
36112504
2654619433
2201538088
2990079629
2859160361
1380411212
2692077338
2375434604
433231620
2725559466
2792250820
169714974
2780405852
2574382507
2799483765
2468238072
2870668097
3022648593
2761709602
2576095884
2800002343
2222620237
2758909548
2664058513
103570264
2353003632
2650075776
525268202
2909176641
2687873946
2278848053
2715333957
2320605949
357068847
3032406921
2790481471
460164763
62484389
1674444175
2687234815
2794775203
2353788986
2743014384
2269771791
2954730245
2200430751
2283424310
2731655223
2890956959
2883872348
1861357464
2841948712
2425765082
555762435
2798384060
1357601210
2615215782
25514299
2285367096
250847787
2443844125
2354594036
2802126685
3014259549
495296087
2236328449
2998134088
2538113678
630375482
2847868205
460868696
2987800001
2481781923
631906810
2536553837
2782859101
2238369002
2352012553
2753819945
2759796739
2289244330
2731698647
2249332970
2466285277
255086219
2563906639
2239626800
719868644
620885111
304057894
278040772
3064990575
2888954060
2247863552
1975983546
2690453480
550696788
2804978623
1597899283
246979484
53347647
2362447118
16790655
2817635971
577106360
374775473
282566200
85355294
2356848161
335538600
229835502
125095427
1349999419
119397992
1532132887
311613450
2808455227
49687037
2310760046
3027055760
338237543
2748564151
597749667
167315797
2969931467
2212658774
2250651420
2415707727
2303310055
1493406348
469095624
867391951
2207882701
585081085
2478874812
136377892
2799388561
2744672212
2718930082
2852790653
1596165014
98447309
2239112191
552756206
2874945578
2680590093
251723190
2378944628
2880655515
3044139774
2701388952
3039461992
2494409562
2534652484
2752786121
2337146744
2552694715
2477996029
2996745436
2544061142
499885805
2295103212
2950233165
2791791073
2420175752
316354831
2537447046
1143642636
2551013705
241983890
21856182
2528135496
392636701
1229170682
2178784034
1409889001
388473987
305526924
19110628
1912565419
708309848
1278050952
2659115942
2739618493
2754863702
2739680245
1602224485
14566804
734977716
381287307
2613821851
2313514260
1250340006
2673531139
518020575
1620428450
1625304667
268254518
28162211
2418776960
229207628
308687439
2830282177
2753442263
359250895
65617648
2997326446
731344207
445745711
25637673
142171258
1637541067
17309168
1017220874
76297855
43079427
241022156
188681444
2318652065
2273110504
217338349
2914427715
14401607
578090036
27448581
264445979
2988718758
64236206
2378742140
969920803
325774787
26924407
17268481
18662449
2230673360
943764008
248157429
1264774998
26566469
457154886
93723783
2902546372
2356920825
1023531319
8874282
2992442413
2944164937
579012035
1674065839
47408060
3061704382
576829705
32266401
525297522
28101276
360793850
2374934514
2742997421
2835454253
1192725398
34093672
451700311
2433423134
587302679
15978380
2836958635
2342032675
2195628277
2828763361
16492455
953695980
1210130868
2570650778
456120023
2493943782
2887196908
2173906800
257968492
2477376468
1267248576
2557737781
2317609638
38479938
2441833022
21747882
288963290
901413804
364133958
344668090
825801150
2246422989
2447116771
2474515398
1117332486
250716147
634436957
275350991
324559822
1669934971
14534530
185108691
787774580
1515438972
50645038
203566757
2356642926
2671351231
2867541859
2999554359
2668836044
2377949635
108077798
2645428068
578348764
1583509170
2788105832
17713591
28511259
19048692
2398314404
2323086596
2395356654
1087224452
2382099292
14106476
2752935406
2997212257
2742071414
2280290431
51518545
380279061
2515011956
2238367448
276306991
2969780710
389081753
2380166731
2763191363
2397721136
2379556296
2396493517
2355249432
2651344416
2756163184
1347766734
2886333207
245660224
259796910
2582880452
21639109
1373505554
885395202
2652198735
2225488124
2211730557
9378802
828702847
3013639482
771390104
344381865
442541590
2312659651
965298974
22313978
17264634
48992928
13562922
15905721
817672063
538827041
2845340686
32298950
446982484
2605478167
529711774
16542687
2370802212
703223386
135096804
491471063
1084264573
28753195
44504025
267360468
128110738
44191417
49415744
421191913
2522622542
32232539
881581807
131273713
312997336
2233488978
1722640027
559727269
258208740
2345426397
19177383
21745914
2909386167
180891245
2480457782
1657850136
2928549636
34116023
2577070220
2367329905
274909596
2970066172
160336594
2901403580
439657530
1736554218
2532319772
242361968
2215835730
2790292676
2163745834
2839294894
2472115024
49013960
1257756930
170133233
2566535282
92391806
2578947060
39609732
2953515453
16428036
150183299
1689165678
274498914
3006834917
1392120476
3004153879
20414133
559532577
88158622
49800332
803612732
164336229
134971995
237572596
312288868
55370049
820559148
1952855342
2359485313
2762033381
97596249
20195562
386228286
1571218195
2548691443
2432714887
606908356
2503832431
271376020
2964604365
195698288
2596326805
2802913834
1639519669
398225548
45656353
2536890308
21760193
2795543358
2979483185
2568526958
2368967366
33960482
2352042350
2327827308
544834798
620122782
33170758
2462964666
2464695235
2510050821
2417340375
2510048902
1317792486
2464212206
2426023660
264265349
633758077
2980035148
21685155
1209778926
2366882941
2925689321
1652901986
360484722
478512048
2698969959
2441981804
2529768871
1436616650
236054545
2330570140
2223291246
720303756
906023286
2196727578
37233899
262090842
135886035
2355269306
2377823120
2388677593
140464754
152941820
356767130
252911204
60017224
2303259782
547634793
2745963809
377882157
2370616813
2242921346
22842540
12531012
268890324
396667365
478676451
48959778
2716181018
2258872316
250654425
198238726
2690281202
55240866
2281688603
2601219450
312149113
2782577955
3065603745
19353240
1649303797
267132683
386188283
48136876
627490600
258522742
389366418
1042922828
385447065
2182381315
1923648890
2368109502
304282786
271510616
718962284
14788121
2920197231
323132599
594837728
2202194416
28099549
2742390284
614318363
236466533
295125390
2287859311
2362187724
2313636247
2278322935
2381475307
289178896
270492072
2696649573
144940365
17718831
2561965273
2579925552
317537080
2445788659
156898278
2730026571
441745547
2866894688
183068111
1004265056
368224044
2485772833
74756826
47391887
1163876526
2312810112
2619196809
144585909
216619727
2477150935
217078361
22064251
202897577
1618526544
2512180688
623389298
2391404695
2452871100
2592449219
37913429
620504847
112607887
263647843
537846035
461262004
2435421386
273456262
2836330155
598575541
2482470697
329602799
202976184
56989574
235822567
1516481186
1951682294
617842892
418815175
251330873
106553407
2752641342
2798498268
41170844
626345722
131276801
2156561740
42700240
161310396
1616605076
2356478766
2685303624
727472528
14186393
2897309997
395760413
191299953
261639441
2976462089
211289122
102381282
288254085
1721677926
552753487
1511018348
2506756763
29736739
54860624
414977995
625844938
431177479
2750643270
2744901316
516258811
246218218
21428264
84493669
2242977906
964794930
431814865
169527526
593342422
27739833
544193337
2308692307
3003604661
958320660
539279026
2239328287
617619927
207249457
69533246
106653207
83928524
2316163290
2285541168
275614989
411039931
309816213
2584410852
28429176
2250486570
2344301881
2314289569
242329972
2840378924
2227118350
2566913707
2405696752
592600838
443054887
183341043
2816668348
2394287137
352516972
501816919
422479459
137777900
31223236
1136522773
2218898414
244170872
297887887
2937331882
2267386918
18396319
74377053
562857686
2593165068
2497800864
304299956
613789272
196355655
2407019436
1356650942
2214487806
111818443
137064173
2332497344
2166255837
22290941
2302389586
3109265921
474015314
2582756852
2369757335
2375819184
1664754638
1662085182
180317088
22526181
564198569
175875725
1404229998
1480120568
2966585309
2753076010
2965661128
32861321
14619119
2370661802
146439760
65078889
2602176076
1226140092
131796361
1956570890
524337527
144278366
2784661153
1710050395
976639634
2683982867
229437912
333343647
557940912
19549406
15427864
280273066
2754633214
73971750
3041102615
1325570360
51159230
405028433
1110406502
13241992
242437243
1296499039
1336965146
2358125977
435967821
330827198
3022181967
3037494766
2884168344
2790860349
2843799178
72011064
2423386321
951778310
57423046
2716028982
326782484
2339616749
198938158
2210818765
40948247
257447445
1510592473
2186300442
340205456
2161587978
1451363610
2416741663
2461139256
305477788
2788824572
631356277
628271141
145373186
152324906
983721164
431797110
2831439547
1911089510
2459920208
172595114
395132433
75275268
58446094
324230791
2957633390
110396763
486288760
2773649189
2752842909
437417506
3002402883
2924514130
102325185
2282158653
195751995
2653175684
2533014732
475133279
3064803640
15905229
3008712345
381718723
2328708505
1550439127
2207964096
2305109761
2987105895
1644035611
3060135903
