1657207237
1593774876
204472159
2592057295
142157110
1598554111
309826369
294028113
2391799280
2717324256
512814104
2214440169
472715150
734190043
3043054408
577291702
2223241693
296755196
552756206
2917193206
2835454253
243238269
2307933755
167315797
2603053482
2904736113
2822294346
2822403198
2665080499
2375745218
2601210782
2915153973
2601669426
2601267938
2600487085
2601090894
386742747
2352436693
2325582060
2609087240
2940085480
2594709595
2604810096
2597395206
2601083838
2601149462
2489556660
2597368886
2594421812
2948781723
2601123080
585505730
324264044
2555116254
2594153370
2603103602
328455681
931544138
2613200616
2609012029
2609118296
2359830324
2611013875
2400235495
3044756860
1593851258
433231620
2597501432
2278053546
429871511
2789616441
2297666596
241778680
192464841
436826866
577073091
321413027
2631727346
300437885
1573601426
299789067
484584933
395958225
577774403
2392873728
531108159
1354938914
2575433509
2778472958
198406178
2362193683
248246687
1581092526
2152989585
805897290
459757593
432512256
494150418
425826089
242414346
371191688
1274745744
823022047
518934872
92821589
497000581
2758834280
17839060
199291635
2990079629
2403384552
15512670
323132599
2395790593
2244529064
2818685980
334193003
2845694086
156908683
2392466620
2870580046
2847868205
2249718348
2443806792
2742997421
1921693052
1192725398
2752876714
3046908393
321934137
2568526958
2674001280
1001695700
2996313892
405054531
2704521656
505774445
321380703
1121781422
294332076
231016398
453848836
3001929399
36071202
2924984939
2752620062
584701420
2389548475
2775945289
2478103369
2743104417
2569481322
2908199303
1855355406
324840942
428138278
2497056368
198800672
205076310
110671382
1592717742
119324044
2147549837
1721598600
2217419694
2859537070
535042590
1890458946
446982484
749252804
64956963
176071592
358118086
451192070
947642695
378616566
2999618542
630375482
63170688
2371889699
460994288
1011708362
866829260
520621798
1683221995
2378944628
2442325567
2333826209
1021542846
553590938
205642863
1920188978
266486845
1497788526
192874345
2367260539
405497720
2525266778
488314972
2776236692
242466794
464534373
2853218723
484806594
34684728
259895894
1475143386
925956385
62484389
290054710
259771708
326071859
2615314368
575321370
3045705686
19135715
2226338960
1381900111
580254115
2727217895
49549493
429728527
386127572
47562921
447991061
2457943949
167726031
474165360
574851399
441943003
518739641
553361009
636046371
165368939
1639519669
1707829123
520178488
231077323
359330855
243348923
583427016
431631762
318836595
209735575
354191093
19300543
214024624
2950898170
720918103
542372341
1178665824
428246809
951778310
1579976754
226975453
98046488
252979721
2222620237
585081085
2685959761
597749667
223983152
2875499022
2842420249
239467085
72864162
2549465113
2592449219
709426010
918622416
2227010899
390975747
2802691253
2430398826
1013405706
515227531
437372794
360793850
2295103212
2278848053
2236099692
919677133
161302782
575023024
614318363
581674881
893135101
316354831
338909308
597267379
2304536438
2375337679
130996887
246979484
357068847
125785294
552756948
1833341726
2921479631
279348920
209223799
1004265056
464673614
516694000
2501068088
529347584
2209463611
550006297
22679976
2574382507
2320501094
602740184
43078386
453163549
2380382220
431962524
927149335
753095426
429995196
435749585
165323247
538130919
2608064537
2987094923
2323599732
505941915
256930119
2321654497
160862455
247665608
626251424
2453071350
495780425
2802913834
2799483765
2817635971
2449869332
431021855
1661894341
884071716
2603120371
289035065
479850454
2566913707
250847787
2782662456
263546779
2874945578
263550560
256048611
2914237738
213171636
2718162539
2371042706
2990074222
373071002
2426446757
485685335
328454510
2517140557
1638467736
2852790653
2905036366
2207724173
346700583
2761709602
2314756137
291187166
282538742
2353180508
2490142740
221683276
217006435
242437243
3038733658
2267386918
2758909548
377320419
386228286
103570264
2537447046
1912565419
2865405256
2234545502
2909176641
2724616626
704923010
359464680
2859160361
2236175028
437041785
67930398
1490080664
2685081332
577106360
572625312
2501695254
954237498
554552999
2358584141
1028049379
491270465
428211604
2356485277
437633677
2668937097
588162929
2608302408
430200099
2396692748
495418680
1363214102
2192580932
578931435
52651267
1157430247
327340341
20836056
2856715491
431734812
89675715
1841643720
1485403460
769676725
200909315
2459412222
3024866122
2952812992
429714271
2742390284
2174934020
2757805412
244215508
188501278
2923523999
1168531934
355697454
430354517
275527467
2725559466
2987812840
2226364314
478512048
2202194416
507642906
2601572940
398955634
2775857870
431771009
1021804309
2615459960
106542633
531482931
1647522841
318370230
235687918
892747236
2877214415
1563867440
2394075146
2192371142
164561938
604768397
514626337
1527427003
182387771
2743687930
2966585309
2303271557
2706337302
2225488124
2250651420
215370006
2212658774
2415707727
2574521093
1172628523
365341838
3014259549
2576095884
2918231439
2410659768
2247140905
2481781923
342431248
3032406921
3039461992
2649300462
2534652484
2996745436
2274255962
2374053638
2752786121
2754438800
3026483380
2869764850
1346460751
2841948712
2249332970
582289833
2523820883
2925689321
2375791376
2992006737
2949081545
1001610289
2825754909
2258872316
2405696752
2692077338
515809992
207572271
410176691
43683241
3025405018
187856813
563241366
958101812
2352113760
333343647
486933765
2355402048
106732321
1454734730
498205423
230396714
2340109806
584083835
2668836044
2792401488
623389298
398225548
52401369
720303756
181859622
3059370106
26203470
377418341
2423386321
620122782
163516899
2355390902
2835919730
2212683144
2466830108
431177479
2302507548
3032108201
2503832431
735380953
2777653659
2375819184
2720273194
2774662248
2341837975
471873804
2940444551
2491868150
2489506268
2892275314
3064994981
2572468843
551826868
1264281804
2340088014
2242921346
2280507122
2765543981
434036801
3048076644
2269268087
430986416
2455114376
273538524
519313956
1952789288
574443870
2920197231
2325451284
445361262
2774679020
2925170690
2953413020
433139786
2538630711
2759796739
2698969959
418876378
188740083
308910035
429971575
1919667181
311664067
343591445
2561165647
2510820049
2882688742
2352012553
2683982867
562087910
256030035
133215196
357342975
2653796065
2297884910
2894985381
395132090
2356351802
2803786405
236466533
14636384
1633554326
