1131352537
2835583023
3081361744
173591614
15633821
283045686
340073211
2470316882
972384505
204168668
77954126
30816133
69984874
287124377
257978349
187996210
409905168
401566103
592745310
522218015
1867077584
1410169434
2521336256
3051061100
15486485
14980174
17853818
81714813
865405495
173735536
766658
22607317
255807625
425580734
18924074
175355774
3134092518
2549748204
1563486601
49715929
9334532
1876603303
117936705
43557178
125637896
846652436
565516255
287755950
22625177
16750979
2925212518
15079924
20599826
20959704
14534827
39889387
2365013095
13381912
339575191
2841605426
371723043
25999072
138390722
16085646
3075464610
298671040
383820312
824181217
40916217
25849736
121514648
398172747
1960908852
364840896
94176238
95864272
292447081
569932227
438251774
75095117
17678156
20596281
38027006
14739684
254295200
25488827
68115226
294056626
295032345
109390248
2522898120
3088122259
1885553143
513858656
523045204
1453635474
1109002483
83818017
2173553618
1252389091
2559457746
44876482
1377095275
819396864
775067162
73657561
363717962
142665504
95274743
335453646
388082836
2559554666
2580420020
546145348
278919227
704781056
111698159
1956391339
196277936
2368902493
259123220
21525601
2158937810
2806765688
3013552597
2940699471
2176003853
2912574474
329996710
2990977423
2222644164
2997706808
1046941878
2310938034
19726084
2868827687
16542687
51477337
295834423
603846995
17919393
1248483494
1543801099
20159596
502305420
34266989
14823017
29183527
20044440
21642126
127804600
2730020462
2201170792
5698002
2267964218
149666064
113391336
482003971
26217850
983704093
2845464628
34262462
2717543052
491960101
102862980
38647512
1112822880
424375918
399203275
104009566
562597250
42595046
125582247
2878535054
1664335448
342772619
548811469
633015558
2195628277
91304886
3161432630
2268179678
2605169240
604883587
118284260
66284799
3138326769
19042993
33451842
31087423
3098743234
48655691
75835353
918030223
386431631
314692357
15227293
835224368
19220330
82539013
19311292
20766407
26738483
83694690
36628246
305949370
23739802
62356591
31621004
263981499
1103618960
952036076
46442765
198017141
2321929898
2539471159
2961709145
194912640
1907253649
3004542745
2437210908
1068558644
2536821702
1251042792
1158671916
2871217153
318946062
2559806668
2407380300
2999376155
2401045609
68127865
2351311356
2865739678
69013607
145281864
2980181215
2853137066
1053991704
3125699079
2911627142
2976158300
17545542
403109448
941348641
2213853662
149917241
159407514
1701352850
3004847983
368869467
2428868693
3011422807
2949071955
113630287
1706316146
2930596951
601844428
2919681091
1284538051
193759797
294233145
95169449
2988682607
2991691509
375797477
1574805678
1027696742
2417805091
2414583305
130702943
64116962
2963190840
2542149027
2991811165
1338039582
1442699808
2782484546
2651415996
1365380834
106788885
9378802
21196759
106057438
16234673
21274701
21228527
2902546372
517212934
130220620
43474375
3167195552
14799078
403205669
2883642739
499534397
724397754
209681820
14496886
2467216459
212506032
15688467
122102181
75607421
236516892
143304437
16325355
502028569
91881036
75761956
17003375
363724934
86921800
223145087
18945060
266275382
186475197
905073708
85777561
853625797
26482411
2788286600
23630235
17951279
115392153
30945921
2646568622
28855697
162283218
999721357
207514584
59557368
514033223
20577000
16025112
336370847
80407409
233973493
363012702
300716819
16308922
29765246
375676603
1178560795
2720189334
59560250
58743813
1073852533
86949868
215118210
79625595
311483470
149138067
2657882517
135637064
909584641
58081428
94335467
2818271000
20299148
14705116
18560680
2820744853
265438672
5839312
121585347
232423753
121841941
10858992
2958733453
42568395
21561491
52143488
15218125
128506498
52035963
320228774
373278558
2950682419
618121645
25930402
2935693836
2167997648
57323618
9278102
35671406
15452937
362523555
2498016836
322281109
259796910
2503983241
426390449
135331543
163314282
2700800172
476551939
61481674
169670184
366089337
2419692891
543410216
377619841
134011467
1300282147
124161120
435679302
2497173145
2497833090
30460070
61440547
34033504
2515177765
1938886100
618232650
222323499
58744497
25849873
2562390674
22005584
84175978
3028196501
284421065
3172456170
3165206431
36289727
2690987964
257436071
2097571
34615731
632254162
159072956
1333266062
501061708
768275844
1341462944
10329492
109217956
104626843
73452506
1491535328
16133674
105463286
47064286
190676563
491070839
730161080
144703320
17668901
291349358
157096113
35504008
407027256
414108131
251663248
280242927
37352138
258897214
384195951
557551007
2823623670
366402591
313199100
203226820
176309910
2297230705
65450818
17680335
427471329
2319292269
594683722
2512264104
135730830
134349018
34582525
21631569
121774217
175399861
268795101
1196216300
571923477
825298892
2461291600
15397367
26204253
61404647
70059530
18258488
270842585
992340133
17836681
274360486
10409342
16334908
140005441
256907636
18216697
197220475
21959061
1924046852
140549175
104342504
64356780
1091554020
17802593
18312315
219187851
186786949
24573672
591310560
125570941
386425059
55949344
56978361
1022550523
64166238
95213732
834716378
59209825
34239079
90138861
717837572
1363978470
49170214
17737614
23407415
110428801
330378192
2515806038
42549209
35550666
14136114
392777552
48648289
365933528
350892157
1819990033
128486541
3108436560
27262152
2410502900
287547999
346316391
615018115
709714376
128983205
44422763
148703098
28279637
457571751
186348630
1888008360
101965808
255397793
53351900
103233109
82551573
565610648
266916216
97918772
523061855
1117703804
95711872
45593774
1888698361
95187281
1052663983
61382823
41804520
170819822
72301457
874044391
391052158
142883006
2425838569
293227742
568967091
1466312012
985960088
795639116
2269391174
28064611
78787098
257028825
31367001
17802735
299062149
34667729
711943898
778057
2768501
13752782
258388627
611647671
197624383
249892766
529554922
570331342
2247381398
264223239
866157062
122141725
1001439181
252203351
1074792596
273122333
633668674
3014961694
323870386
3033690970
19711691
23959413
20283294
1817901
157505677
32922549
322658873
96704053
2888583159
2656695361
7383122
2645428068
2881778455
2231905548
464067709
22140082
2738929208
127790650
48438566
171656520
16829397
16952373
319971600
242438723
39296425
16548855
279164084
215584201
274714964
15803316
192477353
15797425
49053573
55712928
15978380
357331066
1154506832
495547989
83440337
27638547
333409806
1073653525
2197843422
3207697689
1408327218
2414609995
404057139
315248366
803365566
2515119007
84169175
744087534
14382779
2663924564
256015042
2356127598
113410319
48296928
24275463
615004763
265235618
2579006533
1030058700
1373505554
763353481
2435191255
2567158808
21678245
3030728885
16906514
53854870
387516768
3207580648
309549093
21969867
119189335
2598604298
26380701
1509863664
57271991
389548615
2466216234
733138352
123891108
55159374
274585937
312816046
3013640852
71518259
2367477707
134525908
1061630048
249319387
110728444
259685077
708176525
232793668
582106144
123388787
347814622
141199148
2755624355
255471329
875778446
150693786
555720158
731019727
258684352
2804633925
101045685
121812371
117077459
552865041
93269505
70906851
1372847262
12380812
36579120
2221595940
218970609
19793067
115533837
128512138
14121177
94128538
496549415
3134324300
567289542
384483993
1355054047
283951055
38469445
242059303
1662313159
216824024
143306177
990228848
282884741
7068462
68396148
46056843
67283360
24464985
135081980
103769251
284059867
2523963143
1706234442
2449645080
2734087717
367489515
2890531736
27866907
20904078
543177628
217078361
134971995
26043704
43966920
45674330
17094712
14152680
617619927
47379354
2847727763
1404087277
243882040
410762826
17233536
209833543
2917151264
3014148579
190624477
196506470
91948625
38474832
154498853
2769701894
340552372
88372822
272937839
199924232
46899351
177362867
1011339350
112967516
2372174178
23954327
314287177
91465050
2515280184
15002660
2927074329
15968617
318358387
153876973
14800108
154897811
19911489
245152500
107987513
2534867085
465818532
576829705
285714880
2887507997
835054112
844640786
177002568
456161896
168672457
66746614
359356185
24050421
262655259
3205479419
492100821
326779914
2906495251
43985337
63336297
487138645
110686923
631443420
56170960
1915147880
20377194
155672788
1056701298
54208305
75126819
2919922948
15604930
1798591
300886857
1112363430
205070817
17973217
222866446
2369554129
149571198
18529185
23166480
1361898764
277467546
2477521704
152987356
931696854
45145396
852352520
64940551
1256599436
2936553124
3139956288
494825811
1967813779
1890976934
2580566829
2953516844
25587474
1877783624
2578182110
237612401
1120818288
523139429
52439455
153431688
402117759
18531312
15174190
17268481
2163248447
7154912
30230992
2806160216
1354013407
1710766862
2810009016
1711202948
244452760
1710860185
108147638
995008926
19059966
2828570306
1669934971
456663777
1548800707
62833285
452810510
17250722
709189104
14755165
20156224
2613926054
2257551608
75713796
335804523
118114048
145676658
81999814
95094897
46816316
217727004
1251973904
2435271600
36020497
3163667626
459820801
1126689330
1560893436
491046093
219411441
2360821309
25355041
1167607994
820576729
1721746303
401207514
47817339
110263006
210766152
92173142
265390316
19203768
235718672
23096286
427865020
35515250
42883359
116611776
50645038
721263993
35711792
16834046
15762575
64777298
19082313
24620486
625760052
1027358748
553691103
57263991
102142168
944212070
3020138827
75576664
2750105810
3065279798
119642250
1654442893
16732590
164336229
20960229
148724758
21505698
1343416184
46597632
87144478
66159398
18993395
2370443605
1399113342
614648583
236846307
348383982
14793505
3087680928
1940567760
487467875
23181314
28597535
2271081132
70374720
120693019
2249544894
51033440
18356802
248568868
2214866704
1130575880
328303483
50899146
30313177
19365500
618397865
166978793
192866756
41555041
14304568
92064857
71395716
26847104
586170027
54440457
3043328377
207568811
1959451933
98147959
159073561
595181838
312877157
2749506961
113720625
142618905
163265306
788081269
142831560
396667365
173767084
236295607
269207401
296208740
271470622
53933311
1362504769
275562457
868046886
2384659146
284465471
17184326
295713773
2341930880
405971462
2239041061
61398657
220235361
70319286
3154775580
1457106210
25489975
197475680
309081292
21412279
142681466
770804904
1684855069
18921618
181425925
40012474
38838315
1342407211
1021025779
2238448003
26397182
20256132
2480244282
1602537288
189874453
2194055537
20068817
52714899
465015514
325129312
1044503209
708557209
1543436755
158123632
840581
2593431662
1376465605
1199918821
1874429544
512093622
2545084411
93867732
1319731807
1926497365
212671409
233345901
45365156
546542594
558842271
26369614
2205391411
2472043899
211337962
401199814
301049922
270663665
248453338
124896390
2540573372
1130022092
183166373
20974316
581063737
959042468
1447124034
1608447355
48140285
2947749794
2166103224
129571317
547839306
558530817
422602255
41760710
2179134607
20674741
25987417
265976874
337210102
1724940206
1439395976
3137517334
419091939
32148675
14055301
2566535282
2903637459
15821039
19396431
28332935
20671699
21303235
10302222
41539999
87661105
27830610
828717014
3069843927
55538852
841884115
1430665740
32391821
77200952
2889407428
789501139
1589746543
2498126875
146013557
571606281
2614803986
74721799
22842540
458328611
280385318
386313872
977915887
100485686
1646044446
2181188602
246614123
32241249
2180226816
180317088
49606238
999907196
2367806942
535428970
64698539
475308891
56789832
2792684619
871539086
916716932
627350550
18988435
104117987
59363953
33122348
2237172732
2454537428
432255336
755188518
2988686936
157511176
61442935
549384639
1363663284
92928040
264531207
66892799
109848671
1366419649
261107578
18860860
22831330
242299173
3165675551
83388545
142965641
284170961
21677764
4592321
1216575650
2684738857
165691080
59527907
18621377
65884240
300681824
35235796
119764084
14741833
300620932
16863762
2645420418
2645406012
2617629932
2645428922
2644983042
66748937
66139575
16026103
7400692
43337452
1173769309
34903105
1201958474
478217803
235261974
20974456
19594338
2752930654
147982554
47590776
2338240763
1168495417
956367750
55790036
48379508
117668269
2817012444
110968978
81095948
4416901
137006630
3207539235
125130152
2939445441
1525107008
332885182
11830
262302919
513774875
427679559
852676610
135782204
43502759
2573117793
106722267
1965992924
147208741
524610484
227091033
506527461
11695472
1109595476
714255080
2822077306
49264940
132005626
2235684500
377921923
390812465
2856009100
157096868
59297161
2691320761
84613584
587060118
268391128
608583
41560467
717826254
258040787
1057249033
1277290910
2493686594
24086519
103764996
271690137
2216330584
1087313888
33387666
129717655
2407447756
2352876746
338806898
1400113225
1338457063
2245459824
1338452869
2812845416
23065876
47292268
510529704
34571662
3041639401
2153522150
2691335778
3042670898
3052621352
2412543222
114797019
552305336
29005683
27591023
1049511440
2973843394
505768077
375203561
129673790
1864341974
2918383277
32189808
422479459
1527226476
1196838541
144354053
102120441
1141742574
2500923835
2714314009
386015437
2359123507
286702880
1565307758
2213140117
3116827286
508261083
3054199969
297770842
17758398
3193230514
92257672
113778524
2464470806
1562751931
103245828
2836799752
17917028
63195881
244013273
3091886675
3094300440
1000132988
3016858651
165255622
156354155
265451976
2958011800
160509905
1560809017
7340612
3120807024
2399391152
464431420
312551423
103095293
8915512
2170164352
566894485
62682717
89884844
358620064
242409534
89793918
1245985369
3105275778
1665965982
245001558
235822567
18134715
1248097969
213400899
14900137
17730392
2580512198
14798163
80246748
362482859
75972047
2263252998
239376073
2836682510
137129306
962069772
188687596
509514000
263639050
154267550
19533479
69520862
3042912505
1347766734
126559116
361687242
35465163
16340092
72255032
1443113424
50155798
258810831
274104261
633409490
330348706
85630838
312584835
398324307
408622668
196692124
192547775
1691911
870721279
401842670
22478716
37819501
414733793
74439196
46604521
104739452
17021418
3185921751
207395605
384478156
106105419
17174802
100471384
15759452
16009079
89314637
122840266
923488082
3056710763
128917051
1891750452
191795989
14159148
1139254410
178748139
116840988
43736337
55436194
52256790
2343460852
8646772
8952182
1608494760
36637021
346110964
25256477
607195676
28558024
2507179075
31041750
430716975
91842529
1298935814
85659017
2462741918
2488367000
461773932
164958779
2225723400
117533117
38685278
1226140092
2291799570
2735229048
29938367
147887521
2593915939
27247720
180747828
527277460
123151376
120098518
2292812570
44643351
152555436
1383467928
19071682
615121449
365918709
446063020
441178529
288235798
398544277
1016999612
2567048408
2497113488
2497206926
1710783180
183525046
725428172
303613983
513739938
189791795
2166120313
2992210387
468527291
69582947
2912175852
17143661
145967366
316376052
28631446
15396278
1076996864
472175811
125174102
3122334265
2973916486
760135748
122187879
2733945255
874810188
15574237
246107898
32167344
276694843
143045352
70097458
2931040038
2919105818
167326284
165860767
381414304
16320885
3073474314
127515974
2483054718
589330400
3024400694
37012862
3096702665
883063272
22460434
573833515
429014113
230254846
319349482
1395664981
1080276308
78436225
2152572284
84300444
1483386830
592360333
2483822107
2549540509
1005541201
2523124713
219088314
253603208
259157923
3028770020
2878151370
23027656
34349003
1087252326
283246302
38028355
1910129917
12707982
582927693
12038782
21030574
13753962
209280507
2567881287
2496068424
2163575233
2187809365
560802366
60361102
294986991
2149293726
91136680
516168867
5573992
278131791
480863083
55843171
17512915
134691686
478602651
329953369
49369816
10070162
17478052
2743678871
328116698
328279789
30775184
310150103
241130879
3167437917
987571688
492820762
54455596
17639496
823329
246799109
10243022
1038235795
55748845
2243859566
156554451
428093680
234010915
2583366222
403967623
739731438
1515438972
2210194536
31504312
449085036
38243418
17770816
619240994
427052843
120375508
14578544
48762009
350998176
104012106
842464178
364720450
273802283
34322296
35706221
474339811
2826411294
2611361545
862766520
2484785293
114601183
1237928833
50285664
1009968258
1427628283
1555172587
1429124438
1106324256
44136279
509679793
33860798
466269577
471061786
1208313326
618058898
2949691408
49412814
207249457
787774580
2989548996
898429658
51378153
81484701
2383655022
563424999
53877079
152031990
453812312
612797605
514580113
487118986
2892041280
1372587458
167521717
3145756525
15351025
973820226
1714648986
148683630
259623243
389076701
2453581178
54901482
3055068800
338334535
154762892
280550691
91583654
133901110
326592391
600417720
2594235770
2529899756
2324053074
2880298802
92993433
986104994
240991788
515892320
15824108
1025295422
122300688
625318038
239390489
56084136
56969648
3147501932
119404233
3147139038
280082481
139302076
781288694
106766540
16285883
297103149
2351443934
74616336
468370435
44090607
2798533159
153132339
326226399
1922143758
2249274378
2933240904
489950732
54157261
420067396
1540653890
2566905451
267010724
516023524
20722133
543567716
270421160
2304451543
61307129
377684054
3021489421
15684106
1690188798
1031611196
352893905
25019110
21290383
2275495804
64621367
73763077
85504593
197727623
2560184200
2318640120
1314317676
3082325184
416467884
209084129
495427716
919535090
1523411941
919199851
1524643136
918449665
495311597
807098659
61567598
392175224
1115874631
325783734
29297712
743892144
579755231
2810759872
2651749698
1135242078
204615367
18539194
66741087
27510109
139156833
786405282
357229275
3063811076
273911955
417832229
236684588
272169866
119651110
393847232
104502080
1358581064
2538178644
1262214858
1769796433
1205265276
2602364239
469455867
2161295972
2477945173
944186071
15754217
2402848550
2555435112
71984695
834672494
260262158
27762544
19787521
50959844
1410677898
388240524
259547573
3033503267
172859543
2963402740
254427395
483889866
2463065714
1580962698
1360368342
2362657602
1065442308
71625602
3105360326
54884983
386767550
72229444
273683993
61117350
262064601
1173824917
572840249
468790146
2339790408
5734902
1023969708
1307543324
8142062
98850482
2382060517
224118311
208132243
2329567400
16611239
1625600876
21694413
906641473
1062070004
2500537636
293550321
127493575
486288760
16341963
1392251660
864912096
104393950
596921029
1126948237
420670449
214293769
3077484861
230132981
318673769
186415714
498503338
2551184286
2559216116
443528767
37874853
1118669732
284345875
42593999
1115762300
718122195
1710360582
281705833
141669756
287569113
2363371689
500621769
62306952
2593339424
3154110405
2664603404
1263440252
118984051
926136390
919783784
409255813
81147404
917235745
2203232041
434042859
3112987229
575391836
570077818
271336593
79648236
140940390
861953796
496267111
45212004
2157362647
395724303
144045423
167287748
25265614
7816702
213466282
348024917
393871210
1092756859
185722558
1573386320
1156527625
308833036
66839392
108651971
1462913089
2927315222
1541966965
296116281
1355403517
1307725646
272020464
62459055
435547945
2517876415
1523667841
276156450
437453824
67977000
402727488
2273155532
58303715
241495017
53881815
30157391
1110406502
215468634
436325403
65078889
35482645
38208912
37341212
164037699
149481485
189066482
2800224463
241052584
100986964
1972178520
1118598944
78764219
2200412632
233932416
81142305
1261626800
69124342
331087943
1035658568
51836690
170191456
272251963
2423090431
17235735
1735351123
391542441
18551719
451332972
80612078
172536100
85900991
340931402
3084763333
51515290
2539476822
208995765
2928157826
2460110480
755953164
571452096
1088493146
1193660064
436351349
1121560712
760850574
99305539
1528196834
12624052
1862771521
3051839983
234325415
362080302
578904059
491782720
2649300462
259919913
20715638
774271
1497973321
2975103856
22009205
628945681
225912747
218813430
206300545
1025167164
978674556
51941674
460698847
1549877912
308959719
21505336
373324906
62997188
1364787349
2866996208
1359322164
67262842
263549577
36197311
3004631443
125208541
434585942
52062854
352783875
3121936925
1573473840
109535426
2560225348
37324491
2612198689
1497447344
1660894782
124280192
410402655
156913910
39481113
1069381100
266450370
24128381
541472875
614953710
13148572
30165386
3032097473
424769541
368313132
22982919
387914765
205038918
151490775
84654320
2423290220
325221033
795027626
231726084
19080259
2498262008
2635561184
219041762
128753897
2987611813
539627708
227259371
1034527680
56088798
1017123967
1077237427
304245785
1655557910
65209878
293580185
588605632
198141074
1370539634
1071376531
992619732
1852322708
579553432
2175819474
64643056
2914377971
2836732587
2828496377
1363167973
142016563
873810546
295921976
98397361
168642231
416927518
2967863596
3072134564
39212905
801698222
472122299
220316822
129849369
193924313
3065334949
388329857
922083786
2294029646
627563699
2149693184
414235412
3025740016
178731620
182506310
127668868
517782615
357418094
147067372
32871377
425858734
366242575
2970529798
249799654
206007284
907628766
979624747
70151131
261785513
245960120
866636064
384519321
2719929157
1678668008
3024004127
1123561148
