287303880
193292900
12392442
3141869281
357144830
58239609
2559949251
2720472767
447949938
722113051
1330112576
703180636
198888291
2887103416
1187015624
300364384
344531511
2424822437
540649630
636362165
2428368160
1225675278
1315740792
196024424
2335465962
843641424
2994759509
757380912
2899545971
545489304
2694635711
247261002
378858127
1524611029
2262325348
533817350
245932218
2306530992
2263124048
596029999
2790374050
417171929
837534200
910513350
1562181763
1850701152
1321275720
284553397
902010354
2289092282
1058525263
1650934308
450375574
597818821
1246434848
593403577
1034646368
181843344
730010521
2329700609
1465501562
2600738893
1280847889
1409222312
633000829
2186741431
436166281
626670994
58728173
1159713380
894989119
1657272721
1022904800
390337626
238759952
163987867
2207321624
492424341
373499448
1219820420
475687785
1386477835
47626010
127340684
93210744
15324184
101859562
320778834
428134928
106172676
2797611158
1133515508
1002640890
202379801
2548982820
2563571853
2716116730
234192271
23399646
881068998
538688289
2751051520
719400230
27527929
251062230
1161656833
77737013
802594596
2981885614
422433217
19891110
716552297
357109648
413423699
889520594
2960010749
82193985
3303368908
1465307126
34100220
2715674232
2166796052
46548675
29622636
18557134
78990742
962499698
289591442
16909808
405552337
28200274
58959587
2810701455
3151061020
575852611
124218221
64972934
2980754685
306366612
976095690
202665116
192448960
2299547587
1655987768
1856007685
2837699098
215788167
67948055
2719962073
817166298
2382121854
1063969417
247768962
148270849
2763432979
2558758119
604753204
575725973
858334878
1160471575
1001634978
2665853560
580524697
994111987
559484357
3001610158
1641528168
2605977124
102797837
2765988827
2442014011
2967648369
2558461389
291269485
614546102
1723286234
3299587089
532443361
3020069555
1245125820
501150203
989343686
2509592540
733726728
2831459146
3033687387
1348634606
1511218458
2394427927
2274691870
3226149873
250176278
884963431
2561112182
1066499760
1213956691
1469846732
3068669878
2851527648
885078499
1046755602
2472123963
2541202581
316130531
2409744049
2244500328
2879854441
3155156434
2787620148
3068342225
399622781
390781513
2984893510
3110089950
1317278070
1333641170
323114835
171431245
2350471492
1469743448
140801501
1335251660
2416118265
2992631500
132731947
2440285130
1651150771
3229432811
297302006
3015812505
608289409
1914390325
2859782428
206576645
625785425
110425248
2862591556
2784737683
3069034251
161062253
323582473
842277385
3158356220
2254784331
718927286
2680198172
2343237731
3065660945
2507314986
2848949950
2687521440
192465021
2861918266
2904555625
363017469
2730536838
2896799544
956812705
759702715
633480208
2152007471
320585176
973686144
706487892
2439571942
2614719206
1658886798
2609557322
778952594
1538192131
594485681
1569841512
2987134190
2250056563
3294279167
1707307772
3026611392
243646582
23354730
1336391580
196668233
576463957
516316201
74325773
23740852
1260835063
712280954
2887050922
21715898
234694457
2305088233
41240753
199539232
2876553672
2637083714
2252465647
2823694676
3297518165
2830264180
895808521
427563850
2805947249
258103914
2223463987
2782720355
2832162883
2816962475
2471194285
1830980719
406905065
863210430
2635483612
434840248
734432910
2234639015
1550333593
479753919
248356175
303995487
254997003
2419654060
321951005
411573204
2827746953
1229838656
700522107
3094302617
318307625
714314311
1067625181
188772039
587633940
430097546
583433190
39661138
28633932
2546736998
262645618
431157550
3225250316
1556259583
2903790633
329074980
3030092349
3042641617
2789158715
419659298
270897984
437083725
1608863628
330717019
248111082
230652338
3058361154
2416422365
3188364413
3164184696
249945931
3165595173
866649650
2615429919
275482658
2881107018
43264382
2803592448
2890663485
2908391539
3142922217
2763021482
2610455292
779004793
1631778326
307393719
372668869
405217981
274982273
1386786086
826003706
2713434655
238252009
779227400
2427914094
792959898
2594699996
981576608
2149465980
171975974
152592154
1038075314
1873251650
1321173528
1173382248
400619624
2693871702
2474952026
378399657
986398597
2972416888
2454804984
16552712
1467321432
597251522
2752589932
1478128154
2242773380
418817708
707453755
2293124705
381501544
365114848
2674218848
2897342428
754782133
3245021734
1511311280
2767940117
3026331321
2322472236
312525898
3098704864
2299467157
1585633777
3179923904
2801401941
2724672389
590075694
810473971
1385225760
2978252212
395309378
150644569
53525609
906966042
3252524878
3127241343
1629689371
594436506
245954647
1325229535
588627021
2476843155
2323776219
629461055
632952234
1345645796
318686219
2387724413
143395066
3061034347
34321015
2563815600
28668643
2156028455
2709334834
2759249945
21051277
183282220
298204726
1099656060
712547472
371289670
247499104
450442747
2955891197
1671298076
2452279124
3108420965
2998149320
2459802462
3079028606
2494022527
2637016310
917337884
1635512821
3184393415
3224497784
2501366101
2716955051
2501201488
1276254138
201551724
3247677445
2354349529
2768889609
1406708250
429708866
2819852778
3189028664
1319218561
3078331546
1076722021
2482648694
3231017820
3181457443
932719848
2169231541
271294974
634844167
2944417322
2344736693
2654299275
2884629486
811411692
2361276476
546149675
1510069957
3074599972
3291091396
2150498007
3087576088
2768782966
2768400677
3197923997
3224369497
1075918729
3093117109
3203988304
281753300
3050842020
2570822330
2879578851
1858575176
3249765596
3136849598
3311306433
3232853106
3304621389
382876096
3019556031
3236569085
33086171
3050310371
2880299169
3197149298
3044851560
2753892930
2562909965
3102156347
3056333502
2826885072
106008070
3188301325
3182211122
2369553117
2186263207
3239550548
2967033584
67013736
2405945292
3055683627
1562535548
48423325
1053696264
839230752
1118840876
555263516
2851505768
3067593593
3113531402
3130204307
2563545844
2778383309
1956870254
1481323057
3293689595
2979283965
2591951622
2961503475
3182544931
1943553212
2527378296
3248847417
612379059
351017944
3323471477
1242235201
384461815
286166830
923277894
483116934
258689916
28691939
16187124
164762590
2806149259
69163320
2649876446
3305502183
2377989324
565753545
3153828723
2884188529
1109893903
1539251958
561469786
3053004522
2211402720
2787283150
2573551598
2767425115
3302536511
450412912
2921948346
2162928129
2842392648
2953238133
283290597
2951324101
1639838221
1672443950
2663009462
69746825
1066912122
1107814465
752463998
287962070
1634921016
748401164
242489844
89716356
2826769969
2612731207
2916900321
1682453101
911319620
2544804932
703870897
3131315499
2859779651
2428596032
3004279535
890638254
2469877800
2886947541
3057899853
3107463037
2985023697
2250594993
1008780709
2752178899
2824635652
3035139343
564944383
2663974931
2767318044
2925794030
3103889671
550319599
490048955
1291057088
3126752481
2184435603
2772804469
378656190
236434399
3078149749
2365356339
1438784575
2850222695
719883139
2612481373
2823428681
268538206
551319758
2653831722
2959258812
2889907378
563237416
2411830303
3247728908
2472701580
948074540
2357876070
1541742648
2303018624
2166060574
2558531926
1572920310
2193937605
120533076
471285249
3129730991
1630524121
2263398084
788303640
2804090330
2530875471
2901870434
3174959993
2392774394
944075882
416981800
482220074
404109815
2871407106
1733237174
330056749
981644018
3320659377
2834358249
2876577263
2813163601
2899947608
274640090
706982823
2846537273
2861324800
2986397467
1263999973
2712912308
2616571268
2283114793
3122315735
2925246721
508316338
2214709699
360871926
2995372977
2847103779
1140693020
2854067243
1167180684
2693862656
2646565596
3235181928
2991482146
1286238805
3330238414
2790533765
1417123476
2795167381
2571140078
3331104610
1902060584
1369454156
1533875372
3302435207
2447721709
2512039164
2358382001
3029648464
2824170466
3177779543
1909795350
2950478700
3016595171
3039983882
2645238654
2516856971
2578196683
2935276937
2799786460
899828762
303851120
3194183235
3014489199
623996864
174059721
2843408318
2224531843
1684670970
1691300816
155945498
1673780250
17263949
2692734799
225691796
1246427762
1641646206
2730763873
3107938812
716229239
2817944732
3326172525
27112844
1525659122
379329737
3010433157
39271861
2314767144
2521328127
127187725
2788708241
1632277400
67731181
2382068904
580769079
1391444832
96095197
73763062
115369562
519649914
286257746
1646031020
123228996
307841230
1396267908
3115752789
371525508
3221970721
37691045
255710330
16537700
553640108
557562738
3296320187
55745370
772652468
328310535
1595794004
16859893
1963628610
1078085240
1333518060
250304361
884852012
513163537
108684528
90942338
2906813680
2664884810
38060668
636779721
33197519
44958980
30598827
1005854640
16167708
402152370
2509060507
863022787
2908379259
2580530060
815471227
709041408
632784219
371709198
808540711
2454394904
573673370
133788596
1009266187
71806186
1071185618
93950232
215945991
2405236274
2281702121
359569339
3193952530
279001169
2728976304
2789978600
596319478
620208396
1611543840
454038804
1934080350
2464683878
1646317008
315108461
856376672
2296527282
908828179
2260298570
2607331500
2382529250
1698876534
2520904500
809481103
2280434688
2580279675
2176219146
245445772
1047505836
2713060015
1639562004
3036688912
433362742
2151132793
1648042897
2663322034
941249342
2375791488
2521201494
1663000292
1492816225
2315836380
2336092135
1621109342
2813267822
242362588
488555239
3219641636
1852616486
140223219
2721129274
560384779
2180711350
3012252251
490718227
2417323236
600382490
2440799735
3243529326
3048819956
1722317875
3145072071
1691792125
522442632
2238003650
2792689130
1535976134
2695877362
2628796744
2971709731
2781808850
2790509934
404668385
2886402775
3150732486
2905458401
2214875684
1513904136
2448580008
2581628923
2732770538
178372758
2657490181
2530494968
2676596800
3227080232
2953735962
351182510
1604273084
309175066
911158344
3122180132
2925955989
1523372402
3006694729
3028251487
850114778
1015980223
2881665178
97814462
1910597268
2905614394
2903635307
41313612
143958363
378411104
377295395
425335248
3300484641
2171916629
3043551886
625657529
1890981530
234933582
1076644904
2732807667
1618971660
2971019104
2323951848
3092946076
1346859181
3094126224
464013556
1182518365
633519803
2560559378
3170213694
2976434908
2962507394
3020947797
2936821957
1611288884
2816382251
3036282394
971383525
2812016557
2985125179
1531233330
74373911
552459515
884620328
1732879256
30802421
220379370
300711396
77279372
614078218
1977682422
1397047747
343997223
2598197340
978979886
1651599834
2350924649
1958544277
470999136
1061274577
1370232229
2394434227
916684388
3252717827
1863298712
2464504953
3252441615
3295222073
2966769111
2354884779
2286441710
1969431974
1407762570
37157334
497162873
1475168784
2958945241
596528339
2476955739
1090685544
1547848712
302165274
1707533126
1694560147
2899487740
2908167237
2151452832
2942090949
1975047859
2460168759
445549897
563624213
1423650686
1193186856
723928783
428419672
826915657
2231863836
1638113430
328401020
2408130339
738408120
1575199670
633629969
593558183
967563402
2198199632
705689204
2589967158
383352543
1570593650
446421076
3179328051
1851971948
2427329305
1625078443
2298428778
241523779
1702985575
2378698236
3047540217
1608463261
2766670918
1163026081
967588968
1325493854
3218357125
15754596
18663393
11832042
2399927947
2875999649
65748060
776489862
45158778
2521494768
880198909
1633735592
1448944700
1550837862
369413109
1886452399
351784760
483056369
605189099
388159139
2363114810
291074964
806700553
2539718813
2665129749
2499839259
1611384163
216471189
548254261
374438588
363044385
1929714728
1347304640
2731388109
2328203890
2625909707
401421773
500535026
1327929434
1367768089
702539882
2868705513
626195264
565550606
2902135439
2769286845
404761844
549001171
586757355
3150911031
987318494
231675538
1940263664
2911038601
2883473925
2419626650
2228657707
751852584
2863604323
3107961545
2258205858
3307919626
2537707710
1227810458
2809930350
2651084239
208819117
81530867
2947101809
255989017
2578913567
355390236
562349035
45602327
467392515
457581637
620217357
703103822
722673572
479583066
2349801956
714132548
941607168
1157334901
558780862
75652502
2396793506
47935488
2862403398
285523418
316364779
346676055
1917946530
2303826535
1126410312
881866951
1224768992
1930268815
866628392
376369820
859199196
2986882132
3145573667
3161121802
129909563
1133610576
547105029
2211214224
3207812614
2905177792
2733519785
2383404971
3289936479
3184817665
3239865872
3053525099
3233148808
476473657
3142559640
237970013
2325680624
2226573229
3308205778
2717380578
3040001597
2718150818
2743585211
2922682817
15967075
2857569641
1511466278
1963629895
2363757470
1468406684
3114156511
2172916027
3225599576
2786482823
300038073
214677673
2528537785
41108200
110318383
336427431
2500797578
2829463196
1467077084
186639415
2510638015
1443961898
2693013358
3321340329
599950090
2308831008
632740318
2509947776
1416175412
2998301165
241392501
2948978878
2589556908
2704470198
362977517
19073534
2175479083
885282176
219649937
267401621
18310397
264117963
90654005
41554183
3143085166
3023277070
880283929
1323142345
2938460782
96442308
2975912848
2674774404
1325036304
2409993030
3225493267
2269504364
2716923328
1567396003
2848890287
2305341326
416560346
1072722422
85479882
389509907
89557074
2367626947
1234810682
106953495
2296963916
421579882
2228443464
2730795312
2414995956
1948754670
1415481739
2657792663
28666886
341232103
11257382
2533381807
2983088052
1607573438
3294852742
865823515
3330580517
2779092989
377376141
2335893746
1497075889
110309952
3087729943
114461376
341229360
339278553
367669752
900686947
25611606
621967116
617886537
483222510
1114556990
2337121498
1160806033
624093001
457398038
3033918220
2524772297
893785999
517827073
1887047923
1370005057
63095413
1645003646
1374091974
196588585
2856744472
775221991
178832389
162677085
2985250937
190720503
1632118346
132730053
169657908
154265502
1069186628
517635107
44354337
501001069
1657691941
2198239885
2681836357
705345150
2420754026
198924864
865818306
270412614
1597558477
981719046
2527285409
1371613176
2214224160
1604287933
1263657426
606200299
593992758
2228654509
3303399497
2366649907
89816361
2857924130
144141363
1223797176
1514189826
558568762
436878147
1645575097
478837035
1632742860
2867853731
186494582
306457415
1224337634
864820760
1917510758
302498163
854404982
1933987219
2359260427
978139226
1539614749
1055696622
253278922
556882720
2548741039
273358858
33475936
490746388
1337955062
170335072
39303662
295367426
1351877840
18577546
1091196032
362624940
561036354
406079936
416960757
215322300
612245013
615201715
268883441
2432604705
565033403
901206204
341250974
815146442
617362802
343508710
2523828333
229489593
1975415714
1316662214
391985412
3301769560
800825156
2978073988
106137072
436871853
1123437541
392267100
556318464
531757323
144174895
2804098705
46777563
1222875690
478337337
494167228
237388580
383987144
248931614
3145689780
2502537586
80707045
3288830692
3333652186
3004797314
876182094
899573132
185181822
821251543
31778060
311939438
3036064100
2981179162
126728217
2376779638
618824246
189284852
931740428
347605901
3139764089
305630091
584944035
717054613
370026566
401456790
28339087
1287239210
250133878
2966908480
1949934296
390970273
1115534244
568161651
171764773
2220524412
1667237365
616111044
1187127126
1654781041
1944953077
2600142236
2632149285
1166946913
2649286130
2712980247
1173641880
370609138
705185384
818139751
2149483449
112450461
2776412692
43488539
3248922596
2416952214
239248154
273603763
27684504
552266494
3028453144
53926066
95436897
2324746965
2802815373
2666609618
546237008
1384244222
122151170
925786620
3314887001
1345874424
382841773
2532450938
558130554
2984404410
555038547
779500146
390328969
3019362299
1625413208
3146321624
24033013
580037376
313019411
894664507
634186570
1666046414
1022323620
2655710113
1013146850
604141258
2282583488
92026760
2650742862
2914569881
3000083084
2963271171
2492627635
1058614062
2332031919
2750090417
416550195
3027189689
1055751696
537817296
2800216425
2721087810
19093377
326168626
3332897123
3335061167
363772880
623205262
2855160139
20414721
2782816169
3144666841
3148806541
247843686
55662566
88478533
359579028
1680442201
1177013730
3025528861
110939612
434316307
3241373726
1009664172
137417478
319297369
3227543969
2262994742
788288515
291911045
364798406
276316121
2199252045
130826648
1655769242
218747470
22135889
137730717
941414492
2764248712
147901537
165177193
3157171042
2949666934
3080052298
113658741
476053480
18553450
428672714
3057332931
418783614
2985979019
2227829410
2778239762
512756178
1274593574
429503819
78495499
3329172040
55364344
1246947427
2310113599
1529579300
3015924400
3252692573
2822160793
848356596
2225106546
3301054593
3025930601
2790378547
28080496
456555527
41809512
2755970522
594018370
2531825519
2438177538
2216664091
50417577
1931163235
107837281
766573399
308455334
852146334
3301969516
450736107
2231663345
14764219
3331601398
48735558
1205164044
324917375
2924928075
1599498848
1454365381
3235196850
3099914582
3102715865
2389684112
1513668180
952095632
250364913
557890590
3025725127
3013931825
2335546818
738089792
49391324
3002582172
1210837232
2780072146
85323983
2455801213
10196452
862636958
476290465
147629664
2849486050
607034515
46112237
105309191
35568617
832472995
3295974508
3006088042
2933507225
1883604258
36925127
86087409
2636560916
3061908658
233205545
3140234737
3128741070
15667716
2664252924
1102327928
370442418
3001218342
2949457733
581104373
3329471337
203626570
550457247
398976776
2846021433
2915328339
2471345017
299832772
1054926835
2901129621
272622352
2438672519
1216162531
3176921648
34409505
2397577220
358588022
1336810658
221939197
88544496
147760585
3147810060
262237676
2594960189
89905104
1281273379
745143972
489373671
118961106
43337112
596842676
3246938369
165446286
87655459
328143656
531096543
465471758
884247822
1518904280
572160798
225663160
307264428
25153037
47568930
3231989816
434266975
1122778188
476471786
2393016565
710554166
2650065510
2471769739
1626056671
237355629
2917060995
2546773973
2376210446
90650868
1108993952
23511115
472650216
1111690872
2921202088
3146860332
2427653205
2216229720
169197159
564975120
393005860
236130472
123138522
243047231
36411503
2852380567
3299863001
82113081
28372431
2983889599
2270108857
23470714
159820704
28107832
20320806
364153311
1671262868
3332236335
2280571298
2512808714
374158436
2834080605
2936498656
250739586
1015605894
2650627074
344303518
449360180
62630739
3302006782
395819464
33858208
3325090781
720011849
269711082
496830636
40294388
420346535
628608745
2884324935
3325505325
617950901
484255505
3112053035
1370923212
398983353
379475301
186390540
2900383423
2885578642
2378591216
229505752
1084100006
2219599470
316825971
2596713905
1115137801
2523434538
3166470371
3032833282
403068048
3008313797
23216401
3123974007
772548150
193250991
3236259336
2807053600
272538892
1410603181
552555366
823633885
1387083168
2473320822
217109695
1550916079
3327610684
601236760
303927892
3243013088
2485198892
134216395
740887646
2714238933
771750518
1056191642
960741338
1337622841
2439616938
2347140534
2214041740
819411426
3242707039
3068758138
367377653
27802983
941678839
603613099
538296513
2296514614
1216596247
2224583166
1630873393
2512855352
288944067
977686442
1863685784
2983552109
2410888430
2581829643
2968474479
2463286586
2328251302
33335511
1054093987
3006919925
2731318135
266851955
2894329094
858078620
2829689594
33435364
565205550
2994460293
1359773845
337634665
1068460123
2738033609
1627853551
2435633802
2192442630
46678724
3234737112
3241924470
18862915
268897665
2883279197
735048300
396488317
732077166
276914800
3206147620
3326840410
128398019
198974961
2552784755
143241973
2352136274
361391355
281020334
2883619641
2967122266
3332202125
2900695159
3081786853
541117094
