389320918
16362151
1970411184
107525017
19608297
34279982
129637929
195030017
97273575
188684410
108020041
478189025
21398055
357090691
17141349
1182947209
26350255
2297873498
61198294
282189177
495602226
511167564
762435337
1447874994
2479159384
32294529
491964661
123156752
35226891
198541527
2389738746
259490295
2241247387
1339174813
2716353480
18008403
312248392
563642632
20093233
198720628
39324725
15727317
83487731
19649695
993800743
153876973
455182876
16545084
2412638064
1904475302
183498046
147290864
132566724
628564886
22639336
882334795
1107594619
848518471
853791866
1263236965
21667330
945802586
1636317235
1037802517
749348659
771337998
1096221487
2982056278
15426911
106433398
596617763
2546635844
1908173358
587017604
2889718624
2418036360
981611215
2349494486
3061627566
2252983828
3001485537
2863811408
2358135572
2892462880
2565386987
2854899158
2966563907
2165900536
2335725002
2892765827
1527762264
1886186202
196229648
2791781513
2499228290
2165072396
2155242431
408194759
39609732
19428305
51330975
14923448
724445833
16725512
2761592377
216802451
2311393777
19804800
288576967
222532228
35730171
2829459418
98243725
2332250446
104296928
62944646
2636482936
1601288341
22676022
361862134
16933584
405561109
60767749
2538143124
1883041224
1284828757
2193603001
15359260
358440442
2233396513
3098633816
469608328
707789815
1205265276
1384683901
31365396
1458417840
21257201
1209017300
1410601014
36981022
1604464490
1104383682
274803809
361818540
1935600896
2955814353
1692227370
121554321
2252398055
2391870344
22697510
241284091
2269883939
19193740
1140441530
492507438
93912662
2869388202
2918876204
25725812
11650472
1928003306
51478771
135864208
2547790158
148908323
346231783
1618999765
290830333
291789016
282695161
908715349
456775778
3029036945
20571597
2650891494
7766032
43182702
272652866
18294521
136485046
280082481
20964739
2932429173
2967156345
1525841041
1022402467
40585483
601319257
3109811449
3095405699
2319115834
2636373129
1965892106
2572579449
3001576030
2355127716
2354112774
2829899700
2595416385
3001531955
2833146446
410101714
1474878668
2784752753
2282990761
632339043
308778581
2477385625
8108132
2320314889
2731678556
2851324367
3003113931
3108449419
2777161794
2762538819
3023214667
3061923644
456957462
2553478070
1561843340
3036911119
630249182
1393559306
1403574307
49964679
144570961
2319095519
330727286
3127199489
1435577306
3041300267
3020522132
91948148
184780576
580047648
328063384
2592419502
2152098571
118850495
21011616
2252906316
157398659
60497791
256634665
426730913
27367263
49168462
2864267228
16092429
149372504
386815282
205295502
23502357
2599740468
254069668
106952084
317820092
1570363741
43251825
14408705
2848747282
1952653698
31858362
32871467
2713030394
32913667
140801488
2862492978
2945854562
3121935539
3002622596
387476739
42311099
917346133
1902520032
2222884950
746246827
3102608933
34761502
155817715
8145252
17238328
2221445064
181654298
165495844
17239871
147403535
632306041
626664227
1642776067
398885299
630381470
62035145
3091411570
385749340
3052940431
2468214192
17524863
1267653200
43388092
19918986
93904951
728464490
268141881
20812098
1279467138
1299622676
2917932372
1338301664
469455867
1305796237
1769796433
1460051365
1377927978
458084740
1383196368
1358581064
1262214858
2993842700
1282043791
2914088124
2950539662
981241561
1463939642
2149511340
1538903558
2813667756
1027358748
952279789
2602364239
1177286443
1384710446
3065334949
3121936925
14987880
851464878
346852165
16423189
24392651
8574482
2977190298
2967136274
370222416
172648611
6462952
395610510
2215680053
65382842
2149693184
2597585700
325627646
2911670537
2978705914
17022638
15724860
77470877
258916333
834672494
825930272
3103256345
1075460258
111800440
204355964
2382836719
961486051
3118682464
46828927
582140844
15300388
350998176
22421360
49842959
790070264
159718539
25744313
168794492
1978451965
892032913
32130152
2327434344
135915479
132508716
3075692210
630850090
1685818333
57460790
2798326236
2993976664
2415053456
793894892
2634346172
2386222003
2513460271
2497000586
629008277
2907694545
1617116598
2502510296
955306476
24016690
24850085
2338512362
451091824
2439004692
61874766
3020138827
3087680928
3094300440
232793668
483487295
2264561214
82667995
44795180
448542645
2575781775
2313761810
1400973342
590012054
1654288483
14368326
12610772
2619735240
155752809
2195377825
605878723
28626312
24882078
247827013
2929485496
252525197
2752236714
234438603
20475845
496549415
634556440
3105275778
2521230416
22799750
2846868083
3020225603
1573473840
2926746575
2855065079
554004391
1418807532
128246428
2977249351
136131016
520626587
3114521661
2968525906
443119352
1399113342
3037217501
1380246440
1177889497
