20532568
141681479
16389986
37651316
1020987296
15256077
491748291
24060607
66120866
1608622200
298629655
183767243
1917731
289860450
68270085
1146898316
632293012
28355416
487191523
1675606220
818674213
236541060
64008841
217575068
39745602
2150076794
539235580
472539555
54338361
575925999
22784691
25685342
209941571
13374
43969372
30122242
18388923
2619163263
47722134
2316261613
31176510
1378626793
19489239
21608662
321708469
2304073578
580041801
147601825
40875530
13850422
1361033106
258916333
239903519
1550006312
393190233
1412072515
53058728
2561092394
472513286
15935549
30639729
37398878
26340571
69163320
1302505034
33811812
27995424
49835691
384393903
899084911
2514475647
297369350
88014344
2767689713
862374578
616253221
362027898
77180390
33957999
33298222
552605582
371542398
2664915709
190197991
271354716
16518302
170438644
148092781
256080867
2828068783
351982731
815662602
1418721313
201479875
16232231
1595466294
3001781975
1600937988
2654713085
468869753
2289803264
113265707
246945884
2704696646
47283173
20198802
39510422
72893488
17665641
38950663
2984452958
19126950
886210303
254507476
248093850
222635853
88960514
128798208
2162983369
136655165
2756268823
2866860610
2246043336
1920606758
19471203
2611052335
1421796830
38422859
573603850
157463086
2185248516
20159596
1400503214
2882844537
909115597
31512585
3044328330
21234783
10292132
734160380
2312659651
797345292
117754884
17784021
44214174
19277239
17222425
1925587118
48058397
2598353443
899091679
568984184
420108261
540903074
15808113
399819844
2883812893
27474449
191241076
130494788
1319453274
17679507
16314859
2305372842
437845694
47157535
2641295646
18585340
2838283974
2292931694
326709764
970229532
1979568403
274699227
331456004
1595645839
24571916
33459132
1959687049
310643025
2425278842
211762885
24178125
21914359
2557216808
1325400319
727472528
16330790
30864583
19983615
1410601014
102036068
49021031
19030740
35862271
17686959
41186732
31223236
54042025
16672561
1126211065
803826720
2775892105
65404941
1571239068
558251172
24265209
972317964
78706973
45813935
52413021
236639474
754135908
1404822042
16315775
16146535
138409823
240714345
53503202
1868258054
1186457310
203765012
703983715
19129405
189565191
178595022
1716623048
12004852
241776425
401090263
1707545593
446385713
26070572
3108351
2971790439
403647191
88433137
636318646
45647641
377540405
2378713202
42176166
414962189
166329578
2748686820
487600344
2615725926
282671020
28847899
2258357868
24506246
495454106
161063168
30231573
484399952
2508224077
90804267
844631388
1646455254
2714351026
852269288
1252882802
33537161
898533348
1888217911
76058560
2353974979
2998099809
764622636
926383879
38017472
728604440
3047396754
1220386050
1338047336
61955090
344789714
2352726741
142150016
22184436
38958194
17907878
2384319454
552074490
2969800969
2855890513
1924704842
2366225917
55348286
37093688
2885208243
17927645
2264897173
18205761
16311797
2966848055
899526444
14662354
589511830
101547507
157398659
2244103856
498885909
227449981
2733607528
2873326659
20639175
2458713120
581499659
1363297184
2900354450
800487571
1452428454
2875780737
2416254386
143169070
16697527
1711473260
1209613802
604076513
1022286559
107562348
113527315
70788259
24426634
69670513
340567206
231815020
194619305
159598258
1591400760
348667672
246970040
280830358
215730297
26223622
974009064
927818520
48076246
2637018111
202736406
488561271
7707062
249822168
90889457
33497114
88788848
55268034
752183431
256442158
47583332
277141773
234538119
1769646126
2288968315
58781542
536602958
951957156
18855551
793879086
25381869
989231
14791358
108807556
18042071
12506222
575130676
24823987
598701030
550767396
353866329
309164571
387915584
129880735
1859165214
164599226
260724365
16574787
3007922183
2684865902
312696314
414177066
20164025
311535208
160984682
381159056
164531009
221738977
1043951282
244200716
607873890
242492168
2687215867
42138102
108052332
236777104
2187632677
2730324558
516943775
517876097
220223791
2525645395
34002725
15822295
36864149
14930580
386425059
296164029
94894401
19523962
23444554
2544257208
521458643
270470351
155632902
123735326
367296011
353353761
332872124
212023751
304081311
2713326029
314028887
143868296
1634552636
2414457033
238862918
2900284959
221854190
2270769397
95199214
2840820874
2475166137
115217320
2786393447
24292549
149200804
56413858
518311167
62377977
24719342
39246283
323864904
248067666
124227622
961278114
2250817146
2866005550
15675138
26513255
47339383
271053912
199201124
2274722621
518688946
1137986071
155573237
349921132
2256068106
21732921
303141285
37037469
46833541
48278272
144065119
1555231692
2180371
504866726
633015558
136317730
44361097
86753745
891083329
598154089
49449357
17497747
400707160
90776755
568828814
466010965
378126181
2373735295
124048120
47455112
151005270
263379775
35525976
384330450
1166761314
559720879
2260860264
29888040
2955551567
2268897511
378657554
1405337395
26834339
68166416
23155102
14453704
116850607
517181403
31403779
326892463
74827928
531065398
163863552
636091528
601189357
420562668
91273455
716725658
2462213766
327462143
18204604
81501861
22936237
930575720
420874684
481431094
160279987
69479725
34252794
359610550
794671951
62887120
15832775
55642676
15950463
2583075885
68803674
858993643
464308569
166001916
1380677004
329768621
2233635295
5744772
157099071
769702230
501397421
1962902683
20415005
17719592
21773704
259094582
65967525
179997368
34093672
33172759
399665589
250940553
543260343
705299120
21398055
2163532971
146644080
21043723
1030802154
768544610
21631041
26657285
31637577
2291655589
350545629
729494768
358918792
35346950
211181482
625327037
216802451
221707278
17426310
17264634
48520727
168834605
405561109
237606548
1494070861
231881134
207750276
25435411
145862955
116504222
871058148
110466097
2414913756
17283062
796493114
188055481
22047952
1729022250
2990514564
119642250
100880543
399774230
275576581
105721930
19428305
56572080
54999453
16829397
814071234
1040447646
21660781
312805513
762435337
58964788
2158855397
21707139
27465007
557322775
736026823
1552125739
1210022401
1543632775
1146470090
1159047036
2361357000
2874387655
143115107
270068926
261157191
96399170
1604640828
72454254
330481584
149283816
832082736
339685863
386851346
313037820
7716692
23888634
45436403
328260787
784875325
32895694
32260931
199875709
134268800
264192601
33623630
267884847
382370203
519076313
16145763
493429544
517656712
197404857
242992653
245113259
115094250
161279293
85460092
1881598274
19270274
1339174813
239025975
16042210
746201370
124898913
265489252
189806241
523871901
15911806
27538881
950426113
2373857028
242438723
1253275021
2959610415
316471699
24081135
196802928
33799404
67095221
49800332
73333278
711487408
513774875
1010242938
104612004
312248392
214746446
246082925
244200696
48072723
461720060
779118265
45518891
100332944
18991321
237095026
2832128713
31267020
72084048
2964369323
1439548369
862433989
1220041100
1477636376
77019125
1584666654
310884882
134250956
1375648790
220602005
1206653862
975151075
1114343148
603021174
441277476
87472496
554062875
43400955
302353072
108706692
49152138
14276734
23840242
432557320
1447076000
49303544
116672876
283386225
190377885
785306485
492125645
46639413
28826602
47436923
77703940
39477726
39660906
233052530
492706997
18039599
104899468
1130244464
58589435
184152519
2838876945
3023105796
22375126
183729766
20686808
90819493
75367781
115774717
603735459
240369512
49224627
131367532
387270005
267719395
89615475
603660185
28156710
201389881
571010261
17477109
2329290121
874612346
871262071
143335089
324407182
529639879
2616308090
944486978
172782161
1206980798
40530033
874763028
229575933
1653610244
2365305244
2379915792
17422976
88861017
306362002
21111999
347913941
247130062
3026078916
19519035
826399496
20455872
2707013208
586061055
211990186
2776796748
54336446
865093320
2820513695
108496256
537328777
25725812
2894171364
1330404805
1496530303
191463695
60767749
432602712
2993719803
2720362692
40601473
152099211
785740602
2718870108
2331166964
1135571713
62594204
2890103754
2771048023
3040821992
524969018
771042656
558903596
2679618272
1385292794
18739430
929792940
17602541
890674015
343427540
18455693
65679618
2258404829
16529856
15937565
14437914
48787496
29584150
17756112
93500844
223489318
15641893
318673769
151106990
209176493
247955119
16130339
472493258
27010341
211565054
714959053
225333204
194355896
134971995
266326338
211215801
1539564943
2300505560
53143319
2978817585
1180138560
362084030
898692138
47495820
17965226
277014798
29258026
23105074
19691570
290830333
2570940854
992017670
21261373
1423707932
125122538
882315709
435459729
82154548
482788403
44686891
484186726
2181626861
714530598
611214518
921824922
404393063
1593779827
19134557
1885129123
408194759
199924232
815871284
444283883
2542276958
25677350
311028372
1398356204
2151699396
1589383064
2359891910
42501345
173248986
2574426653
2463263574
634874281
151442562
50741610
2285407189
246529611
39983401
16092768
2534721934
2531422128
146290645
1520197118
18929394
302864870
2781021258
36053459
987256874
714286988
187387276
49464307
1357424546
262364442
16260659
537449103
24069795
25202268
202367059
50292518
18706883
16245688
260377929
179398887
18843752
581411896
2817332738
293861937
816011570
61806532
76688577
2951577298
388459260
19545932
2732950444
2592365791
1688658920
374331930
2239864518
576457044
58891903
239568096
259975018
1421368268
449850814
415877223
1170583400
470515348
71905399
501240098
345629680
226841523
2266494480
102000352
35372517
537971595
885695629
183901925
221992638
21441975
422153063
415582246
159095242
365012810
387545232
181635339
37874163
418509252
182634006
24518690
52510382
49207977
129924853
18232983
531682712
2958984740
483487295
266829947
413491182
15422042
276448523
3063435742
17964275
25635800
93912662
131582916
1381035156
735231157
2244231541
92643660
12174022
1046232163
929636918
19659231
1888491548
302880448
49084050
563322985
328406897
316724801
47463547
313526232
455983048
2208906530
359573377
776242974
16850725
521255914
49702592
282795728
391934461
2205277231
145341828
1727008657
14529776
628818151
243889154
455840563
7784732
154918058
235954026
16225955
32845990
21238575
4390331
1266323203
276128578
18817574
29049770
824915659
19477874
2968095894
1119518640
73937639
2677565276
227379649
15963827
15726120
26505382
424370015
122396513
22408314
30130714
356526176
382300909
3018931604
242874600
97252668
2211388062
294184615
95048311
57426532
243396400
2809365197
749562792
107429408
204584481
2929717149
750626522
59604560
500154514
209608973
2996147971
891390037
292590344
40569692
385029568
238673419
2825610685
25529397
324489515
14551462
16153098
253647516
259121785
220185960
50648768
21835372
1938871628
286217515
2573215164
248352630
27746796
3044856195
67423485
1430951624
2516920201
2799150477
1935600896
2904027529
27592328
244104169
1631802204
896218406
413367727
156588647
372579816
1164224114
585725732
1721163391
2680699195
330491839
72160645
1494609860
707760834
2389738746
1287128935
955906094
1445459683
212441692
331247872
787991706
623229667
2804833183
61415761
2369233345
760436942
151560202
282189177
2946260655
308142557
2583355837
248793067
961485776
289702880
599828678
464775280
805131570
2188188554
2377597093
866274355
211776502
2908466928
15988705
78271843
19683166
91284446
32994142
3035234855
369802378
395606769
47253430
263196028
88008544
15088465
121457716
116402625
2477735663
52551157
1642211196
299819786
39363592
2931553495
185798831
28534497
2885731959
114093310
228795466
1600241256
24954760
19149314
161379571
245478766
27303015
192891390
17470695
408003196
102751077
138134231
465186473
2772182743
808681086
206353134
33095115
831465114
853787264
305985298
1584645799
19913575
2909323646
277770252
428659042
473519962
19778949
23458866
1869039266
129008358
258733583
41302778
399715307
35006071
611399070
38212436
708176525
1941106381
2663237364
20915952
20454503
465920715
2950622580
3015995684
1722709940
2749548670
2718288052
526873103
47175021
620476274
298079913
298118904
36018848
190705200
1654442893
46387392
125892216
2723095804
2753665475
2869072982
4466581
123978251
469624692
2769701894
165777186
551548189
109447876
885688662
85614575
17902137
117967849
952347888
222020274
16477905
2780162509
571168316
170318438
195247895
83945324
50228468
2184940369
21879358
306461651
29222187
1373505554
42667353
70997820
2719261827
925628419
238806938
50068360
177569546
17208255
2857631957
2546128416
2876469749
2649006812
822025249
127318317
1746751765
180991142
594976909
2592419502
306436630
540745898
260927249
2191984092
1916225906
2344738660
168687116
524618096
243440810
1679636449
21315649
204867882
2433423134
14336685
48967891
626682905
2610351672
250776493
70544375
1969403034
298722510
1320974768
1003697563
192233282
16668042
470449475
88804140
107438954
259639589
2736219150
547336223
2175819474
2595978877
629387131
513739938
1516926420
629895443
61326840
265643851
2720439038
20882602
2592607476
2733194172
30460070
165824753
2179008832
236175465
2602331814
2270665668
178895671
1927206542
114115853
1088667817
1600858730
2475398671
427655976
1427757265
2433731926
2792756327
2700941168
2748332180
2198892278
246725820
85881268
1430312354
985906658
463916844
1294711250
69329527
400360169
2175055010
1385677068
2282632968
585270808
1327876183
525788140
269798459
2780839162
260088866
134230908
19568034
40477520
953950118
38855868
14186393
229278838
125291232
1390898239
447200490
503794853
101635618
462427721
1488517507
335576999
469845522
825070002
2259696511
1712662747
185814562
34438002
284559613
625122575
2298463846
1191580753
2683227499
135139643
323076264
16395830
364930955
363240926
2638533797
624557599
2588944551
245408797
62465415
75714557
87836882
842574937
48744256
394228882
230058785
58744497
232424572
2680339380
19719446
860784379
33472102
1009660812
1016544696
14659577
47521891
14782782
309656268
918886052
1668667147
1011415705
214531763
430582181
48032116
40190591
619587350
750306660
468119636
20819691
948589416
27820326
399712913
469436183
213118052
21543751
216677271
584086591
22014973
2209899278
2815897607
1411284846
2735569132
261858885
2793276151
117281027
486001691
174799435
19817448
263683542
913225676
22532954
19557372
861388620
2712722462
14897840
1046114347
1397421727
81630381
270915849
309251954
2153698232
2665309068
430235090
26467925
1024348052
631332957
117082566
45500782
304745550
1522320174
2192953483
42123026
16209662
2584066965
116424143
380110201
23345505
43456927
23598003
121489690
2835584205
2176758266
1452417348
523261987
132987936
2980901837
280082481
2350628160
205626926
267959196
1287928974
538729908
15759387
114804210
29707786
278115412
37579871
257442762
410056274
53046002
43721859
164481340
336613472
779305904
75065653
1280705166
71439987
40083800
35544091
50364803
192990889
245001113
873848748
203296291
735314581
593718808
47066924
158507006
73755915
17526166
876736688
17072588
2431107457
967270627
18476338
473630435
349169217
224855007
284689709
279288717
1431031490
249638124
75570206
578613484
295790580
2983741404
412029559
898890931
621682073
14454492
2988243533
16637848
70649676
252351846
2479383589
2352554992
2915135328
16434380
1500029251
2892332825
339542327
505118761
48864506
1924871178
2737919427
472955958
943233589
19805914
2393522197
192308402
2777483470
110575482
930906150
583300670
616384682
1106962772
2965608929
391528213
48933259
2657165830
2576445052
398334397
45420272
1254899472
2820824782
21002587
97403875
29606327
413094245
123642881
932568674
15655479
1849018746
274097161
721378860
8440302
2409025543
313385516
1446927468
1496214937
906187908
1137923888
2648595498
49211914
104967278
3035405672
2853029772
291789016
32011415
7056212
1197490142
390481706
818341842
149600834
1324811582
2966391220
2236630553
49292743
190640054
29347899
213038249
858648007
34048927
44060922
1060477824
866839813
567714241
148127129
365458704
122952591
981921793
1060975332
50398239
802625132
1375404078
588910218
29268365
289476175
127842003
266487276
245048737
88446109
409024559
2712982698
23031094
1080276308
59427511
1884326047
327556586
2606130408
2966327715
18593821
2297604021
2880808934
2394766267
322186797
2357001661
102492728
187147504
562871832
228832530
900919801
1702107372
932678442
22230837
1877023285
117161855
172979014
21326212
314249532
43291559
15510241
211569207
1714343258
313088030
529065457
17393532
1280428064
196005657
17715151
2399391152
777615278
17056433
2798052993
428705319
1478015640
22583217
49725283
388297236
501061708
414161049
112597035
433158220
30296864
3028770020
222721984
201733703
2274148514
1650858084
860678558
2634954103
44363702
2927074329
82374448
376288180
349859689
98156850
745417586
213164880
583271416
3042059488
3022385450
45243327
397746524
27663281
2719770929
1634512056
469699513
2829294694
436989977
2854020520
15353069
477997222
840927272
2905058764
2941716132
2916486759
2965343614
2776923984
2753844153
2802255414
120516601
380352305
118330939
2591053148
342542015
4259761
27529969
33350532
56929691
2948635408
105869718
2428873537
2902922502
173802033
151595347
24538638
365376426
302869965
1117363285
1977207486
307563479
1369285800
68889823
388678837
1237188824
18559431
110660556
16229233
2833142352
158161077
2273491838
321050910
2892404619
49461943
2803995434
356964669
737556049
630381470
2411071516
385195352
2553780078
144810157
1096889880
561344309
310855387
1314466627
100366853
47870267
39648111
235157198
419923416
17091862
21104432
261918509
401864797
301735010
345170921
323021293
216773247
15480029
317359077
617256661
3016074671
1056691512
217262760
2849897735
855734425
500275955
443500471
164008574
2885639532
50971284
2926791228
407714751
2983316617
861659911
476416920
29366485
16280644
1663553202
881582755
93866285
2475777150
28493823
176087555
1256365262
326226399
2374381250
149655065
300506718
16296206
2458432307
327325532
392520144
845139168
338004749
2877118643
322857146
1224742866
2605177973
2788525723
2562390674
2474149333
307039459
1598584957
14499517
470546317
407702780
399144870
209285364
16441048
256603749
17242983
389491470
31516646
256092060
350499770
19044148
624086997
794068621
14170217
1408327218
44693440
459983485
550938013
93681504
145383297
407221784
2967508797
296625287
2384949268
2650058581
45314724
58520229
247806555
145703465
222205378
51973943
340242028
34460798
117212584
243912778
118215230
299262442
1546060802
2875734893
312781371
48654466
260883187
305244819
828794688
2931636808
184223642
3007008598
2175804628
19288987
1038235795
1036193210
109201084
272383381
2415051798
533973940
241284091
2369526074
38836499
246061780
231601481
193452618
29799331
45166464
137107148
608835608
1606701780
23086474
3003717322
64616931
820441694
2617512318
568742776
2644837843
32922549
289665497
110500418
2557439485
51350559
225263992
16046836
183504805
2427399097
19332228
830035634
47675136
54278340
17027394
15036408
206752847
17326103
1439037865
1909041462
1549507302
442843007
26243227
1514313606
67949479
898233312
385576596
405187043
2891763381
70687275
1096566492
128570072
1160264371
15073048
409237467
2980065292
482761624
52153721
478190800
186922810
387480780
134252201
103740956
35456542
23269981
282932496
166258014
1557410095
96657414
2854093078
2231686799
350614385
177906932
541148685
2399022830
55002982
107018934
321797898
38092665
221748931
65940208
2276659988
1547458970
15743433
432581556
48251816
980958734
26139323
180169477
22803981
2995904436
2612106494
73311816
16372356
113678124
179232718
1222331126
61254363
71695099
3020762819
170358646
986006203
55054847
310689662
3057231835
2895897404
345146685
56984640
475124557
411279316
31647686
174058239
351076787
2895804783
2773310442
247540117
391598269
2897072079
187846560
5669252
533200584
2869288109
952214508
287322291
94319570
2282659855
1187324395
1623740138
1000010898
269049198
41223675
2611895449
184871297
1543436755
480830186
17823045
250556430
309805602
364594283
167058821
2780517380
2280871022
262194023
18043755
22594706
1257158389
24365649
22050896
448891089
129720064
68402920
346106173
459592527
309563555
2383181178
2671365169
505638293
40152815
166534773
216205407
3020475905
233453115
2474224548
997500410
2768523232
3064615695
176654885
516007100
54264365
2776157414
26480873
2894228686
1692174140
2634959292
554800351
885738716
28210273
2584623476
56167538
2494736924
2960347268
51260186
2202282662
128334973
38727901
2318100722
2557504933
75290848
150617972
31012177
732835189
1056632712
415051481
446799926
901621302
1007709516
42879353
35927691
432466499
2649605648
99327215
390381898
1236322921
68714859
1657795592
2928157826
526983453
567903460
593918244
760461174
458766559
1352237444
10352582
1621613088
36771189
2419905714
719033605
154460197
3038231782
311725430
1385925751
333526233
