377865343
120807666
1541966965
39592795
2294597154
2367734491
198095537
20043573
95645179
2820022258
318577930
3084752495
177002568
263666615
155629354
421229385
27038703
279736147
88146816
159072956
238291648
157727494
292508028
16724607
2814536311
116216157
459202451
239923466
35313629
363129132
197727623
42590652
242892432
2401865534
193770843
125427022
143438011
1692015848
1160501358
432725203
364256115
1472255420
12490272
6367162
270318604
375735812
783281060
272881874
2478698951
2803227054
220722370
2392706936
282553505
3039229139
1602818168
2866513852
384211578
1087313888
318293785
411695020
112230907
2753359816
524609020
337535840
259619440
404450891
1558237224
245507493
498832871
2254846314
1498792177
137354094
2293464769
195088407
153754972
1227265260
272937839
572471296
446622969
583104717
819000242
1688661278
142525784
585799262
553510858
245355537
374965444
143961794
701445559
420475251
224971847
2433819500
350334031
299947438
197293650
223382695
1488736524
227110281
2358594941
199333552
15378099
165691080
305108467
266543085
113493434
2933585679
2482157119
472392457
264333291
222266138
304743981
346720029
747024678
253572962
1305431833
1928241500
309223740
321001210
932683080
218218281
3025776351
2846661969
2338306908
139020934
196641018
1010705413
364528766
33180244
1067156035
122337994
2851420287
2381915839
399304771
2304084603
338762731
2150635723
1885817996
200935622
2886255623
436679046
434987329
85600744
404977138
1593266305
289890360
284666208
139748229
68014404
1954580652
84476133
2301364646
2955877073
307452066
312984327
37446624
2235285420
887083380
356206553
114511562
245129837
1331035350
500892447
348383982
878693160
1523723136
495381937
807755306
1523337404
924728136
1524643136
918636540
498419489
807559164
807626827
921379621
498341708
371705369
315166242
44788203
312816046
502305420
1368863274
574020601
101202244
72516079
128556304
123830541
127804600
581070678
1397521818
620402950
456050432
5698002
2205417928
513452562
493097369
244210489
329019840
1412435060
253020963
2346818966
2600071357
37349440
496926641
65384380
25053194
53229933
799996741
258713581
270676389
108317765
1359570998
221019038
249303916
481986497
82892708
141178311
333613498
3014734617
1178559738
262606630
501022358
114564746
852942440
448794297
618283401
131612257
627014279
410762826
153367507
386591964
231063958
1349999419
73677880
481381963
1382325288
1523411941
154836286
195012421
928667612
3064628818
73683739
85907768
2315458273
862823167
1371858001
444865800
2316041714
941133060
18399014
56124659
470385029
1166406182
392740026
91792892
605857111
2233079401
1117874582
2876058471
74421223
3006291934
343894228
214927864
469808565
2271034531
53468888
2812955750
851108442
1467696480
135228435
273559324
156173886
201733703
209833543
2824690666
78416471
129917609
186457433
2811285275
390900077
34047049
276251565
606682597
1512598062
368889720
825966516
53024047
80116240
121706561
40301992
248561605
852533246
67138443
176763480
576604040
2156982498
2178339775
55240082
487846005
224576493
198524760
631417826
169849985
49625939
212277939
3106610259
70525013
314135129
35188686
204966358
169538164
270355868
2433542039
83905899
53213407
236402631
538461656
1302010249
2568467248
6135622
140555462
376352811
239851416
447464838
478980721
520996863
500144774
374628932
2861093995
2468435285
94377901
535395966
1256814966
2421691609
1283518398
240044817
1682155920
923833075
116697067
1189205618
486288760
1522538240
436040716
270843631
1849502088
375202376
115138550
625570186
1967813779
2785915561
2785496946
3068014190
96772047
1967749477
1912522274
221431665
2715852903
166683513
221351079
141895492
2494215493
13777542
2355369907
229083427
222888528
551365280
1275368300
2367440187
2382060517
2303935372
93011572
392860200
2191893875
1515052044
38485304
47942459
411586401
481344609
965298974
260140968
2341756148
74833157
152358615
459516221
175276567
2809852395
243783466
31090827
60849678
19923515
238589534
2237830328
2462991433
60322306
201867844
34357448
104329779
331877263
448356387
630083752
384805453
45088970
2474954065
34294667
2367878768
406859555
197063362
2777035880
108389255
525658038
44361937
387067569
52209801
123312463
93000133
102472540
221404136
14436030
3110047511
2479960578
107059679
18431955
342231352
285559971
61307129
467909441
144981542
842267617
2148517469
158019938
246543074
380382078
215111370
14304620
115095483
96165792
1342810423
1859214278
241386939
31255504
2984614877
114675553
2285900840
76772059
3094819721
1415507102
3019829391
341657886
1480794314
362915516
238080747
2747754993
2742941762
1092496831
1107691728
297024479
923488082
1372106947
44079923
68164526
552704384
2948618248
259348964
577414433
855832832
465416851
2538078749
2970602812
276005081
3025740016
1523237760
487882116
2364721855
120048994
168630765
719108596
338568543
2772117801
1513706160
2153509892
230228120
3051839983
179983212
3042670898
478252028
2153544073
970042028
2157323743
1477109898
2154246032
236687887
2153522150
3003557236
2691335778
3041639401
3052621352
141623535
488140762
1631320772
2477345196
261189647
48552528
213165296
243412326
354697911
13736722
1652902297
174962223
122017893
364882229
343384761
122115502
204713527
142689796
940806427
2461877084
311158000
122020993
245799268
4592321
379319146
2870902733
63201802
1694393023
263286412
14088938
59775384
2917842029
84872427
275678796
2830195629
2871039898
376080112
198393228
188369322
2954691767
2434449247
2906712520
283937203
2739816916
99349830
2721381986
1267108711
262692106
258869487
124161120
107250636
2974685709
2804485982
1531915508
930269340
924994994
1524216505
1523289409
1472882610
39707545
1952204768
1179981192
16308919
3043928896
297501367
69597382
2565261281
1134772819
17452882
565792879
1937708048
1108933483
14412820
449064082
215428522
271412973
1724094756
237379524
2519567960
18167178
324246770
1472920387
1524194250
923913817
2192932050
2562064494
130552859
1328154644
50100529
430843041
57779483
3025757015
411536421
3100479730
3114701122
564512489
884768760
361342191
62408499
47726356
244156764
2217671741
2632367524
2790113939
2762583461
894920761
156450220
48027356
18149474
31430065
2930753565
2684161739
301027443
2205179744
6652032
91351817
374477815
487605071
90656807
2850950135
2359847204
2182007325
198829810
186230495
16844022
306516490
57385931
1252681424
247490133
2835968638
2811559122
121146038
162979654
485605481
1644724273
577362045
16592892
400731712
2416147714
2504260013
33884545
2909648091
2928157826
2240504065
3023538811
2563809408
62469284
22769373
516656614
110802477
351261077
2653454930
2925606923
2991989440
2650644284
3033690970
2653468754
2467556107
2236787462
166951924
44581764
38640768
74015550
381583235
52212747
144280506
242320794
407373501
91968113
465833589
126714673
385627464
397366891
2501220308
371327164
179237619
2400260346
1011776360
269027562
1922679636
1673784182
1543396879
83796812
1069381100
1671975163
588605632
1284568057
2371926704
2515830006
122133343
407797352
2748686820
77875062
2842778901
2706596448
392052363
1892460632
128037731
381515624
309210897
195914313
307325579
134750481
271413771
560802366
3064432991
1193209944
889535646
138235762
429441064
271087095
2712017034
244480058
833853018
292424861
2858645110
2918667370
3023206012
138911971
1087846856
1206408949
551223153
552050123
2657882517
292982832
524855882
158747597
37012862
47379940
2974764251
1186113852
121823040
3088803381
85856305
138245497
2389483668
2781151898
2316012757
3042749578
2872582168
276711356
182572111
1058808403
148189928
2749384419
293945838
5493242
17214331
89985399
210950346
18717943
414182948
1944832135
975674688
1076857674
1301296441
134767193
224769900
79579327
261422413
112951139
118794845
2998239977
281982183
150838582
146548244
306925261
454810183
163017135
2952385132
182506310
2206493567
394008338
2190377608
125927757
280468343
487065503
825604232
1550531
429152903
252705320
883034568
91465050
1522930428
9706822
2303401701
34893992
2809736069
373904508
3035321939
129907921
26834741
62747302
244296542
214906550
1010206867
161425305
168672457
178815965
232588942
2392052002
612374639
2505614742
2732231629
230494026
2361730825
100496347
2386487816
251653835
1523915425
111030855
477315488
2951959750
926136390
919561614
499495931
484962403
19758502
2200305763
2467651530
424926442
7682502
759903343
72864466
246755235
73640017
2817107166
245943181
119758810
14947001
55213585
447220528
2332310257
1053383526
74453123
357229275
249368757
94055268
2851518785
79341841
151085945
259787279
117432192
502333290
15269784
119031354
55690899
347609828
188743943
304895432
249415231
22914352
101742813
236993392
220316822
62828866
297476032
245030299
2802240462
2509738562
417205480
20819168
18906662
233983755
2467545006
1640372348
3044016965
93380030
2362740894
138120851
357412940
787702680
753674701
1682214686
782661488
517782615
162043770
3064429307
3012015065
14942445
8350912
14602576
457407603
568634281
156859001
2423948292
461923360
295565471
2403173165
1273236014
382312021
122786013
567652472
56113369
1163995518
498503338
1544376367
12097932
34903105
545149354
588611153
253475484
2523435893
17229160
2340537734
522617968
1181997601
15581283
527643687
1546674667
120232291
1943393406
562947120
315962295
2303235230
858648007
361247001
171278800
185128469
135295621
418461860
1006410180
116189396
56732807
299371647
456901236
842224928
1285537357
207475640
615973968
1938023658
113937590
77834269
474042678
895921368
331514374
726404448
8168562
86635649
139352339
1706712326
329950124
3023144093
2972970191
3005104863
152142811
3108351
80883533
261143236
399020620
258948185
1267972110
1182058748
404296137
2315402995
135982131
453014291
284943120
1306983620
263073437
985380410
3072134564
160984521
1169983603
408003196
328143047
272573598
277681409
61376431
370086477
2267790589
307587707
1211678281
2849520621
2881903756
2799560415
2252890903
95431448
25393788
1561738645
449744979
176103115
2175819474
1357102304
920932429
43910684
79700768
2569026621
321070315
57994917
821330863
318859599
200950782
1638805957
1264658659
2382252672
35058064
2352436693
118589855
31720023
377997479
1215711409
453152736
130717368
2414700919
109760572
3085911660
794849658
762687144
164075742
332545934
2579554586
445836403
294160927
8204452
3055498828
2475813649
417993266
27697807
2202282662
199757056
386765908
155262106
237376792
249360764
894074083
2827917466
177393530
