67612556
1048293276
117139453
21841184
14068151
114738276
215024932
943385593
2363760630
2841136912
195414179
1254436688
547076008
254908551
40699276
22342567
1223075155
19640082
3025754858
154826321
83390446
2307712298
67964496
52378823
935419441
563896772
59489293
24641832
239314598
348674113
17673886
30835428
293063175
243318861
122005085
233431180
2342264580
95388922
577272429
77456101
52703658
58520229
119131106
85663416
106371668
1675331918
1008748038
50716058
29949567
191376204
74810575
138043119
30174676
171355483
32759990
597747571
51362358
217737647
134124426
119037126
33217158
209062232
53294309
1084225736
246194416
96921504
117360937
70251654
310980375
146918263
69959925
2344922539
374909976
187422294
37179759
604436095
931260588
1871304199
315083177
14196350
2354523650
26382552
164335216
101966240
26997136
130424630
1263706735
1917118819
20945702
1588326354
62479416
53631661
463047933
1439046398
1977815706
2532129314
117431491
474210873
2327594362
2546664553
2789640931
181580843
5796902
2571453584
311489754
81059011
70636515
157006038
56656246
1923602274
90895888
115378178
2504363767
75991739
88136479
2306485406
411586401
2277284886
1541025156
2202654654
464885815
83531741
73043514
592687477
59560250
247676886
2431214204
170395775
91504564
91524504
29169867
278797382
260312506
14800108
156543194
94082324
248373212
2854668410
93869809
131576911
1097010860
356951421
134379615
77412524
1691747755
79947136
372677761
95404086
953990636
54596810
63526558
833558720
880752038
66653972
21665306
61424594
2327148534
2529955993
2684325432
14582087
1050124802
2881124570
105361225
253791853
261096538
51699689
9373342
601143244
2906388768
133182052
941914795
1572506958
19351622
15848832
56039994
1366909278
346608161
515344912
359202325
314411921
115875306
229865780
43482129
73816312
383239781
2321160312
2591544655
97644274
540587274
1049218856
11555722
268201193
16226800
17674302
2177451792
235502215
45793075
121127805
233099939
291884987
171475435
10352582
2879320489
436535187
616138974
899179350
101766311
59352420
168976061
7709162
72906135
399312335
1556747208
1206968467
24151844
2372254722
99608085
91291184
5622782
279186919
115145527
57655908
272781084
2254845403
2568282470
2404360694
199233142
276844070
401685209
724186716
135365599
158373112
360367518
1492429453
81300791
635996364
2420121943
2278749612
86541025
70155248
631232364
2472440202
234420644
1608501356
3008585742
113918488
568389907
84665689
2253675439
207635300
178018741
2294148343
60806341
2346772849
1290481664
954037566
72838050
78893127
143039514
23587481
15630809
104730816
74366106
294696127
1409852467
264261121
2582519676
83953044
1342219501
11819442
33147680
2591134356
163096592
22493672
32981486
191911750
39215243
90870948
21771952
51952809
39716242
56050791
2732992031
1482075170
107047924
2317314654
73874208
2155810667
823729003
2529285606
120421293
2716629934
1058319894
14191254
28773971
2896161298
38580897
35222128
2952115056
29945291
60843563
2695009326
2879329928
591778957
3002028327
221711007
18062013
19346439
279238668
356097657
360125573
24063332
382110010
2293003664
55760802
403922208
97586310
44610893
2916697759
507241695
86365952
10027222
209138309
2207996786
1206887185
555674338
1276755596
50286101
572961420
59182481
91795292
2227695199
125657513
497411126
106788885
1538925416
121734445
2378387677
2272758558
310873481
2344038528
43844710
2265420845
422681377
2875734893
224532610
1358606352
1559734404
167676242
67405679
155144639
118602617
17730742
52439455
384903920
414946220
318902652
29174664
109631724
19124240
27840788
136579677
44303210
1727721402
2933182268
3014064331
2937753973
2742164083
79700768
2291689147
2952468596
2615370416
185593652
1595493162
2187961783
2511539784
336985274
271376374
14190087
99117639
87643915
38351302
112089779
66613062
81388913
614782348
15199808
19872788
1574277745
34667257
93852695
40878322
2906079698
2156519666
123050185
17695133
99167707
244082095
45150426
109173924
44089631
452154450
2815089133
2773220594
265402743
2210067337
1105628766
108265931
1124167148
2835409934
118756583
70325106
22021978
17334780
184371943
1185398034
138107411
43801459
136319233
2774498554
169949875
423471075
2990014454
72846013
50652373
3016632787
59316548
2534351640
553212465
2521434345
58897898
35150939
451460545
2912918898
64176010
102652088
451737173
28901150
383820312
87501688
106520583
37407255
287716984
2355530325
618055731
277094568
2798021756
1492400330
2535254215
3003550837
72340955
1308509774
105731624
123248507
2375777924
36327407
33458448
101204726
2277383275
351910298
80364247
43253588
190179815
708691930
52683521
57270122
457446323
284246418
138168339
2780839162
3006784759
3006027228
10030522
825831643
122880383
1012348754
17704600
53880693
224123548
29979814
129675952
141729552
123322741
83983275
77192816
51367114
960195296
1568497722
256533728
382090203
2240414017
19335747
108247642
92610480
846332208
69575354
24078897
152832475
2987880713
63930141
963145339
245829787
1384655300
171933250
733116337
558381041
930658058
86683962
17693635
27284203
195399645
3018807565
205337628
17722642
364877693
64002539
55710989
109094954
430369987
64526820
17680748
156412359
133838004
2866680894
184435415
84344890
2601169218
3018152424
51781303
330738466
75590204
1377660217
344010133
1391774083
324080536
832194984
2333954913
391221329
19103727
2412550704
116143714
2279282484
374614918
2279367265
936821412
235847294
15611866
105113671
547050228
2475169080
213975690
2617512318
2645038507
2644837843
14637342
50465177
2404923194
69579145
100678199
115139601
2797973256
82294198
3022569924
57549358
18042971
18579266
2246572081
194726509
2268411560
145615981
62245604
2809471573
17806172
1378160262
389957946
2234352900
471659735
66882992
1030190107
1329774601
35442807
109217096
23663073
2358334225
743300534
91367712
491788652
521744402
321939286
198985257
90179901
1318440355
1683205092
132617264
1668667147
20423769
77147095
376636755
42606652
27217741
2359353432
2670476443
1601502354
296875868
2943846300
22234210
345408839
91586776
26562276
31923678
53882773
18601336
817523798
543455640
276160731
856102651
2729833988
2902546372
16009079
35704612
9378802
2317336250
2268620334
2610013410
2304923515
2761753603
988324790
3063304501
2909021707
15577665
2243808872
2860997245
1972635798
1161773144
345442962
2962911058
2572785439
70082883
21878569
393929968
158463515
31223131
3072955708
604850184
1266803563
2467545006
1643212230
147896060
528826017
113638754
2209148990
316473380
616353725
61191369
576967108
2952812476
3003557236
81210938
133232341
2588944551
54545188
54876449
1714433144
2484470768
2362152704
1430791057
34497954
94057262
35196174
995764722
383120394
749778390
143437385
474198927
2237896914
275714700
54848499
71318404
259462555
195867112
43855487
136620638
2793605047
80043476
187964046
69543464
325392039
363270335
70544375
308417103
272567702
95931102
69163320
1354208443
108324944
91834136
100191121
510265939
2720181995
76897889
116812571
9056482
1605313729
174248715
119552155
143932916
348590048
81019662
1234604294
184534130
213358539
2344827098
2915557705
2909648091
177552860
48081244
611832354
80866091
17397822
3021296792
312968674
767770699
2712708618
2654082099
120520987
162727740
89153863
99643245
248395857
225683852
2840723476
2860665223
32811330
485423090
612857929
2419057014
26139323
194976944
706649863
340884450
220304072
85776930
440283176
70359124
2928157826
75348581
2848507578
398668284
54369972
51861474
2821726155
159991126
435944589
46830212
468500118
404690017
203289615
308023215
896127534
142703654
2802161437
2971086485
106178316
26438710
970137223
635240831
2316553321
137270054
2775942242
186406491
626258579
2894938045
472729956
586436358
2785839336
2868059857
223446345
1330142888
307388232
27006930
975538080
81129824
1149160782
99232803
3063268922
142755606
160714999
2748686820
67967973
3014638279
1651956200
194864018
2241906006
141176802
