43662381
1966466996
975429985
2443775408
1833882092
139329705
76888304
17284200
3306297268
100251454
2912304935
2937396502
77723872
3247547375
1426432789
2575345118
1626333541
2768200210
3071902952
3141606231
272969162
2933713569
2217734041
1314693948
2748130468
2715039065
2958658059
92235951
125690990
1640996948
1372351364
2811232299
190235384
2607792169
155619291
1380625604
46437618
3310403483
118752246
2599608553
1585721660
3153002446
2653724425
268206612
234443808
326225556
58271193
3304956190
23254159
2615076063
60566421
3247518963
3028664541
563701362
274902685
344619269
2783830891
431386567
2534943072
300971531
332984400
1908233414
75010073
376540316
39296847
94460509
55359948
435230657
45804349
22251579
729693625
297990185
409723545
14808260
2557963352
111047938
36143299
180954109
216051589
797046012
59310509
2832228293
587686182
28803677
24965361
294306466
16735885
36241120
14179549
2309131632
293807740
531757323
294910891
357035491
1536374850
87346728
1517345947
44651939
1537780200
114049072
191985316
110940771
47759008
933962658
168438583
10650592
147134290
147132377
573326950
187858822
1021537237
1443485089
906094669
2777403012
302128291
2287131817
139138311
543250521
170656128
1570487444
260606080
2926750428
244434618
451307135
50720102
144690437
229865780
1042924076
303124196
193650125
2714542498
373901883
616234806
358138741
213983750
2150514432
2743344413
804365017
616185189
431485809
2496381962
2899655005
84298301
1102094539
828464179
88226323
1341189620
95372099
788538750
346109942
1159431284
2976534073
69791859
87735992
1156689685
103255965
2532786757
297809168
1344418945
2215407589
1672790558
225799156
2231186966
58288706
16524109
821312934
354717491
107109836
482351785
521074672
2470960434
101983276
353587975
137615601
146358874
321917222
835067886
293124821
403969276
2345328811
381414795
402538349
363577574
1103456682
448007851
127818799
3102004789
541465065
16050296
331418917
90777425
2862984205
2842465811
497098742
21003984
51584756
38500087
241987341
233111814
17635231
985223618
94474455
60746744
79736768
2453787236
3109631672
744769502
1953454975
3033690970
22008132
24701321
29171054
2337695935
2254288734
1468568192
429538333
3309787403
336070500
533643767
56223647
545372140
356133573
36322649
202344410
49631894
2405698317
275751648
108764853
628753393
277126752
61728485
32410782
592222488
228300826
40843754
247339950
2469387294
117538430
22903625
20190571
3135140749
2529760760
196588526
1618434374
355559587
2832079850
1655504317
522598761
741393504
355423885
41386069
355509893
29728629
2979169120
23423631
2883016551
2338071158
51207002
40272074
116451098
2217749938
139228624
2247301686
132881229
435114207
921841183
2540117754
145659824
363714280
529388627
369994088
18135599
98633226
2842978241
365217367
3033786251
2926746575
3180060552
2396758568
20378938
75097609
73258325
63755517
516586981
383021596
263673252
18776065
16539112
82189657
48240798
33999726
409977146
15385499
16078680
124259972
182168899
5868352
20907304
38362439
173153721
335282902
186941508
31140913
167257999
400128084
356668367
2319410766
23246523
95244036
475165737
2937734787
2431254637
138862380
2874316575
495088169
15147882
3077948122
209102929
229945398
2403806412
20071095
103693118
2821497982
240318233
2836795998
427183079
295328214
3228573107
28341928
54868761
45407252
19758791
11891992
541166384
629179215
125989832
2236198394
60052842
593463882
1277116148
1114705105
2440980630
2956317554
2164018771
459000523
1951820318
225096034
498718262
388105264
547040579
103535195
3131033393
633686006
34788302
611064095
2835398605
31373403
109604578
16184882
323864582
27434077
276520075
15362154
15585410
51424161
16312576
313521786
3033503267
443470469
2847719975
170103021
127607934
3087536042
120134178
1592697882
924127014
1364148452
315716775
3065069998
1935706297
1289083501
101394856
322687061
1567171232
836339094
278213311
1726283672
2324334888
120338020
309488956
65357007
3112530044
1147116690
588800661
17852343
2315451756
746440292
122665394
3042579528
1477595658
554549583
6086872
2147929682
2446026914
2799776363
2361865279
17606667
52073369
15090322
339741638
93920399
1020688512
442273542
33498230
226714367
9043252
2597293170
360453750
58379209
383427456
144493921
507974491
2813474804
414261901
24195658
263492643
51106832
6988672
22821175
870510974
277294713
1687196250
15729081
1493962760
1633573218
48813308
2651078922
15293352
1616434969
374688790
3038876083
35033769
64780698
25276592
270411760
26411479
91283750
188003338
15560613
17882432
147992515
1972783291
146239002
1609802264
817401294
266616476
1075813904
1940245472
1341261871
2219123972
2219091576
297865110
2154116685
2490691548
1327193484
476557046
1374437706
1364619246
163792715
113418424
220628778
72828162
141282298
2287024939
29455106
341429354
200770783
2931586334
2912651510
446921261
1290710551
113840674
2453060832
908744695
145128985
2701138813
239742694
150993347
2513008345
2980932371
312184578
236690540
165274919
82152320
482485573
2241827394
114628210
1669129080
325585086
14754224
180014508
486057278
3297020135
127975950
1514059944
173627651
139530794
418088099
404707765
182302611
16525610
119854969
34886449
234501376
181864891
470230536
17680119
296740659
102402414
975688052
2785643802
821001878
236364024
2372162220
1060253360
2989952700
2317155463
2800204155
2393024653
829642459
2587815308
247733402
283495063
585105497
266506817
2371833468
1710700086
450171224
16361530
569022921
619787587
434168489
119896867
2595101034
14385061
534709337
246223626
2935041555
190164122
3134862272
761270258
2923858664
2700972546
2828655360
13178242
31196202
32966963
1494319854
2239132789
96798045
2401966117
2533157306
3185409989
316507621
1063381525
17176578
438605800
553530860
2248133580
1348308115
65730079
1770472219
240978410
1705905264
18193582
513740524
171189365
16477470
2891552949
2435302394
2977541235
138802822
403590491
2992877941
1322879629
227747376
492755573
2149538606
418459695
188476456
629712249
1513154430
2860862663
1470481488
2806340550
412347661
3327934173
2225654322
1705659211
18196040
16236179
121920472
377075281
67056256
2968391471
2998764153
2840559610
1385473735
1917528253
2396822916
114491525
486205454
2903820999
2848772475
2910122575
2926267969
3066375712
2823033943
232900434
2247932054
2491395252
607363619
598407770
3192584317
17741038
889940634
179244659
1872150254
2354714178
2239742005
3092779319
49156802
430266773
2918499888
1652915726
2936283842
2455383883
882405572
175460045
3217247327
2969865717
572621267
341978660
27639511
1653184825
281399173
400115609
2569301638
370907906
1969233608
45580956
627711391
221463677
1608717930
15612058
20431922
14067497
22039366
98202977
2864223607
1624394382
37379379
14983499
551512735
137152481
769579350
797617932
2451459440
2435061054
2787497348
2647519218
584766600
118691288
62716469
78645124
19386376
497022709
2310543380
2435604456
2634696583
405512459
1347063523
3317521919
911686213
108505970
1635663000
19654625
16811880
2197576302
150724084
247157084
21815674
2532311034
2903864697
77178600
1470270692
2869095594
39596198
2574683058
440495968
254824036
634349979
947685318
934865526
3033266649
184074409
2798748398
87044133
30322022
1590082999
76991062
1497177907
15686121
961091592
2805055330
66012703
376955450
19662201
29881599
2937796283
3190942488
3033621149
1369419024
27964984
524879867
63184383
2493977822
18424799
2935344994
3035887829
3034950226
86712531
100857763
2603186736
222948734
771759218
2896853081
2960067448
2935049487
3033475755
2802074098
246243146
17862252
2176948092
75983280
2496645174
27951968
43161572
1442554309
2779746606
21216971
3033696333
303481469
346796984
1620852433
16224174
2799600215
2157785719
2799024819
1925172110
153916419
325912599
106978908
1916123840
1451820792
108309762
307708241
225360762
397017641
23484749
20234513
88441783
193033189
95537977
21125885
345162584
2225868198
544260049
276104200
2187651397
456323203
31197211
40987625
490535563
769805436
208790870
168627602
999860978
2523204265
334190107
43927924
91903670
494690179
1906348094
776938735
611439381
197002699
164878235
310025776
350446219
98192872
2485025344
284817629
1651178886
1186395242
31887904
519015389
150144680
2514471595
221221806
399059812
2196894816
131035730
124750030
402474885
78188447
1058639192
1692043056
185344396
70323771
1240039321
339868451
366771783
1285131757
90283172
30018275
2970022096
26887038
16537700
1132271988
417444001
2558841675
485705461
290651250
296374584
1549029980
1468019593
1920230294
63157933
2296351051
121818283
346576482
22136053
34405134
18015953
477706516
2693609480
385967084
303391198
156804315
384281887
534854454
68978240
3127480773
2679206760
2355120648
26711810
120034013
2345844534
1367173782
2318774942
93942027
1669894584
129834595
16202455
2616103580
1647150546
570902283
15537809
393875289
117366558
38406510
907869414
43699669
2312815433
1427461309
118265980
24140685
2373985232
17997396
2433542039
20266943
815837576
587796763
22945545
297889080
268067920
1605652302
2930902604
3130213691
110920593
2362976100
65043970
23372537
52419242
2933575596
1086440911
2329953641
313834965
204351010
279056384
3160241154
249413046
2605042056
1072679280
26794596
779447089
1597149992
26408155
416788572
2331636804
571015821
432578806
540607294
114675736
2479669832
397155014
333931924
1088334553
21246105
180306960
386867788
241103291
301557715
991828021
37722364
18541529
223326701
530996283
190658929
95986221
24123563
267855640
198499858
573708343
18655660
369689537
61837787
34855249
105170426
1928662273
1453342411
18154431
56018972
54537533
23943309
574229133
1187616354
19761958
93452562
1124044352
153153637
34393261
701905669
90537545
2376535352
71583067
621844769
52780098
282606114
2318687942
19728929
1388402539
2448514224
2562950269
2603179452
312721261
2474641724
26127056
369651652
23102117
424690337
16454701
18710601
3035880765
3244101544
3085878262
3033760437
161691264
3086614227
468336766
2593467564
2194492434
22946727
88889475
297617974
1636673089
2767740720
181382625
2171868452
3237228437
2861406890
2326833531
470625252
474626406
2156218140
557675474
499831520
15413151
64749860
1010091210
2259301808
110330653
340035614
29543620
2503818606
1079043960
1731476767
240142018
319172082
31986147
1695132744
180132166
60627661
58416019
3131120643
209951303
288290247
342861797
198065433
1540923774
52062854
2210301025
1302796046
1217890538
482319059
10348162
3247107014
143801949
1575338724
2395805786
61272946
79711820
2885838507
2525677454
469495146
94253000
329466518
95825988
500127926
585225519
490927732
65537425
260868222
420506749
281160181
519033864
254287197
2305920349
60205751
81118860
36020967
214124646
3064247157
766326128
434386216
93770372
165558599
535436270
768642666
25810865
1589614765
1586826302
372157267
559007114
381328370
36582707
41355506
17117829
32310595
3003440777
1321913438
122338565
1639867514
1326145128
40173650
3243956123
1245690798
64946870
14935079
25364439
2954048812
969909120
2439680988
604402452
51206763
2962729889
3035635263
69660300
14554135
22302539
2781052820
89475006
743741328
19813585
479840612
3325670469
264127009
66971897
3035646772
866110754
1066125606
2241572377
489419638
1229474077
70401175
2312406120
751468082
100472739
3033450923
1670142380
1352230243
390735004
2491589184
262059598
958386788
2575090455
2817142873
132547479
334304915
22396684
390940029
352658111
260930285
97971017
1930354380
63438639
1887797048
407884079
87776462
119489347
225816316
18206319
140620845
7130402
2599710204
2152098571
187075344
117203244
2300602826
2494003213
3035823628
2653454930
711079963
1471778269
20013805
878482963
557735826
2757286007
16026965
49155341
1670958361
2501124176
3177319218
506573382
279450843
373001254
405002239
2528327606
129203897
231184422
1712200644
3300570143
505077699
3190785634
15921959
2409366366
478938380
1062056816
810042926
2595052286
492593091
3289663413
3033237617
3167970840
2466122347
2413066219
3221168089
192094340
2299300032
1544124320
749176735
542866137
251047297
67564687
59775050
454262739
118257594
2479961724
225109724
317072683
381698951
603007017
124508160
2288479111
2423795342
369450549
227466923
2338417838
52063112
3244876867
83639769
40719312
299669799
543663086
3303216563
37059759
31893357
20539531
529568730
47034638
3174846463
47180329
3237562831
311392719
136249274
26362666
142936740
782732701
2435283024
1006983462
84214345
20880337
45945763
2298686652
2506785930
2406277872
2834679398
107631477
426506736
1058104100
1448966886
2436029336
1621330416
45542018
21904217
22449271
20827160
1638376140
2665710573
579142284
2987220640
1448440212
138778701
67965240
40032022
183903260
215274239
331513990
3111744032
467220783
210559223
3234787987
291545924
79114526
968117834
527179247
481454372
28108980
2236134212
2869032999
494294647
2776353270
67508979
1306391208
2539411060
2504227342
2205597968
379875832
13911812
408747519
493155140
86488568
2616440592
64935288
79486524
541833926
2900443512
364117556
407554777
38799540
27115602
125360028
209119186
615544040
2955227173
5439912
212515157
3126809369
393856317
973139456
74079714
165460780
57257695
269197912
191676496
30669273
2905326005
6092922
89022589
3072547360
231798658
23810329
859562174
1540529606
153876973
456776697
2158527236
64414414
19295350
19295714
836419597
496968130
626070115
3164678148
226472048
3121974694
23488931
3236910253
2399771948
169355376
160189124
361818698
2741803680
2456481475
2904715154
71193927
295645205
538093588
2694973494
75272978
394146145
2902164336
58689977
27367292
37240755
2504829778
1542116208
98177004
604964492
19649390
1386434238
172660432
2903543903
63472831
2932275801
3221331646
995109152
3080112388
1534189050
2809529013
1926774590
439113318
2354887982
2210500220
2873897090
543175174
1224730050
254095231
101763750
497876382
2838506483
767029124
2292414642
826988660
2152257736
1043169637
1676356795
2458090176
3035890983
374537845
2503813664
2446112202
3034890100
2972034232
3034870379
2616102636
2971247836
2896876654
36115718
2493993336
2588623208
3033803560
3035644065
3035915548
2601317408
3035590697
3035661064
3033286185
475486745
2899966918
3033608201
3033291887
3033459736
2801570913
2493984529
580333274
2806154434
3033485183
2905393119
2653433042
2971444174
334822902
3035457045
2799547613
3033440645
3033531574
1859925062
422278618
2247066768
2872938870
1960815859
708596762
2344735668
2994171791
2780401584
1337146202
587693178
165701483
48053374
108375650
517579926
211067065
406222680
2797931025
29358564
102991388
3147691988
395803926
1404371690
1404322555
344152954
1359822247
395814801
1404360181
3147582972
1400154325
602917419
63797855
2408226319
61252609
529624733
439683939
442482934
260507968
23603092
2547261330
93120809
1267972110
109198675
263238658
356838917
459052208
178164261
2404779507
906603218
18057450
9939662
1399524234
893735773
2417887261
3035639776
18410476
20790316
68634160
1407359839
25334202
94798774
109482285
101930918
2653468754
3192930235
3195121554
2584178036
2751816499
724150338
297429447
1077908262
1590931880
95979884
45013334
339626888
385384341
25191741
19558573
843742188
26742073
3068522072
545281644
21659166
31320269
801043148
19471633
3083475255
3013096687
3035668474
236842564
170980796
1065739849
1521192625
3003900759
2926546797
1316885474
2863160883
709226988
2452892035
177826054
52114227
3127569689
469937852
3196278082
160921531
1591067672
2401823469
568684695
1145995544
461155939
264473282
261637569
2551162591
948992130
572654574
312856022
337287474
2932139858
24087659
562434555
2556910932
624638113
1043346637
99299410
496737931
924576235
346532873
1382514060
101882105
92603118
231052729
1155880885
1221187406
17446621
833031301
2323064329
574859993
553408495
2166833053
39796042
2247864542
439665851
3152960987
622474711
63559725
341603048
2232549943
2453803956
239355528
2917820678
589026966
948573114
241740353
573921803
136007920
79317106
1252816555
3161623037
30359272
2708449916
140900150
277129796
262656028
708739290
20930576
2595634381
3192402548
2862499199
1363910538
1126041282
2694020957
2523722316
88878913
2911304678
2544190647
2811823171
2818004385
422305556
37513699
248477730
96331433
1936528633
2971474120
2506769574
178279705
2827104199
2601372570
145610950
3033270773
3035228247
2894470372
18632901
26056298
81016094
1865396497
1865372072
80770438
220328131
50839570
3248290934
19509242
2941246953
1861250144
183235748
44828903
3211617747
2327026940
237935013
22779172
2623372053
1360924028
481857725
292797241
142220864
272899187
511124030
291464583
132104173
857004631
1257769902
42244634
479576691
2498257728
2594002573
1561671733
1636945213
1713036732
277869135
853363214
2863924726
2539834164
2911971395
340912433
18410859
50273829
193233735
1487804790
3180067061
405917731
22142299
3314999081
1469570988
630383466
341544936
539128451
2576103042
3033528999
3034767519
1686092556
3010790139
1927452110
1251761732
135932268
24216951
2786217503
30072731
42383394
1960073467
1165125870
2772061694
19105902
2300157133
91564311
21366232
2236783614
108092364
3060625991
834672494
714081799
2424119365
307970810
240651302
27149917
486741508
289111673
25814161
3044711009
2772808644
221689695
230075683
104571166
1324592226
3096864251
1688957876
3033576191
2411739817
3033286474
2893389522
3035556394
69611563
217690123
399707787
308534379
2728257767
1712818602
1650132943
3035775665
540485826
2881407041
1520144473
2960066687
145197419
436657511
1124871080
3033737938
2300619008
3033470290
2762615043
66942526
2850512546
264541439
2918773032
69874189
2931093804
332156688
2791321519
117773919
3060221218
2362340965
2741885708
2310296304
347132830
165414445
3004355196
417131138
2960436583
364494026
3018767378
2374947650
204271945
1655704927
343311377
2959905482
2382812798
283200662
1327471178
107636809
163148642
2467545006
1876787940
372878359
2848847103
1913663544
16290986
1574543365
14595527
2601128929
765443701
953593873
2395034419
3116148633
2422263687
285402928
1700883811
515280764
114722158
1498775070
3055364586
2799217323
2453779782
574592133
954414061
14889062
1923606222
794349973
399432190
24303326
1551037802
413907599
596215312
3033320812
41549052
288745197
502874878
1715648780
2446135554
566979966
379759188
599381415
22560682
169018361
1322858154
3316557687
130778983
390345040
409665547
244087382
277949345
847924573
998361224
2601353503
69571393
427119892
852241555
148372957
74764975
1914175950
2739372066
8680192
2855380221
21342757
2371226017
1371068850
145613779
394341239
2168253114
285091901
2540790481
3158850692
2436025680
2840451715
3026642070
22117564
2800475385
441838717
2867307751
2322197442
1025686812
501585409
25222494
36568658
3035477645
2418922063
2501107820
2463915446
2895599942
1229639868
3060232321
3094589173
331237853
46535658
3089361313
2483475012
2593900958
1579244930
1717582484
1166383453
270423124
166153159
2812448899
436821852
360516358
19538986
2960009571
2774007786
1497480720
2894469619
3232412107
526659778
160986147
308805249
20202496
2568407394
285444497
3035868652
1434163279
276044869
230459401
2796441370
2421955524
190998850
1047273402
135131009
973925550
2907175404
3290625712
306848393
1134090930
186744115
104485163
375518221
3229939826
2798716999
1241672718
1330099850
283931062
411033470
1299739284
30466002
2410834231
81527133
582999011
2848560393
2615722226
1493276984
286212280
2240830562
1579351058
218417324
2949999918
2890869572
18455693
3033225117
22232322
201152544
2503793773
3196555530
320103675
136513765
121251877
626647287
2971220075
2804567817
2506855418
84588519
1007923694
306290955
17915024
108987013
91108066
283040016
1557867150
478552001
425594343
2906735656
3035726037
64126782
518512400
2994879395
1522235840
397766561
127013559
3166263199
1664287380
2206256317
706554379
1476379344
249775003
2735309639
580448298
2320128277
279893734
2777400420
2960092606
2780748739
278947634
67136173
1632502519
2446116660
2458060080
2463899551
2899946470
2388912986
244370379
292838848
2766585968
2764497856
268324060
501039576
2842483768
3035894770
2493971545
3035786139
2483491746
3033661949
3033639388
3033276441
2603224578
2491529862
2463908599
2969719043
3034854837
2215391570
20391967
2476569446
3035695739
41431893
2935252791
2778043482
415256872
2503814665
2210222454
377966621
1619967956
806398297
479942259
2959823761
233785871
578064715
1014943692
407659977
452648081
202095865
519755561
227952382
2431880797
301311783
2950261439
132138835
2503791674
408224875
40153378
108315523
1075036070
1434640532
224127730
169850530
802155205
62240855
15629639
2937780359
2730622399
274522599
2284274096
204627286
1123817934
2394005532
1459733629
2583761562
1316212122
105796273
243657396
65603329
2335807711
267134752
1036103491
2985184806
302372749
578067459
364177561
1848960433
736367660
2769104013
111579405
624459101
77370496
2596489934
1926600746
908386297
2315219659
1046428872
2804715352
2918215927
312417952
161245537
462795624
2306491134
240315923
2332865213
128198964
59759022
64317740
156547137
754844430
529182525
339196653
325322977
528595733
318851673
2206939526
248595972
490883369
177501311
1706973276
1824283519
153289325
773280810
234333923
287580488
313898188
2404851283
139501371
3067018248
462926490
2463920684
564225784
64060048
159616846
321001079
624002465
419478018
3004977858
285057637
599115770
800124871
1557737678
183943622
2548436401
124499756
975801764
35651235
373298966
191271798
327317638
1543166294
2162614837
2298745231
1451870322
857688240
510077539
103952466
2937797170
231726238
107785494
825821574
89812125
2959981113
406103285
2230016556
999145927
255039088
380255587
1336874346
130744973
371039999
897577466
3092139677
236365100
121111199
1466272657
2777985125
619895405
2798616144
2881189950
2574860244
2896863377
271458993
86475868
3169937621
622921298
549800627
319062504
2496643028
78889055
224627829
258235055
