1300096874
154530823
2506434458
1111100311
17437342
2954369269
195536660
388995799
2819911191
2313971014
516332638
732772232
98983044
500753411
290533460
1337086532
3023616179
3010185713
2962077659
307390593
513381875
216148158
433529522
2264905698
288526459
3031122717
409903107
2477052703
95008798
526973033
580584652
2482377444
2968802278
2402865427
2503899384
2407720470
298707618
609404704
2761798419
2606875152
2377022150
803024179
2538783918
399354418
101815393
2731638775
531005151
2451262370
483376117
775300921
829169328
2401965878
1145738790
2442634034
2969377684
527698796
579661762
181892861
2244849040
2512709121
1663246039
2324924083
506182666
2269095733
472251757
430736338
2398461734
579740315
377265660
545166025
534287183
2354247799
292120017
391548270
2242052467
3031157223
2896447227
2993393152
2148377611
1344215503
3014001167
2469800252
2799645203
717734640
837962178
3047808045
993572491
888561218
2392565384
147529335
2495238949
2490062928
1894796587
2586695629
2501638776
2313760934
2661953598
2542004198
617410512
3023108925
253910861
310227413
1868915389
287493868
2363885312
380266112
250178611
473885703
2212482798
2321874728
2534570388
2408747287
445674051
331398743
2749661718
798056203
2799464991
286186095
2483917524
413234676
2736036634
548506786
1850792372
824501857
2192973653
2394678108
2580910617
519855658
2700515102
115612698
2725405390
2461792166
49599609
1171252178
548207778
422905037
2430364627
2569206192
1485576128
2372906217
298193525
825037381
314745981
2443545583
410981056
1088255670
2438093653
384999027
1042712791
1282456897
2309957907
1609720116
272511761
2413383869
2212520106
228150145
928155858
301024965
1024579861
581182487
431116897
2986907531
2854496625
1728391280
2334438191
290457982
618507562
232944371
430104137
499070438
521224913
260694115
905304163
2971401159
220967006
1040079384
2695195122
2541974903
2215910442
1684155818
449258315
362561609
2174081447
2541299618
2784541774
2370549163
2598298903
1707698000
309128723
2255361265
2894719611
378459282
3000732967
2935115729
2721957062
1284737436
2666780155
949217816
2613227066
2782615782
208519026
2559678014
524828866
385855111
433233965
175285556
2839726096
2956409752
376336190
2557564164
2478769261
492230941
224677591
435620446
2761977320
255918033
473102235
2449212476
422390501
2351505363
2423591677
2492161955
2482115163
2277891656
2936597619
2357435245
105918283
2374301562
205602460
300742958
2835653108
2769930961
2436883562
2820220611
484151195
1380116947
2654843173
428023922
3007247297
2577285985
2951968857
2864613142
2292424800
2344798355
186835922
2375418752
2288400286
623995765
2191977750
1269042553
290314166
482319758
2259412253
189044479
2189894964
545362046
243592170
103799502
2778206040
333362867
144966558
2315629768
2384749111
970532526
2190665755
1266187200
2580930321
630891037
1918829856
2260638498
173476620
2344163185
1270792748
414141215
2438640768
225615222
576835346
581565508
1407773732
1262561016
390973539
365574631
422400607
300324257
2373045309
2663151246
3028547391
431521760
2981478958
2292138895
2316998534
2957006973
600394520
2562900066
463866577
2471849714
2238287285
714674097
103533208
213997834
2654466175
318427425
415600718
497595696
2933838742
410091837
2609438690
2362459472
349265920
973511780
310687556
1354930532
3044754088
2188410637
424120908
2619556654
475754111
954073104
314554150
1383769356
3020691753
2529767186
1088588533
1747024466
2831989622
2885530078
312003433
2788953020
442562996
360536865
246326346
136329115
555292636
306041341
483597837
2477215722
46413598
447950368
2915808099
599906322
609966116
1245483242
1245472164
2607984906
1196220164
1264576663
391430225
916627796
2898159064
914154883
42847125
392106162
294420427
2297777858
392781682
477041200
123034124
1344974462
2472900414
2399895555
584747542
489999778
2980787543
2885490429
322673593
2881592909
2968503418
439009731
199181093
3011934215
2956481811
2967600347
2762965032
460112808
3010652020
2474586396
953263591
2480131056
2166149816
2595937656
2336595908
239286126
594837728
2483202764
2248848061
2565833382
2587061719
2442427112
1263981860
288876751
1261134074
2888203437
623252874
34209920
243677221
2732509903
289434864
174025062
141170751
386438418
2226459606
855556087
171209880
2980982219
1693887271
2230613786
437294311
2852933964
192509831
531930031
19498352
288599327
2594670512
2255590766
334714216
933448344
226189147
2333812554
435716239
1506097291
617655658
366614141
1364092782
1855314859
586372889
2352260437
2856446829
2196217194
740169168
2967514474
2829193889
434985297
276914055
1604176808
1681460360
209114317
2712401370
1686740958
82174138
2972022964
345832968
1606516598
2984537614
2790886953
2824460996
1336242338
315950988
1670978058
2357233917
3034867120
203545672
2821685609
2500474423
159076034
474761442
1688658920
874833012
1281115164
1885910466
1264427994
1263771348
1259746657
1258808976
888999476
1251209840
516538260
1250699767
2434237004
2860044945
277335036
1250603671
2402586186
756823063
550148454
1251188466
1261274342
448712348
395447603
1259362232
1261696590
306654560
2826054974
339742596
1227165662
77954938
2564876846
815251009
85467154
483102553
2582298980
2258107787
367074262
476016615
828538028
1268453928
2853058226
1672658923
2212250289
175162626
2852937272
38659735
367101325
2189068407
2703935412
585706360
142725212
2201880001
430733591
560336164
513969853
304467726
98794963
2927233997
1459729892
2624522367
1262032729
1259239585
1262233092
1259407128
1264227025
1261265641
2386744328
1511188916
722379296
1509213925
2581047745
3001000983
2840350877
2496933906
2907657269
578137762
591912437
591119779
191735122
351676267
1258713242
834995108
446118117
457815573
2273668201
2917584593
880661851
1944424771
500581417
516650255
2223460326
404787460
183341043
988251602
1088416214
357916499
217763570
549152925
151910290
2486443020
3046220063
1110238039
1588928310
233408332
2350253587
1200309277
2788832981
2619115119
400910582
1667210599
2675180632
2190495085
57882714
2194554346
812989836
1059749892
2402967978
1250627456
580798670
2532964619
260322606
2846569030
