95721440
22812734
7587032
23613581
17692073
265497500
124170781
581740777
19457805
19017675
40015623
26985345
2976132771
220138566
1712494772
19058678
2307159068
86335679
58836363
18765853
14301230
125270251
112398730
387768429
3131144855
14281853
16558943
19619404
494816307
19346439
56679400
16139649
569907582
83444662
85053370
854003948
862636958
612473
406098496
55253731
310265421
21574458
558640207
252569527
223932036
394821588
34937300
47916714
843002454
19562290
1334918850
2962676589
272012514
2734087205
212210291
43206205
20442930
227062075
264452988
1383036158
2859889698
1565256427
476972001
94215670
453815351
219808539
14490226
16459140
110437588
28607570
14054346
334667430
24249432
7589572
19357045
16199914
1002351
15229557
397990778
82243
345928354
154509828
3072190684
136953874
566536507
1377364789
454779231
621533
12695662
1147303028
17442320
19981832
70991021
2485205066
20161694
26201690
140703546
1520500483
275242304
875778446
131984305
127970776
19915728
988784438
17270575
144986052
68823404
22482677
430073064
88722311
195891455
13713292
4591161
275024798
21235736
829315062
74692745
16180961
24246234
1612498232
53887085
177590021
522501686
5680622
141598993
225038441
366761896
103834382
296169939
2894660601
993678247
19497653
326709395
30002070
20262783
17944210
20281540
61430988
128874159
111352166
20165036
44861847
217374596
125370749
309126590
406332014
170278484
23243831
459390022
145671928
116864791
130109576
47599899
757225248
209487731
270416438
18046301
2603477264
262907164
162100167
236395049
1104293312
29283073
1288271136
1966853138
631113070
21402367
40677039
106732601
131859965
576209736
459310999
267348157
2230539338
544732668
61660254
121127090
2892530842
1474229671
37910060
283640557
34940114
14077382
980827975
47596039
21417687
358204197
2550763218
20052899
312758175
26410697
18096679
442245676
16850725
575507849
311986618
24404437
268942595
144112800
549494331
20513520
350125541
349249412
20901851
76354305
19922233
23311608
239503657
19405660
19725500
37916168
716855960
23286093
17687028
540321900
629133
270865782
17519978
445058475
21781158
2356754006
2244478597
2775888219
185295695
66367082
409843407
802357507
480543668
575690565
2274640021
1080207836
1125937411
332151711
374141509
165601484
1093106162
191857756
17296202
740912545
755266896
2498176631
1037431796
492034711
1632486703
815911554
960204794
627423111
625553321
14883354
354914590
747026186
14697931
608534227
20860653
235508398
20041276
327859298
109834320
381194926
470487223
46756531
1289157576
2153807785
345302515
212229592
289961872
305655577
311619290
2228659594
21439144
85386747
286888215
979609226
577670568
453856839
108912618
284566108
1938891602
109685636
610028948
615368010
82842477
17945610
223263548
168644899
351195189
370363681
455611507
215352821
463749076
106197499
1610464182
163430184
289511094
872418210
21560838
117723397
225611733
121171051
27733698
154350597
56643102
523085134
353872365
23335390
388243408
270327100
354601707
890890286
265340726
22116288
1942612519
808662330
544395410
7798562
149642549
381541980
97926365
47573602
16951694
55927141
20738383
351552909
121891243
224262013
91578563
21866939
306897686
15722895
18519972
460908323
61521791
2398110764
116284548
17511706
447207065
291294103
132573654
51792539
501987780
20814053
38431981
12465962
31184038
284658270
2483797280
2939750218
248237582
2950928613
1535119080
2292748574
2855861355
221489980
20668369
19792299
16503908
100072931
46121431
18949349
142230413
142998242
5744902
17949156
154485832
19161388
432614336
25666091
21119262
7424492
77751798
51724443
364359963
1959311316
237413936
19911928
108352544
123287171
17761559
45435723
14088007
44579285
166966715
1207953950
298461505
15263068
2886171509
23202842
2227223258
1498924014
464121581
1900008354
97340532
495265124
476845869
112400302
16864091
19866490
242526210
7903962
820222795
21298024
26578488
2510012804
37896279
2324172788
2899573989
1953972308
399365200
1668667147
18878629
17808531
44941453
227464906
27892256
55825410
471514127
2998185424
76076385
367999975
18684731
14055229
330990433
201339019
3001519506
272178411
193674681
90427000
95646830
288906657
227782167
38281180
25296312
553272799
2883775103
205209361
558118066
1604473688
378095737
25153209
19229509
385430372
622268117
207131560
20181440
5715682
2617964153
477127324
43965658
295739693
440978650
57004357
117428743
271902015
492928835
88711942
583097332
2208820551
16065140
21494202
167751627
1618325365
161426011
572130588
76442487
32369044
187964046
54983543
568216214
183190003
22777697
272686202
1204753993
119020136
19673461
43849972
1337387216
2365347215
2730332490
1182364837
1543801099
749371922
77220402
15135214
272064809
52724731
553042740
2799699613
229627801
336453476
56344308
861404299
90527083
242670355
219273976
1895366173
806207934
349562694
20243048
105236496
19812790
1445747226
229621886
230748240
294002918
604590470
20325150
406645493
45833440
216044617
24234737
20791165
376848945
2556900289
34460798
139985514
136069644
423570408
22564475
19830072
19858924
70957504
111104488
2414800362
212606066
3001906448
250104707
34625445
92739595
341502355
139733205
3003710453
60873294
65606223
14743800
36185913
341133305
546064822
1339845151
2511712632
218184868
219985113
103667951
134082351
389633240
21772748
292861893
14771857
20034914
47902389
143450010
15835424
625897674
20298513
53701257
160596756
86164385
21714246
17166900
450683262
39515158
3096030234
90485515
65403897
28516198
800163288
344786265
2433924289
139523601
355511046
302641847
454753941
72271128
148078225
759939776
68946270
34293782
51539838
21282561
40215174
1927040916
162816208
16404092
2249291714
84384987
1240184454
507795477
265602503
21609715
177949441
33232427
1336533715
19108576
268714132
80957753
2204272630
407313505
214623857
355746672
14095832
235912523
351127893
77809126
23212135
817165422
305134471
443565818
19902709
21251731
2986188887
190373855
20055294
1284484556
46061524
72605514
58233341
2989646759
63189271
2264824614
461169758
18306628
2990085724
2855471
1049297821
2788978839
396067627
31105169
20588878
84572885
546319496
461512162
24202652
2981363206
15695541
275688047
260114145
72671851
489656853
26796376
60285039
2342326414
149084035
14121942
45197481
132496572
166952529
18809812
20507980
32389864
45114355
27051343
747707262
79175176
2679899798
26538913
360020050
390146623
2737003958
49725055
28555016
62576309
370057201
138579043
760654
240337685
2478442910
1027152660
936986383
93419198
31463399
141744442
17323194
129594482
22949092
379669304
504651015
18239531
221810885
1068121346
178740222
287163004
2232256762
297614357
1849337911
302174491
478979511
1735129909
243393079
20501362
2947446089
1933862005
302742432
37972904
2457099590
788862888
24170636
296727616
278673208
20994278
23925278
436215581
214049826
275896693
14441334
14918485
2896575615
148933349
52019722
110268940
2816092067
2816524116
212273141
1454031068
18101609
158083300
2723328987
3124737965
2927999031
2762592056
589121855
555370896
1444843555
1618637196
1114205983
2512481068
2458510246
1286975888
131241003
60224020
1267881271
1056289050
776966190
26473089
204490592
251497683
163563071
2766753216
20035139
1408671510
2738155487
247219290
32612452
743901649
2580361939
187504552
337626858
2456606185
2539438149
432401953
1215319645
121855199
2194417481
802391652
2824606058
2291812412
1215947096
195318330
67879486
357635196
333054316
152687079
2793464462
224657541
187210167
949339178
310643025
3051725225
83711992
1601702700
2504143856
302783025
2421057199
31412674
1659942950
585903763
19439570
3037111029
2487317881
389768787
1346530920
1485153511
26961730
331538014
829694792
2310320650
29253282
1854836239
43874073
2971138191
2524948128
2918267949
138673277
89165845
1249628886
2951248157
615135061
56386566
67345697
17895820
1134728358
107794703
44519490
50602919
226249629
1295894642
2414168274
549988471
2611157111
798139494
187579804
379066161
520197647
21178239
83189740
256910790
51429199
19313770
14612704
22521627
337781369
896663336
22775900
32175942
341997571
40667348
1033331430
335787003
130811704
19656274
434964665
26537356
29539794
20130311
3026599165
14699190
2500052197
137466551
16850401
2998020136
2463065714
99895700
182474563
208590331
87032917
16199886
359565758
246307501
608568292
75507528
133907152
19233647
6212382
485950862
19843379
278215831
794617446
19356796
248844352
210155984
37993394
52365318
25654421
425825075
18393915
45227179
12219232
23625401
25303558
56680578
221894214
19863769
83883494
82622770
185571832
757958275
24038046
146046279
1847114280
1268612959
25327727
516547960
20973388
55541412
229794422
873636367
539997757
26281924
23422406
2963301898
342455793
19205970
136029038
29074222
46106700
415678730
381192433
42410307
154132370
20229729
47893556
23411557
66440339
47916280
25592627
13010422
20226220
73147719
28376011
731686644
3065966021
1305528373
90219306
855629582
403290105
48737698
46017944
29171054
2533091000
607415571
23710935
2989576360
14088962
233680144
20301078
523897075
493619085
270537394
9285512
2809611224
2292547999
14472234
118200525
93932552
2383722986
27997833
337777764
141301246
115142697
297092041
5438612
14684826
131296475
2160675565
229643603
471455573
578951906
516300887
294140194
48032390
68831445
33281879
1146267822
282997669
227464447
23587765
133519418
27681028
18282398
55832325
42091552
50987947
219831249
274156871
148829450
14871717
23330953
51117086
60061222
2494512865
22767986
717941280
19115828
22368856
1246499706
40062732
17019081
19468723
20160932
700860542
83477899
100200198
582202882
62585383
20906409
1278288708
81894938
19650715
18650774
85113260
381980612
238956217
462914543
736663988
28533091
303402223
373040397
226895090
1190890746
191929965
19812999
911322301
1920559099
14620883
20595440
2359362903
2444646074
51052182
794610662
2313099380
2517154169
19119022
1363044674
328484372
320697063
1549066418
315840279
71489408
478093573
15685515
81458583
397210887
66770423
29799235
128172723
135994766
109264121
291779124
364394795
211318987
20159596
22375628
14250132
403408013
283009102
319351234
77987582
45805569
71519349
16937262
23579909
17196656
190812483
121546400
20585449
19722534
403454422
60038603
27213346
20056392
6027752
92611991
236729111
374765703
117265457
1521667286
24996917
67032547
855263756
27973162
16525963
152713253
36379473
85525108
15439004
21392510
6998402
467369703
2147550622
807876930
427447066
1544151176
433697997
2444080513
316371547
22903293
4522251
42624389
17913099
19047767
277710113
50105908
14322567
302245240
469754483
568269492
21240487
44138140
15393596
859672945
315271347
558630110
212592023
37197577
19444617
168304507
127345230
2827787582
2371910443
30657514
30684230
70664947
265280042
2149742612
2240758126
2523654416
41424907
50248978
126108846
26612656
127289951
180363271
156782234
14224906
46631288
21992016
182983338
886693554
17387329
351715132
20512015
18220900
1702177423
854101
18512688
351101581
383482486
204461335
26290771
1107063020
2153594198
3041683301
1897554710
22613811
476143256
192126564
123671070
165916257
2734665318
39067705
25535447
215602201
21109320
43296386
20710677
108330351
18950979
26640292
18083029
24080297
2329053258
59213250
17784895
361517583
3087341722
106090158
431765578
985201441
2907319072
344235313
207622369
223753013
299793820
102489183
21595047
2852652593
405725134
131130120
1659383023
34262833
3013595631
180000031
21206270
3049238981
2458476536
2961023243
20250199
27901753
2827604185
136644917
3126162236
27839828
251744999
5967972
15798091
2742042635
2658114597
252629056
2293461148
130870420
19715865
2530505316
1734836569
426561297
2484304264
141269460
849812971
516454831
2296291196
568578270
27101173
1166754726
2310129928
95502178
1119695227
706838760
1722322981
46698493
2600409140
865412954
231057571
2472658891
1917155592
46880873
2389043373
139461658
2248532045
951813487
115787992
2401718935
3077758073
2287887180
2884603973
253059481
440214921
295911940
471140093
19339766
2207424383
398608388
179598231
74966852
30197729
456813962
188063559
111948884
348977450
18986537
14699613
17834349
18376398
303660636
103015611
21106082
1251926676
17865252
318941062
16127841
49314821
19564986
79190503
2828210702
2529123963
1062817489
276509067
2240662141
161025830
797948304
1284434863
2396848697
38260859
1960771952
726462949
22268224
265263835
104066822
2649099231
714513049
616025738
579036468
274650897
21096414
355030809
29665932
291352958
757509894
233589731
1050172975
2303764736
20238327
2729419908
2416910936
180834935
2371641993
2323738165
712791788
3129157942
2438686766
794818614
2336611513
280750912
1622493138
1725768830
493508744
2895421156
37689545
39348538
499876601
2984516985
1729301299
371810735
625628406
517838608
728160918
917856030
36492912
2822391895
753148850
938858887
342338019
22848976
148830421
375418955
2401773230
228168499
453070892
284657904
548729976
250163834
62288007
110211379
68412451
48115692
518525546
234949969
418096089
466831443
22907229
3020543171
160490377
453263047
407353264
444591662
2409302780
1550129774
370901810
131232001
275547016
867948979
219383811
298041786
43743868
1621271
1155841
179129861
237422881
87154539
8515632
16681040
189158160
18850192
564183924
148445242
19652833
99482083
85466645
6617002
122330434
17654467
353827173
1117470751
225566841
111397162
1011742482
1335168703
921818491
222164040
30051204
16270312
192255151
385116956
2404460459
306306394
38141698
396202325
597424425
1320291763
19900656
2389931119
2781496955
50817790
30299686
329018922
296684416
28382070
334726307
79571866
356352291
20752767
1354740978
449574724
45827776
402855132
21031581
21776645
236778380
19722003
308103105
225801591
55013865
33986430
635581493
96970332
3049826892
15149997
19015156
398629033
51396300
21218870
221725935
1976114317
2978836401
45331541
170647270
932832606
3130009684
307035924
367107435
1528010774
235125274
20538655
20614258
84855412
1205787606
20614815
191247276
40496261
361396361
350351181
1930227109
322101213
72893488
1392652987
95938931
608153036
108060693
291867495
150819421
1169054935
173978350
168319653
1671396360
43406790
19189229
17268547
49160766
325465145
314141396
46034329
3012445499
265025980
2219736971
79156398
27653880
2570910613
142758545
2799652760
412973696
34046001
21457009
20783970
2765016375
3064453630
621724659
99755504
1433614441
600292132
437593943
119200469
30508940
18701258
195899685
612930708
2783569126
27710306
3130886693
295788435
408786641
296819007
395419234
131871238
237721320
14844732
2675622009
3130782730
212394463
57025876
2453252425
17514290
1300731217
1231306350
20000879
459542686
308089587
52397480
557178392
2297264829
541113189
80040195
492117753
603104363
22986797
36334366
50083886
20167502
208966372
50879066
109038232
241517173
270043389
1197692328
332872379
615506078
193252755
19998011
17752275
14957896
291333790
28312601
30060450
160194277
621700999
18815857
623940300
594859006
83868208
347841709
53975148
19673609
2447130445
2516270954
32408534
848501508
1663530960
1077908311
160187124
354403476
339645906
518238007
235947046
565336352
605685677
20873757
2210937431
384026671
120215480
143951857
243375620
236057139
32373291
263724388
435195035
22902773
20804534
398902571
155387783
257599194
23772194
110527715
29771751
740240066
21015731
298707367
389403936
19993370
1528368440
1109921707
56103593
39081833
2755936804
24624441
236460454
2262094941
21570446
25537015
257917157
2299376569
51505752
20301676
146371257
247946457
124518096
498910113
19485461
969135283
15088937
1849761048
264172725
22527168
19442544
127248306
455973584
3099543917
30655549
44877071
424279508
23682667
2965976697
226723035
629208256
23329555
25924076
137828811
20423769
492593783
810017635
2899215412
300974298
598749587
23616723
173782426
20054407
110831275
98689442
220341785
78315975
627294573
20946723
2731701207
27660643
594508639
146929461
131501674
3074555506
122714443
2846877322
895815426
497859234
16271684
173260029
24738710
21129480
16364632
472822125
18361890
309106639
405162051
22248495
133052215
776555868
164794909
2747843637
32366619
138167286
97478497
300256668
2358246710
705565987
2891124796
2784160582
104560147
19485425
203044507
1607976199
39047986
100067238
884790762
726208304
48062303
134050403
39110593
19588469
30894708
301025426
2493145282
20054249
177169769
1061635987
82969998
34252321
449840493
15915055
69627696
38862205
190751640
24044413
384846495
135102606
197558473
255744686
20781142
561513490
25155765
258911367
46485806
14637360
22745646
45326924
525522012
136746062
15868761
1111203660
21893711
420484185
17174257
496918362
8051562
100675178
22992823
636971116
23610088
27850609
17967721
14085367
8918692
125783222
21230017
79585722
726500432
320195755
20795856
38835344
266218158
119356526
149512577
22542877
19763099
209679343
3119855025
176949209
49421512
835535851
20470546
56082427
302550283
389547187
21054423
3116142484
205877382
240414303
21678698
184223610
2957621938
15093906
14602444
2694556599
21513653
87533919
83661225
20605578
58794724
379309584
83086473
296521801
1924350494
15230566
102527051
362049290
24595591
169840344
19883059
25500736
14185449
112518340
199591118
319061943
14637620
15275509
113429534
326317942
303092314
2285755766
1604711647
330530879
51153679
17850998
85896131
14198277
113111326
21198499
23420769
1530102702
20156976
509453677
298781599
70548171
846236761
6774982
89002253
20691671
255221268
373808787
216490217
72613897
519910141
462066791
367718336
532325205
348959884
351454413
449233954
1009396746
15371234
22430771
14567734
17818472
14060493
19393990
2431666151
163851145
97408886
257846012
985207286
21435000
133444188
23419627
578608569
527588148
2984387152
281204748
360512258
352591721
223575083
3003366683
43955907
21096542
2238821781
2408710248
72846747
83408339
29837593
437881505
118355603
303223245
226338777
2958194385
823632356
216301933
19819369
2967464573
249314170
2433124167
240402567
255438775
19498310
19206933
372946728
2958285789
234472081
318972251
21599232
20238723
567163576
69449048
47365079
14798859
233033353
135088714
117912835
355614172
556210739
19939013
272882292
126289692
483302252
3091048948
19760504
2194434945
1949578844
16485004
17752847
15482908
1357289328
612618297
142088047
18857877
555280241
346761373
362057955
219481588
42595275
357468062
16031306
234549856
279561604
2227455016
2435827760
342296974
72529640
245074398
24155737
2885643027
2226501673
18435529
20032243
50805915
1213384082
24544778
935021904
2581603226
159152889
289250997
70336171
367939055
823731786
714020690
225985925
21857620
512351921
21195004
311011305
325715209
124499422
331681388
22615136
312338380
115475704
321496385
41668371
1213896774
20391448
608457546
2839873743
252769839
1586661276
251084595
3032956275
263350175
1004554363
388516792
985371403
296864383
23420379
118196387
321620234
89314963
453023359
484083874
87642907
19093174
21183809
79019345
18737059
138518141
249060605
299882111
137099503
62072718
21602831
2472345802
150022646
53868363
27699053
86801832
373817542
48254583
141710222
53634216
133430119
466753863
130479569
215204603
374786913
22085760
19016825
1147212876
2231199386
3081168690
398628789
1136684586
432348221
2668877380
292347150
2876190519
304562507
412408534
3094515766
350981337
303819169
42969127
120202549
195907667
103930421
385974730
25112346
213223384
392691713
297663217
277712488
2857275940
362726479
549246738
544561463
426096894
23582112
17563257
1038169898
208181007
21525766
445718151
165421204
19759359
177604404
107460869
65440904
283751510
383140236
247389048
391695295
421199051
459983485
1533710898
423361811
2863863873
424342507
2845899741
20797508
311648413
180150531
499662196
92739042
54010591
333502135
148317880
64033391
194928147
1964697812
19016076
96432259
493027143
2512234450
102635510
17656442
995350171
930475502
174010640
81433744
307386087
456969626
402450435
1470472710
439505490
151193935
129746542
343461152
2916392793
151106273
21346129
24199758
352228382
50130965
404932389
1454758754
2648040304
221354707
146782334
180437986
22525787
97918986
24074614
12062162
5957512
25863944
124473615
14250387
1008767526
1475446224
228482937
18415236
21313645
462064113
133265772
908862660
9820002
22366146
549621843
16416742
29440987
19709406
214870410
44126879
22668418
59294953
2340995828
2216457691
618204780
2255784112
2208472085
21419168
22434082
482437574
20938091
392074087
308479960
497200567
27842743
20288509
20366868
91658285
155328850
214174352
53354043
64483408
96759199
116305625
115639704
113874990
67093626
2263963366
388291398
47625057
3042304337
1116926784
14453405
3095038294
63166189
11751352
75863399
60052859
501984610
261707611
33984817
2477191810
245285597
2886108171
15098228
822007098
1090027554
19812352
22083128
172687156
2378742140
432813560
187532983
162776403
2792046769
21745847
179049641
531409496
467597942
245427937
21119225
3038039727
295940283
620513946
2788796434
204534037
438435716
248389678
162148725
401330822
2234922848
27869783
419497371
257038273
212349351
112395010
539431677
701180130
1161454675
3131641367
320743277
2904610481
199685098
579804819
43977531
1710743832
214819281
78446958
27313493
148122213
248182269
51533538
88920039
123688391
1378796178
575406844
2941688801
521775996
2358924225
19609267
63268098
95318404
253775816
155230114
1038481676
2800434590
2770469265
156098267
15680202
224189972
121187961
625946734
258109326
256163814
455745301
105858730
294241649
36480903
1074455479
67673569
3032746605
90120962
20666482
19332936
20535529
30956663
267200537
263606627
2867337317
3065970071
625401427
87805828
17465115
19591186
2502030571
479427199
78288179
386610739
192868103
21244849
39570973
3111212589
367969655
106552978
582187936
714836973
1872273902
19554936
26796449
19118509
65380180
16965143
47418456
23224431
19548445
602824756
231076439
72827013
20059560
565756964
2534476461
34063632
25688803
77266377
82947233
258866771
2609323933
812550680
319736065
252650303
2315538914
321005453
899676847
1015134512
228156056
413365626
47190580
421203325
163503414
177686178
273065051
3089457348
205319795
148276510
2800892579
621228703
2545735761
2983925915
109245603
2517208410
89762414
160865889
19358127
19089359
100307537
145732109
455188359
21912442
517981948
51431270
19673204
1683651078
24598889
41788505
165510762
39820287
173150937
890659206
2876342505
846169836
205718684
322721629
20580393
14568869
709274645
17945305
176733542
149145420
104740468
1513006658
17099702
20130401
2989424285
1446814802
61254225
18078897
56666644
1652869567
23304334
1733162454
2871232426
1652644639
267268201
1256657432
41839847
219329783
110164560
20379965
55619294
23015096
137799175
389084661
20908926
486549335
1314993500
20135525
3111942359
165423277
19485599
117529976
2412926268
19828176
488506100
1146535243
306870928
113381028
501919777
155222163
2788225609
485785248
14112906
138196936
1444110548
1322780569
299917764
247956484
66651959
277163234
68474885
22864435
21088728
13388132
567414139
86497054
14095937
14054507
2883718185
873843786
32613364
2924524964
1853894491
3245233024
2784651980
33886431
205335189
465141429
412518616
1249948627
23178281
189627321
111386406
51048815
44928454
600033251
354503769
236974417
105897861
11882242
14954497
501861207
117053048
19249072
2521434345
168741777
92806518
487726363
904710216
3036414711
19972810
29064959
486793527
2430373802
236954775
2978366969
3068446822
217559987
124781763
97962230
816983366
970926738
133107161
589900849
3050077864
142645093
302705113
1710412188
1268124883
24277674
18693950
67605379
626772704
43954039
782926369
624268939
360188416
2787952054
1296131251
19785093
37461995
408382335
23240226
64358850
216669799
23051085
285671694
2457647872
81664020
43413153
255560398
544294425
21187273
75298001
24210622
2244121026
48035233
121757231
2876020714
899439308
236374546
400321986
763990434
27892687
180540061
360659189
42247024
207205875
21864768
325652072
1418134219
169024514
319264158
31444558
20116250
285213741
1056517956
737157486
521749913
301875189
2366780692
842133403
19556248
298803666
303443388
288123411
36636010
579677522
65645490
18676749
861487440
262851720
840451784
233004796
887648689
496067368
305632464
2471529011
41808206
48442880
1355266946
17129730
36999214
276657804
23990274
2870686497
634943847
20306022
2153676187
492985988
446195408
358958783
19553499
221771423
34409242
2292871
144967560
162090604
67909359
468793
102718482
3027781285
15220936
154619567
536568388
460986429
74237504
389162116
459659638
109063604
224736693
127348204
1416232082
32826013
93675187
346638740
49653722
1249903020
174353819
131770266
2280361688
3025251221
89284759
85449590
20203
755864660
14331888
2296730443
21861087
63452015
84646468
61027071
20615662
1006911200
32193
102482304
290142080
23047308
2929615839
323693432
1118701141
1916471720
2524812222
19419331
489496093
626587376
2737642528
281467604
2171333902
603068557
1528825526
19961822
369082297
216685162
63797795
978108156
228710660
20147263
379145537
303804101
22201334
85858894
304905810
516013541
259917510
2426914762
527450006
61261236
34324514
310192165
2157731232
162002798
15493891
20268582
216380285
19852437
404051956
138314832
421271650
390249753
252764477
275621489
16204351
22153165
738407641
127191186
478453145
136028312
625436468
74758515
24349196
189980023
21947445
850060728
576607053
95526125
20337569
328549371
2870643663
239971223
81574975
722799955
339639200
227803460
296225653
277529353
20526823
2259277368
900150618
52547134
229091922
152039043
2581849280
16098222
352539109
226558256
1290880321
104483046
155663991
14612367
63632882
41239929
2830479071
567413961
33883128
14831173
512416015
20158523
454337832
137763513
22487595
362677368
2273763343
242033223
27923972
3044412475
2546558598
405768022
524672546
132009616
88925322
21568621
1316979494
20037221
704609930
20997315
419921098
16287533
84151369
225376513
1208875603
1040163943
180865260
20617801
183265053
342796200
23325670
20016441
3120190903
133345788
736964222
308995339
22305761
1860979057
116895547
276414503
546465210
178571321
83637952
499162251
29586393
53880536
261926704
44937428
48959540
20696611
348150679
159576797
21610705
290237943
16698716
236866598
608610375
19484688
134251666
361111333
214007315
125371964
239105593
737572579
579901797
327026797
87048147
3020182019
156850043
430670356
2828049366
153876973
113734451
203480163
19523539
96429741
1638925050
30339006
19813917
28967024
1252355617
390785674
15579868
3117674405
53874609
794965
3094294007
636837451
296505265
19461269
2511429913
393952795
20387972
49415053
133485560
348552615
158827672
895118100
2949294321
258811947
2787617188
382070364
22480833
902196660
30437030
585764207
875231172
205764306
258602855
358981527
2168501584
48037296
223606377
24678117
250792266
23662742
614502871
131644664
85652613
437307151
14665968
3028095479
3079174679
1377856524
25683951
1186868960
21637238
78135174
428568495
217476302
252242059
2955343577
52544342
3129757791
2951158072
877838838
3131361219
55563320
287240333
305132349
25584011
23824508
15797969
452051220
23298277
77014082
793877292
138801683
31482557
303059963
425032743
44450555
82962350
60968250
243366142
40473807
30696051
170304666
21251214
241687632
42640358
1162144141
43748520
53039423
778333831
488676905
21680190
200958911
1467412310
44714831
18840439
28587544
124182971
487632618
32521041
330495582
151498816
818175325
377457786
283720126
858569322
26270054
351795754
386577732
14489445
22126675
19465849
34722258
1433475794
221510419
24525084
79787036
25546118
293635079
17216771
102110390
228446672
29181544
154179354
103582834
453264570
18606802
47434572
295139015
64247335
49083387
2353498908
567526912
215398242
103106681
591015172
56351754
42864331
29163821
222543235
410977424
1322705532
398784043
548443121
319256370
361944120
94647926
60265421
73599336
23463363
36094861
53798599
743210120
341379949
569075747
278078403
20843572
2159261583
123009621
2962759227
20365186
247721536
413912975
192978272
65987314
260651292
2936717500
510089991
141677230
82896402
22255886
919064742
189952274
13602
354603175
127637431
129178047
306812685
486422550
251618271
20592938
1470931118
306972925
923331732
137156676
129222953
325695176
171587652
262323189
256928473
22640188
328584544
244184140
329314025
762359617
20546610
1074204212
259871707
21795345
334363650
41848878
512544220
108102260
2885294074
271068093
2780526411
962770207
2865934029
2435461122
279091213
823450616
168675521
19547652
382078519
564728520
17631000
16028730
18681103
18004144
20133105
3010259259
333550143
20436512
122071567
42021202
22420823
156754870
204111067
313606891
31075190
223564641
243785959
399649233
180519376
127322868
3085270706
351264642
20390265
22296009
323217567
244586213
235078353
2391875536
374390002
15201283
106766210
3006434343
2468126707
2565234507
845696132
371853207
239478391
302788303
3035154077
19442237
116548219
351774951
838473192
282272845
138678172
137648948
450687289
53655016
976006976
184536138
468812006
71676966
140604619
91995755
27210078
516755106
16030945
83399299
211439658
65408551
70842667
1324339147
289419279
2372162220
1080371227
293580185
17105246
46608455
152829704
1339744429
298063367
592841717
85858192
323929916
1048300700
206610040
492278800
77810415
593262249
154929954
84026729
1360949143
15271744
372335302
426797011
444756345
53978881
562391502
393912307
2739068165
18645662
148437843
778906244
146015957
547112366
312185800
357104971
323358891
2847937347
635776375
2837432968
1389468007
837269790
37566308
1422489452
2888105920
75529065
353737179
80338370
304948454
1947412316
37779837
729093650
174779298
9347322
17212583
261339691
349310622
872120730
390874028
436127442
181209439
1280094038
39037220
294716791
256169419
189263011
1475561804
293631581
51200433
14443524
589016281
225544440
2326129668
531280058
143001631
612879400
108043280
166683855
282252732
1713116346
212678730
56117694
198134663
87988331
377449661
2921697779
125693132
328525729
280680079
20333498
320270278
76736624
785427439
417942663
223432632
84407727
619848386
490396387
26984943
33447975
15037669
510903226
23415682
149647740
51195446
857563148
20539257
175827858
21311894
1123724820
101833318
62774091
597630559
48062044
2410951857
602906331
2165250405
593078839
2849737078
138368921
2882783909
801852
56775248
42608370
306442107
18901346
528830023
278937008
142636808
375736045
158107456
473358016
2962753883
19514717
552371263
77250035
1732096866
156372187
754040136
23854820
342275794
258918352
239504328
912701562
230814215
234017652
173639563
283060634
275192138
612444401
1135368619
23431906
130220352
25677873
107536137
1691221608
27472023
2420699738
311462337
532453388
128985899
468794701
2871420975
314519091
603527233
19419418
2585550955
896200231
172532837
34644363
59574371
1346453370
33316420
471862829
118175980
107090979
376914454
2191962966
20605067
54860952
24038241
35182772
486786840
23245842
1269773881
2361727801
20618401
26076750
97973072
70218604
452343571
20137601
559785772
62065915
40463634
236314011
81083437
2787201483
427541107
352620860
14114603
1672954824
179458608
236968407
211433372
47593119
61317568
88703495
92525348
91102488
920016169
2967508797
253588441
15776298
2588962781
1554242034
2943770405
597662810
2966230157
126717737
358833115
267374333
3130552203
318043367
16500034
296108906
2262789091
1113983916
77067244
18960594
40444112
202100751
97646569
384004987
24353930
21768701
3118224394
172405698
714948794
2490438840
20367707
138535146
51063867
37521114
86680464
919934918
3016858651
303349965
304312152
1710111289
42927210
112247694
480757043
38906377
219376230
570107515
2813246173
317795791
74136792
14751206
449916182
197202604
21561223
73842181
21077622
351568575
25822011
328022052
21555669
54656377
876389869
2303480483
2175763879
262165746
19254202
199362768
1852370053
133474313
30067923
20272551
28106455
14324310
36670059
23294010
295295257
2720064149
577361564
19882654
557832115
133747558
224370353
404919507
275547277
28421557
20582111
774636548
553940025
467789654
72856613
138832318
22961984
14558952
305106924
502007457
318004844
586826418
176419391
3109738245
20997103
235910962
203084615
1665418963
621781270
143561747
1318932438
631926109
2840240351
3121088641
2979767236
2598459621
2869494899
3075974836
376379197
108017959
71530670
51193148
307917928
65657674
351512992
391326793
135604662
258405209
340998385
109312783
228695369
2596475568
1073987676
24723032
246702542
2849959616
351675313
774151944
21437266
152169565
2255091123
62941146
295617845
3131258049
546593953
474307851
38239486
278201333
574346316
1559086135
19558748
311039293
856933916
21657683
205398742
484978154
303243677
147942775
2349277367
36354850
29779608
729625752
66723572
493156316
2457530775
44601920
1255255716
1655759041
403436781
34292076
338449402
221131732
296419790
56787724
3094046422
1551660697
58936052
16882632
133317593
288725286
266505722
56504960
271585898
326086568
202537421
21098332
136578400
2355830159
2700141005
623637012
101023524
555914284
451079630
113744532
88479645
311469859
22845745
108617893
2882245852
150434791
407283254
628730895
286121949
262740835
112755968
246873785
38035237
152246131
117797492
1439909833
117700948
84125200
303260070
63681843
285148603
319788085
309222371
154096185
1729703593
18368098
175784310
531048389
300669646
349837018
138170572
541002764
387292145
355280795
627464017
239365593
145799768
346717406
451579023
1280060352
328116698
105116576
863164616
2951345235
3077540311
924092492
302792162
21605124
216763584
146410957
124297037
2937355540
282733844
133882256
153868510
2561751806
215681136
56182209
229499704
20331140
287423191
3019899003
51144501
99123295
49618229
1026255847
180014124
119920412
139726749
434217346
154687064
200615457
1000049347
19998727
1371935222
137485467
479394652
856545199
1140324578
250807024
600016844
24803438
23665448
15659832
168839417
32976566
20449650
149673831
2430858841
859652864
323462142
301892140
166714195
50765280
2950289920
3082408727
400010887
239947491
135532353
37523250
866668494
3123692590
3075879478
2744642277
385662497
32435082
403096026
430265996
2942055567
20672411
29102270
622213738
334644815
1345738370
166252428
164707343
2562026835
1927709743
2183672343
2620524493
1057459183
547505152
225668317
517151473
453417619
1209638186
20522265
306268860
604506826
172918886
71293346
62965455
2265843457
84438228
3095355973
101826539
122820406
75280628
50885504
394216945
58595529
72076120
2324483882
17824630
75740679
112867222
1969060722
373385721
16073116
272376970
56220155
21297806
83642982
20449581
188055486
288274505
205912685
220973759
19301406
295618776
473851713
402259355
22192732
318039451
17879933
404697993
183581282
397361204
474117901
130563069
1570876825
64046913
3083692505
478935434
114696580
1530608648
613685747
41551140
20086161
54483
1002076970
189591728
1424017170
17683357
174390332
620180270
21598112
317892628
510959236
1390935534
19352900
14562625
537518741
42256047
15807168
16719058
454234590
20164229
239040301
15630575
103275973
2156078715
338520198
291096680
48674154
33194793
40959780
30888895
17787444
1112249052
40626801
598272871
2605643810
68121059
23664049
591150643
18938949
2980138887
573520703
36401726
2675179040
21998307
29985187
19557545
29015264
465847518
756197
309894145
129545464
334118558
2643285035
22364039
491340321
36973782
219059240
349126118
879679897
2970724582
485097037
72087760
23323822
22643247
47239955
1568008759
865256562
302227193
153128143
141582571
154993265
21007846
49501767
42654769
380663709
284746375
282347643
1577584940
59625675
56335643
854562528
466629325
628507025
468314404
171573049
717918956
365930655
47111336
593017387
574278506
20061144
286118793
2769159208
3033444083
718103433
140139834
22031411
213225488
386702543
275606810
480599193
258537061
2596331251
768393667
1375297838
169150781
395495392
502831099
245111255
242467099
268424408
707600154
488712999
19931198
574560818
57943954
51604912
42300184
75430058
91662950
14663645
2270661894
2986235404
240705033
85191676
59514829
545240418
87814824
295905729
52098765
351205225
21715389
19879508
252754214
354575476
295355427
298150066
24572795
2615260748
138846351
574656912
31512660
2469588943
2176858764
111362939
38418701
20612334
273426074
200574445
371470921
173232260
274206539
118602617
3012439683
2209504929
19604154
615478645
1332464784
239481116
18275737
1140404186
22219118
20525627
166983473
25712585
23815740
949864969
121509920
1487409524
588369532
1556842903
595695690
722311322
747971365
47383175
86511768
857919475
2500964167
18913454
17742651
2804684135
15365202
3028840563
3128490918
24253922
20089744
3068267187
463841435
123040423
3129415091
395842631
2730338216
189974418
2944499805
348605248
553604159
48828643
173450984
2629565956
1519473198
190944044
179042684
86275939
3132831794
1252480165
291120009
456068321
130520041
44167335
730989488
203860353
249080412
35034922
1021144542
40926916
40981297
416382905
43567613
2733671146
269670894
67449442
225098501
927798540
231930812
14991868
35002050
449947358
1596710604
266235669
16015469
379057650
140883428
3092586575
4565751
833179328
407252025
86625770
54232840
80075840
1148079204
3110351560
2243595208
171932082
2562460372
17490330
973285034
495963248
41783396
2382649482
113738015
325820974
22084480
481321719
173933238
556761617
91977270
272574904
327462951
1075322460
300658946
44353760
299681027
198950063
2945596041
163007621
308998510
29055535
192336285
1020817297
270599711
298472923
20452211
521795160
234936997
367219849
392712971
459704442
381480932
69272231
281226992
39816699
1325840444
163992822
14577821
469502641
22256991
348003347
491282037
2897795411
343913636
3119904527
2934849509
2178478235
35855134
196562341
2741956323
1377985436
1636348154
18772331
85626433
13568722
1158473270
15145088
414142322
83464245
431921866
399343186
302850686
353132733
2986476093
2197988412
57140694
66720749
446044578
548389095
50289751
552966764
29777646
248279340
23219572
20802385
271400015
80883482
309156236
1190637986
39777044
15904263
14351340
1316823470
106470345
3132851522
1671310729
246837793
20032213
14351804
393984388
479009214
2258149153
168652493
253723562
2978560343
24240060
203188684
15912029
2226022593
20777388
50977327
450871649
37053298
84412087
290495281
19946704
311295831
3024724354
628431477
1452459138
3076685925
23614167
111457731
19206785
2314614412
2968712463
308066460
2994710506
207528498
25833666
912946309
271114143
228762264
385494469
351194775
633292075
1553950718
15324455
277688613
20247869
16910182
97982979
37737476
22356490
175337839
16934020
563687640
23312161
28122880
123692901
523881638
45684570
67374180
39099439
3132899742
15106241
65498557
425273792
39034887
242857449
349322081
27538041
194503354
18918627
1897740458
249138522
142050430
204825907
29575120
35835330
420346505
23473567
585835764
437028564
72102805
14826231
1205667397
947969034
94603980
165169407
207059398
2752047912
46882590
27086850
242940971
42070047
341018002
324440172
227448320
722709631
109253163
374393388
23779283
47935991
750031022
2579009137
896172235
2315226144
2758188829
83082103
21667620
164572420
19970404
2423744810
378019891
424959867
222217244
22142915
269229838
849842216
71235576
1952865259
20513099
1890695173
20936046
228525289
256081155
2157359695
21221845
493009753
596718179
628752798
573910088
83815962
1112682426
599990311
443924560
31526993
368829219
3132701994
1321843268
52693255
86539845
24927373
15535442
227117196
419709798
2314591934
337862963
254568351
20419368
24439884
135943985
229823597
24213365
939831380
133211649
150747688
2490175537
242790934
339882890
508813999
231170847
1626287173
174392330
24905438
25260154
203065689
1547937018
48403570
334571968
47647600
365668788
365710671
2230590420
2716511422
2990427057
279483121
328575096
184539767
1618438266
20903477
95059891
214881846
2730975471
140967521
2954873825
307775362
709940282
39772171
2405083538
312565573
230748117
156667104
134088617
490893656
329206776
215497295
271535536
510979734
315950512
18904700
129965275
247718735
831470940
590693756
2805807396
3115510431
76848276
549983348
395390880
20321091
178817768
305162865
47395131
2338456643
753834889
215053313
448023457
45654879
60404549
20464708
537284713
47494814
23303352
21097336
185480874
1249659997
261166172
1613045352
268808796
286076456
908751698
478899308
2301100733
475087632
486010218
42637183
22251117
422814883
53722251
389775226
85675112
2449758198
623616887
3312199935
214631950
312968674
1210672874
20305734
136422875
138122652
2868987171
2219971093
1499749885
371740277
362751039
1389487410
58909726
55989455
768038378
415840774
2288634565
19885235
1410142740
282039907
361953234
483888180
624841792
371799355
446682274
2863135881
2515258621
48749062
804757922
2792050303
462902908
43547430
3060230359
3092681871
421750492
414976570
95919666
71369713
93486403
460395731
27428284
377615403
38400699
84103671
117048485
180334537
989625924
400116409
20793841
47925125
137678013
2824814158
22814085
485136406
433340647
16611863
194738415
217471426
1714913653
36691644
20550166
30537813
395451942
570926543
1154517836
281178597
183607664
2740276335
871951087
2149725884
21683215
430044338
212437038
127538899
2605356288
237203992
11788182
318303307
519314236
259235703
637202658
15039921
1517078928
22305148
470528357
527727016
87449181
973685876
2156264535
62070899
422547475
237195309
20925904
246449733
2364010068
445879481
1372985916
452945925
740375334
522512731
522559697
403715952
251669149
2483752741
1705085407
34607042
82622728
330398468
76945925
449080751
462305390
249194841
739176222
21316062
86780688
426671726
214170370
558007921
173620106
543718212
771866755
366093911
52787224
157098531
2859455733
356065220
64271980
194543121
16416555
487839805
84123609
19621044
1495701061
451526197
946513321
197876859
265493501
85829861
309083423
39605150
2424381428
5900342
192718487
309831357
197142373
283498320
50965763
395411109
1373292080
257696163
1708157473
49278021
192619832
251315966
16698116
255958507
179191830
1641053384
2478230610
2787720983
106446278
2860612258
767393238
21245704
19106751
36086019
2430541818
27311093
305048240
75006496
2512431880
345321981
489410300
2863121536
446616141
29329328
261141026
464130819
10185592
123616345
245536083
31463849
155593336
15263563
221544984
21797815
2957078271
304018989
113313264
1631206938
18204815
250316408
178930577
86208926
259270291
75875500
209028706
536692589
20300648
2508970791
17314212
218389954
393508060
334199219
31543905
44929167
3068524474
353386230
349670508
173388328
2157573487
900317982
1011878588
104447844
146617270
523412682
249832590
838341007
14984535
304258169
545943185
190317193
1904565270
47353062
19505703
244517243
632275750
198625319
20368495
87988522
342291385
444562939
20395726
1556129798
960089809
203982558
144090808
2801757789
145600729
431540287
1262628823
17521790
312739009
1374754357
152749043
97312519
126953161
129261141
803098634
21359898
27485163
133821805
3003557236
1095733974
564062467
554418287
2774720357
1166611650
839588024
457576814
20680177
46424232
19820432
31170347
1258013540
1128701856
2857271057
930518431
129946573
339310312
193228026
21026245
19773096
77478632
2419561008
322116099
53892249
45843745
163111324
909633289
256093334
16310531
309912805
42279837
277565041
2680592965
270987805
625924605
3121391573
119913502
150643852
2345137631
191002749
37820873
20836767
34911473
2385635108
286640666
1422891960
235248466
178694865
17821992
157992701
902221866
57391999
20725542
22091762
324945427
269741534
60863737
19419522
483961923
2220341010
2310728066
773584224
602900581
465092094
306847786
11920632
1259961026
20086643
2736477809
331122212
351145094
1266764436
329463466
543509707
225494599
115721327
1023338539
173801317
250816372
150009707
104174920
123050185
33847089
454391013
2878209184
561412418
260425071
956283918
19584098
423682202
1426539187
218890992
58900369
1212248977
224631782
1695268008
148308077
25533616
1622769475
23061933
94057262
296259036
351700867
455690954
278653693
1685297022
275566659
130141722
1272273156
28522972
1863798308
3132766712
312018767
99128857
453057923
2242043249
42923578
2889530872
57916002
212695154
420452994
20982746
56126164
591732814
18509639
235597058
66003
292505312
121213670
587225618
1923835022
2535699472
391422522
3121302442
16577104
1417688612
410940778
558465150
743789036
195775767
264309935
27997469
358445234
936635750
2769470565
19058404
291944000
705786000
407869711
251583334
20501629
168303312
353039196
304624642
442058662
39073131
114727523
2233856897
965996924
378254476
3130781217
294622957
74460115
2913830843
825284202
240843948
245461504
1115466367
85111308
333026478
1734601676
562192821
2742810687
96416661
212892363
626630344
19546059
207610001
55198552
296461017
23933979
216493377
53157695
2770511753
25865481
1925917729
19909545
26706752
64682559
2845507916
282172718
255648550
138499793
18027952
238534979
620136192
1640533704
22474042
411599594
599303971
96571895
2428535639
2596044349
2884800868
101589228
436062394
45221254
95268879
45330586
203217406
417303421
292550901
30394743
262594586
30728366
451394212
29699294
2960781213
258934256
2591529299
931747999
27206262
43987369
20171970
284934466
325752095
1318638666
478074092
321308325
2892635019
1650982652
295821984
1355464190
60868886
754189801
20703551
45019930
2909648091
80062173
212026116
17903970
493303739
357453472
72394878
251540556
2295017534
21653026
36710398
389479083
64834641
163533194
56860799
535849564
720841891
2357300097
124618195
110754329
2232302866
279570302
145667871
3097857779
228007439
55569764
44935835
451146691
583169307
19436268
20309584
462268990
239886490
53496295
423766799
2669274026
55606274
746095178
348334015
1900143056
2626310701
