616095936
232940382
24069453
29967675
2807166811
265962961
715148177
220999033
94421751
517363172
118672200
247912274
448411180
63528313
131282783
20341657
2800218703
2534785258
221310328
2505190266
2801965613
293213626
16315104
427687855
80984948
180491008
227133527
404123976
57454030
20098015
23216412
314767345
2973861819
101629311
14342411
44147400
2579166008
6120542
19029215
168090600
222256691
501825960
324500594
1686432246
797881488
2824950313
77821953
2414871671
63254953
25980236
1285699344
255670196
2460876305
58311658
2659478317
65579496
98988115
265023700
170252522
500820197
2822785080
16973333
994703311
2725295332
13753642
239894176
16278193
236502613
14569869
46609085
47636400
2452002002
295240770
190328594
89158787
38508748
259202297
40066668
1490133535
522487569
233582443
19420130
250194065
35585695
622306281
121121834
1035994969
57412557
14641156
20527047
194555594
21125405
361756405
58893651
24949701
48484409
257023773
438524590
2188982092
121105151
825594852
141057724
743800592
2222214463
257581744
2171610117
580175227
1735194972
415718279
630039359
2206404465
2966852513
201696500
94197243
16453722
2852040209
595110777
246205123
847583184
378772519
161187399
20675681
191198535
15143541
569900167
303324434
26320600
1491167329
411047090
2778595975
181710337
466460907
173431841
905654154
189699584
25434641
2955650945
268308554
498514690
966771775
753865128
2207652762
138399840
438234594
28215472
150661180
118027407
573953812
735379724
2808554945
184780895
62025290
2298148070
716809387
204923510
18363234
19150735
387906848
2411514492
22770637
2225633047
2977765102
1692140131
405194953
2826854258
365086985
26286118
2753142960
101087043
26597046
2293443836
431132315
19720954
2781961312
85838795
457680395
1477013300
2860423571
2616114144
19460125
169670184
2687709228
1352215784
445789768
93753223
8220042
189471098
203202133
345613992
2732763423
412325186
20401999
388982970
269842666
213288963
561101923
2603779611
396409879
1283017172
27115199
932563111
66202912
95409978
468858660
87081989
520304632
259977957
283254293
133542072
19819733
738730195
1002174228
27631507
505410336
1392651763
89435294
1589472476
19901032
104959028
609019769
58862439
223162337
625033043
140275916
467831013
313634929
21009701
470489295
259202358
15082486
75772802
19158571
361514216
408648865
2559032776
1251721
1893140701
467643395
1645310084
326923924
2768751556
2787714459
1710839078
294179734
21334834
112858938
1537076924
339581788
104564420
162774625
118180125
768314893
1719377208
356426677
2527702794
292174469
47975126
1671375415
1223048810
200818199
873481453
41574937
293981380
419893825
20010042
1493373624
22498261
546239230
2455487819
240904415
80862758
75630516
813454717
333677759
477142707
383719410
20190833
381284575
2191825469
2539480417
534317666
1351512662
893568606
1290883993
40659458
714036889
2316913664
19284761
1104826951
608167944
441364324
157341054
1095203220
161732146
45715838
212973087
173536117
233393008
1557771882
98350238
1924165885
372805464
25356462
2559224616
24763950
2288515068
1931982908
63810279
1324449997
77808729
456747733
288698266
213412177
395452660
482066341
143885982
2695839951
367296011
54351001
499813614
248347369
2741216278
71658760
422164503
924117187
15916118
932419538
2691179306
15314910
332410091
43015524
1410634183
226575049
60898382
2201212629
29111590
26230924
2191984092
336162378
44442007
468534179
84590159
360199374
3052685705
122940070
304081311
2625256857
1327181268
1629278264
42714426
1476934513
113424271
456665958
102427159
104962162
1591927496
325688284
2752985632
496835891
337335545
572112106
283706081
259975508
15087238
302701427
271413771
410035821
72562983
195707910
1344991280
796229664
2618390759
2559237837
51147107
515967936
75852498
140961337
2851086096
322656247
56683466
389972564
2471373550
75822124
2350301505
22616717
293614643
2369044040
2719770929
485713890
340907788
2842396104
138990134
2942422534
272296317
21995098
29441167
28079313
2905036696
1314177962
143023579
887449740
1237280246
866536687
136431936
2867310725
339887633
2388068768
249634320
134459295
1888056626
2845071124
2257614260
786578684
209176493
614512417
2411564732
24571916
92840551
2912926151
416610759
508071816
336594986
432396682
124418689
295819027
118736440
75077781
29741914
184409207
3091378637
303127473
483703542
1865494322
523427919
137835002
132494354
279238668
28080704
391510019
2785418944
1410666366
1347250338
390294586
112847907
2567113017
55542046
928677206
2312402393
251709902
2802285903
494889573
1186243406
103016248
296240396
521713321
20314908
352934981
135857034
142788841
329600798
366397696
1626325842
2149743192
96429355
425088489
341140317
479457690
59726440
352318950
2243701645
1135477651
990134929
2721694781
142441468
354864234
19744868
20593641
364514214
21353094
21697689
91808252
402370560
65975623
511076748
266068165
19451651
322889483
215615409
301850119
303130868
739118222
88524882
20754491
140226964
271625720
2661594987
2850667071
2777890726
635960950
608069196
192623118
161365044
389516094
241567641
1114622190
186188465
1278658382
62011546
19716235
118654969
408350742
279046390
2504547135
2223592112
258495072
87466668
709011789
611585332
637104374
21862592
134125081
130138925
917733559
331997732
143212610
276038918
2726193068
246541075
550203175
28799065
2242044623
65587192
261624476
325058309
930282914
1130203891
905778109
246702727
100550546
2570808086
1265369646
123828800
2385317982
636768896
989707225
1389425305
2803677798
410650472
1672834058
54176836
425029083
22276194
118989721
2672644953
1347766734
351293140
564601035
1379119476
363919311
502908681
1072356338
24237760
793352318
213038249
31464317
33451447
231431466
1475075173
581208856
29651785
182532305
318502332
2827970162
2576979109
18458170
19906615
18031204
22021978
19022335
16695124
95876495
450513486
481353050
250367522
14411725
564954573
494482394
1438020408
616184521
116271887
937417056
234392296
40214325
18202716
124840628
504866726
260845741
130869084
26553240
191111643
19530289
79173926
14243046
34374472
15529670
540701081
1205481073
14291684
363036818
369560133
84746346
57038605
32576902
46760864
19484095
504462937
572950612
166746373
44175137
23424545
16658755
37965132
465928303
20057559
25975151
132660956
37020193
19333349
468579199
982796540
474446578
997221228
582953166
2779254076
390628590
303429700
219118613
83638901
244051097
6664162
423631989
23713069
29267629
1541174108
557578661
513698727
873333540
254031557
18774517
2824880208
286951838
1932235002
2695628859
305179983
20977798
379166545
571800435
38140909
505033083
965254819
44467478
146406113
325177517
301638911
592994437
175011909
2778228047
372547565
73353458
1112745872
2431352582
1147468033
247882154
210848737
20169332
20005728
21498258
65204457
2401963483
19528057
3131519991
279105139
27111234
584740979
94753012
20045013
118622636
91140339
120269446
17201202
78740575
267242980
58593986
50308678
221549678
477802917
2885545677
137376526
262462205
2846809907
2966785089
347748325
1548477050
12588712
1969537892
961356655
29420917
144883985
2604267259
14969117
1963447920
14983282
2911607793
78615346
50149969
14620853
1301100498
18363243
2712589660
23780896
839910506
89978766
414762592
66052598
143462479
197403075
357425652
102060863
1487799000
44582687
563017887
18730820
222498003
55796278
67319718
247032244
19352387
334585901
20428982
22560768
414632768
34262548
59738112
38869114
29948272
440462163
323702919
96350647
427599291
1188035072
225585391
593119849
1028318222
602792971
1190631680
34637101
1595725513
121798797
629339750
1561448815
533532707
18715745
20614581
2383596189
23568222
346496709
2283647422
876273884
14104529
236815813
30048455
481340051
34073980
79272956
90244142
353989440
224749835
256540156
155181821
97567353
291141290
83631494
20358219
2360015293
20974816
24528762
2865663904
121126692
214890462
567320723
3704391
2320715580
2817193674
109850582
93040337
499908382
100561484
81314012
458795994
166760369
56796429
903617238
1578431606
2974627510
32439211
298061445
385967488
145392971
3006692193
169605328
3022212275
924002460
61144740
2487893052
192935794
322658469
465888336
2783093213
271750980
211639555
295790580
15788636
2565091397
158779357
57585354
308989761
2473535811
2831921801
866839813
2779127518
1291831
510051777
1564361275
2962646619
2236585512
1415462178
808600267
2256469700
765522254
392318174
2752734951
2345867178
492597517
2508422724
853737360
66725558
292923195
219716235
339166808
1241258612
2762867768
311013749
2905737249
2775981424
1063779991
2817871861
2782326388
2367475645
1342913154
232369974
130915258
487734025
1969414080
495260153
899794554
150573390
2824040550
28683603
2742831744
958368704
40226225
22756685
198254873
2271897385
438741861
23104401
472475366
1725737340
527480313
2349147398
612912810
2270373860
2477285026
1099302528
2361754070
2592941829
429996133
2570447931
115200602
2851145094
470387895
2764818801
295211634
503503250
524681984
722127506
1166513107
2758656315
2797973256
1521618630
274021172
954155820
585983755
2183353333
302527616
2787157505
94085945
2388746230
59440137
268862229
557702381
2498902771
2811286050
728492209
1006081536
243825867
310765281
532609434
445444312
59456108
279200822
519661522
2900791232
622273591
15971748
329620391
1373952553
59596805
2476665301
345018913
28383615
2484318139
251518035
15325415
86353903
121056600
159217676
2456962812
344685441
2760658877
11830
1415275334
39070429
2973070221
2581050320
2926698772
625423352
34888595
2330244528
14079113
50719083
2836190637
20474878
80868310
231112157
1129189686
83390236
21665031
2959033108
186288247
2494270542
2217513355
32825692
2162008156
516822601
225949929
2423674610
89541791
50354222
1256734700
353022633
37190113
1329610808
2396941686
360620396
394961264
237791702
200933999
130469915
216059927
15702395
21515104
14270160
16735999
20476318
273042491
18978061
18117366
540001701
119691332
348533825
42402725
18982388
2878681040
1670224676
156709781
313455165
129550342
20027034
284549235
131570522
19900768
82195911
444070492
2354418975
88153731
144491788
16876354
2737195323
70219125
2322717964
20431955
388472044
106866094
2670962779
3006738202
3129822021
588567498
20362880
25173368
591142665
345017819
327892503
83092230
697223
2914527363
22222973
2242981718
394093191
136740018
145977537
2943855993
1289233315
876299184
200272558
31093109
45312169
157634417
332741630
216750349
101298565
22520029
1126148502
142883006
11861192
395293528
29746180
18725209
248325424
39570149
473793876
577854784
387142925
1860138090
37305544
1107389089
2782496840
396156647
46624998
474988416
3130605389
406510280
89456196
106110469
196990169
1089826921
15007854
520735352
1543511718
107520763
3068771073
827844162
2441634745
3004212106
2824661383
43092864
2974709615
835234932
717756974
514730331
70934744
193290168
2772153952
371390607
422514407
18299742
237019593
722366208
1306242882
44449632
561425342
61733092
455001984
30192305
2825127980
24781358
22815485
20183832
202293803
148446462
490755964
20611834
1384392782
30385952
41682447
961062661
59862265
19608176
133060430
22770532
376946474
21506792
15359793
37963274
376399949
264335027
32170194
386596188
1946724300
2736753298
907991706
2369362314
1385327683
491258068
3053379708
137737423
467348362
435679302
338294773
110654571
129158693
2900441271
24214080
1413457015
415208978
396141569
294582395
2782782051
139078468
1013036720
29022042
130231500
30205164
473258982
20856460
408481382
167017165
2900163069
95310275
753615085
103309339
2227077475
36324328
20460194
2588944551
1316113238
45842327
442788685
250180660
436212867
281512877
636496983
1642820522
19622174
113919349
45821695
2151518004
124137549
2849036056
1558203038
21745651
20554007
68935938
2751007473
270408987
99301684
295975661
1028723060
238290535
24058027
2595099818
38033110
2980387331
434044033
3050819129
25152798
255418899
1273703029
401673057
256987586
87675068
396038597
1891436485
845903804
135644631
472108646
43484233
858705974
749348659
359845637
40643554
227601570
1516402597
29332827
2801732446
838008392
173915718
254250442
24750372
233564090
2364035815
161237524
94527368
3105620469
98093959
633593761
334544987
2811168768
36630384
594072599
22364080
20906661
135862550
2239586740
706682223
352718547
29242672
2716794821
55020652
23749284
103825546
1259137987
2218500721
229500113
2372092065
258318155
92062449
33078366
30736147
526296272
1357718592
241307896
905816096
144193260
143023817
353154118
25572009
277136490
586004207
14169168
1884531666
2725759223
437660895
554276758
98969650
1937588964
942479006
347289302
248428726
69407500
221699666
285206610
419587155
160511789
20843685
742239624
540759180
54316010
416306936
20982317
34435328
1286650998
388534767
734586331
807900895
827542351
132230647
48173210
19714875
128840173
945537361
66146530
387938876
98917296
342805351
112696701
27843857
83208508
273961011
628740660
1610769571
2734087417
1412866484
404455326
2923410004
65738711
302457692
21188077
2778676798
136734971
371320294
1621352498
20912252
499829472
466593916
37888235
19855612
1016018412
551226666
2157711287
131970620
1469872747
302869965
382593488
81149058
83839299
831540882
955130388
372224432
2813343269
488771328
490419761
51283423
1974934074
171621710
185591130
1110235220
142847639
608033428
66748464
1084253460
1887663440
17039403
317936494
597665990
58018362
256042351
45400210
718760365
295734864
1927887744
23231174
130576917
259975018
980760980
2330110409
927662736
275667413
19925121
128476949
34919012
2411327162
42117389
30753864
177271076
19925839
1070564690
1526052798
100337625
214107332
97434534
527304014
256770567
106788885
18557485
211119714
2461904124
71318028
130108575
27841299
392756753
57972394
37791483
451689826
2389651789
2613825849
1259906438
1599131336
2978459453
18863186
426939257
1376403936
2527305086
125164224
20088831
603027496
545976702
337292268
320790659
20504767
19459596
14756888
2431986049
1734630950
176944063
239788616
157091092
47066245
711093105
20307215
160918603
120867457
20825975
372777814
139202745
86039327
14138494
159271007
20173116
1537344882
46446850
2753626726
1415466109
2765089559
243131834
499590887
109709175
19119005
87329702
63682553
2508650762
225444939
1031262283
41443661
312224660
127044872
569968856
312647738
171151250
885257749
2548000726
1305841933
573952577
130166164
299183606
18273674
569148093
98515244
875187438
20681749
272141810
595802967
49464177
18446493
450719700
431023014
420326282
79765413
410284997
30275326
21335222
305741660
123974837
91672895
6262812
22757782
1709660606
473108973
548565515
128352598
445452143
16288901
121711323
21220583
139838338
14921716
1083596906
16114806
709635055
196970507
65088194
39825745
74770687
380448495
2765720859
249173071
172510934
77685764
20589220
337149339
69640276
67585754
2874344476
1222151
232216125
5649012
156992025
279245743
2240360555
49642420
1582473469
31482456
20457767
20011722
57361568
7931152
61155773
2456707272
81136938
15414627
414269768
545081356
26783493
24909650
62644806
334120841
20000725
7429862
264819478
49368850
239952939
51175773
303136701
65618767
2734428846
296720768
367408440
19343618
16866659
1464842155
72418261
19442509
102110980
904835118
489752789
528623234
54575030
40546642
89652207
2538077596
987571218
1495304474
1355354096
3118899723
64450084
2770458808
2583843354
36514873
23908797
1630794373
82157650
2558895397
544574176
284150833
189982991
3052855138
401704883
326077788
2721199680
2714706247
2715611875
65160149
7503162
2741567165
50127694
436835851
295119772
274631610
947683716
60855259
36128938
17674440
2347214074
2591728685
2249709315
2833577826
130769316
93977715
167137006
62413804
603075407
1110211399
18782930
18506826
1062658351
231614907
254267651
197090976
2915858434
609915916
21196759
542393898
60417536
167712338
1159828454
17272214
36073865
2748706177
22508909
1074525745
397561971
1556140357
248678364
1432317780
1738149912
470594794
66021360
2178624647
266712518
53327964
2949092680
276648799
2835006705
479462385
595403980
513161586
228382922
86506756
260899822
271413079
21388616
71569448
216112391
2784477327
71335021
2889815020
224596428
21442996
3049463709
421914203
431904340
131201275
248155894
266042434
2975031663
374486559
2950783109
1070727282
2883197716
584496409
2909109419
31750838
2844107699
2867597499
2649311918
141877140
362112107
19331889
93975588
1285344361
739198501
1723481258
19862412
2716127379
866830806
237687851
2806163983
1209615529
37736162
347416738
20920616
85120098
233603367
17866449
202563929
333425564
173929917
921923864
20365948
20584022
72528291
263231197
26070225
3091804719
397304703
33250328
23586415
589068325
193884963
20290195
46433371
466885413
431676048
23070671
257858274
125036801
189965200
2768195631
14566995
558810207
2789796886
321586366
714861787
20315522
402664998
1113062366
301081925
2953801925
9709412
2948939697
2705135700
171573540
45680520
57572473
1672985778
24570410
351116137
493984182
305664625
528889972
2240672593
421890173
94177202
2412911933
2848078619
416848314
48142355
20361510
99747258
245942254
28309806
20396242
21353244
519844101
398259761
2862245511
248600187
83100594
14526135
177647300
510250098
1096779493
61736258
131251633
12023282
167383496
240705871
126006128
440428603
16984207
2498923704
22361496
250070943
616664103
88059720
19064930
431749653
12468772
302628183
14273015
2647342620
164478461
420351613
88654756
435116870
146446245
212283838
20874917
82860197
98376265
76607387
348541319
394069998
95165954
3047600858
214650597
527866301
21409991
36113431
104490861
626288465
19489008
67284733
482264475
47992292
18188880
12565012
1893723548
309144507
463717784
595298138
32012957
19395472
20372616
237904358
550390041
613630303
332885659
202140089
942460140
83674009
389121502
104811393
109241335
292860468
24077433
295652971
126276020
43343554
292369459
2542789817
110053699
1314594632
269705724
2979669352
42910254
61260065
156396155
101382236
279176310
185565514
219423023
16040748
2734460614
595178247
1020675776
17560522
2861613195
15357423
32862668
357773832
153425265
21644359
61481674
258899949
257965716
312643488
901949568
23660042
2846960823
547705999
19299081
33630170
12718572
23418760
570160511
452953076
866636593
239532235
354415944
1074614419
23222811
229874691
3128968985
131291112
61561832
262251322
306209560
113937770
69022693
14363267
104130247
74111791
515943442
77756711
43731638
5839122
83695362
1699729616
59875126
376169676
40915198
54957474
2330763163
100683925
511707891
18719803
71512981
843337472
25488153
21434335
14190189
1332029928
1909020168
2673279719
15353069
164205915
104297744
19467827
257604941
214115969
317810403
20644148
1240301497
209004225
23060129
156924351
83341718
352646575
144185288
2219937685
136196189
130968541
228033113
21448306
1560823495
21185876
34692284
195008813
550109713
22133083
214068060
295116467
419587728
18840458
2787487453
3077348032
453869426
163146243
186355631
2611436058
624701394
493302142
952075129
22245527
400583994
580407568
20230540
558113836
896985440
202801051
859847515
323974282
1196526788
847453590
19188805
237727595
545635296
21196518
2325230215
26989128
3039620481
193457367
2721145042
1425146388
2496791450
287095058
109084581
1334598199
527941286
14718471
480548839
360237335
1917103765
26296239
2480083422
26741396
362518073
91880838
96193198
48821194
64474111
1004993713
346491725
2459805180
107514604
17576951
487528961
19468613
1882688575
437853275
459244770
346121657
20032182
17758023
2327875854
560227564
1351373816
2475796931
2832473344
2650903727
563412486
325225209
257258958
5844442
23189389
418029668
17389795
459547301
1360436898
240727746
2239487486
242697702
221459659
81104565
2774316257
471619937
771469555
1463038680
2791201817
31976713
2431473087
19460072
472028251
41918520
15235837
113153578
334562697
290544194
1636082546
65695036
379272000
324824526
2469806792
106273221
561461153
428366595
264194023
98685969
228855645
84065036
150801699
175947254
26870274
2310684092
443088751
368805146
83412549
23318892
91379981
45830444
153819839
134802453
302259645
82752482
585102426
258711006
598154089
36331923
45935969
35703779
110457562
1817596177
65619816
813810079
1364605364
1591120586
1258712054
2182321946
913286364
113106143
976793773
1124574914
745902654
2323896578
521387677
316392214
362111160
470072408
98409364
1275106027
2714617246
2544000422
2765103707
253197533
475747980
627593296
138372317
2782051218
1362458330
251086429
2157750934
622787201
49640250
215802077
539228727
1353154783
1612925041
847988184
2331648052
61319432
477579499
451808602
31411408
20937580
1223862397
105313164
23149491
402906376
278073416
316062862
480660323
330278430
30717641
23078203
293028989
24509763
2156803903
2706453666
1855233247
808321548
190580717
18158985
198260687
20433528
160152122
26238239
2574227692
152568345
1168975333
2809107241
198948800
221574668
2471150767
101445204
93952320
159052346
34904858
21235438
2901964056
77357947
289396949
131257940
2924672041
1077881874
6339942
431615662
35219528
125029987
525304762
606014907
33169836
622707172
20781568
77572765
282178861
492308297
15031618
1295177941
104266152
359397742
322842891
345583557
16987393
2209546438
615104446
2290108311
19471245
14587890
169886386
14880519
28810845
1394765683
155311735
140163844
284706702
2159166349
2533783817
43989328
2288286854
41187181
612089748
283168851
2252662118
96471825
159949559
1166287140
2726450549
344913898
461687868
1318515451
211883282
790205586
1068321648
25499709
128195591
234744935
2766992549
111448169
1722331658
39022471
2883061907
82945615
851901979
215258825
66675320
134761742
757008901
24895633
554748997
26311626
15195789
176726656
593944718
282782440
1372327765
290505232
302651404
852686353
196311240
82191285
351915377
2377498738
2781723874
82416468
2378534328
18358053
2788978797
1682005412
144801724
2835056727
23227936
423575484
2754946724
710741173
480489053
290173766
481102141
62603218
397105478
1562751306
2440947597
3090023885
1327305084
280794982
370878018
271408015
583331481
21354109
1470747960
734691420
153923554
63111042
404992299
21088402
529458724
70044664
22774317
17783051
353583051
232276399
2487285312
53179113
119322785
122887311
236346892
2490393014
2595054568
1239706891
77983
563858611
1849667018
28344861
242823233
15403525
978772158
248721698
167786742
38859818
292557320
19548215
755038513
52517901
564922280
152374160
86299229
380816867
15228451
240392396
332474523
233919443
455684057
1242056724
37938557
277667753
219251193
259282407
72752826
2834286585
115935326
355395736
3097866965
105866710
20040245
424432213
139249454
431971165
122221107
38490039
2801568235
269533752
280508908
707732375
347357182
150790955
39028781
301127910
2287837822
2360021642
1252574040
21076225
131132613
496995907
1521699631
2262656765
18556096
2792756177
333502917
398176547
482248338
97665939
425775288
295907760
3101720735
605435766
313894041
126996307
724262713
137726866
2451649196
67100889
2451596341
236054545
123857914
20466483
15002660
89327895
484089634
98418593
73749005
31948455
21111475
286057151
2556795883
65324946
293980647
561362365
2808592981
437868872
35408228
1831486056
745876490
123352095
2699398969
465805942
36894234
1252318026
149886700
15427571
30074229
38468313
90918444
304456854
282303856
17234202
20035356
1715672377
82073885
193845466
615068404
2763200309
347606595
485030494
39743549
35164155
79467582
2391105248
20202161
2895151954
3061360635
2892725680
1187688254
499595689
30713611
2832342485
141550202
285439171
45232619
1432811863
1947806976
255945396
138093963
147664295
19085780
356727920
712486522
558121089
472540582
20441505
2024961
69419672
393456669
50367868
18025383
6029872
2732178413
211634587
211550981
41866184
28572798
266770193
103932518
357501461
43529739
203524654
131667211
16378939
2628743931
578329924
2171227403
2168485754
57171403
308681348
504862622
68813662
375752678
84436872
171476683
236122100
3063967018
460441564
82855734
53774423
218079509
20358319
2606094265
139771013
324520998
2431555451
14893531
867146911
2751229217
492703238
31701774
47908072
1542971257
351682026
117233789
358846292
247793341
808929529
41323143
141952999
93715646
14502321
88783102
51064280
27857606
86034144
40442047
2510722442
133025954
464606424
309586008
27889222
240632696
20198236
505975078
15183948
500135733
84446316
162074187
218457041
7584922
403547137
265460653
2992904483
583693558
24443834
17755776
20800774
2422183664
238175261
1152163256
222588640
196630962
720301952
33543582
78544466
22939549
69110699
1355446434
1132166226
223980233
399514038
20432164
483774418
81489864
137460827
873346964
206627627
39958432
550606574
23298323
308114571
2872244171
291258653
231520553
235641133
246844437
52230664
471266242
156769684
1022564808
842224903
42062919
28969856
19469297
48693961
136314802
260926736
22142983
27969874
269546641
403217109
464236980
284725767
19786920
2983845302
2826485167
2949629140
38199360
376764195
2304277977
125641951
14140993
14234180
36438843
255413870
2711880109
20504043
761985212
2161603304
812571307
2267379261
15287837
337924552
609458203
139034765
80402562
15596499
20861132
120485410
20208698
17049979
4522471
593968495
2600825024
51600475
2924066169
2806274744
87022063
15389395
19726319
2964984533
878302093
19426862
22000414
138691869
1154764987
493919487
40004008
19046889
19674756
14613184
1397874835
140478158
167181809
362432410
2698786188
47356573
252703541
581831550
386545761
629979080
127666780
382090203
19499232
20428767
271106512
2294040718
153817010
2306685320
2522525965
72621343
238755386
212556631
361336292
310746442
20377430
2546258378
256496073
307920876
2364786337
289392724
51157550
374424357
931812666
1581061698
2814706747
2428148802
623220946
58991377
1390141202
3091712447
889503852
241587760
337598451
178256726
27888443
194227467
2886073511
891212478
570357400
376903076
252735243
2301620524
187140079
154077328
16700475
84393428
192601093
51834139
161999174
136975654
1904819574
25734482
2769174777
256686717
2156707217
197721363
38396325
482263363
94669763
728986650
723965353
18864678
1863732618
77813446
137499621
134421450
45430469
140328247
134511026
19669432
20676798
2889201839
264791888
339667353
56137748
2752026932
478911194
105474616
2204754486
486895610
83150121
146530290
63180993
66835736
23361943
254740829
2497516978
753443
109537130
23653843
91819784
20536260
20644110
1338869984
124932459
725791891
84557310
2615125087
1556785004
583640509
230916724
287609876
18254027
2269257653
184215530
515695098
831690782
195658478
143725341
368303654
333306957
27103184
15468979
27073628
961284206
236131840
20380558
69020466
55588847
553794266
2742170874
252205407
204084514
19742076
1048238042
102757230
303650363
853711446
2851118320
233949365
2492640292
29498768
2683754853
129880735
235579020
2427397778
220018183
2886980333
416962434
290152730
138487663
3007397254
2741985022
22363373
278076899
2560752095
2388501735
296202239
264741460
94621213
2308414560
1026498907
455684015
1670424828
1662570684
228321870
353124829
192501292
120157397
271484208
1449817952
50119259
59609018
2497068144
553074507
546937488
2372109123
28076211
23946736
153890082
45824074
105471683
37759088
1524290521
65595635
90973539
268097990
2411761152
2894639092
110120138
2383569577
2826547777
363243271
603096069
1250101022
27961949
57004172
52684432
51844769
2757087076
2230672999
20799186
155523197
168687116
118480671
171574399
26216514
2389414251
2637960316
21728592
127540096
453176547
87427080
6319482
602754975
3036560489
187002878
41090406
2826259152
2787759816
395388591
28860287
20091162
1152079616
473276181
202646121
2963147416
193742161
484913420
1265671538
227347444
3043439257
16172057
366596819
137720322
2730202360
2770428057
114223433
356865031
1290636750
366721980
59245218
2247182753
610294829
17623781
126089161
84097538
2556950538
3044751212
222627323
90268149
243283930
19859285
114862133
34960359
63939998
320351803
3035549435
38513062
3103012546
381440741
1974302196
2258229806
1546204669
2846587978
1858362799
1710397231
483937227
176131373
16017495
2811451167
2569666014
1067080976
136663403
102154213
224628998
2370895040
2834692529
17764645
513842547
82712110
229607431
309071187
382111936
282063152
2762074141
19628134
2369010428
47491845
459558725
724815649
568413475
3043672913
1318940515
185596094
469673871
534955446
103032516
45619219
316339377
1511604042
2351582846
856894412
745969190
579218538
324220983
269473981
156060699
919562048
187677356
58878072
543675296
2423310513
2700077014
2826248320
23058983
116847269
62274187
725836392
138549083
301587153
25251018
2297816551
454375972
86402575
52034455
233975728
50362002
3132897121
175332596
2607290564
2751680976
1106766103
19109382
2823097735
2491300015
135988807
2438422502
2799723883
1245974226
1128287064
2824496088
342689498
1066685449
2855495553
296754350
240263442
2384122674
309193611
355717799
46399235
31895033
2205474534
2763254783
3067912169
523362246
42748225
192500892
2831737662
227112381
441972012
570262333
16601062
52480518
92555851
54499680
3104826280
2737963697
2155666349
2804723851
334829958
60280496
2795845032
777628818
236535844
186918692
17396223
2286853369
2456246641
133432695
171258215
825522733
326830792
22534107
118857944
40105189
2731526127
495676860
2765432513
364419511
707959365
2564209401
24040016
2752836586
23321530
87703143
2972807835
19882336
2809772036
501066136
68427813
5792862
2568719077
2367730707
334643425
914906936
380342307
322278274
23350952
2776778685
2442759340
3086903788
61843682
469149222
201051468
948847561
83876010
1520091722
148102149
224326413
2374465699
55795096
1268176093
109394842
886393393
352234005
1567783742
2806150523
353985169
41322182
32900244
221323009
2542233724
1861877959
20117067
63766039
770310314
2697767339
294016047
630608403
342285360
383383628
2284912410
2882916938
196558815
273394685
2805655007
377240272
187516575
22992422
2362504441
455314834
15569336
2222167394
150979673
25965976
29585508
25320677
37005779
371295497
618850249
82835089
23471509
822362102
2203049614
513338662
439401504
111661126
20753071
17426372
20199119
213530957
2249788941
427438886
28402372
20931292
196749454
141721603
286366925
709426525
2571164752
215422921
141920328
637104146
2611596146
2651139615
50475146
41326943
1336166156
2828608891
380949722
371866601
14584630
2887781099
1657795592
722630419
18914379
1389215059
1858130414
1487419980
1259349744
380615331
2174799164
87915644
19900489
454242856
14567040
2742852911
20104360
375769854
34222035
845280252
254016923
2447735659
3027653033
2751123987
262817882
54315308
1292311820
1921132225
351211034
236997612
93957129
2506655655
20691657
1269694808
1612551956
131351221
2382643807
65028236
252783114
898425344
779908279
2207392993
183600411
792036600
113082343
217821617
2335810819
23614921
361802906
51828695
2757443758
2502293703
590419422
2876723417
265024520
246417549
388509710
3064564875
191835354
137480382
605842701
83898128
800177784
217453742
32418010
1360237898
1406329392
20426040
22283081
453282838
65653804
47408558
157793085
75617304
172298046
143222092
274732917
87051942
86730302
1726513374
157736377
153774218
215786189
415452739
364297587
20227547
1029383642
3132625578
3081887050
143789034
30234371
45150053
2200630708
2911062940
2430045192
2751232613
21285617
58963163
1257075841
160983968
60853683
248893149
174212084
2264170384
2318417643
19587544
513261420
2151173239
136767738
1549152956
2752074146
21223450
1338682969
56682485
628451721
2463409071
159479718
2713167940
106551645
1869167598
84617181
2631105503
407861033
2331062410
136012624
18652211
2174883053
267342218
364247059
2842122591
2316893655
155289056
133196176
26748013
70978507
97240251
170642379
456583666
90950085
34228584
1904701106
930400291
1384441292
20900622
2412578496
19208474
354019256
17706028
172302667
842393192
282002506
19982306
45911334
2597793170
282200205
1332025728
2506353879
48648223
184519004
247462339
2193993086
296407595
106794521
1935079483
2470552124
145595080
143945192
239131268
29610254
1916280090
3064294331
20803499
2784449967
1281774535
3010866411
23476423
324354479
35722685
1890772064
89533893
127249317
2267647854
464198476
96213438
16129255
31079404
504265967
55524255
49658909
125429840
157282473
2382770989
558176751
192322223
305131957
21139045
2764612906
77611425
2169410439
889305782
438156328
3039260296
22829214
23177505
15049038
405115096
194335495
426793474
2723038966
1485125072
3003000572
2417360086
2603910584
1729065984
136325481
1716626532
177590367
50811197
31443589
527906331
14617837
21691866
22161113
2425359922
612818003
78397431
136188128
31013821
62548669
55805567
2301517777
207733334
114853547
286052264
522342263
332438179
1591796720
1369285800
295707213
405252174
17791451
1439184067
388397097
1673784182
2809411548
338087266
1080669762
65675381
89928595
1712292469
17653129
61521810
19810518
381473172
1007454704
561315758
8191062
1019440784
379723405
18941649
120206338
770430786
77180532
296973677
35492415
338236341
33516738
1033871299
302471798
2715897274
17692334
18476160
284676375
332320606
55522515
19424424
104141256
18934566
47476144
2482929265
85367668
352220090
419168825
2826185821
365393447
461218735
288716218
2595477426
935117743
3043626838
339389211
205427797
487557957
1206198715
2819125877
516959013
232162699
1145641111
1240189010
20391987
155395695
52548575
36326676
490820488
811459038
58256324
133687963
479641007
331711940
2949502149
2787853975
2373613626
140752861
849961159
87713024
2365785031
336167744
181826160
93495805
24443513
318265618
136691438
246950457
341098850
116774388
426686700
2808067079
23970338
273370110
65651007
2880287673
135909586
198096755
2822731344
566712559
235134742
412340988
24692487
2470582579
105889848
71562840
107480420
2963875373
162405404
102711481
166646493
446552786
247760001
526739736
441747614
458430196
142945295
20718012
27074339
2920701153
582410166
633112205
17163967
1206065269
20420604
1884135558
2874248758
214993076
299983531
17345661
18950829
19863474
50244718
116748109
2695397184
58158719
16693774
795639116
449930513
2180215340
423657586
2749116635
20003443
167894842
30025358
1268080956
593526548
452005809
139045340
333302034
327974230
1215256832
22413867
79769567
1969107457
2811432381
30342871
50429778
231475647
224095116
176892685
2950141691
31150531
100043288
346600792
75001302
79272614
17778965
89828006
86765771
942014815
146640442
3049242791
84630370
36949878
1269756103
19869996
210951274
35741698
167322134
574526062
328446492
191027270
2273460606
54282963
277942495
90221079
181581190
26993967
217834708
133665275
22073787
1438321159
867653760
205446308
84687412
51829519
2937223444
2966745947
151635623
760362103
2796113046
198270180
144837968
3058353441
207470482
327298837
611663637
825233503
270488505
137813111
222564576
17900296
1024175102
1060477824
202715893
102440733
2218069333
61769396
413992857
883109430
2611718149
1195658161
1094830488
1283297588
822134258
89019437
993571688
19684260
26288189
2316832183
39836805
1732956356
1224531198
23738708
392952084
3053531730
345338046
456928860
164793979
511971433
2279769844
2178754925
16191907
19762349
890668934
17636207
2741833946
302885177
868721928
995764722
1686867524
623644133
227365115
1117909038
14511513
578953936
36917605
37181235
328657439
20083380
28317429
2534969360
1962431395
2510809807
1103591376
2611761996
1215699025
293522727
20984124
146243605
2810980765
296342812
2445287613
221084849
105293776
368416410
94375886
2799758431
263203640
313331647
50038916
90596813
2560707359
19878030
315428102
2549805301
256746111
3026854080
2734278569
313559010
37917418
14883935
783224
2562390674
16614645
15230558
1941408806
2932744247
482047125
323227501
851126034
139739943
320266958
325663096
23299475
165501234
371952783
745573483
182138772
3014510753
831410598
213782238
45859324
236519271
28157307
118073224
309973690
2236592053
20013397
132179181
37509491
618055731
137814889
2563916707
366214293
2765822483
392002845
1332329658
2775864795
2190310513
28178208
248910120
21556774
117038655
169053125
19284828
259963665
15570138
2592911581
176460305
254475471
22607317
1064117551
78873412
17835502
410857472
337254108
250814669
1071633122
486951680
3061948205
302505709
463913751
28923947
21717247
342661598
999615583
257927322
438214324
2872992293
7612622
2778803692
368825153
280515975
3014644425
1854612889
14476585
103986120
3001566611
14503109
77844079
17038839
20584093
16484437
50605614
2270152628
60596528
17156872
385730705
210826326
18229173
460093525
266200141
2889277763
1266803563
611992414
3036809375
3041246219
2720404490
290136023
337305138
2786833361
88252860
28414931
21479865
149807338
274190638
722620904
86724195
2752428952
2312724890
190049682
19457038
258500327
267739676
350905075
2954765369
222052323
3111094702
634485014
1958348935
387276650
1270949006
352197110
141000200
26283630
106888775
82933885
270918583
3037211398
20093425
788019314
262547607
2656927988
277523665
2544302540
333502872
2958742527
820350314
2893697188
1617933416
605672376
377664103
102099137
23380912
64722715
1908792073
234730593
918733998
1890645150
337264097
337253604
138524544
231852942
331673328
358088887
72246246
392800628
81219394
2907023012
500449527
17897201
37632713
20476313
701426024
2369236465
21782582
21446228
264753313
19399213
75002501
387092089
73878074
478941314
118665011
1644844531
350782689
115944954
146872519
2891914227
456087045
56076529
149637908
247278546
302631880
158828810
54578241
2244629560
431027825
1926562094
375301237
2911182041
274184303
31168235
2860969208
179452603
255000628
2905064205
19241958
218138273
507198705
126345396
1736363352
472252085
125924697
552147240
17197129
509931458
715969604
162416700
1264625504
36178952
2380331244
720733863
90336976
23247634
369085826
221834543
101323647
1648149577
69379325
2269047756
211460146
346012309
89279186
800710447
543541336
2588070794
108768148
192818631
35259882
1242554948
2827171868
1636406767
221306787
2958336171
2778327357
1600960698
1729509098
1521624264
2430645158
712838725
1045899158
487065229
36051110
219802469
78670136
288989608
18478773
1575973428
17959867
2875089978
20132782
2194618538
865138982
77188949
3123950595
2150140917
2465603476
2751853132
21191789
19230968
69417534
288325165
237830727
56679107
17949898
6869022
20729460
623000621
402797408
221364272
51392949
14929793
40538891
20194311
2598175309
2949708586
2164385535
2420668474
557235447
2262068868
18722872
1061564808
464066588
1138242889
2212955064
1436954340
968168671
8835862
936953648
3033315659
768454272
39120568
237235079
21503200
2592914658
212316811
233649904
40080956
2875269589
1176640496
3060408307
3117676089
3094161957
2520190201
434927367
2564190303
465485724
255153318
980688888
49282683
29357837
44060922
2917041063
299620274
409891499
1134550993
1339045430
17076362
44229145
1923711505
65379620
1934429094
229880766
54894765
1325114396
1719457028
23098065
2186764756
621237594
223217386
14292212
2302858489
20276535
2417344175
78774214
17074370
64816168
1481938068
2595900850
24374078
749181854
344988803
91977825
222965749
2331808502
448208242
53655101
1958892590
260442322
382623959
1294711250
169817782
57291302
71902634
28078375
21318159
2796055499
761452525
3119882842
28542217
1849425570
2975356155
710755689
2718227811
1103487524
98923967
49349418
86902484
444805689
2314449364
86287477
39084818
2797988636
197801661
2994421169
1457756282
355723967
21874289
78418590
35531594
65609388
876718519
2572616017
226168384
2888321338
2300204892
2994813646
20819538
1158010296
835653654
1747131282
332622601
20048154
56430145
2151086120
221072944
240327787
750845858
86748866
561089859
14134559
280605486
1278855156
537513668
325558247
547776259
323372700
48125017
2831578364
27057377
583790095
173981630
3067534114
319666536
68714859
18987335
47603431
98894478
2735443342
122936766
559724387
176990581
192123466
297523898
349904134
1057566710
2771108718
863463414
2409658771
21525773
2323669226
1525446732
306769583
265495227
290603801
2831925042
107075223
347738071
1551306434
235518736
2771288785
20806039
472728285
1618455282
159072934
142649938
567192402
603820426
259912544
5880652
1585195351
241959202
361459346
44336503
1128537031
80883533
125217559
155000038
1611520670
625448533
49390247
52455602
121846593
264132382
15351445
1854165931
96598604
611805975
48976017
212542533
234735285
855316608
2812867545
44936808
2364812425
255036722
161400548
343209860
817748161
53809135
79535228
127499372
117108571
19227069
159579918
51378201
29738691
271830114
27066982
615497024
2611839747
218620516
21742168
816586597
1532168551
63116520
1472062075
407842349
30683952
68492964
737542513
245526228
122738472
221147002
19889484
1110288079
96203284
2508579673
23239359
817906262
445698127
2601413087
72175883
2747251505
409438575
3092006710
1546343214
545229853
176762582
2175182403
303004692
303289183
1664688618
122169017
320986372
2556597078
67554946
501270359
85068877
2993296372
236205009
459229098
3130901141
3075585714
1008234206
2543766708
3130151062
236536242
968442505
1893132558
813984380
352307928
891004261
303222831
995029088
110174797
9307832
2149761496
513728988
362711809
2905791520
82471822
1257641946
15364097
2826682680
868649966
3086253129
1062901974
482787942
53388578
19444365
507881422
478036732
141593925
259618908
1175798791
20936471
20617935
547142834
2591981485
2722816573
401493560
61032882
70802879
177062618
820134289
2225280836
22945177
2810027574
41626368
15909549
282561702
91668093
276174146
1117386582
335469402
25981912
315079819
161035949
94868378
221058973
2397876343
78570989
2871548568
702083159
2299036406
2845270403
2742765000
3065479581
19983263
1415126785
1524575930
57026528
2727940337
2904220559
245521090
3121651371
2383181178
2674613617
266792114
26564556
2793701567
2361650442
219954996
629698781
2640242604
431638810
241597965
2222064919
1646171389
408702522
1855963825
458257516
3052468046
24925465
2335494540
878111942
468673637
271921734
2206351
1969144495
302840731
880732766
87768525
255658722
570228922
2766598349
1897994821
2429524305
705313344
391570066
38202628
2603126389
15487092
22149041
20580856
1281416838
2706759277
1079278555
21090268
131534916
1050913987
47460879
2907551032
198688593
62740241
297320554
232187792
469819969
1844788171
88423763
85362907
29862550
179980577
22905640
324592418
885273488
19470266
11893502
137065978
302600028
55199999
300007318
32949872
570718178
36809959
68397714
53345244
15066159
2322923251
254243661
14745877
444047047
430511530
775578140
141132592
283703759
124463742
7707392
52098444
170697948
444496669
49594606
431639500
98869337
454208165
393558429
276413876
2493587774
20932918
2767482262
25042639
118162939
140166627
24447858
32382316
2764002714
216647588
48445990
38288888
1028917446
1281404480
28153528
1400644723
33192327
148753316
111890513
25493752
17871692
1254622146
962542291
20065056
180141399
505644836
72531438
321351696
220783288
784371312
177917507
331022130
376242230
22899478
2269130143
313214869
88480844
66733742
195309217
89334030
42605266
14442187
245546149
19536039
2321244650
28991808
5387602
28045422
57393835
278964130
323712660
56395695
1628671
2497811946
3027351707
253748115
581689736
564750373
2567912379
1100495916
851342130
60183269
21188327
140957611
24237231
2473086858
65438058
1345298198
20333834
408014351
258850430
2792324943
502949609
1723252062
354556274
1252836782
626539383
2809504922
2518698170
635773194
184039075
20152570
608137557
32851127
32969121
355393230
190473195
2612717737
2969628621
911105036
309294851
205274678
18268831
517049195
546964002
483948724
1905246438
585053883
242443230
51417184
197827014
597279326
291908987
1121683376
148898257
3102125201
376385070
1224581504
2498848159
366799078
1189193376
27064960
188322195
295719868
416342282
397281540
340564274
21341704
166317069
403624596
311376664
1712436870
450093076
2231030942
164016668
37290261
1428673129
58270259
244963253
2843126508
270536646
56794423
539944627
728444700
203584279
494416465
621842490
449271122
15498567
293734197
2842170898
2351966442
139652955
1671476936
37168241
303457602
716890724
279708036
916710901
66712199
457909857
2241125166
449717001
255997380
124248185
172033952
334085486
34889922
108126336
404253571
20334309
1190461483
19542843
1139891136
1221326822
17136713
145629755
390816076
78857482
2843640279
113087495
255745001
1641172794
253280555
302696548
30803899
56726867
290083866
28775507
384458945
21186326
368034165
264356926
1565472464
18833145
15884023
573496863
64729524
395995922
2686033290
246050766
2302855369
274121136
271624210
1570781496
577812754
97914067
2799452574
229966594
20635229
81559070
32457343
572992660
29261953
2786838989
2233618520
23928089
20326705
261300075
241679223
2503110002
999423913
421388771
86540441
21640375
516843329
80662494
103961198
223694601
613389698
19229502
1676080584
2645038507
15598238
247450304
185230595
117773789
351094548
832089871
14804221
283482685
19851930
457499542
1628040560
3129277037
2575611456
172396467
18653841
319250633
550477821
340937642
138889129
22357010
38427411
151036200
52436759
623047238
199617238
28614268
69238756
421367997
21410313
305824056
299125670
389494454
102307160
69839943
298536491
21255367
2295819086
490462482
1087084267
72639318
8902402
45319983
1084486862
2516512232
574616290
489828764
1446856934
115338897
447255638
885106981
2732379190
188821567
2522726468
174664298
29799331
595631507
2935084607
379224041
20009515
1020189084
23463923
2795732492
36171504
24288287
616697007
156322008
626742377
24895581
1332686563
20143339
1270791072
19806643
111973928
100174534
101343576
570078368
16683376
207180522
2874149161
2187128281
595510017
87804322
3022359298
302628007
91420389
580671578
51474503
319136254
255632291
244506960
2431107457
52406994
1915138350
273065591
569052088
19124146
14718983
121789411
90600747
612167985
15056540
268487458
190959458
2295430194
2195772879
280436003
29547451
1978295899
1566118422
42857967
2706390500
20363221
632376943
579380987
3131442677
19883907
595637973
40512087
109089971
103335995
248293225
602187967
140014781
137085737
154930138
70973133
249271136
1365564744
217574244
1209943783
90718429
7260002
157781575
62830137
180349714
39973332
3083127394
504647013
1157487728
596864498
111382037
24718327
1245808298
225824035
426704112
438698321
193354901
501144439
634570857
206780223
22138985
249779192
2828023160
467694355
331129367
603166884
119159531
26292457
246019143
1243222165
2207704069
20902210
508813366
401945519
7328172
483701025
506231361
125786726
228686553
199461874
861659911
350473428
15495133
15181476
2964229007
21341391
1367668645
119509377
228470715
2977401911
1559802122
506326087
1027906980
212406853
548357731
1231583534
35761982
69404234
39820021
121529793
21120714
293816906
401536352
341341823
106161072
2719077849
20877834
278010928
271575575
30940263
19649909
324054472
2540101316
1122030182
1747165538
1198865906
223146332
2710300088
1351579146
1037761484
188291190
558926003
471873481
723133812
370951527
1386464202
2537014331
412902994
3114398423
456035667
184192249
634786094
93881144
2471712190
2623813936
155334478
241485471
352573923
161984606
85941557
329210613
302334211
271063397
104199677
251822092
311687952
129492490
171280663
368903839
29045277
21560531
935111210
342994500
294199847
24107800
107432899
157786707
1206505351
1180050361
152224971
1883962093
22912404
1927560072
74668754
794239382
722064014
23273872
449082998
23331005
15827511
479788730
50053518
29503691
87270234
223959285
116172489
58226998
2975185648
267276957
80815601
346021291
430681931
493172897
1478367534
850988202
176614461
300752032
35834515
44767619
15848267
164020823
120140798
409502549
2439061638
176716529
154203588
446619680
1546544292
555002597
791280708
529563880
553343542
598507498
3070810584
563981757
889164211
18107540
611081357
21435244
259419279
2580269215
474711875
170015512
41408800
50331595
721023182
26847491
387274891
379266521
633666761
168710480
154110532
426176802
187848607
236835599
2350649284
635376014
185681383
2955810077
72082341
59552441
921004974
195835501
2302152382
3082051420
19599581
172787572
20013110
514769171
910241887
608230515
804528193
2975576392
485152647
602072836
2765013263
20479435
5665662
103488029
267982468
249870228
555941920
203967686
794996606
2830537835
414277070
1143333462
1969276141
233706556
20664986
425261740
20519756
596519726
20341246
98126225
241485682
2327315989
124850775
246360571
101011613
162464365
294897427
2400372140
141703108
2884015907
34895884
36484587
826781684
2869536664
2638797215
31166419
65156589
21135864
398309589
1474039910
2978355617
88789500
176401852
447384157
174820899
329240945
393574562
324626603
597285272
3114458439
27740535
26494919
1337878928
248864455
1849054633
1092806640
302649681
35887375
110472543
19685010
1927672142
1236179952
78055965
314229415
1274384329
22185793
2966799119
208213467
595652693
43129977
2833977904
220336190
1210091156
582061229
158038862
125963449
228453828
531620378
41848376
68508153
72954144
216113375
311195747
107387243
1209509676
1359400723
5689992
14177759
481217919
356218903
386164916
2431132822
322035232
870339012
23840169
286850460
16964908
3028442367
410777858
1007156966
24215226
20126082
