22838300
48741553
495704512
488426410
634540055
1449644064
2312604444
394274470
1639559089
1959417924
2511465199
52696641
1497082448
373088565
250778447
2599143612
1241552875
2309439105
519758507
2403283507
2289975151
1309456370
1952422460
850442222
2334228434
1177478204
460633839
86077948
229281542
2312715109
167644674
822434437
1136032597
1444847858
1916253668
1323598404
890173560
895896702
935005579
439324989
1119798908
260853129
952650884
1465898814
499115380
1473584588
735208916
1058451522
1411656236
1976836404
840520296
1541448109
353327627
52417900
1183629158
2642209000
381880381
942410238
464179672
1714590528
410978885
101898550
3077808424
359794792
517221835
293602853
585669620
911761356
1648013904
116599888
2623319028
487339351
105253331
2945961375
165066533
89019289
1525449176
294756687
810244616
1132308560
533525787
295433929
56884432
146604259
259982565
417330646
3042470970
343030070
140137643
3121878111
361505999
2356697222
2895646239
1713621973
258605397
379778162
1086590424
352342335
508929067
2282225058
303850718
2723515461
862486484
357243057
412519835
58902270
904673113
1216442936
2408880521
365758892
178477322
391602042
596882605
47541898
1138344295
2581155391
1545936218
2784338415
390844520
751923566
412861620
548022808
547829236
168149989
1641390536
61099098
74604265
757608570
1699768608
129679901
608760450
371816745
1096632192
304067874
48591465
2349136626
595972299
633230241
760931942
2448871570
1116080406
1646418636
318669304
2651755706
1053678330
522550938
1247526835
1437649855
307162310
1198578372
783956947
224280636
92120304
396623929
306795691
2327556325
1205351232
94802196
846365690
153984884
2788876600
81609016
1485244236
1965647390
2332593656
117316481
170446701
452058812
622113966
366859251
2224526127
2409045224
737334932
609674560
1028631744
146180735
2869016589
522515642
773489040
247379266
2799882881
141649569
2420977027
950529985
969094592
1352467022
2951743694
2830972045
2357064907
2830237778
355545662
2829877755
183502836
1409027420
1554304620
1343089328
1031338405
1327910888
1476230959
994127166
470853506
2418267218
57559746
755159821
128916919
185702760
393642915
326186896
406554062
1056241105
202167599
760727070
423155322
163725824
336111820
846713425
2463903217
197803967
383989573
427024773
1074868124
516565083
915656186
716559901
1255889581
2272058483
331916929
2932058559
1488921200
2480142878
460223688
985229426
1909099506
1250298378
1907629988
2786893556
1467415896
149574598
1523225264
2531230246
822047262
2902885829
2931538584
2824918386
612879443
2385879084
2966577353
2619789896
1711311584
3114544812
259057597
289727897
533874152
1352966767
2820036918
2850807124
874945885
155755335
161152416
87064193
20359477
470438143
2174007244
870370855
863368201
186302024
152779636
1606775233
407963638
266305464
891000696
238546695
2435952699
743916048
62767458
360235375
308605398
408395243
2396740982
216872191
197589095
1352677344
2828160852
940188607
615491353
477377237
1015915410
2416314066
316400883
2165219532
3022373537
457804811
182912901
156316587
117253616
410084470
142386470
431105714
1955700913
2875691379
426130126
2328353820
613724259
80893562
701882902
1469484307
596459162
476725417
1026815040
755323184
2757440707
259148895
539279488
2464463695
1483431438
339422634
2176130343
1338037730
2796980325
281521695
2984442634
345022649
303926998
731913092
152339190
1277804796
2335099411
1737916386
431923217
2221453976
408612533
971238913
1566633805
578530645
75086943
129193449
202923108
305953083
84456497
337459205
49993125
1064763198
719245386
456143427
378247832
152013563
954734244
164064957
2851452430
229238001
967205605
2821732384
61805566
352702781
1004983016
2336627506
221832493
227768504
2498331216
1618305144
2798492405
265489641
465844397
1024407049
133399900
84896113
2225799818
269037304
576394157
1158600529
1025131176
137805901
292571950
203621498
496604971
405767275
2398458973
353189491
1898728170
183152225
2326085078
29836809
2476482985
214927271
142568469
188155307
756211296
1423411458
891402630
290258757
177327970
757918124
330247525
509029087
841261484
432007862
304697615
1093133018
344072329
83715407
434975491
187908806
239494310
2598674616
603207856
2899213407
65516063
1939634268
2151704448
885536269
285805790
585806828
271088740
1181997601
252891495
1431559057
1382576131
173104511
71055197
981139608
600249539
1315081933
603265921
168328825
1674426991
2511488386
2259349409
239987224
3105355161
360308765
356401085
1544153797
110731237
362705218
184932826
871998714
398814798
2413426414
1290340380
359204408
2586507799
1924252640
849312578
241601329
340543727
2455349684
336306861
2220685299
173969722
2463614661
2256766055
339091760
1153500684
409386503
747445184
556086993
187839214
258068144
2157705577
774786236
242858973
104531937
370848337
430118181
145000430
2473788494
216323036
569947451
566327895
395821778
241942685
2885249943
576308916
611892941
422643502
2699105858
263363268
322047402
390982784
432813235
233599619
109359860
2926353531
122650320
324056945
174731215
245394886
337621900
328863959
927805782
921004154
96528639
167177804
972573901
608493175
239995579
626491661
576565228
380527768
562002544
184787893
106200596
501194734
1283000532
301165331
305756084
356852913
315992876
86748674
549850637
475931075
76019987
1622668920
353917428
326084396
551165053
357209579
2171150402
473977671
224226592
1710578598
286092241
76810024
379529835
2583165667
86719004
1959536527
571153019
1074164906
2391816074
112509876
2960807278
339292378
149215114
296514650
2598732367
1380877987
298014116
1111503468
194302818
372426961
264618311
2258302903
2237904733
302090759
77651717
389449108
2853797535
2578989648
48562148
2594242844
2770989309
611423679
2917823380
265444935
324345113
2892197260
124280142
610470165
518107006
99829615
2193554504
476171181
226747031
558351111
358378667
55464020
579421559
290614095
847789309
412724382
1214161285
387316943
2300730276
213883983
2508124020
447630102
1169812039
2405596259
1489597015
504939736
737654610
17568638
1328154644
488132760
146279935
83451465
2199964441
1253935916
190822304
293493189
352375460
262858153
317448931
379285955
720642691
1093945902
1932124856
2710022433
187475441
464727201
805303884
1497000212
2930729452
359676573
410374660
1169556878
1972595580
364913453
563996690
2366239886
2148957728
1484466666
563393263
2270220599
337245661
400099726
1482826501
156977728
885644371
323813207
1203974354
478754350
173138831
1370431188
393643218
1887277542
449447293
738822716
208158261
165266470
1643728837
580065232
631591063
1537483064
278605339
340396860
89275856
265599832
2346059801
743055726
354024855
2265036992
760503871
221580328
802229665
804172651
438696573
2451722354
3065598693
2301993547
122844141
103025059
408736850
431116333
536688670
2370455566
2252476334
2403194470
441080046
1549178520
2407895854
433562066
1009840146
2149764720
399726600
296304782
831162338
1941897289
368387756
418928549
3085435973
190116013
709902618
281207759
2799200504
462636147
772598162
2787814679
892401313
1355158326
349132198
1426182385
1699502401
589381329
470780120
139137779
2783728389
1661155094
229933705
332881210
1056687656
2551720297
1429134019
298848133
185223191
1392693894
967305186
413600267
702308304
849472124
69454823
80841063
3108373588
539450527
1211801864
62972039
456454858
1976814408
52616641
2481508251
715268426
1710355477
196394113
37382089
290038279
151575299
158518240
1544313426
2359476431
225882387
2374323130
345791605
1433068885
1201617416
348783128
785774958
460704413
1281650222
241668235
721318084
190356368
2671579406
1933088300
893923250
713015905
290653371
519683024
285775400
267407505
147250693
1097459532
2202011778
2368264836
1281961052
2372517279
352424747
984839852
2761471971
811501136
474375666
485799979
239973781
1029225522
811115556
2213025146
1873370262
2226190589
214593165
145387470
1007825384
2389532222
602455774
551185468
118857870
1034005160
3121989887
720179614
712861885
764930647
262678889
1641672108
334915369
2501730630
1537128510
2189808119
471350302
80736668
68798303
523476416
2228171385
964586192
134567717
332156434
44386848
499037463
257562374
463877558
2726501306
318625447
163941375
487716881
95096689
375741199
1622148078
2878558066
1657593655
831825432
1594223652
2267830734
937545391
377559052
2454121627
1595668016
734980668
2353879430
329998488
310138307
477319829
224504252
186086211
2829766148
136413766
292068991
1478199655
2180326091
2346017618
2818572685
3039965350
500277123
1931563344
32316559
545150926
172762193
390788576
21125884
1284597674
382272768
1565743621
2759099869
610256628
156734147
398885924
1066493636
371780894
101141623
500222646
1369562335
399059223
139543742
1384354543
1598580529
484873698
459687159
2996332102
2492109997
389076860
343128670
134377895
858240049
192593171
597800544
3091491967
77100338
290127044
1881750211
1075166431
865423986
2610223278
598034848
2906860229
1414201986
2239567280
2290629890
1711632510
1259315281
2417734411
839020400
2885431209
149066292
501268404
381208590
726489678
410227709
2750870889
513965542
2472231361
1291504236
526957075
230011633
1705779553
1143948049
219803085
2312725783
3099970474
167156709
1789838348
374165292
1717120890
544091648
1387092883
2657749927
497116579
2225786917
864427832
496266051
830146754
2497008498
108944286
852092670
724665684
1609617823
408075841
2830880739
84971026
1062430122
1936034689
1691495293
750119174
1778540402
2247868531
119314118
1138324123
520765222
136430852
1020558192
1597869500
1890991230
383956854
2208222041
351682065
1512353204
106549672
1713912397
263336829
712852034
494759043
161859201
495101259
1932881233
115684508
345554907
170552056
851919349
604865526
258648703
1102241292
348674697
1593686347
1454719974
1037756473
206378731
1573872859
522265359
137483693
470594946
783109333
1520162696
1071650768
605600426
2897909134
2887033815
178522285
514514274
333944860
2321283594
1069276062
552178779
736896732
396141316
350435449
129588750
344903368
129326878
90786713
1551452904
2941057588
1205416862
2493059127
1881068443
78779368
128355410
1485202585
203805534
2269647996
1891698313
381771186
1189686096
310018172
104281371
583347219
2246233286
309791115
992018809
871241594
1002425449
189466165
136096845
225172326
1348152349
312983299
2413468290
469498700
482240948
357805606
2318244378
371055192
810969914
244251458
2896492577
393609533
286210539
432524952
1700993976
564958295
1605202747
367408282
475147155
3040782133
701017616
2169768186
2957869834
1955494267
235210897
1004424294
67058948
634306792
68803864
193484664
88788217
183895228
1740098624
435396875
816669732
2757906739
367281037
963401329
1281361231
2752107441
114815479
1561731564
102823795
283686296
1458268388
1711257090
118569195
117144335
1081129411
1512036878
244671062
1528099922
858790975
2924078572
399053523
1164688843
216507908
2372327245
2446213574
196811271
2381158338
619423766
2183958247
611273141
384475642
1266803563
1979271757
1513329326
1311378433
335661058
447220528
72633009
1564308182
129009711
2155605204
270066844
426279116
1273972897
940433581
930793422
795956586
345728808
116668568
970797169
200900581
2279591683
310495508
1653661009
415342143
2448414226
368382686
51257644
565193094
400659836
571920028
1705846879
92680677
307126175
1196298650
