19136302
29297712
5867842
69315680
83465789
20766350
292204879
614147591
2966316365
28186524
1903468698
2399811175
19140613
22070847
1568717095
427684354
2828570306
54661743
34093672
124267704
151688952
39166602
51334180
3035472579
1664335448
2936443882
49113946
57350105
18629110
456663777
1127428081
125570941
78436225
1101354170
2338406468
23425162
787774580
159146257
23926963
37960642
1113920359
1361415758
104966264
2615284824
6134882
2195628277
2267934601
1225468465
24157295
66132864
2160707671
302708364
117701249
14073125
373287402
1536158010
244481539
128370270
330196261
89157588
409492387
110713501
2798079668
2802886236
2797973256
154265052
204246297
244343788
93410612
12531012
19103793
2730020462
210754487
266653632
105103721
104502063
9330012
21866939
3017771969
3064064249
117054990
2276523258
2173175634
212407067
1885807718
16525196
2746300707
2704683104
30788083
26551245
1171482019
2405600349
1549748922
50228468
2603224578
3035880765
2653433042
491960101
95747671
2780748739
1543801099
2616102636
2798748398
2800608903
96068104
5981342
2503814665
2971474120
266664975
2948603499
1899486349
24892844
2269391174
562094558
766055892
193786214
2738839271
54989916
25067168
233932416
253026595
491651584
954478344
431903797
400277434
108285289
3034330839
38474832
1193155201
82312921
503638416
21397917
972651
52557443
1131352537
3110181982
262055891
513051520
102862980
29410921
20275809
148582164
80246748
126742095
30460070
2280470022
197454518
2862224447
364810202
146332990
381159056
173248986
14432658
1710513018
251663248
602069331
1361634884
3009662874
53154047
600983041
2743678871
113410319
2982451235
280242927
17152053
2902546372
333366997
39048397
383820312
2935041555
2358244080
155202983
2280648054
922175335
2396845048
1009672723
3035768752
1259906438
1012376300
23572083
15096096
121158213
19339460
27443744
44299861
14327793
326226399
9378802
104827175
2435192346
718651225
212724190
117967849
121812371
69569643
2199454722
431421505
335538600
26738483
22005584
456741823
101445204
203123092
153876973
3028770020
155954125
74361628
313385516
126629610
18455693
333343647
716785466
26139323
1994321
326140439
2842465811
2827295144
2881778455
2942646154
2354523650
2836941830
403899803
214007688
17316885
464067709
18932416
14138785
9507342
18396319
364513528
1010082511
615004763
481847879
2231905548
2406353654
295125390
495555102
418094796
177507357
113539486
34262462
15754281
280559948
2616103580
2663919206
358298253
3035905625
242985834
19812336
127632704
21813853
123633259
25049056
1347766734
633333
370711395
393637870
72588786
596328490
246350076
197534298
253780525
232579939
15427879
1334343276
19767067
1371645679
52860045
2829468550
2967998902
938301480
131864707
16847779
2443515025
924102530
2527815351
709459183
23444554
425580734
20674281
795639116
120234291
17679507
2217311312
356964669
38422859
2685305707
2897995465
389304164
49664349
2252665905
2926746575
1659659827
934390194
442824547
3046743927
2941363200
35570502
2942680611
2529597686
150650920
2728197467
425966157
2799776363
2446026914
1636673089
17233536
1336218432
3072690424
934399189
2650922858
17159441
83638901
195699945
1669934971
320936739
599211725
1703205367
270577554
3062920367
65078889
15037033
152020693
2503818606
2387712459
2967883229
2788435301
3005762823
2370443605
1399113342
34550203
1115874631
49623713
196558787
2417730979
19235255
2992521057
247280008
1608494760
185300816
47175021
2308867254
372502604
317369945
612700375
461537895
790349856
36255721
34908698
2810580134
2836944710
2798021756
3022569924
3035635263
369352648
456689619
1894491901
20677133
208447030
499534397
333166725
46818339
2875761863
414942466
293227742
464041772
51643960
50645038
329121956
755184175
1711719529
605283640
2615305706
47916714
608216574
457550499
1457443164
2631074362
3024000443
2464876360
2866435881
2218872146
150581612
47064286
1686084702
88861803
25048816
217078361
2435809275
31762979
395823148
386520056
2359567133
180317088
29416653
13423502
3085902740
417893972
133665157
117333411
478124356
3023657314
1386688003
20066934
31093211
365590517
2373267607
942226236
135959083
3055506646
2951614234
92706664
22842540
280385318
49864394
396667365
298647383
1665184958
1664059166
610904764
2181188602
279484179
48959778
2187082154
384483993
5776022
2463908599
1004424294
229238001
493934653
339690768
231726084
76786936
2777400420
114946688
935146218
1670958361
2501124176
43111662
3064097806
267876773
3050798211
3023588981
3024098417
334220117
1126208982
108912964
2994854807
14791358
63930141
2927074329
90738770
2969800969
372875229
84671872
16153506
48389604
1621271
42868406
562800078
1108625665
5967972
66367082
289860450
236684588
2874821464
2453805590
3095274359
2831551173
2723769663
3023886179
262222386
460292225
3050642319
3023562628
259506084
18047862
2821023746
2298686652
2506785930
2298722532
54747537
70987052
476203543
279090670
2402769385
2744419310
1173261715
92846845
3046425279
714409662
2345867178
143783464
314494880
28139873
188453229
19228733
190166482
337761893
1632269209
2791658052
870200407
270396457
464972051
8720562
1375289149
473199911
34310801
759251
2330415198
2836421
246464087
304547737
107209093
3078149388
3091598674
3084890353
3078249218
235822567
1309961066
22240612
185592069
2946837395
2241205392
10070162
1562751931
112472551
2981572462
1690579674
154625526
2514706219
578239933
244013273
2415053456
1365812287
42958829
19059966
171802941
627579169
2702307855
2399391152
61936364
708176525
131584367
239964092
2957078271
444880096
18505880
76058560
2871210868
367152768
314641368
3086844734
49055235
65986070
175591388
18898153
194715171
2431107457
533200584
236842564
22628827
1281426864
210766152
601713388
82110213
49074629
3018609753
50013926
1575988717
148665606
2835805469
167058821
295899118
3047717838
2735229048
3075321311
1958816220
2952812476
993654084
1893193976
222769275
481531753
2896853081
596450900
20327576
2474431182
21740902
2601353503
2842483768
2937780359
2411750658
3035890983
2503813664
3033286474
3034890100
2972034232
2937797170
3033639388
2937796283
2896876654
3035646772
2804715352
3033621149
2781294222
2493993336
2446135554
2778043482
2799024819
2453803956
1665099738
2935344994
2483491746
2959981113
3035887829
2601128929
3034950226
2601372570
2503791674
2491529862
2601317408
3035590697
2778262237
2603186736
2899925309
3033528999
2533835623
3035457045
3033286185
2615722226
2799217323
2960067448
2896863377
2935049487
2971220075
2899966918
2804567817
2476569446
3035644065
2801570913
2800475385
2496643028
2960066687
2496645174
2780401584
2446005762
2779746606
2935252791
3033572704
2593951230
2971444174
3035564740
2799600215
3033270773
2588623208
2506855418
2802074098
2493977822
2798616144
2960092606
2960009571
3033576191
3035915548
240417280
97202022
2474149333
208132243
932537047
2603791912
1688000282
104135821
2719056173
123174284
235376362
251701067
1386385081
1631413550
343979874
50338405
3033503267
204195016
2597179009
954561926
45552145
29704487
255437227
1674444175
32148675
33459132
23470695
1176994477
17218802
2676507917
1057356487
75794152
1970475248
123752501
19145560
1320404768
130190463
7309052
2372162220
48654466
702571506
2849774902
1166383453
1179543852
742212733
43736987
59085146
159492499
1642473805
2202375985
972384505
2904610481
262778593
1569510908
29018320
1357342237
114508061
94082324
49979793
20432123
185798831
29198219
22993014
149030786
2552698171
248471826
137064173
930245052
17082120
708719634
3087492885
1430791057
1549877912
1003960387
2904438868
2156561740
297316579
191795989
1670724367
2867077648
10572052
365341838
143391391
2996165561
5734902
2908269577
104217434
11333922
536044293
293420884
19870134
100479245
15738602
14569869
1557389534
1544716064
25887412
1572999510
1546559257
589017443
183036128
3108228935
1300480584
2471699887
2712280283
540194877
12038782
476083170
196509596
154129950
1136522773
225423130
2411738820
2490407720
2593165068
1450592318
2502003530
44464552
1849474520
2549720989
24557996
3013270402
2239497049
604512025
1066130568
2997981209
136392674
2498257728
2594002573
72229444
139128774
49800332
481409710
571606281
1582497511
2793605047
117053048
2405341116
2740426550
287716984
2878831764
6433472
184750227
2730537400
245759600
2379300853
17803524
2981583190
2530059547
502794893
1648039867
75732594
18935802
90157200
3007187414
2312595751
462427721
272945830
75576664
243318995
58834486
422602255
700605022
15994406
19609062
2344707506
59834690
95621123
407702780
282470727
131582916
91334232
97639418
1259344580
28785486
1692174140
2788944340
2453770044
153132339
3102520837
128917051
786405282
2315293862
2362152704
17796849
61020403
1601683238
188681444
2710693497
2463899551
445008919
2439964185
335324325
2798607668
19358428
138759963
173382661
469651287
1372563925
2592576344
15929435
834672494
3082210144
1543436755
24362769
115858838
8197942
420067396
28101276
7310842
2463065714
251084595
3093280991
180366713
2451195571
804928213
2494003213
400334965
1468187089
1482478974
1588086992
2340858471
2575194728
19819827
3078140841
79153003
1413349237
475856622
211950423
2415422645
2391703343
2887230551
1339004498
7996082
18641106
26466214
15084853
1266803563
714926235
1246353534
318673769
1514757914
2597036064
1620499952
180280918
16343974
2185084013
2653260771
2501107820
2463915446
2483475012
2593900958
2849030764
279450843
288735964
234419393
210781980
2176677076
459988297
1113983916
103368235
2997859109
27589515
2788225609
783046681
55490014
3016858651
42004065
2253191746
3033331781
543774554
64133160
235210897
213738287
316015204
3095224002
23293888
578007768
2994718876
1606795340
2799594860
247104369
2766097090
2383696158
170449055
2409422132
3059592298
284613939
2963953006
880357838
1937016907
119244838
1270650481
1011339350
23954327
40012474
96966077
357050985
181459969
45516035
2795637728
295058041
1716847597
23784732
341098850
14173315
281196193
709498778
1611880254
333502135
2361865279
2680699195
2574860244
45121621
2942833288
2362578901
58802476
144741178
416933646
513329978
501691674
912117032
2414206159
2363899184
857008494
279631074
64643056
1438183039
209681820
58420528
1688238750
2453581178
2590559634
2805055330
25584888
32798077
2503793773
2453779782
260799394
3038646642
79666189
546727433
2837168175
373549655
2490332148
468758663
2453781038
3032686595
2899968477
1300129860
378517752
2855058511
2890757449
2236783614
2866996208
217606633
78714922
2446116660
804882536
44708874
3014567645
80447268
1349277744
223700876
190603804
2809603226
553987364
1152537608
275942684
18774524
2493562448
2267374344
12848262
138519678
174090771
15027151
56997313
1722978956
2221975782
633211878
185181822
391193261
2863206849
2988062127
2942029428
2782404078
3033485183
16681040
2382224588
1193747352
38400130
20715638
2883843686
177784969
109320658
135077668
635518398
2411739817
3081000736
22531747
18761673
342446803
258328330
247365671
2206772727
2934578015
2601288396
2463920684
2865632684
67368605
117363440
1605694716
2417340375
2560473867
1329199266
2283743502
439451234
22926365
407343623
1065307046
107432899
79498539
2851452430
2899946470
