1189
2
16
18
3
4
5
6
9
10
1263
408
784
1298
1701
13
14
15
17
19
20
21
25
22
24
26
771
29
58
30
35
39
44
47
48
49
51
52
53
54
55
56
57
60
63
65
70
106
75
78
83
88
90
92
95
96
97
99
101
103
105
109
110
111
114
115
117
118
126
1143
1277
1239
129
339
135
136
1713
142
402
152
154
155
157
159
160
161
162
163
535
171
1153
172
173
174
175
176
180
183
184
185
3730
186
187
188
189
190
194
199
201
202
210
213
215
218
221
223
224
226
227
228
229
230
234
235
238
239
242
243
246
247
250
251
253
254
256
259
266
267
268
271
272
273
274
277
280
281
283
284
287
291
292
294
295
296
297
302
303
304
306
309
310
312
314
316
322
323
1329
334
335
1452
2542
338
347
354
2360
355
494
2731
5293
359
360
366
369
372
379
380
382
383
386
387
388
390
392
1947
398
400
401
406
407
409
410
411
413
482
420
427
430
431
432
1323
1468
433
434
436
439
441
443
447
449
452
453
454
457
458
459
460
464
471
472
473
474
477
479
480
483
1284
491
509
512
513
515
516
517
518
522
1112
524
526
530
533
534
540
543
544
546
548
550
551
552
553
560
561
562
563
577
578
579
580
1514
588
595
603
604
612
621
622
1861
628
630
633
634
635
639
643
658
661
676
679
680
685
688
689
690
692
693
694
695
698
704
705
707
708
714
715
717
718
724
728
730
731
732
738
1655
741
2327
742
743
745
747
1139
750
751
752
757
759
766
767
768
770
772
773
775
781
787
788
791
795
796
797
801
805
808
809
811
812
817
823
825
826
832
847
849
852
860
862
864
865
866
867
869
872
873
876
877
878
879
881
882
883
896
900
902
904
1028
1592
905
907
910
916
1376
918
919
920
921
922
925
933
934
937
940
945
946
956
964
966
969
975
1074
983
985
986
987
992
993
994
995
1001
1006
1280
2339
1007
1010
1011
2859
1012
1013
1018
1025
1030
1034
1036
1037
1038
1041
1042
1043
1049
1051
1053
1061
1063
1064
1067
1068
1070
1071
1075
1148
1081
1083
1108
1087
1088
1090
3773
1279
1091
2170
1092
1094
1095
1098
1099
1100
1103
1104
1107
1109
1110
1114
1115
1570
1116
1118
5854
1120
1121
1124
2393
1126
1128
1131
1132
1134
1135
1136
1137
1138
1141
1146
1147
1149
1151
1154
1155
1156
1162
1164
1166
1168
1169
1171
1172
1177
1182
1183
1185
1186
1187
1192
1193
1194
1195
1197
1198
1199
1200
1207
1208
1209
1213
1215
1217
1218
1219
1220
1222
1224
1230
1575
1231
1233
1240
1245
1248
1253
1254
1258
1259
1260
1262
1264
1265
1568
1266
1267
1276
1281
1765
2571
1423
1712
1460
1285
1287
1289
1292
1299
1300
1304
1305
1306
1308
1311
1315
1316
1317
1318
1320
1322
1324
1330
1337
1340
1342
1345
1346
1347
1350
1351
1353
1357
1360
1363
1364
1368
1371
1372
1374
1375
1476
1378
1382
1383
1389
1390
1394
1396
1398
4511
1399
1403
1404
1407
1411
1412
1413
1414
1416
1419
1420
1422
1424
1425
1426
1427
1428
1438
1440
1441
1444
1451
1455
1457
1616
1458
1459
1463
1466
1467
1469
1470
1808
1475
5205
1477
1478
1480
1481
1483
1489
1490
1494
1498
1500
3104
1501
1999
1503
1508
1511
1513
1515
1517
1519
1520
1523
1524
1525
1526
1529
1531
1533
1540
1542
2015
1544
1545
1546
1548
1549
1550
1551
1554
1556
1563
1564
1927
1569
1571
1572
1574
1577
1579
1581
1582
1584
1586
1588
1591
1594
1595
1597
1598
1599
1600
1601
1602
1605
1609
1610
1611
1612
1615
1617
1619
1620
1621
1623
1624
1627
1629
1631
1632
1633
1635
1636
1638
1639
1640
1641
1643
1645
1646
1648
1649
1650
1651
1652
1653
1654
1657
1659
1662
1663
1664
1665
1666
1667
1669
1670
1673
1675
1677
1678
1679
1680
1681
1683
1687
1688
1689
1693
1694
1697
1699
1702
1704
1705
1706
1707
1708
1711
1714
1716
1718
1719
1720
1722
1725
1730
1733
1734
1736
1737
1738
1739
1740
1741
2172
1742
1743
3761
1798
1747
1748
1750
1751
1752
1753
1754
1755
1757
1758
1760
1761
1762
1764
1766
1767
1769
1770
1771
1772
1774
1776
1777
1782
1784
1785
1787
1789
1792
1793
1794
1796
1797
1799
1802
1803
1807
1810
1812
1814
1816
1818
1820
1821
1823
1825
1826
1828
1829
1830
1832
1833
1835
1836
1837
1839
1840
1841
1846
1847
1851
1852
1857
1860
1863
1868
1870
1872
1873
1877
1880
1881
1882
1886
1887
1889
1890
1896
1897
1898
1899
1900
1903
1905
1908
1909
1917
1918
1920
1928
1932
1933
1934
1935
2048
1937
2332
1942
1936
1940
1943
1945
2000
1966
1948
1949
1950
1954
1955
1956
1957
1958
1959
2168
1961
1962
1963
1965
1969
1970
6272
1971
1973
1978
1980
1985
1986
1987
1989
1990
1993
1995
1996
1997
2002
2006
2007
2008
2009
2011
2012
2013
2020
2023
2024
2027
2028
2029
2030
2031
2033
2034
2041
2042
2044
2046
2049
2060
2066
2071
2072
2073
2074
2075
2079
2082
2085
2086
2090
2093
2095
2097
2101
2104
2106
2110
2117
2118
2123
2126
2130
2132
2133
2144
2145
2147
2148
2150
2151
2153
2154
2156
2157
2165
2166
2167
2169
2171
2173
2176
2177
2180
2181
2182
2184
2186
2190
2191
2195
2196
6048
2199
2201
2203
2204
3244
2205
2209
2210
2211
2212
2214
2215
2218
2219
2224
2225
2228
2230
2231
2232
2233
2234
2237
2239
2303
2240
2241
2242
2243
2244
2245
2246
2248
2252
2254
2256
2258
2260
2261
2262
2265
2266
2267
5542
2268
2269
2270
2272
2273
2274
2275
2277
2278
2286
2287
2288
2293
2294
2295
2297
2298
2299
2300
2301
2306
2307
2308
2309
2310
2311
2313
2315
2319
2321
2322
2323
2324
2325
2326
2328
2330
2333
2334
2338
2341
2342
2343
2344
2348
2349
2350
2354
2356
2357
2362
2363
2367
2368
2369
2370
2371
2375
2377
2378
2474
2381
2383
2385
2388
2389
4831
2392
2395
2398
2399
2406
2407
2411
2424
2425
2427
2428
2429
2430
2431
2433
2435
2436
2442
2443
2444
2448
4244
2449
2451
2454
2458
2460
2462
2464
2465
2469
2470
2471
2472
2473
2475
2476
2477
2479
2483
2485
2487
2489
2490
2491
2493
2495
2498
2499
2503
2505
2507
2509
2512
2513
2514
2515
2516
2517
2518
2519
2521
2522
2523
2524
2525
2526
2531
2532
2534
2538
2539
2540
2543
2544
2547
2548
2549
2554
2556
2557
2558
2559
2562
2563
2564
2565
2566
2567
2568
2569
2570
2572
2573
2574
2576
2577
2578
2579
2580
2581
2582
2583
2585
2586
2587
2589
2590
2591
2592
2593
2594
2595
2599
2601
2606
2607
2608
2609
2611
2615
2623
2627
2628
2629
2630
2631
2633
2635
2639
2646
2647
2648
2650
2653
2654
2656
2659
2662
2663
2664
2666
2668
2669
2671
2672
2673
2675
2677
2683
2688
2689
2693
2694
2695
2700
2702
2703
2705
2706
2707
2708
2711
2712
2714
2718
2722
2725
2729
2734
2735
2736
2737
2738
2739
2742
2743
2744
2745
2746
2747
2748
2749
2751
2752
2754
2755
2757
2758
2759
2760
2761
2763
2765
2772
2773
2774
2776
2778
2779
2781
2785
2789
2790
2791
2793
2794
2796
2799
2800
2801
2804
2805
2807
2808
2809
2810
2813
2814
2818
2821
2824
2832
2833
2834
5981
2838
2839
2841
2843
2844
2845
2848
2851
2852
2856
2857
2860
2861
2866
2867
2869
2870
2872
2877
2878
2879
2880
2882
2884
2885
2886
2893
2894
3363
2897
2902
2908
2909
2913
2914
2917
2919
2920
2921
2933
2943
2946
2949
2951
2952
4929
2958
2959
2960
2967
2969
2971
2972
2977
2978
2979
2980
2995
2997
3000
3004
3006
3009
3010
3013
3020
3022
3023
3026
3032
3033
3039
3040
3042
3044
3045
3046
3050
3055
3056
3058
3061
3063
3069
3070
3071
3072
3073
3075
3077
3079
3081
3084
3086
3089
3091
3092
3094
3095
3106
3108
3110
3111
3123
3124
3127
3128
3133
3137
3138
3144
3149
3150
3152
3154
3155
3156
3159
3160
3162
3163
3164
3165
3166
3167
3168
3169
3170
3173
3174
3175
3176
3177
3178
3179
3180
3181
3182
3185
3187
3189
3190
3191
3197
3201
3203
3206
3214
3215
3217
3221
3222
3226
3227
3236
3237
3238
3241
3587
3245
3246
3250
3254
3256
3259
3261
3262
3265
3266
3268
3269
3270
3274
3275
3277
3280
3281
3284
3287
3288
3290
3291
3293
3295
3296
3297
3298
3304
3305
3307
3308
3309
3311
3313
3314
3315
3316
3320
3321
3322
3323
3324
3327
3329
3330
3332
3333
3335
3336
3337
3339
3343
3344
3345
3346
3347
3349
3353
3357
3358
3359
3361
3362
3364
3371
3374
3375
3377
3379
3380
3384
3391
3397
3401
3412
3414
3416
3418
3420
3421
3423
3425
3426
3429
3430
3435
3436
3439
3440
3442
3443
3444
3445
3446
3447
3450
3453
3457
3459
3462
3463
3464
3465
3466
3468
3469
3470
3473
3474
3475
3476
3477
3481
3483
3484
3488
3489
3493
3494
3495
3498
3500
3501
3502
3503
3505
3507
3508
3509
3510
3511
3513
3514
3515
3516
3521
3522
3523
3524
3526
5960
3530
3531
3536
3538
3539
3541
3544
3547
3549
3550
3551
3554
3555
3556
3558
3559
3561
3562
3564
3565
3569
3572
3575
3577
3578
3580
3582
3584
3588
3589
3590
3591
3592
3594
3595
3597
3599
3602
3606
3607
3608
3609
3611
3612
3613
3614
3615
3619
3620
3621
3622
3623
3627
3628
3629
3630
3631
3632
3633
3634
3635
3639
3640
3641
3642
3645
3646
3649
3654
3659
3660
3662
3663
3665
3666
3669
3670
3671
3672
3674
3680
3681
3682
3683
3687
3689
3690
3691
3693
3700
3701
3702
3703
3704
3705
3710
3712
3713
3714
3716
3719
3720
3723
3724
3726
3727
3728
3729
3731
3733
3735
3736
3738
3739
3740
3741
3742
3744
3746
3747
3748
3749
3750
3752
3753
3755
3756
3757
3760
3762
3765
3766
3768
3769
3770
3771
3772
3774
3782
3785
3786
3788
3789
3790
3791
3792
3793
3798
3799
3800
3801
3805
3806
3810
3811
3813
3817
3820
3821
3824
3842
3848
3850
3851
3852
3853
3869
3870
3873
3877
3884
3888
3891
3899
3902
3907
3908
3915
3918
3934
3935
3936
3937
3939
3951
3956
3961
3963
3969
3975
3977
3979
3981
3997
4003
4019
4023
4027
4028
4030
4031
4033
6280
6285
4034
4039
4041
4045
4046
4047
4049
4051
4052
4054
4061
4062
4064
4066
4067
4068
4069
4070
4071
4074
4075
4077
4079
4080
4081
4084
4085
4087
4088
4089
4090
4091
4094
4098
4099
4101
4102
4103
4104
4106
4109
4119
4120
4121
4123
4130
4142
4148
4155
4166
4170
4186
4187
4189
4190
4191
4192
4193
4194
4195
4196
4197
4198
4200
4203
4204
4206
4207
4208
4210
4211
4212
4213
4215
4216
4217
4218
4220
4221
4222
4223
4224
4225
4226
4228
4229
4231
4232
4234
4237
4239
4240
4241
4242
4243
4246
4247
4248
4249
4250
4251
4252
4253
4254
4255
4261
4262
4263
4264
4265
4268
4269
4270
4272
4273
4274
4275
4276
4277
4278
4281
4282
4283
4285
4287
4290
4292
4293
4295
4296
4297
4298
4299
4300
4302
4303
4304
4305
4306
4307
4308
4309
4310
4311
4320
4321
4322
4323
4325
4326
4327
4328
4329
4332
4333
4335
4336
4337
4338
4340
4341
4342
4343
4344
4346
4347
4348
4351
4352
4353
4354
4357
4358
4359
4360
4361
4362
4363
4364
4365
4367
4368
4369
4372
4373
4374
4377
4378
4379
4380
4384
4385
4386
4388
4390
4393
4396
4397
4398
4399
4400
4402
4403
4405
4406
4407
4408
4410
4411
4416
4422
4425
4426
4429
4431
4438
4441
4443
4444
4445
4447
4448
4450
4452
4453
4458
4461
4464
4466
4472
4473
4474
4476
4479
4480
4481
4482
4483
4486
4489
4490
4492
4493
4496
4498
4501
4502
4508
4512
4516
4517
4518
4519
4522
4527
4530
4532
4536
4538
4539
4540
4541
4542
4543
4545
4546
4547
4548
4549
4553
4557
4559
4564
4585
4588
4589
4591
4595
4597
4600
4601
4602
4606
4603
4607
4610
4613
4614
4615
4618
4624
4625
4626
4630
4633
4637
4650
4657
4660
4663
4676
4678
4683
4692
4694
4696
4698
4701
4702
4704
4705
4706
4707
4708
4709
4710
4711
4713
4715
4716
4717
4718
4719
4720
4723
4724
4730
4731
6064
4732
4733
4735
4736
4737
4739
4741
4742
4745
4746
4747
4748
4749
4750
4751
4753
4756
4761
4763
4764
4765
4766
4768
4769
4770
4772
4773
4779
4780
4781
4782
4784
4786
4789
4790
4792
4797
4799
4800
4801
4803
4805
4807
4808
4809
4818
4825
4828
4829
4832
4834
4836
4843
4844
4853
4854
4856
4857
4862
4873
4877
4879
4881
4882
4883
4886
4888
4889
4890
4893
4894
4896
4898
4900
4901
4904
4906
4909
4910
4913
4914
4916
4917
4919
4921
4922
4923
4925
4926
4927
4928
4937
4938
4939
4943
4946
4947
4948
4950
4951
4952
4957
4958
4960
4962
4966
4967
4969
4972
4975
4983
4987
4991
4994
4995
4996
5004
5005
5007
5009
5013
5016
5017
5020
5023
5025
5026
5028
5029
5035
5039
5041
5042
5045
5050
5051
5054
5055
5057
5058
5059
5060
5062
5064
5066
5067
5069
5072
5075
5076
5077
5079
5081
5083
5090
5092
5095
5096
5098
5101
5104
5107
5109
5116
5135
5143
5145
5150
5156
5161
5163
5164
5181
5184
5186
5188
5197
5199
5201
5202
5207
5212
5215
5231
5235
5250
5252
5259
5260
5262
5264
5265
5270
5275
5282
5288
5289
5300
5302
5303
5306
5309
5310
5311
5314
5316
5317
5318
5319
5320
5326
5329
5332
5345
5357
5358
5359
5362
5364
5367
5372
5374
5375
5379
5380
5381
5382
5383
5384
5385
5386
5387
5388
5389
5390
5391
5392
5393
5394
5395
5396
5397
5398
5399
5400
5401
5402
5403
5404
5405
5406
5407
5408
5409
5410
5411
5412
5413
5414
5415
5416
5417
5418
5419
5420
5421
5422
5423
5424
5425
5426
5427
5428
5429
5430
5432
5433
5434
5435
5436
5437
5438
5439
5440
5442
5443
5444
5445
5446
5448
5450
5451
5452
5453
5454
5455
5456
5457
5458
5459
5461
5462
5463
5464
5465
5467
5468
5469
5470
5471
5472
5473
5474
5475
5476
5477
5478
5479
5480
5481
5482
5483
5484
5485
5487
5488
5489
5490
5491
5492
5493
5494
5497
5498
5499
5500
5501
5502
5503
5504
5505
5506
5507
5508
5509
5510
5511
5512
5513
5514
5515
5516
5518
5519
5520
5521
5522
5523
5524
5525
5526
5527
5528
5529
5530
5531
5533
5535
5536
5538
5539
5540
5541
5543
5545
5546
5547
5548
5549
5550
5551
5552
5553
5554
5555
5556
5557
5558
5560
5561
5562
5563
5564
5567
5568
5569
5570
5571
5572
5573
5574
5575
5576
5577
5578
5579
5580
5581
5582
5583
5584
5585
5586
5587
5588
5589
5590
5591
5592
5593
5594
5595
5596
5597
5598
5599
5601
5603
5604
5605
5606
5607
5608
5609
5610
5611
5612
5613
5614
5615
5616
5617
5619
5620
5622
5623
5624
5625
5626
5627
5628
5630
5632
5633
5635
5636
5637
5638
5639
5640
5642
5644
5645
5646
5647
5648
5650
5651
5653
5654
5655
5656
5657
5658
5659
5660
5661
5662
5663
5665
5667
5668
5670
5671
5672
5673
5675
5676
5677
5678
5679
5680
5681
5682
5684
5685
5686
5687
5688
5689
5690
5691
5692
5693
5694
5695
5696
5697
5698
5699
5700
5701
5702
5703
5704
5705
5706
5707
5708
5709
5710
5711
5712
5714
5715
5716
5717
5719
5721
5722
5723
5724
5725
5727
5728
5730
5731
5732
5733
5734
5735
5736
5737
5738
5739
5740
5741
5742
5743
5744
5745
5746
5747
5748
5749
5755
5756
5758
5759
5761
5767
5771
5774
5782
5783
5787
5788
5789
5793
5794
5796
5798
5799
5802
5803
5808
5809
5810
5811
5815
5816
5817
5818
5819
5820
5822
5824
5825
5827
5831
5832
5835
5837
5840
5847
5848
5850
5853
5857
5858
5860
5861
5862
5863
5865
5866
5867
5868
5869
5870
5872
5873
5875
5876
5877
5882
5883
5884
5886
5887
5888
5890
5894
5899
5909
5910
5911
5912
5913
5914
5915
5925
5926
5927
5928
5930
5931
5933
5934
5935
5936
5940
5941
5943
5944
5946
5947
5948
5949
5950
5951
5952
5953
5954
5957
5959
5962
5965
5966
5967
5968
5969
5970
5973
5975
5976
5977
5978
5980
5982
5983
5984
5986
5988
5989
5990
5991
5995
5996
5997
5998
5999
6000
6001
6002
6003
6004
6005
6006
6007
6008
6009
6010
6011
6014
6015
6016
6017
6018
6334
6024
6025
6026
6027
6028
6030
6032
6033
6035
6036
6037
6038
6039
6040
6043
6044
6045
6046
6049
6050
6051
6052
6053
6054
6055
6056
6057
6058
6059
6060
6061
6062
6065
6066
6068
6069
6070
6071
6072
6073
6075
6076
6077
6078
6079
6080
6081
6082
6083
6084
6085
6086
6087
6088
6089
6090
6091
6093
6094
6095
6097
6098
6099
6100
6101
6102
6104
6105
6106
6107
6108
6109
6110
6111
6112
6113
6115
6116
6118
6119
6120
6121
6122
6123
6124
6125
6126
6127
6129
6130
6132
6133
6134
6135
6136
6137
6138
6139
6141
6143
6146
6147
6148
6149
6150
6151
6153
6155
6156
6157
6158
6159
6161
6166
6167
6168
6170
6171
6172
6173
6174
6177
6179
6180
6181
6182
6184
6185
6187
6188
6191
6193
6194
6196
6198
6199
6200
6202
6203
6204
6209
6210
6211
6212
6213
6214
6215
6216
6217
6218
6219
6220
6222
6223
6224
6225
6226
6227
6228
6229
6230
6231
6232
6234
6235
6236
6237
6238
6239
6240
6241
6242
6243
6244
6245
6247
6249
6250
6251
6252
6253
6254
6255
6256
6257
6259
6260
6261
6263
6265
6266
6267
6269
6270
6273
6274
6275
6276
6277
6281
6282
6283
6284
6287
6288
6289
6292
6293
6294
6296
6297
6298
6300
6301
6303
6304
6310
6311
6313
6316
6317
6318
6319
6320
6321
6323
6324
6325
6328
6329
6330
6332
6333
6336
6337
6339
6340
6341
6342
6343
6346
6351
6354
6358
6359
6362
6364
6366
6367
6368
6371
6373
6374
6376
6380
6381
6384
6386
6387
6388
6389
6515
6390
6392
6395
6397
6398
6402
6403
6405
6407
6408
6411
6419
6420
6422
6424
6425
6427
6428
6429
6430
6431
6433
6435
6436
6437
6438
6439
6440
6441
6442
6444
6445
6446
6447
6449
6451
6452
6453
6454
6455
6459
6462
6464
6465
6467
6468
6469
6470
6471
6474
6477
6479
6480
6486
6488
6489
6492
6493
6494
6495
6498
6502
6505
6506
6507
6508
6509
6510
6511
6516
6521
6523
6524
