1
2
4
170
5
6
8
55
10
11
88
2048
396
3286
12
13
17
18
2558
19
20
23
24
29
31
32
33
34
35
36
37
38
39
40
42
43
44
45
46
47
48
49
52
53
54
793
57
58
59
60
61
62
64
65
67
68
69
70
72
73
75
77
78
81
82
4227
85
86
87
89
90
91
92
93
94
1674
95
98
486
99
100
101
2016
116
102
103
104
1139
105
106
1088
1033
1821
9694
107
1277
111
115
1354
121
123
124
126
401
129
130
131
132
133
136
138
140
141
142
890
148
152
153
154
156
157
159
161
164
165
173
174
175
176
177
178
184
186
189
194
196
198
200
2543
202
204
208
210
212
215
219
1643
226
227
228
229
308
309
230
231
236
239
240
244
245
246
250
256
261
263
266
274
275
280
1634
2666
278
281
282
286
455
1145
291
292
3716
296
376
299
300
1152
1057
1409
2925
1975
301
303
306
310
312
313
1758
314
316
317
318
319
320
323
324
325
326
328
334
335
336
337
338
339
340
341
345
346
347
348
349
351
352
354
357
358
359
361
362
364
366
370
371
372
373
1026
374
375
378
380
381
382
383
385
386
387
389
390
392
393
394
395
398
399
400
1532
402
403
406
1827
1169
1685
407
408
409
411
412
413
414
416
415
417
1461
418
419
420
421
423
424
1377
1991
426
427
428
431
432
433
437
439
1778
441
442
443
445
446
447
449
450
452
454
456
460
462
463
8585
467
4505
470
471
472
473
476
478
479
483
484
485
487
488
489
1094
490
491
494
497
498
501
502
503
504
505
507
508
1865
3735
510
511
513
515
516
517
519
520
521
523
524
525
526
528
3693
531
532
537
538
541
542
543
545
547
549
551
554
555
556
1321
557
559
560
562
563
569
570
571
575
577
578
579
582
583
584
585
586
588
695
590
591
592
593
594
595
596
597
598
599
601
602
603
605
606
607
3027
608
609
611
612
2042
614
615
618
619
621
2449
622
623
624
631
632
634
635
636
637
638
639
640
641
642
644
645
646
4376
648
650
651
654
1449
656
657
658
662
665
666
670
671
674
675
678
683
684
687
694
698
702
703
705
707
708
709
710
711
712
715
717
718
720
723
1628
724
725
726
727
729
1635
732
734
735
737
738
739
741
745
747
748
752
755
758
762
770
774
784
787
788
792
794
797
9503
799
800
802
803
804
805
807
811
813
814
815
817
819
821
822
823
825
826
827
828
834
837
838
839
2788
842
843
844
846
847
848
849
850
853
854
855
860
862
865
866
867
2907
875
878
879
2524
880
889
892
893
897
899
901
904
905
908
913
914
916
917
919
920
922
933
935
936
940
941
2352
3042
1148
2333
943
944
945
946
948
952
955
956
957
958
960
961
963
964
965
966
968
970
971
973
974
982
1194
994
997
999
1003
1005
1006
2385
1050
1007
1011
1016
1018
1020
1023
1025
1027
1412
1028
1029
1031
1032
1036
2976
2952
1037
1038
1039
1040
1042
1044
1046
1047
1048
1049
1052
1053
1054
1055
1058
4108
1060
1062
1063
1065
1067
1068
1069
1070
1072
3564
1078
5023
1079
1080
1083
1086
1087
1090
1093
1095
1100
1101
1102
1103
1104
1106
1107
1112
1113
1114
1784
1115
1116
1117
1118
1126
1127
1128
1132
1498
1851
1140
1142
1143
1144
1146
2744
1151
1203
1154
1155
1157
1864
1910
1158
1159
1160
1163
1165
1168
4629
1172
1175
1177
1183
1184
1186
1200
4092
2705
1204
1205
1209
1210
1214
1218
1223
7304
1224
1225
1226
1227
1229
1232
1233
1763
1244
1257
1258
1259
1263
1278
1283
1284
1294
1297
1298
1308
1310
1313
1316
8414
2031
1322
1325
1327
1329
1331
1332
1334
1336
1338
2190
1339
1342
1346
1347
1349
1350
1353
1357
1358
1360
1888
1361
1363
1364
1366
1368
1576
1370
1373
1374
1376
1378
1379
1380
1381
1383
1384
1390
1482
1391
1393
1395
1402
2047
1404
1406
1408
1410
1411
1415
1419
1420
1421
1422
1426
1427
1429
1430
2321
1431
1433
1435
1436
1437
1438
1649
1439
1440
1441
2431
1442
1444
1445
1446
1447
1448
1450
1451
1452
1453
1454
1455
10032
1456
1457
1459
1460
1462
1463
1464
1467
2699
3014
1468
1470
1471
1475
1476
1477
1481
1485
1487
1488
1492
1493
1494
1495
1496
1497
1499
1500
1521
1503
1504
1510
2488
1511
1512
1514
1515
1516
1518
1519
1520
2410
1523
1524
1525
1527
1592
1528
1530
1531
1641
1534
1535
1536
1537
1538
1539
1540
1541
1543
1544
1545
1546
9382
1550
1552
1558
1560
1561
1563
1564
1566
1567
1568
1569
1573
1574
1575
2989
1578
1579
1580
1581
1582
1583
1584
1586
1588
1590
1591
1593
1594
1596
1597
1600
1602
1603
1604
1605
1608
1610
1611
1612
1613
1614
1615
1616
1617
1618
1619
1621
1623
1624
1625
1627
1630
1631
1632
1633
2778
1636
4185
1637
1638
1639
1642
1644
1645
1646
1647
1648
1650
1651
1652
1653
1660
1661
1663
1664
1666
1667
1669
1670
1671
1675
1676
1677
1678
1679
1680
1682
1683
1684
1687
1688
1689
1690
1691
1693
1695
1698
2359
1700
1701
1702
1703
1704
1705
1706
1707
1709
1710
1713
1714
1715
1717
8681
1718
1719
1720
1721
1723
1725
1726
1728
1729
1730
7100
1735
1736
1737
1738
1739
1742
1743
1744
1745
1746
1747
1750
1751
1752
1754
1755
1756
1757
1759
1761
1762
1764
1765
1767
1770
1774
1775
1777
1781
1783
1785
1786
1788
1790
1791
1792
1793
1796
1798
1801
1802
1803
1805
1806
1807
1808
1809
1810
1811
1812
1814
1815
1817
1818
1819
1820
1823
1828
1830
8535
1832
1833
1834
1836
1837
1839
1840
1841
1842
1843
1844
1845
1846
1847
1848
1849
1850
1853
1854
1855
1856
1858
1860
1862
1863
1866
1867
1868
1870
1871
1872
1873
1874
1875
1876
1877
1878
1880
1883
1884
1887
1889
1890
1892
1893
1894
1896
1898
1899
1900
1901
1902
1903
1904
1906
1907
1908
1912
1913
1914
1915
1916
1917
1918
1919
1920
1921
1923
1924
1925
1930
1931
1935
1937
1942
1938
1939
1940
1944
1945
1946
1949
1951
1952
1953
1955
1956
1957
1958
1959
1960
1961
1962
1965
1967
1969
1970
1972
1973
1974
2051
1976
1983
1994
1997
2005
7136
2006
2007
2008
2009
2010
2011
2015
2018
2019
2020
2021
2023
2024
2026
2027
2028
2030
2033
2034
2035
2036
2037
2038
2040
2041
2043
2044
2046
2049
2053
2054
2055
2056
2058
2060
2062
2065
2066
2070
2074
2076
2080
2081
2083
2086
2088
2090
2091
2093
2094
2095
2096
2615
2098
2103
2104
2105
2107
2109
2111
3037
2112
2114
2119
2123
2124
2125
2126
2127
2128
2130
2131
2133
2136
2137
2138
2140
2141
2142
2143
2144
2145
2146
2148
2149
2152
2153
2154
2155
2156
2159
2160
2164
2165
2166
2167
2169
2170
2173
2174
2175
2176
2178
2181
2183
2184
4666
5636
2187
2188
2189
2191
2192
2194
2195
2197
4443
2198
2202
2203
2204
2205
2207
2208
2214
2215
2217
2218
2219
2220
2223
2224
2225
2227
2229
2230
2231
2234
2235
2236
2238
2244
2245
2246
2250
2251
2252
2253
2254
2256
2257
2258
2259
2260
2264
2265
2266
2267
2270
2271
2273
2276
2280
2281
2284
2289
2290
2291
2293
2295
2298
2299
2301
2302
2303
2306
2307
2310
2312
2315
2316
2317
2318
2322
2323
2325
2328
2329
2330
2331
2332
2334
2335
2336
2337
2339
2344
2346
2347
2348
2350
2351
2353
2354
2355
2356
2358
2362
2364
2365
2367
2368
2369
2370
2371
2372
2373
2374
6461
2376
2377
2379
2380
2384
2386
2387
2389
2392
2393
2394
5943
3543
2396
2398
2401
2405
2406
2409
2413
2414
2416
2422
2423
2425
2427
2428
2441
2443
2444
2463
2451
2452
2457
2458
2460
2461
2462
2464
2466
2467
2468
2471
2472
2473
2475
3582
2480
2482
2483
2484
2485
3055
2489
2490
2491
2493
2495
2498
2501
2503
2506
2508
2509
2510
2512
2514
2520
2521
2522
2525
2526
2528
2529
2531
2532
2533
2534
9844
2536
2539
2541
2545
2547
2551
2553
2555
2556
2557
2559
2562
2563
2564
2567
2570
2575
2578
2586
2588
2590
2592
2599
2602
2603
2606
2607
2609
2610
2613
2714
2616
2618
2619
2620
2621
2622
2623
2624
2627
2628
2629
2631
2632
2633
2634
2635
2636
2637
2638
2639
2640
2642
2643
2645
2646
2647
2649
2650
2651
2652
2653
2654
2655
2656
2657
2660
2661
2662
2663
2664
2665
2667
2669
2670
2671
2672
2674
2675
2677
2679
2680
2681
2686
2687
2689
2690
2692
2693
2694
2698
2700
2701
2702
2704
2707
2708
3357
2709
2711
2712
2715
2719
2720
2721
2724
2725
2728
2729
2730
2732
2735
2736
2738
2740
2742
2743
2882
2745
2746
2748
2750
2751
2753
2755
2756
2757
2758
2761
2762
2765
2768
2769
2770
2771
2772
2773
2774
2775
2777
2779
2780
2781
2782
2784
2785
2786
2787
2789
2790
2791
2792
2795
2796
2797
2950
2798
2799
2800
2802
2803
2804
2806
2807
2809
2811
2813
2814
2815
2816
2819
2820
2821
2822
2823
2824
2827
2828
2829
2832
2836
2839
2842
2843
2846
2847
2854
2857
2860
2861
2862
2863
2871
2872
2874
2875
2877
2878
2879
2880
2881
2883
2884
2885
2886
2887
2888
2889
2890
2891
2892
2893
2894
2895
2896
2897
2898
2899
2900
2901
2902
2903
2904
2905
2906
2908
2909
2910
2911
2912
2913
2914
2915
2916
2917
2918
2919
2920
2921
2922
2926
2927
2929
2930
2932
2933
2934
2935
2936
2937
2939
2940
2941
2942
2943
2946
2949
2951
2953
3002
2955
2958
3335
3010
3751
3179
2992
3003
3007
2959
2961
2962
2963
2964
2965
2967
2968
2971
2973
2977
2978
2979
2981
2982
2983
2984
2985
2987
2988
2990
2993
2994
2995
2997
2998
2999
3000
3005
3006
3008
3009
3011
3013
3015
3019
3020
3022
3023
3024
3025
3026
3028
3031
3032
3034
3035
3041
8386
3049
3051
3052
3057
3060
3061
3066
3068
3070
11256
5027
3072
3074
3080
3081
3083
3084
3086
3087
3089
3090
3091
3094
5957
3097
3100
3101
3105
3107
3111
3115
3117
3118
3120
3125
3130
3132
3135
3137
3139
3140
3146
3149
3150
3152
3154
3155
3157
3158
3159
3160
3162
8924
3163
3165
3166
3168
3169
3170
3171
3172
3173
3174
3176
3177
3180
3182
3183
3186
3187
3190
3195
3196
3197
3198
3199
3200
3201
3202
3204
3205
3206
5024
3207
3208
3209
3214
3215
3217
3218
3219
3220
3222
3223
3224
3226
3230
3233
3234
3235
3237
3238
3240
3241
3242
3243
3244
3245
3246
3247
3248
3249
3250
3251
3252
3253
3254
3256
3257
3258
3259
3260
3261
3262
3263
3264
3265
3266
3267
3269
3271
3272
3273
3274
3275
3276
3277
3278
3279
3280
3281
3282
3283
3284
3285
3288
3289
3290
3291
3292
3295
3296
3298
3299
3300
3301
3302
3303
3304
3305
3306
3307
3308
3309
3310
3311
3312
3313
3314
3315
3316
3317
3318
4345
3319
3320
3322
3325
3326
3327
3329
3331
3332
3333
3334
3336
3337
3338
3339
3341
3342
3343
3344
3345
3348
3349
3350
3351
3353
3354
3355
3358
3359
3361
3362
3364
3365
7358
3368
3369
3370
3371
3372
3374
3375
3376
3377
3379
3380
3382
3385
3386
3388
3389
3391
3392
3393
3395
3397
3398
3399
3400
3401
3402
3403
3404
9305
3407
3409
3410
3411
3412
3414
3415
3416
3417
3418
3419
3420
3424
3425
3427
3428
3431
3432
3433
3435
3436
3439
3440
3441
3442
3443
3444
3445
3446
3448
3449
3451
3452
3456
3457
3458
3459
3461
3463
3465
3466
3467
3471
3472
4834
8668
3473
3474
3475
3477
3478
3479
3480
3482
3484
3485
3486
3487
3489
3490
3491
3492
3493
3495
3496
3497
3498
3499
3500
3501
3502
3503
3504
3505
3506
3509
3510
3511
3513
3514
3515
3517
3518
3519
3520
3521
3522
3523
3524
3527
3528
3530
3531
3533
3535
3536
3538
3539
3540
3541
3544
3545
3546
3547
3548
3549
3550
3551
3552
3553
3554
3555
3556
3557
3559
3560
3561
3562
3563
3569
7410
3570
3571
3572
3573
3574
3575
3576
3577
3578
3579
3583
3584
3585
3587
3588
3589
3591
3592
3593
3594
3595
3596
3597
3599
3600
3601
3602
3603
3605
3606
3607
3608
3609
3611
3612
3613
3615
3617
3619
3621
3622
3623
3624
3626
3627
3629
3631
3632
3633
3634
3635
3638
3639
3641
3642
3644
3645
3646
3647
3648
3649
3651
3949
3652
3653
3654
3655
3657
3658
3659
3660
3661
3662
3665
3666
3667
3668
3669
3670
3671
3672
3675
3676
3677
3678
3680
3681
3685
3687
3688
3691
3692
3694
3696
3697
3699
3700
3701
3702
3704
3705
3707
3708
3709
3711
3712
3713
3714
3715
3717
3718
3719
3720
3721
3722
3723
3724
3725
3726
3729
3731
3733
3737
3743
3746
4915
3748
3749
3750
3753
3755
3757
3758
3760
3761
3762
3763
3764
3765
3766
3767
3768
3772
3777
3778
3779
3782
3783
3785
3790
3786
3787
3788
3789
3792
3793
3794
3796
3797
3801
3802
3803
3806
3807
3808
3809
3810
3812
3813
3815
3816
3817
3818
3820
3822
3823
3826
3828
3829
3830
3831
3832
3834
3836
3837
3838
3839
3840
3841
3842
3844
3858
3861
3862
3865
3867
3868
3869
3870
3871
3874
3876
3878
3886
3889
3890
3897
3899
3904
3909
3910
3911
3912
3914
3917
5179
3922
3923
3925
3927
3928
3930
3933
3934
3935
3940
3942
3943
3946
3947
3948
3954
3956
5327
3958
3959
3961
3965
3966
3969
3972
3973
3975
3978
3982
3983
3987
3988
4472
4016
4022
4027
4034
4037
4043
4046
4060
4066
4069
4070
4075
4087
4090
4091
4095
4098
4102
4103
4104
4105
4107
8613
4109
4114
4122
4124
4126
4127
4130
4131
4132
4133
4137
4140
4146
4147
4148
4150
4155
4156
4159
4160
4164
4168
4170
5950
4171
4173
4174
4175
4176
4178
4179
4180
4181
4182
4184
4186
4192
4193
4194
4196
4198
4199
4203
4208
4209
4211
4215
4217
4218
4220
4221
4223
4226
4228
4229
4232
4233
4234
4235
4237
4240
4248
4249
4253
4254
4255
4257
4258
4261
4262
4268
4269
4271
4272
4275
4280
4282
4284
4291
4293
4294
4296
4297
4298
4300
4301
4302
4303
4304
4307
4308
4310
4312
4314
4318
4319
4321
4323
4324
4328
4329
4330
4332
4337
4340
4342
4344
4346
4352
4353
4355
4357
4360
4364
4365
4370
4373
4374
4375
4377
4378
4379
4380
4383
4384
4387
4389
4390
4393
4396
4397
4398
4399
4400
4404
4405
4408
4409
4411
4412
4413
4415
4418
4422
4424
4427
4428
4437
4441
4442
4451
4452
4455
4458
4467
4468
5501
4474
4478
4479
4481
4482
4487
4488
4489
4490
4492
4494
4495
4496
4497
4501
4502
4503
4504
4506
4513
4514
4515
4516
4518
4519
4523
4526
4527
4528
6414
4535
4537
4538
4539
4542
4546
4548
4565
4550
4559
4563
4865
8939
6247
4567
4570
4573
4574
4576
4577
4578
4579
4581
4583
10869
4585
4591
4592
4593
4597
4600
4602
4604
4608
4610
4613
4614
8217
4615
4618
4621
4628
4630
4631
4635
4643
4649
4651
4656
4659
4662
4663
4664
4665
4668
4670
4673
4674
4675
4677
4678
4679
4680
4682
4686
4687
4688
4689
4690
4693
4694
4696
4697
4698
4699
4700
4702
4703
4704
4705
4706
4707
4710
4712
4713
4714
4715
4716
4717
4718
4722
4723
4724
4726
4728
4730
4733
4734
4735
4736
4737
4738
4739
4741
4742
4743
4746
4747
4749
4750
4751
4752
4754
4755
4758
4759
4760
4761
4764
4765
4766
4767
4770
4772
4774
4775
4776
4777
4778
4779
4780
4781
4782
4784
4785
4786
4787
4791
4792
4793
4794
4795
4796
4797
4798
4799
4801
4802
4803
4804
4806
4807
4808
4809
4813
4814
4815
4816
4817
4821
4822
4823
4824
4825
4827
4828
4830
4831
4833
4835
4836
4837
4838
4840
4844
4845
4846
4847
4848
4850
4852
4853
4855
4856
4857
4858
4859
4860
4861
4862
4863
4864
4866
4867
4868
4869
4870
4871
4872
4873
4874
4875
4876
4878
4879
4880
4881
4882
4883
4884
4885
4886
4887
4888
4889
4890
4891
4892
4893
4894
4895
4896
4897
4898
4899
4900
4901
4902
4903
4904
4906
4908
4909
4910
4911
4912
4913
4914
4916
4917
4919
4920
4921
4922
4923
4924
4925
4926
8643
4927
4928
4929
4930
4933
4934
4935
4936
4937
4938
4939
4940
4941
4942
4943
4944
4945
4946
4947
4948
4949
4950
4952
4953
4955
4956
4957
4958
4959
4960
4961
4962
4963
4964
4965
4966
4968
4969
4971
4972
4974
4975
4976
4977
4980
4982
4983
4984
4985
4986
4987
4988
4989
4990
4991
4992
4993
4994
4995
4996
4997
4998
4999
5000
5002
5003
5004
5005
5006
5007
5008
5009
5010
5011
5012
5013
5014
5015
5016
5017
5018
5019
5020
5021
5022
5025
5026
5028
5029
5032
5033
5034
5035
5036
5037
5038
5039
5040
5041
5042
5043
5044
5046
5047
5048
5049
5050
5051
5052
5053
5054
5055
5056
5058
5059
5060
5061
5062
5063
5064
5065
5067
5068
5069
5070
5071
5072
5073
5074
5075
5076
5077
5078
5079
5080
5082
5083
5084
5085
5086
5087
5088
5089
5090
5091
5094
5095
5096
5097
5098
5099
5100
5101
5102
5103
5104
5105
5106
5107
5108
5109
5110
5111
5112
5113
5115
5116
5117
5118
5119
5120
5121
5122
5124
5125
5127
5128
5129
5131
5132
5133
5134
5136
5137
5138
5139
5140
5141
5142
5144
5145
5146
5147
5148
5150
5151
5152
5153
5154
5155
5156
5157
5159
5160
5161
5162
5163
5164
5166
5167
5168
5170
5171
5172
5173
5174
5175
5176
5177
5178
5180
5181
5182
5183
5185
5187
5188
5190
5191
5192
5193
5194
5195
5196
5197
5198
5199
5200
5201
5202
5203
5204
5205
5207
5208
5209
5211
5212
5213
5214
5215
5216
5217
5219
5221
5222
5223
5224
5225
5226
5227
5228
5230
5231
5232
5233
5234
5235
5236
5239
5240
5241
5242
5243
5244
5245
5246
5247
5248
5249
5250
5251
5252
5255
5256
5257
5258
5260
5261
5262
5263
5264
5265
5266
5267
5268
5269
5271
5272
5273
5274
5275
5276
5277
5278
5279
5280
5281
5282
5283
5285
5286
5287
5288
5289
5290
5291
5292
5293
5294
5295
5296
5297
5298
5299
5300
5301
5302
5303
5304
5305
5307
5308
5309
5310
5311
5312
5313
5316
5317
5318
5319
5321
5322
5323
5324
5325
5326
5328
5330
5331
5333
5334
5335
5337
5338
5339
5340
5341
5342
5343
5344
5345
5346
5347
5348
5349
5350
5351
5352
5353
5354
5355
5356
5357
5359
5360
5362
5363
5366
5367
5368
5369
5370
5371
5372
5373
5374
5375
5377
5379
5380
5382
5383
5384
5385
5386
5387
5388
5389
5390
5392
5393
5396
5397
5398
5399
5400
5401
5402
5404
5405
5406
5408
5409
5410
5411
5412
5413
5414
5415
5416
5417
5418
5419
5421
5422
5423
5425
5426
5427
5428
5429
5431
5432
5433
5434
5435
5436
5437
5438
5439
5440
5441
5442
5443
5444
5445
5446
5447
5448
5450
5451
5452
5453
5454
5455
5456
5457
5458
5459
5460
5461
5463
5464
5465
5466
5467
5468
5470
5471
5472
5473
5475
5476
5477
5478
5480
5482
5483
5484
5485
5486
5487
5489
5490
5491
8233
5492
5493
5494
5495
5497
5498
5499
5500
5502
5503
5504
5505
5507
5508
5509
5510
5511
5512
5513
5514
5515
5516
5517
5518
5519
5520
5521
5522
5525
5526
5527
5528
5529
5530
5532
5533
5535
5536
5538
5539
5540
5541
5542
5543
5544
5545
5546
5547
5548
5549
5550
5552
5554
5555
5556
5558
5559
5561
5562
5563
5565
5566
5567
5570
5571
5572
5574
5575
5577
5578
5579
5580
5581
5583
5584
5585
5586
5587
5588
5589
5590
5592
5593
5594
5595
5596
5597
5598
5599
5601
5602
5603
5604
5605
5606
5607
5608
5609
5610
5612
5613
5614
5615
5618
5619
5620
5621
5623
5624
5625
5626
5627
5629
5630
5631
5632
5633
5635
5637
5638
5639
5641
5642
5643
5644
5645
5647
5648
5649
5652
5653
5654
5656
5658
5659
5660
5661
5662
5664
5666
5668
5669
5670
5671
5672
5673
5674
5675
5676
5678
5680
5682
5683
9810
5684
5685
5688
5689
5690
5691
5693
5694
5698
5699
5701
5702
5703
5704
5705
5706
5707
5708
5709
5710
5711
5713
5714
5715
5717
5718
5719
5720
5721
5722
5723
5724
5725
5726
5727
5728
5729
5730
5731
5733
5734
5736
5737
5739
5740
5741
5742
5743
5745
5746
5747
5748
5750
5751
5752
5754
5755
5756
5757
5758
5759
5760
5761
5762
5766
5767
5770
5772
5777
5779
5781
5783
5784
5785
5787
5788
5790
5792
5793
5799
5801
5802
5803
5804
5808
5810
5811
5812
5814
5815
5817
5818
5820
5821
5827
5829
5831
5832
5834
5837
5839
5840
5841
5842
5843
5846
5848
5850
5852
5854
5855
5856
5858
5859
5861
5862
5863
5867
5868
5870
5871
5872
5873
5875
5876
5877
5879
5882
5884
5885
5886
5887
5891
5894
5897
5898
5899
5905
5907
5908
5910
5912
5913
5916
5919
5920
5921
5923
5924
5925
5926
5927
5928
5930
5933
5934
5936
5938
5939
5941
5945
5947
5948
5949
7014
5951
5953
5956
5958
5960
5961
5962
5964
5965
5966
5968
5969
5970
5971
5974
5977
5983
9869
5984
5989
5990
5992
5993
5994
5995
5998
5999
6000
6001
6003
6004
6005
6006
6008
6010
6806
6012
6851
6015
6016
6017
6018
6019
6020
6021
6022
6024
6027
6029
6030
6034
6035
6036
6037
6038
6041
6042
6043
6045
6046
6047
6048
6050
6051
6053
6054
6056
6057
6058
6059
6060
6061
6066
6070
6071
6072
6073
6074
6075
6079
6080
6081
6084
6085
6087
6091
6093
6095
6096
6097
6098
6099
6100
6101
6102
6103
6105
6106
6108
6110
6111
6112
6113
6114
6116
6117
6119
6120
6121
6122
6123
6127
6130
6131
6132
6133
6134
6135
6136
6138
6139
6140
6143
6144
6145
6146
6147
6148
6149
6150
6152
6153
6157
6159
6160
6161
6162
6165
6170
6172
6177
6178
6181
6183
6184
6186
6188
6194
6197
6201
6204
6208
6209
6210
6211
6212
6213
6215
6218
6219
6224
6226
6228
6233
6237
6240
6241
6242
6245
6246
8169
6248
6253
6260
6263
6265
6267
6269
6270
6274
6278
6280
6286
6288
6291
6297
6303
6304
6306
6309
6310
6312
6313
6318
6322
6323
6324
6325
6326
6327
6329
6330
6334
6335
6336
6342
6343
6345
6346
6347
6348
6349
6351
6352
6353
6354
6355
6359
6360
6361
6362
6363
6369
6375
6377
6378
6380
6384
6385
6386
6387
6390
6391
6393
6397
6398
6400
6402
6405
6406
6407
6408
6411
6412
6413
6415
9700
6416
6421
6422
6429
6430
6437
6441
6442
6444
6445
6447
6448
6455
6456
6458
6460
6464
6466
6467
6469
6470
6472
6475
6477
6478
6482
6483
6488
6492
6493
6494
6495
6496
6500
6501
6503
6504
6509
6510
6513
6514
6515
6518
6521
6522
6523
6527
6529
6530
6531
6533
6535
6537
6538
6539
6542
6551
6552
6553
6555
6556
6559
6562
6563
6564
6567
6568
6572
6573
6574
6575
6577
6578
6580
6581
6582
6583
6584
6586
6587
6588
6594
6596
6598
6606
6608
6609
6610
6611
6612
6613
6614
6616
6618
6625
6627
6630
6631
6632
6637
6639
6641
6643
6648
6652
6653
6654
6658
6659
6660
6664
6665
6666
6668
6669
6672
6673
6678
6680
6681
6684
6686
6687
6688
6692
6696
6697
6698
6702
6703
6704
6707
6708
6711
6713
6716
6717
6718
6730
6732
6733
6736
6738
6743
6744
6751
6753
6754
6757
6759
6761
6767
6769
6771
6772
6773
6775
6779
6790
6794
6796
6798
6803
6809
6811
6813
6819
6820
6821
6823
6824
6834
6835
6836
6838
6839
6844
6845
6847
6853
6858
6862
6867
6868
6874
6875
6876
6882
6890
6894
6898
6899
6906
6910
6919
6925
6927
6928
6932
6934
6937
6939
6945
6947
6949
6951
6953
6955
6966
6968
6969
6974
6982
6983
6984
6985
6995
6996
6997
6999
7000
7006
7007
7008
7010
7011
7012
7013
7015
7016
7017
7020
7021
7022
7024
7025
7030
7033
7034
7035
7038
7039
7040
7051
7052
7058
7064
7065
7070
7072
7076
7078
7082
7086
7091
7092
7094
7095
7109
7111
7113
7115
7126
7127
7132
7133
7134
7135
7137
7138
7139
7140
7143
7150
7154
7156
7401
7166
7167
7168
7171
7172
7176
7177
7180
7183
7185
7187
7190
7191
7193
7200
7201
7206
7212
7214
7225
7227
7236
7240
7241
7243
7245
7247
7249
7253
7255
7261
7273
7280
7281
7286
7296
7298
7300
7305
7307
7308
7310
7313
7315
7318
7320
7325
7326
7327
7336
7341
7344
7345
7347
7352
7353
7354
7355
7356
7359
7362
7363
7364
7366
7368
7373
11125
7374
7379
7382
7386
7387
7388
7392
7399
7407
7408
7409
7411
7412
7419
7424
7427
7433
7436
7437
7438
7443
7446
7447
7452
7457
7458
7459
7460
7467
7469
7475
7486
7487
7492
7494
7496
7497
7499
7504
7506
7510
7513
7518
7522
7523
7524
7531
7536
7540
7547
7551
7552
7566
7574
7597
7603
7612
7613
7614
7625
7627
7631
7635
7646
7650
7655
7657
7658
7662
7663
7665
7668
7674
7677
7687
7688
7696
7697
7701
7702
7703
7705
7707
7710
7719
7721
7722
7725
7726
7727
7731
7734
7741
7745
7746
7748
7750
7756
7758
7762
7763
7768
7770
7773
7774
7776
7779
7782
7784
7786
7787
7792
7793
7794
7795
7796
7798
7804
7805
7810
7813
7814
7819
7821
7828
7829
7830
7832
7835
7837
7839
7842
7844
7845
7846
7848
7851
7855
7856
7859
7862
7869
7872
7874
7882
7883
7884
7886
7887
7888
7890
7894
7895
7896
7903
7904
7907
7911
7912
7913
7914
7915
7929
7941
7956
7958
7968
7971
7973
7976
7980
7981
7985
7986
7992
7999
8004
8005
8011
8021
8026
8027
8033
8036
8038
8041
8044
8050
8053
8054
8060
8061
8069
8071
8074
8081
8086
8090
8093
8094
8106
8108
8109
8110
8112
8115
8116
8118
8123
8125
8131
8132
8134
8135
8136
8139
8141
8143
8149
8150
8153
8155
8159
8160
8165
8166
8167
8168
8174
8175
8176
8177
8181
8182
8184
8188
8189
8190
8194
8199
8200
8201
8203
8205
8206
8207
8208
8210
8211
8212
8213
8215
8216
8219
8220
8221
8229
8231
8234
8235
8238
8241
8242
8244
8248
8250
8252
8253
8254
8255
8259
8260
8261
8262
8263
8264
8267
8271
8272
8273
8274
8279
8283
8284
8287
8288
8289
8293
8294
8296
8298
8299
8300
8301
8302
8303
8306
8309
8312
8314
8315
8316
8317
8318
8322
8326
8333
8336
8337
8341
8343
8344
8350
8353
8355
8356
8361
8362
8363
8366
8370
8375
8376
8378
8379
8381
8605
8383
8389
8390
8391
8394
8935
8398
8403
8407
8413
8415
8416
8419
8420
8423
8424
8425
8427
8428
8436
8437
8438
8439
8441
8442
8444
8446
8447
8449
8450
8452
8453
8454
8455
8457
8458
8461
8462
8463
8466
8468
8471
8472
8473
8475
8476
8477
8478
8480
8481
8482
8483
8485
8487
8489
8490
8493
8494
8497
8498
8499
8501
8502
8503
8504
8505
8506
8508
8510
8511
8512
8513
8515
8516
8517
8519
8520
8521
8527
8529
8532
8533
8537
8540
8542
8548
8555
8556
8562
8563
8566
8568
8571
8572
8574
8575
8576
8577
8578
8579
8581
8582
8584
8586
8587
8591
8592
8593
8594
8595
8598
8600
8602
8603
8604
8606
8611
8612
8615
8616
8618
8619
8621
8624
8625
8627
8628
8629
8633
8635
8636
8637
8638
8641
8642
8645
8647
8649
8650
8652
8656
8659
8660
8661
8663
8664
8665
8669
8670
8671
8673
8674
8676
8678
8684
8685
8686
8687
8688
8689
8690
8691
8692
8693
8694
8695
8699
8701
8702
8703
8704
8705
8706
8709
8711
8712
8713
8717
8725
8726
8727
8728
8731
8732
8734
8735
8736
8737
8743
8746
8747
8748
8749
8750
8752
8753
8754
8755
8757
8759
8760
8763
8765
8766
8767
8768
8769
8770
8772
8773
8774
8775
8776
8777
8779
8780
8781
8782
8783
8784
8787
8788
8789
8790
8791
8793
8796
8800
8803
8804
9158
8808
8809
8812
8815
8816
8817
8820
8825
8826
8832
8835
8842
8846
8847
8852
8854
9314
8855
8856
8860
8862
8864
8865
8867
8870
8873
8878
8880
8881
8882
8885
8886
8888
8893
8896
8897
8899
8901
8902
8903
8904
8907
8911
8912
8913
8916
8921
8925
8926
8928
8933
8934
8937
8938
8940
8941
8942
8943
8945
8947
9574
8948
8949
8955
8958
8959
8962
8968
8975
8979
8980
8982
8984
8986
8988
8989
8994
9000
9002
9008
9012
9014
9015
9022
9024
9041
9043
9044
9046
9048
9051
9056
9057
9060
9066
9070
9074
9077
9078
9079
9080
9081
9082
9084
9092
9096
9097
9099
9100
9102
9103
9112
9113
9120
9124
9128
9135
9147
9149
9152
9153
9161
9165
9166
9169
9172
9177
9180
9183
9190
9192
9194
9199
9200
9203
9206
9207
9210
9211
9212
9213
9214
9216
9217
9218
9219
9220
9221
9227
9230
9231
9233
9234
9235
9239
9241
9242
9246
9247
9249
9250
9251
9252
9254
9256
9258
9259
9260
9261
9267
9271
9273
9275
9276
9279
9280
9281
9284
9285
9289
9290
9292
9293
9294
9295
9296
9297
9299
9300
9301
9303
9304
9307
9310
9311
9312
9313
9315
9318
9320
9321
9322
9329
9331
9333
9337
9338
9339
9340
9342
9343
9344
9346
9348
9350
9352
9353
9354
9356
9357
9358
9360
9362
9364
9367
9368
9369
9370
9372
9377
9380
9381
9384
9386
9388
9392
9394
9395
9396
9397
9400
9403
9405
9409
9410
9413
9415
9418
9424
9425
9427
9428
9429
9435
9438
9445
9447
9454
9455
9456
9457
9469
9477
9479
9485
9487
9491
9495
9496
9497
9506
9516
9520
9524
9530
9535
9545
9557
9559
9561
9566
9567
9568
9571
9572
9575
9576
9579
9580
9585
9587
9594
9595
9596
9607
9608
9609
9610
9612
9614
9615
9616
9624
9631
9633
9636
9637
9638
9641
9646
9647
9648
9650
9651
9652
9659
9660
9671
9673
9674
9676
9677
9679
9680
9681
9686
9688
9690
9692
9693
9697
9702
9703
9704
9708
9714
9715
9718
9720
9721
9722
9725
9727
9728
9729
9731
9734
9737
9740
9744
9747
9750
9752
9753
9755
9758
9760
9763
9765
9766
9767
9770
9772
9773
9774
9778
9779
9781
9785
9786
9787
9789
9790
9792
9793
9795
9796
9797
9798
9799
9800
9801
9802
9803
9804
9805
9806
9807
9808
9809
9811
9812
9813
9814
9816
9819
9821
9822
9824
9826
9827
9828
9829
9831
9832
9833
9834
9835
9837
9838
9839
9841
9842
9843
9845
9846
9847
9849
9850
9852
9854
9855
9856
9858
9861
9862
9863
9866
9867
9871
9874
9878
9881
9882
9883
9884
9885
9886
9887
9888
9890
9891
9892
9893
9900
9901
9903
9904
9906
9909
9911
9912
9915
9916
9918
9919
9921
9926
9927
9930
9932
9934
9938
9940
9941
9946
9950
9953
9955
9956
9965
9966
9969
9973
9975
9978
9979
9980
9982
9983
9984
9993
9996
10003
10005
10006
10007
10008
10012
10014
10015
10016
10022
10023
10025
10027
10028
10029
10031
10034
10035
10039
10040
10041
10043
10044
10046
10047
10048
10051
10054
10058
10059
10061
10062
10065
10067
10073
10074
10075
10076
10077
10082
10088
10089
10091
10092
10094
10095
10096
10098
10101
10102
10103
10105
10109
10110
10117
10118
10122
10123
10128
10130
10132
10137
10138
10140
10142
10148
10149
10150
10291
10156
10160
10162
10164
10166
10168
10169
10170
10172
10174
10176
10180
10181
10183
10187
10191
10193
10196
10199
10206
10211
10214
10216
10218
10219
10223
10225
10226
10228
10231
10233
10691
10240
10241
10242
10243
10244
10245
10246
10247
10252
10253
10255
10257
10265
10266
10267
10271
10272
10274
10278
10280
10283
10287
10292
10293
10296
10297
10301
10306
10307
10309
10312
10314
10315
10317
10321
10323
10325
10335
10336
10339
10340
10347
10348
10350
10353
10357
10359
10361
10364
10367
10372
10374
10379
10405
10406
10407
10414
10416
10419
10421
10424
10428
10429
10430
10431
10441
10456
10458
10459
10461
10462
10471
10474
10483
10485
10490
10492
10493
10499
10503
10510
10511
10512
10516
10521
10522
10523
10524
10527
10528
10529
10530
10531
10532
10533
10534
10535
10536
10537
10538
10541
10542
10545
10546
10548
10549
10553
10554
10558
10560
10562
10567
10568
10569
10570
10571
10574
10576
10577
10578
10586
10591
10596
10601
10606
10609
10614
10620
10626
10631
10636
10638
10645
10650
10653
10657
10661
10664
10666
10668
10673
10680
10681
10683
10693
10694
10705
10706
10710
10717
10719
10726
10727
10730
10732
10735
10736
10738
10739
10741
10742
10745
10746
10748
10755
10756
10762
10763
10768
10772
10777
10782
10784
10788
10793
10795
10797
10798
10800
10802
10811
10817
10831
10832
10833
10834
10836
10837
10839
10840
10848
10849
10855
10857
10860
10862
10863
10868
10874
10875
10876
10877
10878
10879
10883
10886
10888
10896
10898
10901
10905
10906
10910
10912
10913
10916
10919
10921
10923
11006
10924
10934
10936
10939
10944
10945
10949
10952
10953
10954
10956
10960
10961
10965
10966
10969
10971
10977
10980
10985
10986
10987
10988
10994
10995
10999
11002
11003
11005
11010
11013
11018
11021
11022
11024
11027
11028
11038
11043
11046
11049
11051
11053
11054
11056
11059
11060
11061
11062
11063
11064
11068
11070
11071
11103
11104
11112
11117
11133
11134
11138
11146
11154
11156
11157
11159
11169
11173
11176
11181
11184
11186
11189
11192
11195
11197
11211
11221
11232
11236
11240
11242
11250
11254
11264
11277
11281
11283
11284
11289
11291
11294
11295
11298
11302
11308
11311
11326
11330
11332
11334
11339
11348
11351
11357
11359
11368
11369
11370
11371
11372
11373
11375
11379
11380
11384
11390
11395
11397
11400
11404
11405
11406
11409
11413
11415
11418
11422
11425
11426
11428
11430
11439
11441
11444
11447
11455
11458
11460
11461
11462
11467
11468
11472
11473
11474
11475
11482
11487
11488
11499
11504
11509
11518
11521
11522
11523
11524
11525
11526
11528
11533
11535
11536
11538
11539
11540
11541
11543
11544
11546
11547
11548
11550
11551
11552
11557
11560
11561
11563
11565
11566
11567
11568
11569
11575
11579
11580
11581
11588
11591
11594
11595
11597
11603
11605
11607
11608
11609
11610
11612
11613
11614
11620
11622
11624
11625
11627
11631
11633
11635
11638
11640
11641
11642
11647
11652
11653
11654
11657
11661
11662
11665
11668
11674
11677
11678
11679
11681
11683
11684
11685
11687
11691
11692
11695
11697
11700
11701
11702
11705
11711
11712
11718
11722
11725
11726
11727
11728
11729
11730
11732
11733
11734
11737
11738
11739
11740
11741
11742
11744
11746
11747
11748
11754
11756
11762
11763
11765
11766
11767
11768
11769
11771
11772
11775
11777
11778
11779
11781
11788
11791
11792
11794
11797
11799
11801
11803
11804
11805
11806
11808
11809
11811
11815
11816
11817
11818
11819
11820
11821
11822
11824
11825
11826
11827
11828
