47
5
6
9
10
3819
12
13
16
17
19
20
21
22
25
27
32
39
34
35
2018
38
40
91
41
42
43
44
1717
45
46
51
54
55
56
65
66
656
69
2825
77
79
86
87
2896
88
706
707
590
118
89
90
6865
10130
93
94
95
103
104
107
109
110
2249
112
113
1285
114
115
2910
119
120
121
122
123
128
130
133
142
148
149
150
152
8601
154
155
369
156
158
162
163
1133
173
178
180
183
185
186
1698
7203
332
187
188
191
193
194
195
197
198
199
202
203
204
207
208
209
212
213
214
215
216
218
221
222
223
224
225
226
227
228
231
232
1037
233
234
584
236
237
1284
238
6819
241
243
1455
347
2110
244
246
247
249
250
251
252
253
254
255
256
257
258
259
261
13321
262
9613
265
266
271
276
277
278
279
280
281
282
283
285
288
289
292
293
294
295
296
298
13441
1974
13118
299
300
302
304
305
2219
9607
306
307
9704
736
309
310
311
313
314
315
317
12380
319
320
321
322
323
325
327
328
331
334
335
336
340
341
343
344
345
346
685
350
353
354
355
358
359
360
361
363
364
365
366
368
370
373
4987
375
377
626
7044
378
379
380
381
383
389
392
8900
393
397
398
2698
400
404
405
406
1434
10327
407
408
410
2480
501
6106
411
412
414
416
417
420
421
423
424
427
428
431
436
438
618
1615
441
454
455
456
459
460
461
463
468
469
5258
472
477
482
487
882
489
491
493
500
504
505
506
509
512
513
514
516
1693
522
525
526
531
5270
534
535
536
540
541
543
544
547
550
552
553
554
559
560
563
565
568
569
11186
571
572
574
575
6617
576
578
579
581
582
583
6621
586
2177
591
592
594
738
6123
5261
596
597
598
599
600
601
602
604
605
607
608
609
1002
611
617
620
622
624
625
627
629
632
634
635
636
637
638
640
644
645
646
649
651
653
654
655
7140
3528
6027
7822
660
661
662
3025
663
666
667
670
672
677
678
679
684
690
6088
692
696
697
698
701
702
703
704
705
11819
708
709
711
887
712
715
716
719
3291
722
723
724
726
727
728
729
730
11511
731
733
737
740
743
744
745
747
749
750
751
753
7099
11078
754
755
756
757
759
12526
761
762
766
768
769
772
773
775
776
779
783
3603
784
785
786
787
788
789
791
792
795
797
799
801
802
805
806
807
808
810
812
814
815
816
817
820
821
822
7144
823
824
826
829
830
831
832
835
836
844
1422
838
839
840
841
842
843
846
847
852
855
856
857
858
859
860
861
862
863
864
865
866
868
13200
869
870
872
876
878
881
883
885
5688
889
890
891
896
897
898
900
902
903
904
906
907
908
912
913
914
916
9114
939
917
919
921
10215
2470
923
924
925
926
927
930
932
938
941
943
1697
945
946
953
955
958
963
965
966
967
969
970
972
975
978
982
984
985
986
1245
988
989
990
993
994
999
1000
1003
1004
1008
1009
1012
1015
1016
1019
1021
1025
1026
1029
1030
1031
1032
1034
2719
1039
1041
1043
1044
1046
1047
1050
1051
1052
1055
1056
1058
1060
1061
1063
1064
4730
1068
1071
1072
1075
1076
1078
1082
1084
1086
1087
1088
1090
1091
1092
1096
1098
1099
1106
1107
1110
1114
1115
1119
1121
1122
1123
1124
1126
1127
1128
1135
1136
1138
1139
1140
1144
1147
1148
1154
2664
6343
1155
1156
1161
1162
1163
1168
3074
1170
1173
1174
1175
11716
1178
1184
1186
1188
1190
1192
1193
1194
1195
2377
2378
1208
1215
1216
1220
1221
9500
1222
1225
1229
1232
1233
1234
1235
1236
1237
1238
1239
1242
9113
1247
1248
1249
1252
1253
1255
1260
1261
1267
1270
1271
1273
1279
1282
5385
1457
1971
2778
1286
1289
1290
1294
1297
1299
1301
1302
1306
1311
1312
1319
1322
1327
1333
1335
1336
1337
1338
1345
1348
1349
1354
1355
8694
1359
1360
1372
1376
1381
1392
1393
1394
1395
1400
1410
1414
1415
1416
1417
1423
1428
1433
1435
1438
1439
1440
1458
1445
2347
1447
9817
1451
1460
1461
1462
1464
1466
1469
1470
1473
1474
1477
1484
1486
1487
1488
1489
1495
1498
1502
1503
1507
1511
1513
1515
1518
1521
1523
1525
1526
3321
1813
1528
1529
1530
1532
1534
1535
1538
1540
1544
1546
1547
1548
1549
1554
2399
1558
1560
1563
1566
1568
1575
1579
1582
1584
1589
1591
1592
1594
1596
1599
1601
1602
1603
1606
1609
1610
1621
1630
1632
1634
1637
1643
1647
1649
1666
1670
1675
1677
1678
1679
1680
1683
1685
1689
1692
10468
1695
6126
10242
1700
1703
1705
1707
1710
1716
1719
1721
1730
1731
1732
1747
1755
1758
1762
1772
1773
1778
1781
1782
9572
1784
1807
1809
1812
1819
1821
1822
1823
1824
8247
1830
1887
1832
1836
9275
1842
1844
1847
1853
1860
1861
1863
1868
1883
1886
7114
6591
1888
1902
1905
1910
1911
1915
1916
1917
1918
1919
2718
1926
1927
1928
1930
1937
1941
7573
1945
1950
1951
1957
1959
1960
1965
1967
7012
1979
1981
1983
1984
1995
1996
1997
1999
2004
2007
2008
2009
2010
2011
2013
2014
2017
2019
2020
2021
2023
2024
10141
2025
2026
2027
2028
2029
2030
2031
2032
2036
2037
2038
2040
2044
2048
2050
2053
2054
2055
2058
2059
2060
2063
2066
2069
2071
2072
2074
2078
2084
2086
2087
2089
2090
2093
2094
2095
2096
5665
2097
2098
2099
2103
3595
2106
2107
2109
2114
2115
2116
2118
2119
2120
2124
2126
2127
2128
2129
2134
2135
2140
5900
2141
2144
2146
2147
2150
2151
2154
2156
2160
2162
2165
2167
2168
2169
2171
2172
2173
2175
2180
2181
2182
2184
2185
2186
2187
2188
2193
2196
2197
2198
2199
2206
2207
2208
2209
2210
5942
2211
2212
2213
2294
2214
2216
2222
2226
2228
2229
2233
2234
2235
2236
2379
2239
2243
2246
2248
2251
2535
2259
2262
2267
12995
2269
2271
2272
2276
2279
2280
2281
2287
2288
2289
2403
2295
2296
2300
2301
2303
2304
2305
2306
2308
2310
2312
2316
2318
2322
2323
2324
2325
2326
2329
2330
2332
2338
2339
2929
11683
2343
2349
2350
2352
2371
2372
2376
12514
2381
2382
2383
2385
2391
2394
2397
2398
2401
2402
2404
2409
2410
2413
2415
2416
2417
2421
2422
2424
2426
2429
2430
2431
2432
2439
2441
2444
2445
12364
2447
7548
2449
2450
2455
2619
2459
2461
13474
5764
2462
2463
2465
2466
13761
2467
3071
2471
2472
2476
2479
2481
2482
2483
2484
2485
2486
2487
2498
2489
2492
2495
2496
2497
2502
2509
2512
2515
2516
2519
2520
2521
2526
2527
2530
12248
2532
2545
2546
2550
2551
2553
2555
2557
6066
2562
2564
2565
2568
2570
2572
2576
2578
2582
2585
2591
2592
2595
2605
2607
2612
2613
2614
12692
2616
2617
2624
2626
2627
2628
2630
2631
2637
2641
2642
2644
2647
10104
2650
2651
2652
2653
2656
2665
2673
2678
2680
2682
2684
2688
2690
2702
2703
2704
2705
2709
2713
2714
2720
2721
2722
2725
2728
2729
2733
2739
2740
2741
2742
2748
6794
2750
2752
2753
2756
2758
2761
2762
2769
2770
2773
7642
2775
2776
2786
2787
2790
2792
2796
2797
2801
3328
2808
2810
2812
2814
2816
2824
2828
2830
2831
2833
2834
2844
2845
2847
2848
2851
2852
2856
2861
2862
2863
2866
2868
2870
2874
2876
2878
2879
2881
2882
8264
2885
2887
2892
5424
2898
2900
2909
2915
2916
2918
2920
2921
2926
2930
2943
2944
2945
2948
2950
2964
2967
2969
2971
2972
2975
2977
2980
2985
2988
2996
2999
3005
3006
3008
3016
5496
3021
3024
3027
3028
3032
3033
7466
3037
3040
3050
3051
3052
3056
3062
3067
3069
3070
3073
3075
3077
3080
3081
3083
3084
3087
3088
3092
3098
3102
3104
3105
3106
3107
3108
3109
3112
3115
3117
3119
3123
3124
3127
3128
3133
3134
3146
3148
3157
3158
3159
3160
3161
3162
3163
3164
3165
3166
3167
3168
3169
3170
3171
3172
3173
3174
3175
3176
3177
3178
3179
3180
3181
3182
3183
3184
3185
3186
3187
3188
3189
3190
3191
3192
3193
3194
3195
3196
3197
3198
3199
3200
3201
3202
3203
3204
3205
3206
3207
3208
3210
3212
3215
3217
3219
3221
3225
3226
3227
3228
3232
3237
3238
3239
3246
3248
3256
3259
3260
3264
8412
9321
3266
3267
3270
3272
3277
3279
3280
3287
3289
3290
3298
3303
3308
3314
3316
3333
3336
3350
3357
3363
3366
3369
3375
3381
3382
3384
3387
3400
3403
3406
3408
3410
3416
3417
3421
3422
3423
3424
3425
3426
3427
3428
3429
3430
3431
3432
3433
3434
3435
3436
3437
3438
3439
3440
3441
3442
3443
3444
3445
3446
3447
3448
3449
3450
3451
3452
3453
3454
3455
3456
3457
3458
3459
3460
3461
3462
3463
3464
3465
3466
3467
3468
3469
3474
11257
3475
3479
8653
3485
3488
3489
3494
3498
3512
3522
3523
5948
9437
3529
3534
3535
3539
3548
3554
3557
3560
3562
3564
3565
3568
3570
3577
3586
3590
3591
3593
3594
3597
3600
3602
3604
3606
3607
3608
3619
3620
3622
3623
3628
3631
3635
3637
3639
3640
3641
3649
6397
3655
3658
3660
3664
3672
3675
3681
3685
3687
3689
3693
3694
3695
3697
3702
7761
3707
3708
3722
3725
3731
3734
3736
3740
3748
3749
3751
3753
3755
3757
3758
3759
3760
3762
3764
3765
3766
3768
3769
3770
3771
3772
3773
3774
3775
3777
3778
3779
3780
3781
3782
3783
3784
3786
3788
3789
3790
3791
3792
3793
3794
3795
3796
3797
3798
3802
3804
3805
3806
3807
3808
3811
3812
3813
3814
3816
3817
3818
12688
12700
3820
3821
3822
3824
3825
3826
3827
3830
3832
3833
3834
3835
3836
3837
3838
3839
3841
3842
3843
3844
3845
3846
3847
3848
3849
3850
3851
3852
3854
3855
3858
3860
3863
3864
3867
3869
3870
3872
3873
3877
3878
3880
3881
3884
3885
3886
3887
3888
3889
3891
3892
3893
3896
3897
3899
3902
3903
3904
3905
3906
3907
3912
3915
3916
3917
3919
3920
3921
3922
3924
3925
3926
3928
3930
3931
3932
3934
3935
3937
3938
3939
3940
3941
3942
3944
3945
3947
3948
3949
3950
3952
3953
3954
3955
3957
3958
3959
3962
3963
3965
3966
3967
3968
3969
3970
3971
3972
3976
3977
3979
3980
3981
3982
3983
3985
3986
3987
3988
3989
3991
3993
3994
3995
3996
3997
3999
4002
4003
4005
4006
4007
4008
4010
4011
4012
4014
4015
4016
4018
4019
4020
4021
4022
4023
4024
4026
4027
4028
4030
4031
4033
8629
4036
4037
4038
4039
4040
4041
4042
4043
4044
4046
4048
4049
4050
4051
4053
4054
4055
4056
4057
4058
4059
4060
4061
4062
4063
4064
4065
4066
4067
4068
4069
4071
4073
4074
4075
4076
4077
4078
4080
4081
4082
4083
4084
4085
4087
4089
4091
4092
4093
4094
4095
4097
4098
4099
4100
4101
4102
4103
4105
4106
4107
4108
4109
4110
4114
4116
4117
4118
4119
4120
4121
4122
4125
4126
4127
4128
4129
4130
4131
4132
4136
4137
4138
4139
4140
4141
4142
4143
4144
4145
4147
4148
4149
4150
4151
4152
4153
4154
4155
4156
4157
4159
4161
4162
4163
4164
4166
4167
4171
4172
4173
4175
4176
4177
4178
4179
4180
4181
4185
4187
4188
4189
4191
4192
4194
4195
4196
4198
4199
4201
4202
4203
4204
4206
4207
4208
4210
4211
4212
4213
4214
4215
4216
4217
4218
4219
4220
4221
4222
4224
4225
4226
4227
4229
4230
4231
4233
4235
4236
4237
4238
4239
4241
4242
4243
4245
4246
4248
4251
4252
4254
4256
4257
4258
4259
4260
4261
4262
4263
4264
4265
4266
4267
4268
4271
4272
4273
4274
4275
4276
4278
4279
4280
4281
4282
4283
4284
4285
4287
4289
4290
4293
4294
4295
4296
4297
4298
4299
4300
4301
4302
4303
4305
4306
4307
4308
4309
4311
4313
4314
4315
4316
4319
4321
4323
4324
4325
4326
4327
4328
4329
4330
4332
4333
4334
4335
4336
4338
4339
4340
4341
4343
4344
4345
4346
4347
4348
4349
4350
4351
4352
4353
4354
4355
4356
4357
4358
4359
4360
4361
4362
4363
4365
4368
4370
4371
4372
4373
4374
4376
4378
4379
4381
4382
4384
4385
4386
4387
4388
4389
4390
4391
4392
4393
4394
4395
4396
4397
4398
4399
4400
4401
4402
4403
4404
4405
4406
4407
4410
4411
4412
4413
4414
4415
4417
4418
4419
4420
4421
4422
4423
4425
4426
4427
4428
4429
4430
4431
4432
4433
4434
4436
4437
4438
4439
4440
4441
4443
4445
4446
4447
4448
4449
4451
4452
4453
4454
4455
4456
4457
4458
4459
4460
4461
4462
4463
4464
4465
4466
4467
4468
4469
4470
4472
4473
4474
4475
4476
4478
4479
4480
4481
4482
4483
4484
4485
4487
4488
4489
4490
4491
4492
4493
4494
4496
4497
4498
4500
4502
4503
4504
4505
4506
4507
4508
4509
4510
4511
4512
4513
4514
4515
4516
4517
4518
4519
4520
4521
4522
4523
4524
4525
4526
4527
4528
4529
4530
4531
4532
4533
4534
4535
4536
4537
4538
4539
4542
4543
4544
4545
4546
4547
4548
4549
4551
4552
4554
4555
4556
4557
4558
4559
4561
4562
4563
4564
4565
4566
4567
4568
4569
4570
4572
4573
4574
4575
4576
4577
4578
4579
4580
4581
4582
4583
4584
4585
4586
4587
4588
4589
4590
4591
4592
4593
4594
4596
4597
4598
4600
4601
4603
4604
4605
4606
4607
4608
4609
4610
4611
4612
4613
4614
4615
4616
4617
4618
4619
4620
4621
4623
4625
4626
4627
4628
4629
4630
4631
4632
4633
4634
4635
4637
4638
4639
4640
4641
4642
4643
4644
4645
4646
4647
4648
4649
4650
4651
4652
4653
4654
4655
4656
4657
7911
4658
4659
4660
4661
4662
4663
4665
4666
4667
4668
4669
4670
4671
4673
4674
4675
4676
4677
4678
4679
4680
4681
4682
4684
4685
4686
4687
4689
4690
4691
4692
4693
4694
4695
4696
4698
4699
4700
4701
4704
4705
4706
4707
4708
4709
4710
4711
4712
4713
4714
4716
4717
4719
4720
4721
4722
4723
4724
4725
4726
4727
4729
4731
4732
4733
4734
4735
4736
4737
4738
4739
4740
4741
4742
4744
4745
4746
4747
4748
4749
4750
4751
4752
4753
4754
4755
4756
4757
4758
4759
4760
4761
4762
4763
4764
4765
4768
4771
4772
4773
4774
4775
4776
4777
4778
4779
4780
4781
4782
4784
4786
4787
4788
4789
4790
4791
4794
4795
4796
4797
4798
4800
4801
4802
4803
4804
4805
4806
4807
4808
4809
4810
4811
4813
4814
4815
4816
4818
4819
4820
4821
4822
4823
4824
4825
4826
4827
4828
4829
4830
4832
4833
4834
4835
4836
4837
4838
4839
4840
4841
4842
4843
4845
4846
4847
4848
4849
4851
4852
4853
4854
4855
4856
4857
4858
4859
4860
4861
4863
4864
4865
4866
4867
4868
4869
4870
4871
4873
4874
4875
4876
4878
4879
4880
4881
4882
4883
4884
4885
4886
4887
4888
4889
4890
4891
4892
4893
4894
4895
4896
4897
4898
4899
4900
4901
4902
4903
4904
4905
4906
4907
4908
4909
4910
4911
4912
4913
4914
4916
4917
4918
4919
4920
4922
4924
4925
4926
4927
4928
4929
4930
4931
4932
4933
4934
4935
4936
4937
4938
4939
4941
4942
4944
4945
4946
4947
4948
4949
4950
4951
4952
4953
4954
4955
4956
4957
4959
4960
4961
4962
4964
4965
4966
4967
4968
4969
4970
4971
4972
4973
4974
4975
4976
4977
4979
4980
4981
4982
4983
4984
4985
4986
4988
4989
4990
4991
4992
4994
4995
4996
4997
4998
5003
5004
5005
5006
5007
5008
5009
5011
5012
5013
5014
5015
5016
5017
5018
5019
5020
5021
5022
5024
5025
5027
5028
5029
5030
5032
5162
5034
5035
5036
5037
5039
5040
5041
5042
5044
5045
5046
5047
5048
5049
5050
5051
5052
5053
5056
5057
5058
5059
5060
5061
5062
5063
5065
5066
5067
5068
5069
5070
5071
5072
5073
5074
5075
5076
5077
5078
5079
5080
5081
5082
5083
5084
5085
5086
5087
5088
5089
5090
5091
5092
5093
5095
5096
5097
5098
5099
5100
5102
5103
5104
5105
5107
5108
5109
5111
5112
5113
5114
5115
5116
5117
5118
5119
5120
5122
5124
5125
5126
5127
5128
5130
5131
5132
5133
5134
5135
5136
5137
5138
5140
5141
5142
5145
5146
5147
5148
5150
5151
5152
5154
5155
5157
5158
5159
5160
5161
5163
5164
5165
5166
5167
5168
5169
5170
5171
5172
5173
5175
5176
5177
5178
5179
5180
5181
5182
5183
5184
5185
5186
5188
5189
5190
5191
5192
5193
5194
5197
5198
5199
5200
5201
5202
5204
5205
5206
5207
5208
5209
5211
5212
5213
5214
5215
5216
5217
5218
5220
5221
5222
5224
5225
5226
5227
5228
5229
5230
5231
5232
5233
5234
5235
5236
5237
5238
5240
5241
5242
5243
5244
5245
5246
5247
5248
5249
5250
5251
5252
5253
5254
5255
5256
5259
5260
5262
5263
5264
5265
5266
5271
5272
5273
5274
5275
5276
5280
5282
5284
5287
5288
5289
5291
5292
5293
5297
5298
5299
5301
5302
5304
5305
5308
5309
5310
5312
5314
5315
5316
5319
5320
5322
5324
5327
5332
5333
5334
5335
5337
12606
5338
5339
5342
5346
5355
5356
5362
5370
5373
5378
5382
5383
5389
5390
5392
5393
6459
5394
5395
5396
5401
5405
5408
5411
5416
5417
5418
5419
5422
5430
5432
5435
5436
5439
5443
5444
5445
5447
5448
5450
5452
9085
5453
5454
5455
5458
5461
5462
5463
5465
5466
5467
5468
5469
5470
5471
5472
5474
5483
5489
5500
5501
5504
5505
5510
5511
5513
5515
5519
5528
5529
5531
5533
5537
13189
5538
5540
5541
5544
5546
5548
5550
5554
5555
5593
5594
5599
5602
5611
5613
5615
5617
5618
5619
5625
5626
5627
5628
5629
5631
5632
5638
5639
5640
5641
5642
5646
5652
5653
5657
6073
5663
5667
5670
5677
11887
5680
5694
5695
5705
5708
5709
5715
5716
5718
5719
5723
5724
5726
5727
5729
5733
5734
5735
5740
5750
5751
5752
5756
5757
5759
5761
5762
5763
5765
11880
5768
5774
5775
5777
5779
5781
5782
5785
5786
5787
5789
5792
5798
5800
5801
5802
5803
5804
5806
5809
5811
5813
5815
5816
5822
5823
5828
5829
5831
5832
5835
5840
5841
5842
5844
8088
5845
5846
5847
5850
5861
5862
5866
5869
5871
5874
10346
5883
5886
5896
5898
5901
5903
5904
5905
5907
5909
5911
5915
5916
5924
5927
11525
5931
5934
5935
5936
5937
5939
5940
5941
5943
5944
5945
7107
5951
5953
5955
5958
5959
5960
5969
5971
5972
5973
5978
5982
5984
5986
5987
5993
5994
5996
5998
6005
6006
6007
6009
6013
6020
6021
6025
6032
6033
6034
6037
6040
6044
6045
6046
6050
6054
6064
6250
6069
6071
6076
6079
6084
6086
6087
6091
6098
6102
6104
6105
6758
6228
6107
6108
6128
6135
9978
6137
6138
7626
6140
6141
6142
6147
6148
6154
6155
6156
6158
6159
6161
6164
6166
6169
6170
6173
6182
6185
6186
6187
6188
6193
6202
6209
6211
6214
6222
6224
6229
6233
6242
6244
6252
6253
6255
6262
6264
6270
6272
6278
6281
6282
6283
6286
6287
6292
6295
6297
6298
6299
6300
6301
6302
6304
6306
6308
6312
6315
6316
6317
6319
6320
13784
6322
6323
6324
6325
6326
6330
6333
6335
6336
6337
6338
6341
6342
6345
6348
6349
6356
6357
6360
8426
11580
6361
6362
6363
6366
6367
6368
6369
6370
6373
6375
6377
7013
6379
6381
6382
6385
6386
6392
6394
6395
6396
6398
6399
6400
6401
6403
6407
6408
9955
6409
6410
6412
6413
6414
6416
6417
6418
6419
6420
6422
6423
6425
6426
6427
6428
6429
6430
6431
6433
6434
6436
6437
6438
6439
6440
6441
6442
6443
6445
6446
6448
6449
6452
6456
6457
6458
9023
6461
6465
6467
6468
6469
6471
6472
6473
6474
6475
6478
6479
6480
6481
6483
6490
6493
6494
6495
6498
6499
6500
6501
6502
6503
6504
6505
6508
6509
6512
6513
6518
6519
6521
6522
7997
6527
6528
6529
6530
6532
6535
6536
6537
6539
6541
6543
6544
6547
6552
6555
6557
6559
6560
6563
6567
6571
6573
6574
6575
6577
6579
6580
6582
6584
6586
6593
6594
6596
6597
6599
6600
6601
6602
6603
6605
6608
6609
6612
6614
6615
6616
6618
6619
6622
6623
6625
6626
6627
6628
6629
6631
6632
12384
6633
6634
6635
6638
6640
6641
6644
6646
6647
6648
6649
6651
6653
6655
6656
6657
6658
6660
6661
11603
6662
6664
6667
6669
6670
6681
6682
6687
6689
6690
6694
6697
6700
6701
6704
6705
6707
6711
6712
6713
6717
6720
6721
6724
6725
6726
6727
6731
6733
6734
6739
6741
6743
6745
6751
6752
6753
6754
6760
6761
6762
6763
6765
6767
6768
6769
6770
6774
6775
6777
6778
6780
6782
6785
6786
6787
6788
6791
6792
8199
6795
6797
6799
6800
6802
6803
6805
6806
6809
6810
6811
6816
6817
6818
6824
6825
6827
6828
6832
6833
6834
6835
6843
6845
6847
6850
6852
6853
6854
6855
6856
6857
6860
6861
6862
6867
6869
6871
6872
6873
6874
6875
6876
6877
6878
6880
6881
6883
6884
6885
6888
6889
6891
6892
6894
6898
6900
6901
6902
6903
6904
6905
6907
6909
6911
6912
6914
6915
6916
6919
6920
6922
6924
6927
6928
6929
6930
6932
6933
6936
6939
6946
6947
6949
6950
6952
6953
6955
6956
6958
6960
6963
6964
6965
6966
6969
6970
6972
6973
6974
6975
6976
6979
6980
6982
6983
6986
6989
6991
6992
6994
6997
6998
7003
7005
7006
7007
7008
7011
7014
7015
7017
7018
7019
7020
7024
7025
7027
7028
8173
7030
7031
7038
7039
7040
7042
7043
7046
7048
7049
7052
7055
7056
7060
7061
7062
7067
7068
7070
7071
7072
7074
7076
7077
7081
7082
7083
11154
7085
7086
7087
7088
7089
7090
7091
7093
7094
7095
7097
7100
7101
7104
7105
11568
7110
7111
7113
7116
7117
7118
7119
7120
7126
7128
7131
7134
7135
7136
7139
7143
7145
7146
7148
7149
7150
7151
7153
7155
7157
7158
7161
7162
7163
7164
7171
7173
7174
7177
7181
7182
7183
7184
7186
7187
7190
7191
7194
7195
7197
7198
7199
7200
7206
7211
7215
7216
7221
7222
7224
7227
7230
7231
7233
7234
7235
7236
7237
7238
7240
7241
7242
7243
7244
7246
7247
7248
7250
7251
7254
11598
7255
7256
7257
7258
7259
7261
7262
7263
7264
7265
7266
7268
7269
7270
7271
7272
7273
7274
7275
7278
7280
7281
7282
7283
7284
7286
7290
7291
7292
7293
7294
7295
7296
7299
7301
7302
7303
7304
7305
7306
7307
7308
7309
7310
7313
7314
7315
7316
7318
7319
7324
7325
7327
7328
7329
7331
7334
7335
7337
7338
7339
7340
7341
7342
7343
7344
7345
7347
7348
7356
7357
7358
7359
7365
7366
7367
7368
7370
7371
7372
7373
7374
7377
7378
7379
7380
7381
7382
7383
7384
7386
7396
7399
7401
7403
7405
7407
7408
7410
7416
7418
7420
7423
7424
7425
7427
7429
7430
7433
7434
7435
7437
7438
7440
7441
7446
7447
7448
7449
7451
7460
7462
7465
7467
7471
7472
7473
7482
7487
7488
7512
7513
7516
7517
7521
7532
7535
7536
7538
7541
7542
7543
7544
7547
7549
7550
7553
7555
7558
7560
7561
11562
7562
7563
7565
7567
7568
7569
7571
7572
10748
7582
7586
7587
7590
7592
7593
7594
7596
7599
7600
7603
7606
7607
7608
7610
7614
7618
7619
9277
7621
7627
7629
7630
7631
7654
12566
7632
7633
7637
7638
7639
7641
7645
7646
7647
7648
7649
10749
7651
7652
7653
7655
7656
7659
7661
7663
7664
7665
7670
7672
7676
7677
7680
7681
7684
7686
7689
7690
7692
7693
7694
7695
7696
7697
7698
7700
7704
7705
7710
7720
7725
7729
7731
7734
7735
7737
7740
7743
7745
7747
7749
7751
7752
7760
7762
7763
7766
7770
7771
7772
7779
7780
7782
7783
7786
7788
7789
7790
7791
7793
7796
7797
7800
7802
7804
7805
7807
7808
7810
7811
7812
7813
7814
7816
7820
7826
7839
7840
7841
7842
7846
7848
7850
7851
7852
7856
7857
7859
7865
7868
7871
7874
7877
7881
7883
7886
7887
7888
7892
7894
7895
7896
7897
7899
7905
7918
7920
7922
7924
7926
7929
7930
7933
7935
7936
7939
7947
7949
7950
7951
7956
7957
7958
7959
7962
7965
7966
7972
7976
7978
7983
7985
7990
7991
7992
7998
7999
8000
8002
8005
8006
8008
8009
8013
8016
14315
8019
8021
8023
8025
8027
8028
8029
8034
8035
8036
8037
8041
8042
8043
8046
8051
8053
8054
8055
8056
8069
8071
8072
8073
8074
8076
8083
8084
8085
8086
8089
8090
8091
8092
8094
8095
8096
8098
8101
8104
8105
8108
8109
8112
8113
8115
8118
8120
8121
8122
8125
8126
8127
8129
8130
8135
8136
8137
8146
8147
12226
8148
8151
8152
8153
8155
8158
8159
8161
8162
8166
8167
8168
8170
8175
8176
8179
8181
8183
8184
8185
8192
8198
8204
8216
8219
8222
8226
8231
8232
8245
8249
8251
8254
8263
8274
8276
8283
8284
8285
8287
8290
8291
8292
8297
8301
8304
8315
8316
8322
8324
8328
8333
8338
8341
8342
8343
8348
8350
8353
8356
8362
8364
8366
8368
8369
8373
8374
8375
8378
8380
8382
8384
8387
8389
8390
8391
8392
8394
8396
8397
8398
8399
8403
8404
8405
8406
8407
8410
8423
8424
8428
8431
8433
8434
8437
8438
8442
8445
8447
8448
8450
8454
8457
8458
8459
8464
8465
8466
8468
8470
8483
8485
8494
8495
8496
8498
8500
8501
8502
8503
8504
8505
8507
8509
8510
8511
8512
8513
8514
8516
8517
8519
8520
8521
8522
8523
8524
8526
8528
8529
8530
8531
8533
8534
8535
8536
8537
8538
8539
8540
8541
8542
8543
8544
8546
8547
8548
8549
8551
8552
8554
8555
8558
8560
8561
8562
8563
8565
8566
8567
8569
8570
8571
8573
8574
8575
8576
8577
8578
8579
8580
8581
8582
8584
8585
8586
8587
8589
8590
8592
8594
8595
8596
8597
8598
8599
8602
8603
8606
8607
8608
8610
8613
8614
8616
8617
8618
8619
8620
8622
8623
8624
8625
8626
8627
8631
8632
8634
8635
8636
8638
8639
8640
8642
8643
8645
8648
8650
8651
8652
8654
8655
8657
8658
8662
8664
8665
8666
8667
8668
8669
8672
8673
8674
8675
8676
8678
8679
8680
8681
8682
8684
8685
8687
8689
8691
8693
8695
8696
8698
8699
8702
8703
8705
8707
8708
8709
8710
8711
8712
8715
8721
8722
8729
8733
8734
8736
8737
8738
8739
8740
8745
8748
8749
8751
8752
8753
8755
8756
8759
8761
8763
8764
8765
8770
8773
8775
8776
8777
8779
8781
8782
8784
8789
8790
8791
8793
8794
8797
8798
8799
8800
8805
8806
8807
8808
8810
8818
8821
8822
8824
8826
8827
8830
8831
8832
8833
8834
8837
8841
8842
8843
8846
8847
8848
8849
8850
8851
8852
8854
8856
8858
8859
8861
8862
8863
8867
8868
8872
8873
8877
8878
8882
8885
8886
8889
8891
8898
8899
13431
8902
8904
8905
8907
8908
8911
8914
8916
8918
8920
8922
8928
8930
8931
8932
8933
8935
8936
8937
8942
8943
8947
8949
8953
8955
8956
8962
8966
8969
8970
8972
8975
8976
8977
8978
8981
8984
8988
8991
8992
8993
8995
8999
9002
9004
9005
9007
9008
9010
9011
9013
9016
9018
9019
9020
9022
9025
9026
9028
9029
9031
9032
9033
9034
9035
9036
9037
9038
9040
9041
9042
9044
9045
9046
9047
9048
9049
9050
9054
9055
9059
9061
9062
9067
9068
9071
9072
9074
9075
9078
9080
9081
9082
9086
9088
9089
9091
9098
9101
9105
9111
9112
9159
9116
9119
9122
9123
9130
9131
9132
9133
9136
9137
9138
9139
9141
9143
9144
9145
13984
9146
9149
9150
9151
9152
9153
9154
9155
9160
9162
9163
9170
9171
9175
9176
9177
9178
9180
9181
9184
9185
9186
9191
9195
9196
9198
9199
9200
9207
9216
9217
9218
9220
9222
9224
9226
9228
9229
9231
9233
9234
9235
9237
9239
9245
9246
9252
9253
9254
9257
9259
9260
9261
9264
9266
9269
9270
9272
9274
9278
9281
9293
9296
9298
9299
9300
9301
12428
9302
9305
9306
9307
9308
14314
9311
9314
9315
9316
9317
9318
9320
9322
9324
9325
9326
9599
9327
9328
9329
9330
9334
9335
9337
9338
9339
9340
9341
9343
9344
9346
9349
9350
9354
9358
9359
9362
9363
9367
9370
9371
9372
9375
9377
9378
9379
9384
9386
9388
9433
9389
9390
9396
9397
9400
9401
9402
9403
9404
9405
9406
9412
9413
9414
9419
9420
9421
9422
9424
9425
9427
9428
9429
9430
9431
9434
9438
9439
9443
9444
9448
9449
9450
9457
9461
9462
9463
9465
9470
9471
9474
9476
9478
9481
9484
9485
9487
9489
9490
9491
9494
9495
9497
9501
9502
9507
9510
9511
9513
9516
9518
9522
9523
9525
9526
9527
9528
9530
9531
9532
9533
9539
9541
9544
9545
9548
9549
9551
9554
9560
9562
9563
9564
9565
9570
9571
9573
9574
9575
9576
9577
9578
9580
9583
9584
9585
9588
9589
9596
9598
9603
9606
9609
9612
9614
9615
9616
9617
9619
9620
9621
9622
9625
9626
9627
9629
9630
9632
9634
9635
9637
9638
9639
9641
9644
9648
9650
9653
9655
9661
9667
9671
9673
9675
9676
9680
9683
9685
9686
9687
9690
9692
9693
9694
9696
9697
9698
9699
9700
9702
9703
9705
9707
9708
9711
9712
9713
9714
9715
9718
9722
9723
9724
9725
9734
9735
9737
9738
9743
9745
9747
9753
9756
9760
9762
9766
9769
9770
9773
9776
9777
9787
9788
9796
9797
9799
9801
11069
9816
9820
9822
9823
9824
9828
9829
9832
9834
9835
9836
9838
9839
9841
9844
9845
9849
9850
9853
9856
9858
9860
9861
9866
9867
9869
9871
9876
9877
9879
9884
9886
9887
9891
9893
9894
9897
9899
9900
9901
9907
9908
9909
9910
9912
9913
9914
9917
9921
9923
9924
9925
9929
9930
9932
9936
9940
9941
9943
9944
9950
9951
9952
9957
9961
9966
9973
9974
9975
9977
9981
9983
9984
9989
9997
9998
10000
10001
10003
10006
10007
10012
10013
10014
10015
10021
10023
10033
10036
10037
10038
10044
10048
10049
10051
10052
10053
10056
10057
10063
10065
10067
10070
10071
10079
10081
10087
10088
10089
10093
10095
10096
10099
10102
10105
10107
10108
10112
10113
10114
10116
10118
10122
10124
10125
10126
10128
10129
10131
10133
10134
10137
10138
10140
10144
10151
10154
10156
10157
10158
10159
10161
10167
14215
10169
10173
10177
10180
10183
10185
10187
10190
10191
10192
10193
10194
10196
10197
10198
10200
10201
10202
10203
10204
10207
10208
10211
10214
10216
10218
10219
10221
10227
10229
10230
10235
10236
10238
10239
10241
10244
10247
10251
10252
10253
10254
10255
10258
10259
10268
10275
10278
10280
13090
10283
10286
10290
10292
10294
10296
10301
10307
10309
10313
10315
10316
10318
10324
10326
10328
10329
10331
10337
10338
10340
10344
10345
10356
10357
10358
10359
10361
10363
10364
10369
10371
10372
10377
10378
10379
10385
10390
10392
10397
10402
10406
10410
10411
10421
10427
10428
10429
10431
10435
10446
10452
10457
10459
10466
10478
10479
10481
10484
10487
10489
10490
10495
10496
10499
10513
10517
10518
10522
10524
10525
10526
10528
10529
10531
10537
10546
10549
10550
10551
10552
10553
10554
10557
10559
10560
10562
10566
10567
10568
10569
10572
10573
10582
10586
10588
10589
10592
10597
10603
10604
10605
10608
10614
10620
10623
10627
10628
10629
10630
10639
10641
10642
10646
10651
10652
10657
10659
10661
10662
10671
10672
10674
10675
10679
10686
10688
10690
10696
10699
10700
10705
10707
10709
10719
10723
10725
10726
10727
10729
10732
10733
10735
10739
10743
10747
10750
10751
10757
10762
10775
10778
10782
10783
10786
10787
10790
10793
10798
10806
10809
10811
10813
10815
10816
10822
10823
10824
10826
10830
10831
10834
10835
10836
10837
10840
10841
10845
10848
10854
10855
10856
10859
10860
10862
10863
10864
10866
10867
10868
10869
10870
10871
10874
10875
10879
10880
10881
10887
10888
10890
10894
10895
10898
10901
10906
10907
10908
10911
10912
10913
10915
10917
10918
10919
10923
10928
10930
10933
10937
10939
10948
10950
10951
10952
10955
10956
10957
10958
10959
10960
10965
10966
10973
10974
10975
11763
10977
10981
10983
10984
10986
10987
10988
10990
10994
10995
10999
11001
11003
11004
11005
11007
11010
11014
11016
11019
11021
11026
11027
11029
11032
11033
11034
11035
11041
11042
11044
11045
11046
11048
11049
11050
11052
11054
11057
11058
11060
11064
11065
11068
11070
11071
11074
11076
11077
11079
11080
11082
11084
11086
11089
11090
11091
11092
11094
11100
11102
11104
11108
11110
11115
11116
11119
11121
11127
11128
11129
11130
11131
11135
11136
11137
11138
11140
11141
11142
11143
11144
11147
11150
11151
11152
11153
11156
11161
11163
11164
11167
11169
11173
11174
11176
11177
11180
11181
11182
11183
11184
11185
11188
11189
11190
11191
11193
11194
11196
11197
11198
11199
11200
11201
11202
11203
11204
11207
11208
11211
11212
11217
11222
11223
11224
11225
11226
11227
11228
11229
11230
11232
11235
11239
11241
11242
11243
11244
11245
11247
11249
11252
11253
11254
11256
11258
11261
11262
11264
11266
11267
11269
11270
11271
11272
11273
11274
11275
11276
11277
11279
11282
11283
11284
11285
11288
11295
11296
11297
11300
11303
11304
11307
11370
11309
11310
11312
11313
11314
11315
11316
11317
11318
11319
11321
11322
11325
11326
11327
11328
11330
11331
11332
11333
11334
11335
11337
11340
11341
11342
11344
11345
11346
11347
11355
11754
11358
11359
11360
11361
11362
11364
11365
11369
11373
11374
11375
11376
11377
11378
11379
11380
11384
11386
11389
11390
11391
11392
11393
11394
11395
11397
11398
11399
11402
11408
11411
12439
11413
11415
11418
11419
11422
11423
11424
11425
11426
11427
11433
11437
11440
11441
11448
11450
11451
11452
11457
11458
11459
11460
11461
11463
11470
11471
11474
11475
11476
11477
11479
11480
12569
11481
11482
11483
11484
11487
11488
11489
11494
11496
11497
11498
11499
11502
11503
11506
11508
11510
11512
11514
11517
11518
11519
11520
11521
11522
11523
11524
11527
11528
11530
11531
11532
11534
11535
11536
11537
11538
11540
11541
11542
11544
11547
11548
11549
11551
11552
11553
11554
11557
11559
11560
11561
11602
11564
11565
11566
11567
11570
11571
11572
11573
11574
11575
11576
11578
11613
11579
11582
11583
11588
11589
11590
11591
11592
11593
11597
11599
11601
11604
11605
11606
11609
11610
11611
11615
11616
11618
11619
11620
11621
11622
11623
11624
11625
11626
11629
11630
11635
11636
11637
11640
11641
11644
11648
11649
11652
11653
11654
11655
11656
11658
11659
11661
11666
11668
11671
11676
11678
11680
11686
11689
11691
11693
11695
11698
11699
11702
11704
11707
11711
11713
11714
11721
11722
11726
11727
11730
11731
11733
11735
11744
11745
11747
11752
11755
11756
11759
11762
11766
11769
11770
11771
11772
11773
11774
11778
11782
11787
11789
11792
11795
11796
11803
11805
11806
11807
11812
11816
11820
11822
11823
11826
11827
11832
11837
11838
11842
11846
11847
11851
11853
11855
11856
11857
11858
11860
11863
11867
11868
11869
11870
11873
11874
11875
11877
11878
11879
11883
11884
11886
11888
13022
11891
11892
11893
11894
11899
11900
11905
11910
11914
11920
11924
11925
11926
11928
11929
11930
11933
11936
11941
11944
11945
11947
11949
11954
11957
11960
11962
11964
11965
11966
11967
11969
11971
11972
11973
11974
11975
11976
11977
11978
11979
11980
11981
11982
11983
11984
11985
11986
11987
11988
11989
11990
11991
11992
11995
11996
11997
11999
12003
12004
12005
12006
12007
12009
12011
12012
12013
12014
12015
12016
12017
12018
12019
12022
12023
12024
12025
12026
12027
12029
12032
12034
12035
12036
12037
12038
12043
12044
12045
12046
12047
12048
12049
12054
12057
12058
12059
12060
12061
12062
12063
12064
12065
12066
12067
12068
12069
12070
12071
12072
12073
12074
12075
12077
12079
12082
12083
12084
12085
12086
12087
12088
12091
12092
12093
12094
12095
12096
12097
12098
12099
12100
12101
12102
12103
12104
12106
12107
12109
12110
12112
12115
12125
12127
12128
12129
12130
12131
12132
12134
12135
12137
12138
12139
12140
12143
12144
12145
12146
12149
12150
12152
12154
12155
12157
12159
12160
12161
12162
12164
12167
12168
12171
12172
12173
12174
12175
12176
12177
12179
12181
12183
12184
12185
12188
12189
12193
12199
12202
12203
12205
12206
12208
12209
12211
12212
12219
12224
12225
12227
12231
12233
12234
12236
12239
12240
12241
12242
12244
12245
12246
12250
12251
12252
12253
12254
12255
12256
12257
12258
12259
12261
12264
12268
12269
12270
12272
12273
12275
12277
12278
12281
12282
12283
12287
12289
12291
12293
12294
12296
12297
12299
12300
12302
12306
12307
12309
12311
12313
12314
12318
12319
12320
12323
12326
12327
12328
12330
12331
12335
12340
12341
12345
12348
12349
12351
12352
12357
12358
12367
12368
12373
12377
12378
12379
12382
12386
12389
12391
12392
12393
12396
12399
12402
12403
12409
12412
12413
12418
12421
12422
12423
12424
12425
12429
12430
12436
12437
12442
12443
12444
12446
12452
12458
12461
12463
12464
12465
12466
12468
12470
12474
12481
12482
12483
12484
12486
12487
12488
12491
12495
12496
12497
12498
12502
12505
12507
12508
12513
12587
12515
12516
12517
12519
12521
12522
12525
13453
12527
12528
12530
12531
12535
12541
12543
12544
12547
12549
12556
12557
12558
12561
12562
12565
12574
12578
12580
12581
12585
12586
12588
12591
12593
12596
12599
12601
12603
12608
12611
12616
12621
12622
12625
12627
12628
12629
12631
12635
12636
12640
12642
12643
12648
12651
12661
12668
12669
12671
12672
13129
12675
12676
12681
12682
12683
12686
12687
12691
12695
12696
12697
12699
12701
12702
12704
12705
12707
12708
12711
12715
12716
12717
12718
12721
12723
12725
12726
12729
12730
12735
12736
12739
12742
12744
12745
12747
12748
12749
12751
12753
12754
12755
12759
12760
12761
12762
12764
12765
12766
12767
12771
12772
12774
12777
12782
12789
12791
12792
12794
12802
12803
12811
12818
12828
12832
12834
12835
12837
12838
12842
12843
12844
12852
12856
12859
12864
12868
12869
12870
12876
12878
12882
12884
12885
12886
12892
12893
12894
12895
12896
12899
12900
12901
12903
12906
12907
12910
12913
12914
12917
12919
12921
12925
12927
12929
12931
12934
12936
12938
12942
12943
12944
12952
12953
12954
12957
12959
12966
12977
12982
12983
12985
12986
12987
12988
12990
12992
12996
12997
12999
13004
13005
13006
13132
13009
13020
13025
13027
13028
13031
13036
13037
13038
13040
13044
13058
13059
13061
13063
13065
13071
13073
13075
13076
13078
13079
13081
13082
13086
13091
13092
13093
13094
13096
13098
13102
13104
13107
13109
13114
13120
13122
13124
13125
13130
13135
13136
13140
13141
13142
13146
13149
13150
13152
13155
13156
13157
13158
13160
13163
13171
13173
13177
13179
13181
13182
13187
13190
13191
13192
13197
13198
13201
13204
13206
13209
13210
13212
13213
13214
13216
13218
13219
13220
13221
13222
13224
13225
13232
13239
13240
13243
13244
13245
13246
13248
13250
13251
13252
13253
13254
13257
13258
13259
13262
13264
13265
13272
13275
13278
13279
13280
13281
13282
13284
13287
13288
13290
13291
13293
13294
13297
13298
13299
13302
13303
13306
13308
13311
13312
13320
13323
13324
13326
13327
13329
13330
13331
13332
13333
13335
13337
13339
13340
13341
13342
13345
13346
13347
13348
13349
13350
13352
13354
13355
13357
13359
13362
13368
13369
13372
13375
13377
13378
13379
13383
13385
13387
13388
13389
13390
13391
13392
13394
13395
13397
13398
13399
13400
13401
13402
13403
13404
13405
13406
13407
13408
13409
13410
13412
13413
13414
13415
13417
13418
13419
13420
13421
13422
13423
13424
13425
13426
13427
13429
13430
13432
13434
13435
13437
13438
13439
13440
13442
13444
13447
13449
13450
13451
13452
13454
13455
13457
13458
13459
13461
13463
13464
13465
13466
13469
13470
13471
13472
13473
13475
13476
13478
13480
13481
13482
13483
13484
13486
13487
13488
13489
13490
13491
13492
13494
13497
13499
13502
13503
13504
13505
13507
13508
13512
13514
13516
13520
13523
13524
13526
13530
13532
13534
13536
13537
13538
13541
13542
13543
13545
13546
13547
13550
13551
13552
13553
13556
13558
13559
13560
13561
13562
13564
13566
13567
13568
13573
13574
13575
13576
13577
13578
13579
13581
13586
13587
13589
13593
13594
13595
13596
13597
13598
13599
13606
13607
13609
13610
13611
13612
13613
13615
13617
13618
13619
13620
13621
13622
13625
13627
13629
13630
13632
13633
13638
13640
13641
13642
13645
13648
13649
13650
13651
13652
13653
13654
13655
13656
13657
13660
13662
13663
13665
13667
13668
13670
13671
13672
13673
13676
13677
13679
13681
13682
13683
13684
13685
13688
13689
13691
13693
13695
13697
13698
13699
13700
13701
13702
13703
13704
13705
13707
13708
13709
13714
13716
13717
13718
13719
13720
13722
13723
13725
13726
13727
13728
13729
13731
13733
13734
13736
13737
13738
13740
13741
13742
13744
13745
13746
13748
13749
13750
13751
13752
13753
13754
13755
13756
13757
13758
13759
13762
13763
13764
13765
13766
13767
13768
13769
13770
13771
13772
13773
13774
13775
13776
13779
13780
13781
13782
13785
13786
13788
13789
13790
13791
13793
13794
13795
13796
13797
13799
13800
13801
13802
13803
13805
13806
13807
13808
13809
13812
13814
13816
13817
13818
13819
13820
13821
13822
13824
13826
13827
13828
13829
13830
13831
13832
13833
13834
13835
13837
13838
13839
13840
13841
13842
13843
13847
13848
13851
13853
13855
13856
13857
13858
13859
13861
13864
13865
13867
13868
13869
13873
13875
13877
13878
13880
13881
13883
13884
13886
13887
13888
13890
13891
13894
13897
13898
13903
13904
13905
13906
13908
13910
13913
13914
13915
13918
13922
13923
13925
13926
13927
13928
13930
13931
13933
13934
13937
13938
13940
13941
13945
13946
13947
13948
13950
13953
13956
13957
13958
13959
13960
13961
13962
13963
13964
13965
13966
13967
13968
13969
13971
13972
13973
13980
13981
13985
13989
13994
13996
13999
14000
14001
14002
14003
14005
14006
14007
14010
14017
14019
14021
14023
14026
14027
14028
14034
14038
14047
14048
14049
14051
14054
14055
14056
14062
14063
14064
14065
14066
14078
14079
14082
14084
14087
14088
14092
14093
14095
14096
14097
14098
14101
14102
14106
14108
14111
14115
14121
14122
14125
14126
14128
14131
14135
14138
14139
14140
14141
14143
14144
14145
14147
14150
14151
14152
14153
14155
14156
14157
14158
14160
14162
14166
14167
14168
14169
14170
14173
14174
14175
14176
14177
14207
14179
14182
14183
14186
14189
14193
14195
14197
14199
14202
14204
14205
14206
14208
14210
14212
14213
14214
14216
14217
14220
14221
14222
14223
14224
14227
14228
14231
14235
14237
14238
14243
14244
14249
14251
14252
14254
14257
14258
14259
14265
14267
14274
14275
14276
14277
14278
14279
14280
14281
14282
14289
14290
14291
14292
14293
14295
14297
14298
14303
14304
14311
14316
14317
14319
14320
14322
14324
14325
14326
14327
14329
14330
14331
14332
14333
14334
14336
14340
14341
14345
14347
14348
14349
14350
14351
14353
14354
14355
14357
14358
14359
14360
14361
