2
3
119
5
13430
6
5595
137
1138
1074
10037
6201
13211
4539
11
25
2337
1506
14307
2214
6439
3689
1565
80
5681
1171
1588
26
3836
2234
34
36
10092
13395
13461
11478
1759
37
1217
38
2340
3562
2193
3477
8505
4964
10202
8445
39
41
42
44
1254
5734
1131
5037
532
1013
6520
1497
980
45
1544
2381
47
1169
48
7590
54
58
1490
60
2981
3659
8397
10479
6994
2293
3833
7695
61
5534
62
63
1587
66
67
1749
4677
7264
1002
75
6222
95
78
79
82
145
83
84
89
6667
4919
804
96
387
2949
906
2701
14612
5277
1823
6048
7331
1190
14889
2860
15662
10174
4673
14680
7265
3429
360
5608
2035
14197
99
521
3772
103
108
111
112
1445
8054
115
14625
162
116
117
14755
3796
8871
121
124
192
126
127
11094
14714
9981
3333
129
130
8072
7502
527
182
1082
1626
131
134
801
263
268
4128
4045
139
6017
150
151
8337
10117
156
160
165
176
3384
2595
6732
186
187
1924
191
197
2507
198
200
1027
2875
1949
204
7089
5777
468
3318
759
7578
205
8168
4239
1265
11379
4564
207
6698
8592
3379
213
208
209
11459
212
724
2622
4797
13014
7623
215
4928
14350
3239
2481
11450
15424
4427
7755
5461
2777
14565
4341
10618
3198
216
217
218
219
452
222
223
224
228
229
775
1417
394
10062
1298
728
230
231
7754
3662
2544
232
235
236
237
238
444
241
244
1095
249
250
2192
856
4546
3747
252
1546
254
256
2669
5011
6138
6683
1825
7685
10918
14922
14544
10931
4855
4504
933
8187
7710
989
650
266
267
14481
4646
270
271
273
274
276
275
461
277
278
279
285
866
5317
2505
9610
5422
6895
13086
9428
14458
9982
4069
286
287
291
294
299
302
2954
303
625
4441
308
1612
2387
309
310
311
312
313
1268
314
315
317
318
319
321
322
323
328
331
336
4523
7014
5771
4305
342
344
814
349
816
350
12480
424
5234
5739
352
355
2001
2331
766
358
367
2570
385
7649
5788
388
10680
821
12192
8230
10310
7305
4808
12475
403
408
410
411
412
415
418
423
2386
12651
425
4265
3853
6095
469
489
7261
428
429
433
8029
436
3171
3399
438
826
439
1797
4402
10548
859
6429
14226
4018
445
448
449
1984
451
6852
5438
458
459
462
463
466
473
475
477
479
481
483
487
490
491
495
496
1932
499
500
1896
1601
501
2571
510
6082
513
516
518
519
520
522
523
524
5859
531
954
4768
533
534
535
536
537
538
539
540
2140
1078
14684
542
543
2412
545
549
2158
550
551
552
1985
553
554
555
556
557
558
559
560
561
562
563
564
565
566
567
568
569
570
571
572
573
574
575
576
577
578
579
580
581
582
583
584
585
586
587
588
589
590
591
592
593
594
595
596
2904
597
598
599
600
601
602
603
604
605
606
607
608
609
610
611
612
613
614
615
3180
9797
3092
616
1452
617
10077
626
627
1668
628
631
4481
634
637
639
641
643
645
1424
761
652
653
655
656
661
662
663
664
665
666
667
668
669
670
671
672
673
674
675
676
677
678
679
680
681
682
683
684
685
686
687
688
689
690
691
692
693
694
695
696
697
698
699
700
701
702
703
704
705
706
707
708
3102
709
4659
710
712
723
854
725
6092
5929
1142
1076
729
2831
730
11978
10578
736
737
2203
3531
12740
11941
740
741
749
1958
757
758
794
763
764
765
1177
767
768
6223
779
6650
782
784
786
8354
1458
787
1948
3353
789
4052
795
806
920
807
808
810
813
4865
6354
815
953
1489
5166
4535
8088
820
1248
827
13150
13231
829
4180
2075
830
834
6217
836
849
837
838
842
9965
2134
844
2911
2069
8777
2003
1752
6757
3841
10038
1064
8682
10732
14642
2160
14705
6131
13074
7709
863
864
868
869
6146
870
7139
872
873
878
883
884
885
889
890
2561
901
905
3654
2246
6517
2369
1361
2964
911
912
913
919
6541
930
4508
3526
3369
1990
3534
932
11672
936
937
1998
939
941
944
8139
948
951
952
3459
13636
13392
15065
1813
955
958
966
971
2547
974
975
977
978
1292
987
4721
988
2422
2837
1366
991
995
998
1004
3162
1006
1007
1008
1011
1514
1014
1176
2271
1455
1079
1015
1016
1017
1018
2065
1019
11365
4601
1020
1022
1026
1032
1033
1034
1035
1038
9082
1039
1044
1047
1052
1056
10817
1058
2935
1059
1060
7201
7428
7815
1947
2736
5109
14585
1065
1067
1069
1070
7206
8033
9708
6681
1548
4703
1577
1075
1796
3017
5558
4358
7497
8235
9587
1090
1092
1094
1099
1102
1103
1118
1120
1121
1122
11592
1123
1124
3827
1129
1132
1981
1135
1136
1145
1148
1149
1150
1151
5710
5490
10453
1153
1154
1155
1156
1158
1168
2032
1170
1172
2552
1174
1175
14707
1178
1179
1255
1181
5672
1807
2646
12663
1182
8053
1184
2039
1199
1202
11236
2695
1204
1215
1224
1228
1230
1231
1232
1239
1246
1247
1252
1253
6723
2380
1256
6504
1257
1258
1262
1263
5435
1264
4072
9715
1271
1274
1278
1280
1283
1286
1287
1288
1289
1469
1290
1291
1293
1295
8805
1299
1300
1301
1305
1306
1310
1312
1315
11338
15058
7121
1318
1319
1320
1429
1321
1326
1996
1910
1329
1331
4399
1332
1335
1336
1337
1339
5079
1340
6310
1343
1344
1348
1350
11497
4868
1351
3585
7027
2394
1352
8273
7410
1353
1354
1355
1357
1963
1362
1365
1367
1368
2797
13277
1372
1373
5186
7652
4517
6543
3030
1374
1376
1377
1378
1381
1382
1383
1384
1386
1387
1390
1391
1395
1397
7385
1398
1399
4834
2659
4464
2482
4669
6110
1400
1401
1409
1411
1412
1416
1604
1422
1423
1425
1428
6388
1433
1434
4083
1435
1442
1443
1444
4897
10061
1446
1447
1449
9352
11948
2333
1451
1454
5898
3757
6334
6330
5308
6490
6111
1456
1459
1460
1461
1462
1463
1903
1464
1465
6545
2325
1466
6225
1467
1468
1472
1476
1477
1480
1482
1485
1486
1491
1495
1496
5161
2760
1498
1499
1500
1946
1501
2692
1502
1505
1507
1508
2826
1509
1511
1513
1579
1529
1515
1516
1519
1526
1533
1841
1537
1572
7493
1539
1543
1547
8283
1551
10894
1555
1560
1564
6626
1571
1573
1574
2310
11205
1576
1753
5433
5880
1582
1583
1585
1591
1592
3090
1595
7398
1599
1600
8258
14643
1603
1605
2432
9111
1607
1610
1611
1615
1616
1618
1622
1623
1627
1630
9493
1631
1633
8353
1635
1642
1644
1645
1646
1647
1653
1655
1656
1660
1661
1662
1664
1665
1673
1676
5207
1677
1679
1680
1683
1684
1688
1689
1690
1692
1694
1695
1696
1700
1703
1704
1705
1707
1708
1709
11715
1710
4864
1960
6942
1712
1713
8753
1714
1715
2307
1718
1723
1724
1726
1727
2083
1730
2176
2317
2516
9968
1732
5570
3716
6695
10513
1733
1734
1736
1739
1740
1741
1745
1746
1748
1750
2357
1751
7690
1756
1757
1758
1762
1765
2230
1766
1768
1769
1771
1774
1777
1778
1781
1783
1784
1785
1786
1787
1789
1791
1792
1794
1795
1798
1799
1800
1803
1805
1808
1809
1812
1814
1815
1816
4846
1818
1820
1822
1824
1826
1829
1830
1831
1834
1835
1839
1842
1844
1845
1846
1847
1848
1849
1850
1853
1855
1856
1857
1859
1860
1863
1865
6797
1867
1869
3036
1870
1920
1871
5867
1873
1874
1877
1878
1882
1883
1885
1889
1891
1895
1898
1899
1900
1902
6316
1904
1909
1921
1923
5391
8469
4377
2873
3270
7951
4201
5119
1928
1931
1934
1935
1940
3023
1941
1942
1943
1944
8768
11327
2348
1950
1952
1955
1956
6172
4063
2098
1962
1966
1968
1971
1975
1976
1977
1978
1980
13025
2553
1986
1987
1988
1989
1992
1994
1995
1997
2000
12636
2005
2006
2007
2008
2010
2012
2013
2014
2017
2020
2022
2024
2025
2026
2028
2030
2031
2033
2034
2036
2038
2042
2043
2045
2046
2047
2050
2052
2053
2054
2058
2064
3365
2070
2073
2074
5313
2423
2076
2077
2078
3744
2079
2080
2085
2088
2089
2092
2093
2095
2096
2097
2101
2106
2107
2109
2110
2111
2112
2113
2114
2116
2117
2123
2124
2125
2130
2131
13404
2132
2133
2139
12784
2142
2143
2147
2149
2150
6379
2151
2152
2153
2154
2156
2157
2159
2161
2162
2165
2167
2168
2169
2174
10217
2179
2181
2187
2191
2194
2195
2196
2202
4960
2204
2205
2206
2207
2209
11150
2208
5260
2216
2217
2222
2224
3381
14869
2225
2226
2227
2228
2229
2231
2232
2233
2235
2238
2240
2241
2245
2247
2250
2255
2256
2262
2263
2264
2265
2275
2276
2278
2286
2287
2291
2936
2294
2298
2304
2306
2308
6625
5625
2311
2313
2314
2319
2320
2324
2326
2332
2335
2342
2343
2345
2346
2350
8328
2352
2354
2355
13361
6794
14397
2367
2368
2375
2379
2383
15022
2388
2397
2398
2402
2408
5068
3215
2409
2410
2411
3071
2415
2417
2419
2421
8316
2424
2425
6083
2427
10340
3728
2429
2431
2434
2437
2438
2441
2442
2443
2446
2447
2449
2450
4208
2451
3248
2453
2454
2455
2459
4347
2462
2464
2466
2468
2469
2471
4077
2472
2480
2483
2484
2485
2486
2494
2499
2500
7949
7959
7633
5615
2506
2508
2515
2517
2521
3356
2522
2525
2526
2527
2528
2530
2531
2533
2534
8718
5171
2539
2541
2543
2545
7212
2548
2549
2551
10265
2893
2556
2557
2565
2566
2567
2568
2569
2577
2578
2583
2584
2585
2586
2588
2591
8569
2596
2599
2606
2607
2608
2774
2609
2610
2611
2614
2618
2619
2620
10883
2621
2626
4005
9202
2627
2629
2630
2631
2636
2639
2640
2641
2642
2643
2645
5835
2653
2656
2657
2670
2671
2672
2675
2676
2685
2689
2690
3167
6690
2699
2700
3201
3830
3983
2703
2704
2705
2706
8112
2712
2715
2717
2719
2720
2721
2723
2724
2725
2726
2727
2728
2729
2733
2734
2737
2739
2740
3511
2741
2742
4611
4186
2744
2749
2750
2765
2751
2753
2756
2763
2768
2769
2770
2771
2773
2776
2779
2780
2781
2782
4418
2785
2787
2790
2793
2794
5851
2795
2799
2800
2801
2802
2804
2806
2808
2810
2811
2812
2819
2820
2821
2823
2825
2828
2829
4141
14587
2832
10105
2838
2839
2840
2841
9744
2843
2846
2848
2850
2851
2855
2859
2862
2863
2865
2866
2868
2870
2871
2872
4590
2874
11986
2878
2879
2881
2884
2889
4374
2895
8471
2897
2899
2908
2909
2910
6427
5437
2914
2915
3371
6337
6960
2916
2919
3934
2920
2926
2927
2930
2931
2934
6234
6365
10567
2939
2943
2944
2945
2947
2948
2952
2953
2955
2957
2958
2959
2961
2962
2965
2966
2967
2968
2969
2970
2971
2972
2974
2977
10698
3912
2978
2979
2980
5943
6137
2983
2984
2989
2993
2997
2998
3001
3004
3007
3011
3015
3016
3021
3022
3024
3026
3027
3032
3033
3034
3037
3041
3042
3043
3050
3053
3056
3060
3061
3062
3067
3068
3069
3070
3074
3076
3077
3080
3082
3083
3084
3086
3087
3088
3089
15074
14763
9934
3095
3096
3097
3098
3099
3100
3104
3105
3106
3110
3113
3116
3120
3121
3122
3124
3125
3126
3130
3131
3136
3137
3139
3140
8998
4154
6397
3141
3142
3147
3148
3151
3152
5390
3153
3154
3155
3157
3159
3160
3164
3165
3166
3168
13354
3169
3170
8000
6826
6844
3173
3174
3176
3178
3179
3181
3182
3183
3185
3186
3187
3189
3190
3193
3194
3195
3196
3197
3199
3200
3202
3203
3204
3205
3206
3207
3208
3209
3210
3214
3216
3218
3220
3222
3223
3224
3225
3226
3229
3231
3232
3233
3236
3238
3240
3242
3245
3246
3247
3249
3250
3251
3252
14745
3254
3255
3257
5897
3260
3263
3264
3265
3271
3272
3289
3273
3274
8167
3279
3280
3281
3282
3283
3284
3286
3288
6053
7441
10030
11397
14638
11173
4923
14709
14537
7395
4947
14713
3291
3292
3294
3295
3296
10783
3297
3301
3302
3303
3305
3311
3313
3317
3577
3319
3321
3322
3325
3328
3329
3330
3331
3332
3334
3338
3340
3341
3342
3344
3346
3348
3352
3354
6716
3358
3362
3363
3364
3370
4024
3375
3374
3376
3377
8432
7404
3382
3383
3385
3386
3387
3388
3389
3390
3391
3392
3393
3395
3396
3397
3398
3404
3406
3407
3408
3410
3413
3414
4527
3416
3417
3418
3421
3423
3425
3426
3428
5612
3709
3431
3435
3436
3437
3439
3440
3448
3450
14741
3451
3452
3453
3455
3456
3458
3460
3463
3464
3465
3469
14771
3478
3480
3481
3484
3487
3490
3491
3492
3493
3494
3500
3501
3506
3512
3513
3515
3519
3524
3527
3528
3529
3533
3535
3537
3538
3542
3543
3550
3551
15394
3553
3554
3559
3560
3561
3563
3564
3565
3569
3572
3574
9602
8868
3579
3580
3581
3586
3588
3593
3594
3599
3600
3601
3602
3603
3604
3605
3606
3607
3608
3609
3610
3611
3612
3613
3614
3615
3616
3617
3618
3619
3620
3621
3622
3623
3624
3625
3626
3627
3628
3629
3630
3631
3632
3633
3634
3635
3636
3637
3638
3639
3640
3641
3642
3643
3644
3645
3646
3647
3648
3649
3650
3652
3653
3655
3660
3664
3669
3670
3674
3675
3678
3680
4150
3681
7677
3682
3687
3691
3692
3695
3698
3700
3708
3936
3711
3712
3714
3715
3717
3718
3719
3727
3732
3734
3739
3741
3742
3746
3748
3755
3785
3758
3759
3760
3765
3766
3768
5648
5791
4515
12336
3896
5562
5586
5717
11998
12001
3776
3779
6193
3787
3788
3790
3795
3797
3802
3803
3810
3811
3812
3813
3818
3819
3821
3822
3823
3826
5431
3832
3834
3835
3838
3839
3840
3845
3848
3850
3851
3852
3854
3859
3862
3866
3868
3870
3872
3873
3875
3878
3880
3881
3886
3888
3889
3894
3897
3898
3900
3901
5626
3902
3903
3905
3908
3909
3913
3918
3920
3924
3927
3930
3933
3935
3937
3942
3943
3944
3945
3946
3947
3948
3949
3950
3951
3954
3955
3962
3966
6957
3967
3968
3970
3974
3975
8299
3976
3979
3981
3982
3984
3985
3986
3987
3989
3990
3991
3994
3995
3996
3997
3998
3999
4000
4001
4002
4003
4004
4008
4009
4010
4013
4014
4016
4017
4019
4021
4026
4029
4030
4031
4033
5798
4034
4035
4036
4037
4039
4041
4044
4046
4049
4050
4051
4054
4055
4056
4057
4059
5445
4062
4070
4071
12717
4073
4074
4075
7705
4076
4078
4084
4085
4087
4090
4093
4095
4096
4097
4098
4099
4101
4104
4105
4106
4107
12429
4112
4115
4116
6343
4118
4120
4122
4123
4124
4126
4127
4129
4134
4135
4137
4138
4140
4142
4144
4145
4147
4148
4151
4153
4158
4159
4161
4168
4176
4177
4178
9039
4889
4181
4185
4187
4192
4193
4196
4198
11272
13043
4206
4215
4217
4219
4220
4224
4226
4230
4231
4237
4238
4241
4242
4246
4248
4251
8447
4252
4253
4254
4257
4258
4260
4261
4263
4266
4268
4271
4274
4276
4279
4281
4282
4285
4287
4288
4291
4296
4298
4300
4301
4307
4310
4314
4317
4319
4322
4323
4324
4325
4328
4330
4331
4338
4344
14808
6331
4351
5900
4352
4359
4361
4363
10274
4365
4367
4368
4370
4373
4375
12126
4378
4379
4380
4381
4382
4383
4389
4391
4393
14626
6554
4406
4407
4409
4412
4413
4414
4415
4416
4417
6588
4419
4420
4421
4422
4423
4424
4428
4430
4431
4432
4436
4437
4439
4440
4445
4446
4448
4452
4453
4455
4457
4459
4460
4461
4463
4967
4465
4615
4467
4468
4469
4470
4472
4473
4475
4476
4482
4483
4485
4486
4487
4492
4497
4498
4499
4502
4505
4506
4507
4511
4513
11438
4514
4516
4518
4520
4525
4526
4531
4532
4534
4536
4537
4540
4542
4545
4548
4549
4551
4555
4557
4558
4560
4561
4563
4566
4573
4574
4575
4577
4582
4584
4585
4587
4588
4592
4596
4600
4602
4603
4604
4608
4610
4613
4618
4624
4625
4626
4627
4629
4634
4635
4636
4637
4642
4647
4654
4655
4657
4658
4660
4664
4665
4666
7656
4667
4668
4670
4672
4674
4675
4678
4679
4680
4681
4683
4684
4685
4686
4692
4693
4696
4701
4702
4709
4711
4719
4722
4723
4725
4882
4727
4730
4732
4734
4737
4739
4740
4742
4743
4744
5982
4746
4749
4753
4757
4759
4760
4762
4763
4764
4766
4767
4770
4774
4778
4779
4790
4791
4800
4803
4805
12656
12939
10236
4809
4810
5563
4813
4815
4818
4821
4826
4827
4835
4836
4839
4842
4843
4845
4850
4856
4857
4862
9949
4867
4869
4872
4873
4875
4876
4879
4880
4885
4886
4892
4895
4898
4899
4900
4901
4903
4905
4906
4907
4912
4913
4914
4916
4918
4920
4921
7353
4925
4926
4932
4933
4944
4946
4949
4957
4962
4963
11718
4965
4969
8481
4970
4973
4985
4989
4994
4996
7964
10137
7547
4997
4998
5003
5005
5006
5009
5012
5013
5017
5019
5020
5022
5025
5026
5031
5032
5033
5036
5038
5040
5041
5043
5044
5049
5050
5055
5056
5058
5059
5060
5062
5063
5069
5072
5080
5083
5085
5088
5091
5096
5097
5098
5110
5113
5118
5120
5130
5133
5135
5140
5144
5148
5150
5154
5160
5162
5167
5174
5176
5178
5181
5182
5183
5184
5185
14682
5188
5205
10369
8637
5212
5219
5222
5226
5228
13513
5240
14907
5243
5248
5258
5263
5271
5272
5274
5282
5287
5291
5297
5303
5398
5320
10884
5314
5315
5316
5372
5321
5326
5330
5332
5333
5337
5609
9998
5338
5341
5345
5346
5350
5352
5353
5357
5361
5362
5368
5370
6359
5374
5375
5378
5384
5385
5389
8426
5392
5656
5394
5400
5403
5404
5406
5408
5409
5410
5411
5412
5414
5418
5423
5424
5425
5427
5428
5430
5436
5673
5439
5441
5442
5443
5444
5446
5447
5449
5450
5451
5455
5459
5462
5463
5465
5467
5472
5474
5475
5476
5477
5480
5482
5487
5488
5491
7467
5493
5494
5496
5497
5505
5510
5511
5512
5515
5517
5518
5519
5527
5528
5529
5531
5532
5533
5535
5539
5541
5543
5544
5545
5546
5549
5551
5553
5554
5555
5557
6411
5559
5560
8848
5561
5566
5567
5568
5569
5572
5576
5577
5578
5579
5932
5580
5584
5591
5592
5593
8259
5596
5602
5610
5611
6771
5619
5620
5621
5622
5623
5624
5627
5628
5629
5631
5632
6312
5633
5635
5636
5637
5641
5678
5642
5646
5647
5650
5654
5655
5657
5659
5660
5661
5662
5663
5668
5670
5671
5675
5676
5679
5680
7143
5682
5686
5687
5691
13318
5694
5697
5698
5699
5700
5701
5702
5706
5868
5711
5714
5715
5722
5724
5727
14773
5729
7286
5730
5731
5733
5954
5740
5743
5744
5745
5747
5749
5754
5755
5761
5762
5765
5766
5774
5775
5780
5781
5786
5789
5790
5793
5794
5795
5803
5806
5807
5810
5812
5817
5820
5826
5828
5831
5834
5841
5843
5844
5852
5854
5856
5857
5862
5863
5865
5871
5873
5875
5877
5878
5879
7757
5881
5883
5884
14733
10393
14890
5886
5889
5890
5892
5894
5896
5899
5901
5903
5905
5907
5908
5912
5913
5914
5915
5917
5918
5922
5923
5927
5931
5933
5939
5941
5944
15532
5958
5964
5967
5969
5970
5974
5981
5983
5985
5986
5988
5992
5997
5999
6002
6006
6011
6013
6014
11144
6018
6028
6035
6037
6038
6041
6042
6043
6044
6047
6051
6056
6057
6060
6063
6064
6066
6070
6077
6081
6084
6085
6088
6089
6104
6109
6112
6113
6116
7452
6117
6118
6122
6128
6130
14640
7689
6132
6133
6134
6136
6139
6142
8770
6147
6148
6149
14451
6150
6156
6158
6717
6160
6162
6163
6166
6167
6168
6170
6171
6173
6174
6179
6182
6183
6185
6188
6190
6191
6192
6196
6197
6198
6200
6202
6204
6205
6206
6207
8466
6209
6210
6212
6214
6215
6216
6218
6219
6220
6221
6224
6226
6227
6820
6229
6231
6232
6233
6236
6238
6239
6241
6242
6243
6244
6245
6246
6252
6255
6256
6260
6262
6263
6264
6265
6266
6267
6268
6269
6270
6271
6272
6273
6274
6275
6276
6277
6278
6279
6280
6281
6282
6283
6284
6285
6286
6287
6288
6289
6290
6291
6292
6293
6294
6295
6296
6297
6298
6299
6300
6301
6302
6303
6304
6305
6306
6307
6308
6311
6314
6317
6318
6319
6320
6321
6323
6324
6325
6326
6327
6329
6332
6333
6336
15562
6338
6340
6347
6348
6349
6350
6356
6358
6363
6364
6366
6367
6368
6369
6370
6371
6373
6374
6378
7476
6380
6382
6383
6390
6391
6393
6394
6401
6402
6403
6408
6410
6416
6418
6420
6422
6423
6425
6426
6433
6435
6438
6441
6442
6451
6453
6509
6456
6459
6461
6464
6465
6467
6471
6477
6478
6479
6480
6481
6486
6487
6492
6496
6497
7415
6903
6508
6510
6512
6514
6515
6516
8014
13468
6519
6528
6529
6530
6534
6535
6540
6542
6549
6550
6555
6558
6559
6560
6564
6567
6569
6570
6571
6572
6573
6574
6575
6576
6577
6578
6579
6580
6581
6582
6585
6586
6587
9989
6594
6595
6596
6597
6598
6599
6600
6601
6602
6604
6608
6611
6612
6613
6614
6615
6616
6617
14884
6623
6624
6627
6628
6630
6631
6632
6633
6635
6637
7306
6639
6640
6642
6644
6647
6652
6653
6654
6655
6656
6657
6658
6659
6662
6663
15066
6664
6665
6666
8479
6669
6670
6671
6672
6673
6674
6675
6676
6677
6679
6682
6684
6686
6688
6689
6691
6696
6697
10205
6700
6704
6747
6705
6706
6707
6708
6709
6710
6712
6713
6714
7535
6719
6724
6725
6727
6730
6733
6735
6736
6738
6739
6740
6741
6742
6743
6745
6746
6749
6754
6755
6756
6758
6759
6761
6762
6768
6769
6770
6776
6778
6779
6781
6784
6786
6787
6788
6800
6803
6804
6805
6806
6811
10511
6813
6814
6817
6824
6825
6830
6837
6838
6839
6841
6842
6843
6847
6848
6850
6851
9997
6853
6856
6861
6862
6863
6865
6866
6867
6869
6870
6871
6873
6876
6877
6888
6878
6879
6880
6882
6883
6885
6890
6892
6894
6896
6897
6898
6905
6906
6908
6910
6913
6914
6915
6916
6917
6919
6920
6921
6926
6927
6928
6931
6932
6935
6936
6937
6939
6940
10269
6943
6946
6947
6950
6952
6953
6954
6956
6959
7706
6965
6967
6970
6971
6973
6976
6977
6980
6984
6985
6986
6988
6990
6991
6992
6993
6995
6997
6998
7000
7003
7004
7006
7009
7010
7012
7013
7015
7016
7017
7018
7019
7022
7023
7026
7028
7029
7031
7034
7035
7036
7038
7039
7040
7042
7046
7050
7051
7052
7053
7054
7055
7057
7061
7062
7064
7066
7067
7069
7073
7074
7076
7079
14611
7084
7087
7088
7092
7093
7095
7096
7098
7099
7100
7101
7103
7104
7105
8176
7106
7108
7111
7112
7117
7125
7126
7127
7129
7135
7137
7138
7140
7142
7146
7154
7155
7156
7157
7158
7162
7163
7164
7165
7170
7175
7176
7178
7179
7180
7182
7183
7187
7197
7199
7202
7208
7210
7211
7214
7215
7216
7220
7222
7223
7224
7226
7227
7228
7229
7230
7233
7234
7236
7238
7241
7242
7244
7256
7258
7259
7260
7262
7263
7266
7268
7269
7270
7271
7272
7273
7274
7276
7278
7279
7280
7281
7282
7284
7285
7288
7289
7292
7293
7294
7295
7296
7299
7300
7303
7304
7308
7309
7310
7311
7312
7315
7316
7317
7319
7321
7323
7324
7327
7332
7333
7335
7336
7339
7340
7341
7342
7343
7344
7345
7346
7347
7348
7349
7351
7355
7356
7358
7362
7363
7364
7365
7366
7367
7368
7369
7372
7373
7374
7375
7376
7377
7378
7379
7383
7384
7386
7388
7390
7391
7393
7394
7400
7402
7403
7405
7407
7408
7409
7411
7412
7413
7414
7416
7417
7418
7419
7420
7421
7422
7424
7426
7429
7430
7432
7434
7436
7438
7439
7442
7444
7445
7446
7447
7448
7449
7450
7451
7453
7454
7456
7457
7459
7461
7462
7464
7466
7468
7469
7472
7479
7480
7482
7484
7488
7490
7491
7494
7495
7496
7498
7500
7503
7507
7511
7512
7513
7514
7515
7518
7523
7524
7526
7527
7538
7539
7540
7543
7551
7552
7553
7554
7557
7558
7559
7560
7568
7569
7570
7571
7573
7576
7577
7580
7581
10794
7582
7584
7585
7586
7587
14303
7592
7595
7601
7608
7609
7610
7613
7614
7615
7616
7618
7622
10365
7625
7627
7628
7631
7634
7635
7636
7637
7638
7645
7646
7647
7648
10288
7653
7658
7664
7667
7670
7671
7672
7673
7674
7678
7682
7683
7684
7686
7687
7688
7691
7692
7693
7697
7698
7700
7701
7702
7704
7707
7708
7711
7712
7713
7716
7718
7720
7721
7722
7726
7728
7729
7731
7733
7735
7736
7739
7741
7743
7745
7746
7752
7753
7761
7762
7763
7766
7767
7768
7769
7770
7771
7772
7773
7776
7777
7778
7779
7784
7785
7786
7788
7790
7791
7795
7796
7798
7800
7801
7802
7805
7809
7810
7813
7814
7816
7817
7818
7820
7821
7822
7823
7827
7828
7829
7830
7831
7835
7836
7837
7838
7840
7842
7843
7850
7854
7864
7867
7868
7870
7877
7878
7881
7885
7886
7887
7891
7894
7900
7905
7910
7911
7913
7914
7920
7923
7925
7926
7927
7928
7930
8854
7931
7935
7940
7945
7947
7950
8041
7952
7955
7956
7958
7965
7966
7970
7971
7973
7976
7978
7979
7984
7990
7994
7995
7999
8001
8003
8004
8008
8009
8010
8011
8012
8020
8021
8026
8027
8035
8037
8039
8040
8048
8049
8052
8055
8058
8063
8067
8069
8070
8071
8073
8075
8077
8078
8079
8083
8084
8086
8090
8092
8093
8094
8096
8097
8101
8105
8107
8115
8116
8117
8120
8122
8126
8127
8128
8130
8137
8138
8140
8141
8142
8144
8149
8150
8155
8156
8159
8163
8164
8165
8166
8170
8171
8173
8175
8179
8183
8189
8190
10463
8191
8192
8194
8195
8202
8203
8206
8209
8210
8215
8218
8220
11916
8232
8237
8240
8241
8244
8245
8246
8247
8248
8249
8250
8251
8260
8263
8269
8271
8274
8275
8284
8289
8296
14621
8300
8305
8306
8311
8313
8317
8320
8322
8323
8329
8330
8331
8332
8335
8336
8344
8346
8347
8348
8351
8359
8361
8362
8366
8368
8372
8374
8376
8377
8378
8381
8382
8386
8392
8394
8396
8398
8402
8411
8415
8423
8428
8434
8435
8439
8443
8444
8450
8451
8452
8453
8457
8458
8459
8462
8463
8464
8465
14916
8467
8468
8472
8473
8478
8485
8486
8487
8488
8489
8490
8498
8500
8503
8504
12832
8506
8507
8508
8509
8513
8518
8519
8522
8525
8526
8530
13820
8531
8542
8543
8546
8552
8555
8567
8583
8588
8604
8606
8610
8613
8622
8633
8635
8639
9986
8645
8651
8664
8667
8674
12700
8683
8685
8691
8696
8699
8702
8703
8712
8714
8725
8729
8732
8738
8741
8743
8744
8746
8747
8752
8754
8755
8756
8758
8760
8761
8762
8764
8766
8767
8769
8771
8772
8773
8776
8781
8782
8784
8785
8786
8787
8788
8789
8791
8794
8795
8797
8798
8800
8801
8804
8806
8809
8810
8811
8814
8815
8816
8817
8821
8822
8823
8824
8825
8826
8827
8828
8830
8831
8832
8834
8835
8837
8838
8840
8842
8845
8846
8849
8850
8851
8855
8856
8857
8858
8859
8860
8861
8862
8863
8864
8865
8866
8867
8869
8870
8872
8873
8874
8877
8878
8881
8882
8883
8885
8886
8887
8888
8889
8890
8891
8892
8893
8894
8895
8896
8897
8898
8900
8901
8902
8903
8904
8905
8906
8907
8908
8909
8910
8914
8915
8916
8918
8919
8920
8921
8922
8923
8924
8925
8926
8927
8928
8929
8930
8931
8932
8933
8934
8935
8936
8937
8939
8940
8941
8942
8943
8944
8945
8946
8947
8948
8949
8950
8951
8952
8953
8954
8955
8956
8957
8958
8959
8960
8961
8962
8963
8964
8965
8966
8967
8968
8969
8970
8971
8972
8973
8974
8975
8977
8978
8979
8980
8981
8982
8983
8984
8985
8986
8987
8988
8989
8990
8991
8992
8994
8995
8996
8997
8999
9000
9001
9002
9003
9004
9005
9006
9007
9008
9009
9010
9011
9012
9013
9014
9015
9017
9018
9019
9020
9021
9022
9023
9024
9025
9026
9027
9028
9029
9030
9031
9032
9033
9034
9035
9036
9037
9038
9040
9041
9042
9043
9044
9045
9046
9047
9048
9049
9050
9051
9052
9053
9054
9055
9056
9057
9058
9059
9060
9061
9064
9065
9066
9067
9068
9069
9070
9071
9072
9073
9074
9075
9076
9077
9078
9079
9080
9081
9083
9084
9085
9086
9087
9088
9089
9090
9092
9093
9094
9095
9096
9097
9098
9099
9100
9101
9102
9103
9104
9105
9106
9107
9108
9109
9110
11463
9113
9114
9115
9116
9117
9118
9119
9120
9121
9122
9123
9124
9125
9126
9127
9128
9129
9130
9132
9133
9134
9135
9137
9138
9140
9141
9142
9143
9144
9145
9146
9147
9148
9149
9150
9151
9152
9153
9154
9155
9156
9157
9158
9159
9160
9161
9162
9163
9165
9166
9167
9168
9169
9170
9171
9172
9173
9174
9175
9176
9177
9178
9179
9180
9181
9182
9183
9184
9185
9186
9187
9188
9189
9190
9191
9192
9193
9194
9195
9197
9198
9199
9200
9201
9203
9204
9205
9206
9207
9208
9209
9210
9211
9212
9213
9214
9215
9216
9217
9218
9219
9220
9221
9222
9223
9224
9225
9226
9227
9228
9229
9230
9231
9232
9233
9234
9235
9236
9237
9238
9239
9240
9241
9242
9243
9245
9246
9247
9248
9249
9250
9251
9252
9253
9254
9255
9256
9257
9258
9259
9260
9261
9262
9263
9264
9265
9266
9267
9268
9269
9270
9271
9272
9273
9274
9275
9276
9277
9278
9279
9280
9281
9282
9284
9285
9286
9287
9288
9289
9290
9291
9292
9293
9294
9295
9297
9299
9300
9301
9302
9303
9304
9305
9306
9307
9309
9310
9311
9312
9313
9314
9315
9316
9318
9319
9321
9322
9323
9324
9326
9327
9328
9329
9330
9331
9332
9333
9334
9335
9336
9337
9340
9341
9342
9343
9344
9345
9347
9348
9349
9350
9351
9353
9354
9357
9359
9360
9361
9362
9363
9364
9365
9366
9367
9368
9369
9370
9371
9372
9373
9374
9375
9376
9378
9379
9380
9381
9382
9383
9384
9385
9386
9387
9388
9389
9390
9391
9392
9394
9395
9396
9397
9398
9399
9400
9401
9402
9403
9404
9405
9406
9407
9408
9409
9410
9411
9412
9413
9414
9415
9416
9417
9418
9419
9420
9421
9422
9423
9425
9426
9427
9429
9430
9431
9433
9434
9435
9436
9437
9438
9439
9440
9441
9442
9443
9444
9445
9446
9447
9448
9449
9450
9452
9453
9454
9455
9456
9457
9458
9459
9460
9461
9462
9463
9464
9465
9467
9468
9469
9470
9472
9473
9474
9475
9476
9477
9478
9479
9480
9481
9482
9483
9484
9485
9486
9487
9489
9490
9491
9492
9494
9495
9496
9497
9498
9499
9501
9502
9503
9504
9505
9506
9507
9508
9509
9510
9511
9512
9514
9515
9516
9517
9518
9519
9520
9521
9522
9523
9524
9525
9526
9528
9529
9530
9531
9532
9533
9534
9535
9536
9537
9538
9539
9540
9541
9543
9544
9545
9546
9547
9548
9549
9550
9551
9552
9553
9554
9555
9556
9557
9559
9560
9561
9562
9563
9565
9566
9567
9568
9569
9570
9571
9572
9573
9574
9576
9578
9579
9581
9582
9583
9584
9585
9586
9588
9589
9590
9591
9592
9593
9595
9596
9597
9598
9599
9600
9601
9603
9604
9605
9606
9608
9611
9612
9613
9614
9615
9616
9617
9618
9619
9621
9623
9625
9626
9627
9628
9629
9630
9631
9632
9633
9634
9635
9636
9637
9638
9639
9640
9641
9644
9645
9646
9647
9648
9649
9651
9652
9653
9654
9655
9656
9657
9658
9659
9660
9662
9663
9664
9665
9667
9668
9669
9670
9671
9673
9674
9676
9677
9678
9679
9680
9681
9682
9683
9685
9686
9687
9688
9689
9690
9692
9693
9694
9695
9696
9697
9698
9699
9700
9701
9702
9703
9704
9705
9706
9707
9709
9710
9711
9712
9713
9714
9716
9717
9718
9719
9720
9721
9722
9723
9724
9725
9727
9729
9730
9731
9732
9733
9735
9736
9738
9739
9740
9741
9742
9743
14523
9745
9746
9747
9748
9749
9750
9751
9752
9753
9754
9755
9756
9758
9759
9761
9762
9763
9764
9765
9766
9767
9768
9769
9770
9771
9772
9773
9774
9775
9776
9777
9778
9779
9780
9781
9782
9783
9784
9785
9786
9787
9788
9789
9790
9791
9792
9793
9794
9795
9796
9799
9800
9802
9804
9805
9806
9807
9808
9809
9810
9811
9812
9813
9814
9815
9816
9817
9818
9819
9820
9821
9822
9823
9824
9825
9826
9827
9828
9829
9830
9831
9832
9833
9834
9835
9836
9837
9838
9839
9840
9841
9842
9843
9844
9845
9846
9847
9848
9849
9850
9851
9852
9853
9854
9855
9856
9857
9858
9859
9860
9861
9862
9864
9865
9866
9868
9869
9870
9871
9872
9873
9874
9875
9876
9877
9878
9879
9880
9881
9882
9883
9884
9885
9886
9887
9890
9891
9892
9893
9895
9897
9901
9903
9906
9907
9909
9910
9911
9913
9914
9916
9917
9918
9919
9920
9921
9923
9924
9925
9928
9929
9930
9931
9932
9936
9940
9943
9947
9950
9952
9956
9957
9967
9970
9971
9972
9975
9976
9977
9984
9987
9988
9990
9991
9992
9993
9994
9995
9999
10010
10012
10013
10014
10015
10019
10020
10021
10022
10023
10026
10027
10028
10029
10031
10032
10033
10034
10035
10036
10039
10040
10041
10042
10043
10046
10047
10048
10052
10053
10059
10064
10066
10067
10069
10072
10073
10075
10076
10078
10079
10089
10090
10091
12405
14655
10093
10098
10103
10106
10107
10109
10111
10112
10114
10115
14671
10122
10124
10125
10129
10131
10133
10135
10138
10139
10140
10141
10142
10143
10144
10145
10146
10147
10148
10149
10151
10153
10155
10156
10157
10158
10159
10161
10164
10165
10166
10169
10170
10172
10173
10176
10177
10178
10179
10180
10181
10182
10183
10184
10186
10188
10191
10192
10193
10194
10195
10197
10198
10199
10200
11869
10203
10204
10206
10210
10211
10214
10216
10266
10218
10219
10221
10222
10223
10225
10226
10227
10229
10232
10234
10235
10237
10239
10241
10243
10245
10246
10247
10250
10251
10252
10257
10258
10259
10260
10267
10268
10271
10272
10273
10275
10279
10280
10281
10282
10283
10284
10286
10289
10290
10291
10292
10296
10298
10299
10300
10302
10304
10309
10312
10313
10318
10319
10320
10321
10322
10323
10324
10327
10328
10329
10330
10333
10334
10336
10337
10338
10339
10341
10342
10345
10348
10350
10351
10353
10354
10356
10359
10360
10361
10362
10366
10368
10370
10371
10373
10374
10376
10377
10379
10380
10381
10384
10385
10386
10387
10390
10391
10392
10395
10396
10399
10400
10401
10406
10407
10410
10412
10413
10416
10420
10421
10427
10430
10431
10435
10437
10444
10447
10448
10449
10457
10458
10459
10460
10461
10467
10469
10471
10472
10476
10478
10480
10483
10486
10490
10494
10495
10496
10500
10501
10502
10505
10507
10508
10509
10510
10512
10515
10516
10519
10522
10523
10527
10528
10529
10530
10531
10537
10939
10538
10540
10544
10546
10551
10554
10555
10556
10557
10558
10559
10560
10561
10562
10565
10566
10571
10572
10573
10574
10579
10581
10585
10586
10588
10590
10591
10592
10593
10595
10597
10598
11853
10599
10600
10601
10606
10608
10609
10610
10611
10612
10613
10615
10619
10622
10624
10625
10627
10629
10634
10636
11261
10638
10639
10640
10643
10647
10648
10650
10654
10656
10658
10659
10661
10662
10663
10667
10670
10671
10672
10679
10681
10683
10693
10696
10700
10709
10712
10713
10719
10722
10727
10731
10733
10735
10739
10740
10741
10746
10750
10756
10757
10758
10759
10763
10764
10766
10776
10778
10780
10782
10789
10790
10801
10803
10804
10805
10806
10810
10811
10813
10815
10820
10822
10826
10827
10830
10836
10848
10855
10860
10863
10868
10873
10875
10877
10880
10885
10888
10889
10891
10893
10899
10901
10905
10907
10908
10910
10912
10914
10915
10919
10921
10922
10924
10928
10929
10930
10934
10937
10945
10958
10962
10966
10970
10975
10977
10983
10986
10987
10988
10997
11002
11005
11009
11010
11011
11015
11016
11023
11024
11028
11029
11033
11034
11038
11039
11040
11043
11046
11047
11048
11049
11050
11064
11066
11068
11071
11076
11078
11079
11080
11081
11087
11088
11089
11090
11091
11092
11096
11099
11102
11104
11265
11105
11106
11109
11110
11115
11124
11126
11128
11131
11132
11135
11146
11246
11151
11158
11166
11167
11170
11171
11176
11177
11180
11183
11184
11186
11187
11195
11196
11200
11201
11213
11214
11218
11219
11220
11221
11223
11228
11229
11230
11231
11235
11237
11238
11240
11242
11245
11252
11254
11260
11263
11267
11275
11278
11281
11288
11289
11290
11294
11303
11304
11320
11321
11323
11324
11332
11335
11337
11339
11340
11342
11343
11345
11346
11347
11349
11352
12675
11355
11358
11359
11360
11361
11362
11363
11366
11369
11370
11372
11373
11374
11378
11380
11381
11386
11389
11390
11391
11392
11393
11398
11403
11404
11405
11408
11409
11411
11412
11415
11416
11417
11420
11422
11423
11424
11429
11431
11432
11433
11434
11436
11439
11440
11442
11443
11444
11445
11446
11449
11452
11453
11750
11460
11461
11462
11464
11467
11469
11472
11473
11474
11476
11477
11481
11482
11484
11485
11486
11487
11489
11490
11494
11500
11502
11504
11507
11516
11519
11520
11534
11537
11538
11548
11549
11550
11554
11555
11564
11565
11576
11577
11578
11590
11602
11611
11615
11619
11636
11639
11647
11650
11652
11653
11655
11662
11664
11669
11679
11687
11688
11689
11695
11704
11712
11716
11721
11725
11728
11732
11737
11740
11743
11752
11754
11756
11757
11761
11771
11773
11774
11775
11781
11783
11786
11792
11795
11799
11802
11803
11804
11806
11807
11810
11824
11832
11836
11837
11849
11854
11857
11861
11863
11871
11879
11883
11888
11903
11909
11919
11922
11929
11932
11939
11951
11952
11956
11958
11960
11963
11965
11970
11973
11981
11985
11987
11992
11994
11995
11996
11999
12004
12011
12012
12013
12014
12019
12020
12023
12025
12028
12032
12033
12034
12035
12039
12042
12045
12051
12064
12071
12072
12075
12086
12088
12091
12092
12097
12098
12100
12102
12103
12104
12105
12109
12113
12114
12118
12123
12134
12138
12143
12156
12160
12161
12162
12164
12169
12174
12175
12185
12194
12196
12197
12199
12202
12203
12205
12206
12208
12212
12215
12229
12231
12233
12238
12245
12248
12250
12263
12267
12269
12273
12276
12277
12278
12282
12286
12287
12289
12294
12297
12298
12307
12311
12312
12314
12316
12324
12328
12331
12337
12343
12346
12347
12349
12351
12356
12358
12364
12377
12381
12383
12385
12386
12394
12395
12400
12403
12407
12413
12811
12414
12418
12423
12424
12425
12430
12431
12439
12441
12442
12444
12445
12448
12451
12454
12455
12464
12468
12470
12474
12476
12478
12485
12486
12492
12505
12507
12508
12511
12513
12515
12518
12528
12529
12531
12532
12538
12546
12549
12555
12560
12566
12574
12577
12586
12592
12594
12598
12602
12606
12616
14619
12620
12621
12625
12627
12629
12631
12633
12635
12639
12643
12644
12647
12648
12650
12652
12655
12660
12662
12667
12670
12671
12672
12674
12679
12680
12682
12683
12684
12686
12687
12690
12692
12695
12698
12701
12702
12703
12705
12708
12713
12714
12716
12719
12720
12721
12722
12725
12726
12727
12731
12733
12737
12739
12749
12758
13443
12761
12762
12763
12764
12766
12768
12771
12773
12775
12776
12779
12781
12783
12785
12789
12790
12791
12792
12793
12794
12795
12797
12801
12802
12803
12804
12805
12806
12814
12815
12817
12818
12821
12824
12826
12829
12830
12831
12833
12834
12838
12841
12844
12848
12851
12858
12859
12860
12861
12862
12867
12870
12872
12878
12879
12884
12885
12886
12889
12890
12891
12898
12899
12903
12904
12905
12906
12909
12913
12916
12919
12920
12922
12926
12927
12928
12929
12930
12932
12933
12934
12936
12937
12940
12941
12942
12946
12947
12949
12952
12953
12954
12955
12958
12960
12962
12964
12965
12966
12969
12970
12971
12972
12975
12977
12978
12979
12982
12986
12987
12988
12989
12990
12991
12993
12994
12999
13000
13026
13003
13004
13005
13007
13009
13013
13015
13016
15386
13021
13023
13024
13030
13032
13035
13036
13037
13044
13047
13051
13055
13057
13060
13061
13063
13064
13066
13067
13069
13071
13072
13075
13078
13083
13084
13085
13087
13088
13092
13094
13095
13096
13099
13109
13110
13112
13116
13117
13120
13121
13123
13124
13125
13126
13131
13133
13136
13137
13138
13139
13142
13147
13148
13149
13200
13152
13153
13157
13159
14055
13160
13165
13166
13167
13168
13169
13170
13171
13172
13176
13177
13178
13179
13183
13187
13190
13192
13193
13195
13205
13209
13210
13212
13213
13217
13218
13222
13228
13229
13233
13235
13236
13239
13240
13242
13243
13248
13253
13257
13265
13275
13285
13288
13290
13293
13294
13297
13299
13301
13302
13311
13314
13315
13317
13320
13322
13325
13330
13331
13334
13335
13345
13349
13350
13353
13356
13357
13358
13363
13364
13367
13369
13372
13376
13401
13380
13381
13385
13388
13389
13393
13394
13398
13400
13403
13407
13408
13409
13412
13416
13417
13418
13423
13424
13427
13428
13434
13441
13442
13445
13446
13450
13451
13452
13453
13454
13455
13457
13462
13463
13469
13470
13473
13475
13476
13477
13481
13483
13484
13490
13491
13493
13496
13501
13509
13514
13518
13519
13520
13522
13529
13534
13535
13536
13541
13548
13549
13553
13554
13557
13561
13566
13569
13576
13578
13586
13594
13599
13600
13601
13632
13638
13641
13671
13675
13691
13715
13717
13732
13748
13756
13764
13771
13772
13780
13791
13808
13821
13827
13830
13836
13915
13917
13938
13952
13954
13961
13969
14000
14015
14017
14018
14033
14037
14046
14062
14064
14069
14079
14080
14085
14092
14099
14102
14111
14138
14170
14177
14182
14185
14188
14189
14194
14206
14217
14233
14236
14244
14245
14266
14270
14277
14279
14285
14311
14313
14315
14323
14325
14335
14336
14340
14343
14346
14347
14356
14360
14361
14389
14393
14400
14403
14419
14421
14429
14431
14432
14443
14446
14452
14453
14454
14460
14463
14466
14468
14469
14471
14473
14475
14476
14482
14484
14492
14493
14500
14502
14511
14512
14513
14517
14519
14520
14522
14527
14528
14533
14534
14535
14536
14545
14549
14553
14555
14556
14559
14560
14732
14562
14564
14567
14568
14571
14572
14573
14574
14577
14579
14580
14582
14584
14586
14588
14591
14592
14594
14601
14603
14615
14616
14617
14618
14620
14622
14627
14628
14631
14632
14633
14634
14635
14641
14644
14647
14649
14653
14656
14658
14662
14663
14664
14665
14669
14670
14673
14675
14681
14683
14758
14691
14692
14695
14696
14698
14700
14701
14702
14703
14704
14710
14711
14712
14717
14721
14722
14724
14729
14731
14737
14739
14742
14747
14749
14753
14754
14756
14760
14761
14764
14765
14767
14768
14769
14770
14772
14774
14776
14777
14778
14779
14783
14784
14785
14786
14787
14790
14791
14792
14794
14795
14796
14800
14801
14803
14806
14810
14811
14815
14816
14819
14820
14821
14822
14824
14825
14826
14827
14829
14830
14833
14834
14835
14836
14838
14840
14841
14842
14843
14844
14845
14846
14848
14850
14852
15030
14853
14854
14855
14857
14859
14860
14861
14864
14865
14866
14867
14868
14873
14874
14875
14876
14877
14879
14880
14881
14882
14883
14887
14888
14891
14893
14894
14895
14897
14898
14899
14900
14901
14902
14905
14906
14910
14911
14912
14914
14915
14917
14919
14920
14923
14925
14926
14927
14928
14930
14931
14932
14933
14934
14935
14936
14939
14940
14941
14942
14943
14944
14945
14946
14947
14949
14950
14952
14953
14955
14958
14960
14962
14963
14964
14965
14967
14969
14971
14972
14973
14974
14975
14976
14977
14978
14979
14980
14981
14983
14985
14986
14987
14989
14990
14992
14993
14996
14997
14998
14999
15000
15002
15003
15005
15006
15007
15008
15009
15010
15012
15013
15014
15015
15016
15017
15018
15019
15020
15021
15023
15024
15025
15028
15029
15031
15032
15033
15034
15035
15037
15038
15039
15040
15041
15042
15043
15044
15045
15046
15047
15048
15049
15050
15051
15052
15053
15054
15055
15056
15057
15060
15062
15064
15067
15069
15071
15079
15080
15081
15083
15084
15086
15087
15089
15091
15092
15094
15096
15097
15099
15102
15103
15104
15108
15109
15111
15112
15114
15115
15118
15122
15126
15127
15129
15130
15132
15133
15137
15139
15140
15141
15143
15145
15148
15149
15152
15154
15156
15162
15163
15165
15167
15168
15169
15170
15171
15172
15176
15178
15179
15180
15182
15183
15185
15188
15189
15190
15191
15194
15195
15197
15198
15200
15201
15204
15205
15207
15208
15209
15211
15213
15214
15215
15217
15218
15219
15222
15223
15226
15227
15229
15231
15234
15235
15236
15237
15238
15239
15241
15243
15245
15248
15251
15252
15253
15255
15256
15257
15259
15260
15261
15262
15263
15264
15265
15266
15268
15269
15270
15273
15274
15275
15277
15278
15279
15280
15281
15282
15283
15284
15285
15286
15287
15288
15289
15290
15291
15292
15294
15295
15296
15297
15299
15300
15302
15303
15305
15306
15307
15308
15309
15310
15311
15312
15313
15314
15315
15316
15317
15318
15319
15320
15321
15322
15323
15324
15325
15326
15327
15328
15329
15330
15331
15332
15333
15334
15335
15336
15337
15338
15339
15340
15342
15343
15345
15346
15347
15348
15349
15351
15352
15353
15354
15355
15356
15357
15358
15360
15362
15363
15366
15367
15369
15370
15371
15373
15374
15376
15377
15378
15379
15382
15384
15385
15387
15388
15393
15395
15396
15397
15398
15399
15400
15401
15402
15403
15404
15405
15406
15407
15408
15410
15411
15412
15413
15414
15415
15416
15417
15418
15421
15422
15425
15426
15428
15429
15430
15435
15437
15438
15439
15440
15442
15443
15446
15447
15448
15449
15450
15452
15453
15454
15455
15456
15459
15461
15463
15464
15465
15469
15470
15473
15476
15478
15481
15483
15485
15486
15487
15489
15490
15491
15496
15503
15504
15510
15511
15512
15514
15516
15518
15519
15522
15523
15524
15525
15526
15527
15530
15531
15533
15534
15536
15537
15538
15541
15542
15543
15544
15545
15546
15548
15549
15550
15551
15552
15553
15554
15555
15556
15558
15561
15563
15565
15566
15567
15568
15570
15572
15573
15579
15580
15581
15582
15583
15584
15585
15586
15587
15589
15590
15591
15593
15595
15596
15598
15599
15600
15601
15602
15603
15604
15605
15606
15607
15608
15609
15610
15611
15612
15613
15614
15615
15616
15617
15618
15619
15620
15621
15622
15625
15626
15627
15628
15629
15630
15631
15632
15634
15635
15637
15638
15639
15640
15641
15642
15645
15646
15651
15653
15657
15660
15661
15663
15664
15665
15667
15670
15671
15672
15678
15680
15685
15692
15694
15701
15706
15710
15712
15715
15716
15718
15726
15730
