0
4
1
2
3
7
745
470
8
1759
279
9
10
294
11
5313
13
16
17
5378
28
25
98
22
672
146
3279
24
26
27
1097
515
1522
29
30
3072
32
33
35
840
36
37
38
39
40
41
42
43
44
45
46
47
51
52
53
55
56
57
60
61
62
64
65
66
67
68
69
70
71
72
73
986
4256
74
75
76
77
78
79
80
81
82
83
84
87
88
89
91
92
93
94
96
97
99
100
101
1557
566
102
103
1653
104
105
698
764
106
107
109
132
110
111
112
113
114
115
116
1528
1049
119
120
122
123
124
127
131
3115
135
136
137
138
139
140
579
141
144
145
147
148
149
150
151
152
153
154
155
156
157
158
159
160
549
161
165
166
167
168
169
1135
170
171
324
765
172
173
942
174
175
179
176
177
178
1704
185
721
180
183
184
186
187
205
188
189
190
191
192
193
194
195
196
197
2338
199
201
202
203
2498
1086
204
207
208
209
210
211
212
213
5152
3181
215
220
221
222
225
226
228
229
232
233
234
237
1598
240
243
244
245
246
528
249
251
252
254
257
258
259
260
261
262
264
265
266
267
269
270
271
273
274
275
276
277
278
281
282
283
284
285
389
291
293
729
297
299
300
301
307
309
903
310
312
313
315
317
318
321
322
323
326
327
531
1338
328
330
1005
332
1397
333
334
335
336
337
338
339
340
410
341
343
345
347
349
350
351
352
353
354
356
1054
357
358
359
360
362
364
366
368
369
370
763
372
374
375
376
377
378
379
381
383
385
387
388
2485
1112
667
1663
390
392
393
394
395
396
399
400
401
402
404
405
406
450
1779
407
408
409
1315
412
413
415
416
418
419
420
421
422
424
426
2239
427
428
429
433
434
437
438
439
441
444
445
447
448
449
451
452
453
454
455
456
457
459
460
461
462
463
477
464
466
467
468
469
471
472
474
475
476
478
739
479
480
481
484
485
487
488
491
492
493
494
495
497
501
502
503
506
507
508
509
781
510
512
514
516
517
996
816
520
521
522
523
526
527
529
532
533
535
536
537
539
542
543
544
548
552
553
554
555
556
557
558
562
563
796
564
570
571
572
576
581
582
584
585
587
589
2954
591
592
593
595
596
597
598
600
601
602
603
604
606
607
608
609
610
611
612
613
614
615
616
1274
617
4227
619
620
621
622
623
624
625
626
627
628
630
631
731
634
635
636
637
638
639
640
641
643
644
645
646
647
648
650
651
652
653
1072
655
882
657
658
1955
1013
659
660
661
662
663
664
722
665
668
669
670
1121
3873
673
675
678
679
680
682
1612
684
685
686
688
689
791
762
690
691
692
693
695
697
703
704
705
706
707
2633
708
709
710
711
714
718
719
720
723
724
727
728
730
733
732
734
735
736
738
741
744
5295
2368
747
751
2038
752
753
754
755
756
757
758
759
760
767
769
770
771
773
776
777
1191
778
779
782
783
784
785
786
789
790
793
902
795
797
798
799
800
802
803
804
805
806
807
808
809
810
812
813
814
815
821
823
824
831
832
833
834
836
837
838
839
841
843
845
846
847
851
852
853
855
858
860
861
863
864
865
866
869
870
872
873
875
876
877
878
881
884
885
1004
888
889
890
892
893
895
896
900
901
904
905
906
907
908
909
910
911
912
915
917
921
922
923
924
925
926
927
929
931
933
934
935
936
939
940
941
943
944
947
948
949
955
958
960
961
962
963
964
965
969
2784
978
982
983
985
1008
988
994
995
1003
1508
1006
1007
1009
1014
1021
1023
1024
1026
1027
1028
1365
1029
1030
1031
2004
2495
1032
1034
1035
1036
1038
1039
1042
1044
1045
1046
1047
1048
1050
1051
3796
1053
1055
1329
1056
1057
1060
1066
1067
1073
1075
1077
1078
1079
1081
1083
1084
1509
1085
1406
1088
1093
1094
1095
1096
1098
1099
1103
1104
1105
1106
1108
1114
1120
1122
1123
1665
1124
1126
1127
1130
1131
1132
1134
1137
1138
1139
1140
1142
1145
1146
1147
1150
1152
1153
1154
1157
1158
1159
1162
1163
1164
1167
1169
1170
1171
1174
1179
1180
1181
1183
1187
1190
1192
1193
1195
1196
1197
1200
2313
1202
1203
1206
1208
1209
1211
1212
1213
1214
1215
1216
1217
1218
1222
1224
1226
1227
1611
1229
1230
1232
1233
1234
1235
1236
1237
1238
1240
1243
1245
1246
1247
1249
1250
1251
2976
1252
1254
1256
1257
1260
1261
1263
1264
1265
1266
1269
1270
1273
1275
1276
2297
2391
1915
1278
1279
1280
1281
1282
1283
1285
1286
1287
1288
1289
1290
1291
1292
1293
1295
1296
1297
1298
1299
1301
1912
1302
1303
1304
1305
1307
1309
1310
1311
1312
1318
1319
1320
1322
1323
1324
1325
1327
1330
1331
1332
1333
1337
1339
1340
1341
1342
1345
1347
1348
1351
1352
1353
1354
1355
1356
1359
1360
1362
1796
1364
2058
1368
1369
1370
1372
1374
1379
1381
1385
1386
1388
1391
1399
1400
1405
1407
1408
1410
1409
1411
1412
1413
1414
1415
1416
1417
1418
1420
1421
1422
1425
1427
1429
1431
1433
1438
3240
1439
1440
1441
1444
1446
1451
1455
1462
1467
1469
1471
1474
1479
2879
1480
1482
1485
1487
1489
1490
1491
1497
1501
1506
1507
1511
1512
1515
1516
1518
1519
1520
1523
1553
1524
1527
1529
1531
1532
1533
1534
1536
1538
1539
1543
1545
1546
1547
1552
1596
1729
1555
1556
1558
1561
1564
1565
1572
1578
1581
1584
1586
1591
1597
1599
1602
1605
1606
1608
1609
1614
1615
1616
1618
1619
1621
1623
1627
1628
1631
1721
3046
1632
1633
1634
1635
1640
1642
1643
1646
1647
1648
1649
1650
1652
1654
1655
1656
1658
1659
1660
1661
1666
1668
1669
1670
1671
2150
1672
1673
1674
1675
1676
1677
1678
1679
1680
1681
1682
1683
1684
1685
1688
1694
1696
1697
1699
1700
1701
1702
1703
1705
1707
1711
1712
1715
1717
1719
1720
1723
1724
1725
1726
1727
1730
1734
1739
1742
1744
1990
1750
1751
1752
1753
1754
1755
1756
1757
1758
1761
1762
1763
1764
1765
1766
1768
1774
1778
1791
1793
1804
1805
1808
1809
3217
1829
1838
1839
1840
1847
1849
1851
1855
1856
1861
1862
1869
1873
1874
1875
1876
1881
1882
1883
1887
1892
1893
1896
1898
1900
1902
1905
1909
1910
1911
1913
1916
1917
1918
1919
1922
1924
1925
1928
1931
1934
1935
1936
1938
1940
1941
1943
1944
1945
1947
1952
1954
1956
1962
1963
1967
1969
1971
1975
1976
1977
1978
1979
1980
1982
1983
1984
1985
1986
1987
1988
1989
1991
1992
1993
1996
1997
1999
2001
2005
2006
2008
2009
2010
2012
2013
2014
2016
2017
2018
2019
2020
2021
2022
2023
2025
2027
2028
2029
2030
2033
2034
2035
2036
2039
2041
2042
2043
2045
2046
2047
2048
2052
2060
2062
2064
2065
2069
2070
2072
2074
2075
2078
2081
2092
2094
2097
2099
2100
2101
2103
2104
2105
2109
2110
2111
2115
2119
2124
2125
2126
2127
2128
2130
2131
2132
2135
2136
2137
2138
2139
2140
2141
2142
2144
2145
2148
2151
2153
2154
2155
2156
2158
2159
2160
2161
2164
2165
2167
2169
2170
2172
2173
2174
2175
2176
2177
2180
2181
2184
2186
2187
2189
2190
2192
2194
2195
2200
2201
2211
2207
2208
2212
2215
2216
2217
2218
2219
2223
2224
2225
3014
2226
2229
2233
2234
2235
2236
2431
2240
2242
2243
2246
2247
2248
2249
2252
2254
2255
2258
2260
2263
2266
2270
2273
2274
2275
2279
2281
2284
2286
2663
2289
2290
2292
2293
2294
2296
2299
2302
2305
2306
2310
2312
2315
2316
2317
2319
2321
2322
2323
2324
2330
2336
2337
2339
2346
2352
2353
2354
2357
2361
2366
2367
2369
2370
2373
2374
2375
2376
2379
2380
2381
2388
2390
2393
2399
2400
2401
4314
2403
2404
2405
2407
2408
2411
2412
2417
2419
2421
2429
2434
2437
2438
2447
2449
2451
2454
2455
2457
2459
2461
2462
2464
2468
2470
2472
2473
2476
2477
2478
2481
2483
2484
2486
2488
2490
2493
2494
2497
2499
2505
2507
2512
2513
2516
2517
2520
2524
2525
2530
2535
2540
2554
2560
2566
2569
2572
2573
2574
2575
2576
2577
2582
2583
2585
2586
2587
3459
2594
2595
2600
2602
3722
2605
2608
2609
2610
2611
2612
2614
2615
2616
2622
2625
2626
2627
2631
2632
2638
2987
2641
2643
2645
2648
2649
2650
2652
2654
2655
2657
2658
2659
2661
2662
2664
2666
2671
2672
2676
2679
2680
2682
2683
2685
2686
2687
2692
2694
2695
2701
2703
2705
2706
2708
2711
2715
2717
2718
2725
2733
2736
2741
2750
2753
2754
2756
2767
2768
2770
2773
2780
2783
2785
2788
2790
2793
2804
2815
2820
2821
2830
2832
2838
2840
2842
2843
2847
2848
2850
2852
2854
2856
2857
2862
2871
2875
2885
2886
2887
2890
2893
2896
2902
2905
2907
2913
2914
2916
2919
2926
2928
2932
2945
2951
2953
2955
2966
2959
2961
2962
2964
2968
2974
2975
2977
2980
2981
2982
2983
2985
2986
2993
2994
2995
3001
3008
3011
3017
3029
3030
3033
3034
3037
3043
3051
3054
3058
3061
3062
3064
3068
3069
3071
3074
3077
3078
3080
3081
3083
3085
3086
3087
3088
3091
3092
3093
3094
3099
3100
3101
3106
3107
3108
3111
3112
3118
3119
3126
3129
3131
3132
3133
3137
3141
3150
3153
3154
3156
3157
3162
3165
3171
3172
3177
3179
3180
3183
3184
3187
3189
3192
3193
3194
3195
3196
3200
3201
3202
3203
3205
3208
3211
3212
3213
3214
3215
3218
3219
3221
3222
3223
3224
3227
3229
3231
3232
3233
3234
3235
3237
3239
3241
3243
3246
3247
3248
3253
3254
3255
3256
3257
3258
3259
3260
3263
3264
3265
3266
3267
3270
3274
3275
3276
3277
3278
3280
3281
3282
3284
3285
3286
3287
3288
3290
3291
3292
3293
3295
3296
3298
3299
3303
3304
3305
3307
3310
3317
3319
3320
3322
3323
3324
3325
3326
3330
3334
3335
3340
3342
3343
3344
3348
3350
3351
3352
3353
3362
3365
3366
3367
3372
3374
3375
3377
3378
3379
3382
3383
3384
3385
3388
3389
3390
3391
3392
3393
3395
3397
3398
3399
3400
3401
3403
3405
3406
3409
3410
3411
3412
3413
3414
3416
3418
3419
3420
3421
3422
3423
3424
3425
3426
3427
3428
3433
3435
3436
3437
3438
3439
3440
3441
3442
3443
3444
3445
3448
3449
3450
3451
3452
3453
3454
3455
3456
3457
3458
3460
3461
3462
3464
3465
3466
3467
3468
3469
3472
3474
3475
3481
3483
3484
3486
3487
3488
3490
3491
3492
3493
3496
3497
3499
3501
3502
3503
3505
3506
3508
3509
3510
3512
3514
3515
3516
3518
3519
3520
3522
3523
3524
3527
3528
3529
3530
3533
3534
3535
3537
3538
3540
3544
4171
3547
3548
3550
3551
3552
3553
3554
3555
3556
3557
3560
3562
3563
3567
3568
3571
3572
3575
3577
3579
3580
3581
3582
3583
3584
3585
3587
3588
3589
3590
3592
3593
3594
3595
3598
3600
3601
3602
3604
3607
3608
3609
3610
3612
3613
3614
3615
3616
3618
3620
3621
3622
3623
3624
3625
3626
3627
3628
3629
3630
3631
3632
3633
3635
3636
3637
3638
3639
3643
3644
3645
3646
3648
3650
3657
3658
3659
3661
3662
3663
3665
3666
3669
3670
3671
3673
3674
3675
3676
3677
3678
3679
3680
3681
3683
3684
3685
3687
3688
3693
3694
3695
3696
3697
3698
3700
3701
3702
3703
3704
3705
3706
3707
3708
3709
3710
3711
3712
3714
3715
3716
3717
3718
3719
3723
3724
3725
3726
3727
3729
3730
3731
3732
3736
3737
3740
3741
3742
3743
3744
3745
3747
3749
3750
3751
3752
3753
3755
3756
3758
3759
3760
3761
3762
3765
3766
3767
3770
3771
3772
3773
3774
3775
3776
3777
3778
3780
3781
4137
3782
3783
3784
3786
3787
3788
3789
3790
3792
3793
3794
3795
3797
3798
3799
3800
3801
3803
3804
3807
3810
3815
3816
3817
3818
3819
3820
3821
3822
3823
3824
3825
3826
3827
3829
3831
3832
3833
3834
3835
3836
3840
3841
3842
3844
3845
3846
3847
3848
3849
3850
3851
3852
3853
3854
3855
3856
3857
3858
3859
3860
3861
3862
3863
3864
3865
3867
3869
3870
3871
3872
3876
3877
3878
3880
3881
3884
3885
3886
3887
3888
3892
3893
3894
3895
3896
3897
3898
3899
3900
3901
3902
3903
3905
3906
3908
3909
3910
3911
3912
3915
3916
3918
3920
3922
3924
3928
3932
3935
3938
3940
3942
3947
3948
3949
3950
3951
3953
3954
3955
3956
3957
3963
3965
3967
3969
3970
3973
3975
3978
3979
3983
3985
3986
3987
3988
3990
3991
3996
3997
4002
4004
4005
4007
4010
4011
4012
4013
4016
4017
4018
4020
4021
4022
4023
4024
4025
4026
4027
4028
4029
4031
4032
4033
4034
4036
4037
4038
4039
4042
4043
4044
4045
4046
4051
4052
4054
4055
4056
4057
4059
4060
4061
4062
4063
4064
4066
4067
4068
4070
4074
4076
4077
4078
4079
4081
4084
4085
4088
4091
4092
4093
4094
4095
4096
4099
4101
4102
4103
4104
4105
4106
4107
4108
4109
4113
4115
4116
4117
4118
4119
4120
4121
4122
4126
4128
4131
4133
4134
4135
4136
4139
4140
4141
4142
4144
4145
4146
4147
4149
4151
4152
4153
4154
4155
4156
4158
4159
4160
4161
4163
4164
4165
4166
4168
4169
4170
4172
4174
4175
4178
4179
4180
4183
4184
4185
4186
4187
4188
4189
4190
4191
4192
4193
4194
4195
4196
4197
4199
4200
4201
4204
4208
4210
4212
4213
4215
4216
4217
4219
4221
4222
4223
4226
4228
4229
4231
4233
4234
4235
4239
4240
4247
4248
4252
4253
4254
4257
4259
4260
4261
4263
4264
4265
4268
4270
4271
4272
4273
4274
4275
4276
4277
4278
4279
4280
4281
4283
4284
4285
4286
4290
4291
4292
4294
4296
4297
4299
4300
4301
4302
4303
4305
4306
4308
4310
4311
4312
4313
4315
4319
4323
4324
4325
4326
4327
4328
4329
4330
4331
4333
4335
4336
4337
4341
4346
4348
4349
4350
4351
4353
4355
4358
4359
4361
4362
4363
4364
4366
4367
4368
4369
4370
4371
4372
4373
4374
4375
4376
4377
4378
4379
4380
4381
4382
4383
4385
4386
4387
4388
4390
4391
4392
4393
4395
4401
4402
4404
4405
4406
4408
4409
4410
4411
4412
4413
4415
4416
4417
4418
4421
4423
4426
4427
4428
4429
4430
4432
4433
4436
4437
4438
4439
4440
4441
4442
4443
4444
4449
4450
4458
4459
4460
4461
4462
4463
4464
4467
4468
4469
4470
4471
4472
4473
4474
4476
4477
4479
4480
4482
4484
4485
4486
4487
4488
4489
4490
4491
4492
4493
4495
4497
4498
4500
4501
4503
4504
4505
4506
4508
4511
4514
4516
4519
4521
4524
4525
4527
4528
4529
4530
4531
4532
4535
4536
4537
4538
4541
4542
4543
4545
4546
4549
4550
4552
4554
4556
4559
4570
4571
4572
4576
4579
4586
4587
4589
4590
4593
4596
4599
4600
4601
4613
4617
4660
4664
4677
4681
4689
4692
4706
4718
4737
4740
4742
4751
4779
4781
4783
4790
4797
4806
4810
4837
4972
4982
5053
5055
5062
5068
5088
5116
5146
5153
5163
5173
5174
5184
5188
5199
5209
5290
5296
5299
5308
5316
5321
5332
5336
5338
5352
5359
5373
5374
5375
5377
5381
5382
