0
1
2
3
4
5
6
7
8
12
13
14
15
16
17
2136
18
45
150
19
20
856
55
21
22
23
24
25
26
160
73
28
79
33
34
35
37
38
39
866
1095
40
44
1219
2892
5077
2406
48
49
499
50
51
52
53
57
58
59
60
61
62
65
67
68
69
72
74
76
77
78
135
80
81
87
88
89
90
93
94
95
97
98
99
100
101
102
104
105
109
110
111
607
112
114
117
119
4657
120
121
122
123
124
126
127
3598
128
5128
129
373
132
203
868
134
2186
7123
4409
2042
141
142
143
145
147
148
149
152
154
156
157
159
162
163
164
167
479
168
170
171
172
173
174
175
176
178
180
181
2594
183
184
185
186
188
190
191
192
194
195
197
200
202
3089
204
205
206
1370
1450
845
4436
209
210
211
212
213
214
217
218
219
222
225
226
227
3942
228
229
232
261
234
236
237
238
246
241
2725
243
244
245
248
249
250
252
5332
253
7252
3132
3518
255
256
259
260
2784
5126
3947
1743
8122
1274
6882
2087
7743
262
263
264
266
268
269
272
273
276
280
283
287
288
289
293
295
296
297
298
299
301
302
303
304
306
307
2048
308
309
310
311
312
313
315
522
316
319
320
324
325
327
328
329
330
333
334
338
339
340
342
343
346
348
349
352
354
356
357
1382
358
360
362
364
366
368
3477
3478
369
370
371
372
375
378
379
384
387
394
396
397
399
401
402
403
409
415
417
419
421
423
424
426
428
429
430
431
432
433
434
438
439
441
443
445
446
448
449
450
451
453
454
455
457
460
461
462
463
465
466
467
470
473
474
476
477
478
993
480
481
2705
3730
482
484
573
485
486
488
489
490
491
492
497
498
501
502
507
509
510
511
512
514
521
526
539
528
530
532
533
538
540
542
544
545
549
550
551
555
558
559
560
565
568
569
577
578
580
582
584
587
588
589
590
591
592
595
596
599
601
603
1679
604
2129
606
608
1336
610
614
616
618
620
623
624
625
6256
635
640
641
643
645
646
649
650
1229
652
653
658
660
662
664
666
667
668
670
671
672
673
677
679
683
684
685
687
689
690
692
1904
693
694
696
698
699
700
704
705
707
710
714
715
717
719
721
874
722
723
724
731
734
735
736
2053
738
740
743
744
747
8212
748
749
751
752
755
756
759
760
761
762
767
768
769
771
773
776
777
779
4338
780
782
783
784
788
789
791
794
797
799
806
808
810
814
815
816
817
820
823
825
829
833
836
837
840
843
848
850
855
865
867
878
880
881
886
889
891
900
903
7524
5895
1084
906
908
914
916
917
918
919
920
921
922
925
928
929
931
932
934
935
936
3321
939
944
945
946
958
959
962
963
966
967
968
971
972
974
1989
978
981
983
984
1341
992
995
999
1005
2005
1006
1009
1013
1020
1024
1026
1031
1035
1046
1047
1048
1051
1052
1060
1061
1062
1063
1064
1065
1070
1073
1076
1078
1094
7857
1096
1098
4704
1101
3447
1107
1109
1114
1115
1118
1125
1126
1128
1129
1130
1131
1134
1137
1138
1141
1142
1146
1148
1151
1152
1153
1154
1156
1157
1159
1164
1166
1171
1173
1174
1177
1178
1179
1182
1185
1192
1200
1201
1203
1204
1205
1733
1206
1207
1208
1209
1214
1216
1218
1220
1221
1222
1223
1224
1225
1228
1231
4144
1233
1235
1242
1243
1246
1251
1253
1254
1255
1257
1258
2152
1260
1265
1267
1271
1744
1275
1276
1279
1283
2224
8096
1284
1285
1427
1305
1308
1312
1318
1323
1324
1333
2231
1337
3052
1342
5664
1414
1346
1347
1348
1361
1354
1356
1357
1362
1363
1365
1366
1381
1437
1385
1389
1390
1391
1393
1401
1404
1406
1410
1411
1413
5042
1516
1416
1417
1421
1426
1720
1428
1429
1430
1431
1432
1434
1438
1439
1441
1447
1448
3794
1452
1453
1455
1459
1461
1462
1463
1465
1468
1471
1474
1477
1481
1484
1487
7913
1489
1490
1678
1492
1494
1496
1499
1500
1501
1502
1503
1504
1505
1506
1491
1507
2052
1508
1511
1515
1517
5585
1519
1520
1522
1523
1524
1528
1531
1532
1535
1536
1537
1538
1540
6019
1970
1542
1545
1546
1547
1549
1877
1646
2293
1551
1552
1553
1554
1558
1561
1563
1564
1565
1566
1567
1568
1569
1570
1572
1573
1574
1576
1578
1580
1582
2352
1584
1586
1587
1588
1589
1590
1592
1593
1594
3377
1940
1595
1596
1598
1609
1602
1603
1604
1607
1608
6309
1612
1614
1615
1616
1618
1619
1621
1622
1624
1626
1627
1629
1630
1635
1643
2752
1647
1650
1652
1653
1654
3960
8380
8778
1658
1659
1660
1663
1664
1666
1667
1669
1672
1676
3804
1683
1686
1691
1692
1694
1698
5444
1701
1709
1711
1712
1713
2153
4613
3326
1717
1719
1721
1722
1725
1727
1730
1732
1734
1739
3372
1745
1747
1748
1752
1754
1756
1757
1758
1760
1762
1766
1767
1772
1774
1778
1779
5484
1780
1781
1784
1785
1792
1805
1793
1794
2171
1801
1802
1803
1807
1812
1813
1814
1816
1821
1822
1823
1825
1830
1832
1833
1834
3313
1837
1838
1839
1841
1842
3208
1843
1844
5315
1845
1846
1848
1850
1852
1857
1858
1859
1860
1861
1863
1864
1865
1866
1867
1868
1871
1874
1875
1879
1885
1888
1889
1890
1891
1892
1895
1896
5050
1897
1898
1899
1902
4474
1911
1914
1915
7992
1916
1918
1922
1927
1930
1932
1934
1935
1958
1936
1941
1948
1950
1955
1956
1962
1963
1965
1966
1968
1969
1973
1976
1983
1984
1985
1988
1994
1996
1999
2000
2003
2006
2023
2024
2028
2030
2033
2036
2038
2039
2040
2041
2043
2044
2046
2047
2050
2051
5162
4018
2057
2058
2060
2061
2063
2064
2067
2069
2070
2073
2074
2075
2078
6740
6164
2083
2091
2095
2096
2100
2101
2103
2104
2107
6152
2110
2111
2114
2116
2118
2120
2121
2122
2123
3003
2127
2132
2133
2134
2135
2138
2139
2141
2143
2147
2148
2150
2151
2156
2158
2159
2160
2161
2162
2164
2165
2168
2170
2172
7888
2173
2177
2178
2179
2183
2185
2188
2189
2191
2195
2197
2198
2199
2203
2204
2205
2211
2215
2217
2218
2557
2221
6403
5676
2222
2225
2226
2228
2232
2233
2235
2236
2237
2240
2241
2242
2244
2246
2247
2249
2250
2251
2252
2253
2255
2256
2258
2259
2264
2268
2271
2273
2276
7031
2280
2283
2284
2285
4506
2288
2289
2290
2292
6337
3357
2294
2297
2302
2303
2304
2305
2306
2311
2312
2318
2322
2323
2324
2325
2329
2332
2333
2334
2337
2338
2340
2343
2346
2347
2349
2350
2351
2353
2356
2358
2360
2362
2368
2372
2375
2381
2384
2385
2386
2387
2388
2390
2391
2393
2398
2401
2402
2408
2411
2412
2417
2419
2423
2424
2425
2428
2429
2434
2483
2436
2438
2440
2442
2444
2448
2449
2451
2455
2458
2459
2461
2463
2464
2467
2468
4495
2469
2470
2471
2472
2473
2474
2479
2484
2485
2486
2488
2491
2492
2493
2496
2500
2501
2502
2503
2505
2509
2510
2511
2512
2516
2517
2518
2519
2520
2522
2524
2580
2528
2535
2537
2538
2542
2543
2544
2545
2546
2547
2548
2552
2559
2565
2566
2568
2569
2570
2571
2573
2574
2576
2582
2585
2586
2587
2588
2590
2591
2593
2595
2597
2748
2598
2602
2604
2605
2609
2613
2614
2615
2616
2617
2618
2620
2622
2623
2624
2625
2626
2635
3986
2637
2638
2639
2642
2645
2646
2647
2648
2651
2652
2653
2655
2658
2659
2669
2670
2673
2677
2678
2684
2687
2689
2691
2692
2698
2701
2704
6664
2708
2709
2710
2712
2714
2715
2719
2721
8353
2727
2728
2731
2732
5731
3307
5773
2749
2733
2736
2737
2738
2742
2744
2745
2746
2747
2751
2754
2757
2759
2760
2761
2762
2763
5087
2765
2766
2767
2768
2769
2770
2772
2774
2775
2776
2778
2779
2780
2781
2783
2786
2787
2788
2789
3623
2790
2791
2794
2995
2796
2797
2798
2800
2803
2804
2807
2809
2810
2811
2815
2817
2818
2819
2820
2821
2822
2823
2827
2828
2829
2831
2832
2834
2836
2838
2839
2841
2842
2843
2844
2845
2846
2847
3046
5529
2848
2851
2852
2853
2855
2857
2858
2859
2861
2863
2864
2868
2869
2870
2871
2873
2875
2876
2877
2878
2879
2881
2882
2885
2886
2888
2889
2890
2891
2895
2896
2897
2898
2899
2901
4008
2902
2904
2905
2906
2907
2908
2909
2910
2911
2913
2915
2919
2920
2921
2922
2923
2926
2928
2931
2933
2934
2935
2937
2938
2941
2942
2944
2945
2947
2949
2950
2951
2952
2954
2955
2956
2958
2959
2961
2962
2963
2965
2966
2968
2969
2971
2972
2973
2974
2975
2977
2978
2979
2980
2982
2983
2985
2986
2988
2989
2992
2993
2994
2998
3000
3001
3002
3004
3005
3006
3007
3009
3010
3012
3013
3014
3015
3016
3018
3019
3020
3021
3022
3024
3025
3026
3027
3029
3031
3033
3034
3035
3036
3037
3040
3041
3042
3044
3047
3048
3049
3053
3055
3057
3060
3061
3062
3063
4343
3064
3067
3071
3075
3076
3078
3079
3082
3083
3092
3093
3096
3097
3101
3102
3105
3107
3108
3111
3114
3115
3129
3134
3135
3136
3137
3138
3139
3142
3146
3149
3152
3154
3158
3161
3162
3164
3166
3167
3168
3170
3173
3176
3186
3191
3192
3193
3194
3198
3199
3201
3209
3211
3212
3220
8577
3221
3229
3230
3231
3232
3233
3238
3243
3244
3245
3251
3252
3253
3254
3256
3257
3260
3263
3264
3265
3266
3269
3279
3281
3285
3288
3291
3299
3301
3304
3306
3309
3315
5417
3323
3324
6226
3325
3328
3330
3331
3332
3333
3335
3337
3340
3342
3343
3347
3348
3349
3351
3354
3359
3360
3361
3362
3363
3364
3366
3367
3368
3369
3371
3375
3376
3380
3392
3393
3396
3398
3399
3400
3402
3403
3404
3406
3407
3408
3410
3411
3412
3414
3417
3418
3419
3420
3421
3425
3426
3427
3428
3429
3431
3432
3433
3435
3438
3441
3442
3443
3446
3448
3451
3453
3455
3464
3466
3467
3468
3469
3470
3472
3473
3474
3475
3476
3479
3480
3481
3482
3483
3485
3487
3488
3489
3490
3492
3493
3495
3496
3497
3499
3500
3503
3504
3505
3506
3507
3508
3509
3512
3514
3515
3517
3521
3522
3523
3524
3526
3527
3530
3532
3533
3534
3536
3537
3538
3539
3541
3542
3543
3544
3545
3546
3551
3552
3553
3554
3555
3556
3557
3558
3560
3561
3562
3563
3564
3565
3566
3567
3568
3569
3573
3576
3578
3579
3580
3581
3583
3584
3590
3591
3593
3599
3600
3601
3603
3605
3606
3609
3611
3613
3616
3624
3629
3631
3634
3635
3636
3637
3638
3640
3642
3643
3651
3652
3653
3655
3656
3657
3658
3659
3660
3661
3662
3664
3665
3666
3667
3668
3669
3670
3671
3672
3673
3675
3676
3677
3678
3680
3681
3685
3688
3689
3690
3691
3692
3694
3695
3696
3697
3698
3700
3701
3702
3703
3704
3706
3707
3708
3709
3710
3711
3712
3714
3715
3719
3720
3722
3723
3724
3725
3727
3732
3734
3736
3737
3738
3739
3740
3741
3743
3744
3745
3746
3747
3748
3749
3751
3752
3753
3754
3756
3757
3759
3760
3762
3763
3764
3765
3767
3768
3770
3772
3774
3776
3778
3779
3783
3788
7980
3791
3792
3793
3796
3797
3799
3800
3801
3802
3803
3805
3806
3811
3823
3824
3827
3829
3831
3832
3837
3840
3842
3843
3844
3847
3853
3855
3860
3861
3864
3869
3873
3875
3876
3878
3879
3880
3882
3890
3899
3904
3906
3907
3908
3911
3912
3913
3915
3919
3920
3922
3924
3925
3926
3928
3931
3932
3933
3937
3939
3940
3943
3950
3951
3953
3955
3956
3961
3962
3963
3964
3966
3970
3971
3979
3981
3984
3988
3990
3992
3996
4000
4002
4003
4004
4006
4007
4012
4013
4016
7725
4019
4020
4021
4022
4026
4027
4033
4036
4038
4039
4040
4041
4042
4045
4047
4049
4053
4055
4059
4811
4064
4068
4069
4071
4073
4074
4077
4079
4081
4082
4088
4089
4094
4095
4096
4099
4101
4102
4106
4108
4109
4111
4113
4115
4117
4118
4119
4120
4121
4122
4124
4126
4127
4128
4130
4131
4133
4136
4139
4140
4141
4143
4145
4147
4148
4149
4151
4152
4156
4158
4159
4163
4168
5039
4170
4172
4177
4183
4184
4185
4188
4191
4193
4195
4198
4199
4202
4204
4210
4213
4214
4222
4223
4224
4225
4232
4233
4234
4241
8651
4242
4246
4248
4251
4252
4253
4254
4255
4257
4262
4263
4265
4266
4267
4268
4269
4270
4271
4272
4273
4275
4277
4278
4279
4281
4282
4284
4285
4286
4291
4292
4294
4295
4297
4300
4302
4303
4305
4307
4310
4312
4313
4314
4321
4325
4326
4328
4341
4345
4949
4346
4347
4348
4351
4353
4357
4360
4362
4365
4366
4367
4368
4369
4373
4374
4376
4378
4379
4383
4384
4385
4386
4392
4393
4394
4396
4398
4399
4403
4405
4406
4407
4408
4410
4411
4412
4413
4414
4418
4420
4423
4425
4426
4429
4430
4431
4433
4434
4435
4836
4437
4438
4439
4440
4441
4442
4444
4445
4446
4447
4448
4451
4452
4453
4455
4456
4457
4459
4460
4461
4462
4463
4464
4465
4466
4467
4468
4469
4470
4471
4472
4473
4475
4476
4477
4479
4484
4485
4488
4489
4490
4492
4493
4494
4497
4498
4499
4502
4504
4507
4508
4509
4510
4627
4533
4511
4513
4515
4516
4517
4518
4519
4527
4528
4529
4530
4531
4534
4535
4536
4538
4539
4540
4541
4544
4545
4547
4548
4549
4550
4551
4554
4555
4556
4557
4558
4560
4564
4565
4567
4570
4571
4575
4577
4580
7629
4585
4586
4589
4590
4591
4595
4596
4599
4601
4603
4605
4607
4611
4612
4615
4616
4617
4618
4619
4620
4621
4622
4625
4630
4631
4632
4633
4637
4639
4640
4646
4647
4651
4652
4654
4655
4656
7843
4658
4659
4662
4664
4667
4668
4669
4671
4677
4680
4681
4683
4684
4685
4686
4687
4689
4690
4694
4695
4696
4697
4700
4701
4702
4706
4755
4707
4709
4713
4714
4717
4719
4720
4721
4722
4723
4725
4726
4728
4731
4732
4734
4735
4736
4738
4739
4741
4744
4747
4749
4750
4751
4752
4754
4756
4759
4760
4761
4762
4763
4764
4765
4766
4768
4770
4771
4772
4774
4775
4776
4777
4778
4780
4781
4783
4785
4786
4787
4790
4793
4794
4796
4798
4800
4805
4806
4807
4808
4809
4810
4813
4814
4815
4816
4817
4819
4821
4823
4824
4826
4827
4830
4831
4833
4834
4835
4837
4838
4839
4840
4841
4843
4844
4845
4847
4848
4851
4853
4854
4856
4857
4860
4862
4863
4868
4869
4871
4874
4875
4877
4879
4880
4881
4883
4884
4885
4886
4887
4889
4890
4893
4894
4896
4897
4898
4899
4900
4901
4902
4903
4904
4905
4906
4908
4909
4910
4912
4913
4914
4915
4916
4917
4919
4921
4923
4924
4925
4928
4929
4931
4935
4936
4938
4939
4940
4941
4943
4945
4946
4947
4948
4951
4952
4953
4956
4957
4958
4961
4962
4963
4964
4965
4967
4968
4969
4970
4972
4973
4975
4976
4978
4979
4980
4981
4982
4983
4984
4985
4988
4989
4990
4991
4994
4995
4996
4997
4998
4999
5000
5002
5003
5006
5007
5008
5009
5011
5320
5012
5013
5015
5016
5017
5019
5020
5021
5022
5023
8141
5024
5025
5026
5029
5031
5032
5033
5034
5036
5037
5041
5043
5044
5045
5046
5047
5048
5049
5051
5052
5053
5054
5055
5057
5058
5059
5062
5065
5066
5067
5068
5069
5070
5071
5072
5073
5074
5080
5081
5083
5085
5086
5088
5089
5090
5094
5098
5100
5101
5106
5108
5115
5116
5117
5118
5120
5122
5123
5124
5127
5132
5133
5134
5135
5137
5138
5142
5144
5149
5150
6469
5154
5155
5161
5166
5170
5173
5176
5177
5187
5191
5192
5194
5195
5196
5199
5201
5204
5205
5207
5208
5210
5211
5212
5214
5217
5221
5223
5225
5227
5228
5229
5231
5232
5238
5240
5241
5244
5245
5246
5249
5250
5251
5252
5253
5254
5258
5260
5261
5262
5263
5265
5266
5270
5271
5278
5279
5280
5281
5283
5285
5288
5289
5290
5292
5294
5297
5302
5303
5306
5307
5308
5309
5313
5314
5319
5322
5324
5325
5331
5335
5336
5337
5339
5340
5341
5350
5351
5352
5355
5357
5358
5359
5361
5362
5363
5364
5365
5368
5374
5376
5377
5381
5390
5392
5394
5395
5396
5398
5399
5402
5403
5406
5409
5411
5418
5419
6419
5422
5423
5424
5426
5430
5431
5432
5434
5440
5445
5446
5447
5449
5452
5454
5456
5458
5460
5463
5464
5465
5467
5468
6283
5469
5472
5475
5476
5477
5481
5483
5488
5493
5497
5499
5501
5503
5504
5505
5506
5508
5509
5512
5513
5516
5517
5520
5524
5526
5527
5531
5532
5535
5537
5539
5541
5545
5546
5547
5549
5550
5555
5556
5557
5558
5560
5561
5562
5563
5564
5566
5567
5569
5570
5571
5572
5575
5576
5577
5579
5580
5581
5582
5586
5587
5590
5592
5594
5595
5596
5597
5598
5602
5603
5604
5605
5607
5608
5609
5610
5611
5612
5613
5614
5615
5616
5618
5619
5622
5623
5624
5626
5627
5628
5629
5630
5631
5633
5634
5637
5640
5641
5642
5644
5646
5648
5649
5652
5653
5654
5655
5660
5661
5662
5663
5666
5667
5668
5669
5670
5673
7143
5677
5680
5681
5685
5689
5690
5692
5693
5694
5695
5697
5698
5699
5701
5702
5703
5704
5706
5707
5708
5709
5710
5712
5713
5714
5715
5716
5717
5719
5720
5721
5723
5725
5726
5727
5728
5730
5733
5734
5736
5737
5741
5742
5744
5745
5746
5747
5748
5750
5751
5752
5753
5754
5755
5756
5757
5759
5760
5764
5766
5767
5769
5771
5774
5776
5777
5778
5781
5782
5783
6000
5788
5818
5822
5823
5834
5844
5846
5851
5858
5860
5864
5865
5873
5877
5879
5885
5886
5887
5892
5912
5920
5921
5922
5927
5934
5935
5936
5938
5945
5947
5957
5966
5968
5970
5986
5990
5992
5995
5996
5998
6006
6010
6014
6016
6021
6023
6028
6032
6034
6038
6039
6044
6046
6047
6053
6055
6058
6059
6061
6062
6063
6064
6065
6066
6069
6070
6072
6074
6076
6080
6082
6085
6094
6095
6102
6104
6108
6109
6111
6113
6114
6115
6118
6120
6129
6131
6132
6136
6140
6141
6146
6149
6150
6153
6157
6166
6167
6219
6169
6184
6185
6189
6191
6192
6194
6197
6200
6201
6203
6205
6207
6208
6209
6210
6211
6212
6216
6220
6221
6224
6227
6229
6231
6232
6234
6236
6240
6243
6252
6259
6261
6262
6266
6268
6270
6271
6272
6274
6275
6280
6281
6284
6287
6288
6295
6297
6298
6299
6302
6303
6304
6305
6308
6310
6311
6318
6321
6322
6326
6329
6333
6335
6336
6347
6349
6351
6355
6356
6358
6360
6361
6373
6374
6378
6380
6381
6384
6386
6389
6392
6393
6394
6397
6399
6401
6402
6405
6406
6407
6409
6410
6411
6412
6416
6417
6420
6423
6424
6425
6426
6427
6428
6429
6430
6434
6435
6436
6437
6438
6439
6440
6441
6443
6444
6445
6447
6448
6450
6453
6454
6457
6464
6468
6470
6475
6476
6478
6479
6480
6481
6482
6483
6485
6487
6488
6491
6492
6493
6494
6497
6498
6504
6508
6510
6511
6512
6513
6527
6534
6538
6547
6548
6554
6555
6557
6559
6561
6564
6568
6569
6570
6576
6577
6578
6579
6580
6582
6584
6587
6588
6590
6592
6594
6595
6596
6597
6599
6600
6601
6605
6606
6607
6608
6610
6611
6612
6613
6614
6616
6618
6619
6620
6623
6624
6625
6627
6628
6630
6634
6636
6643
6645
6646
6647
6648
6649
6650
6656
6657
6659
6661
6662
6665
6669
6670
6671
6672
6675
6677
6679
6681
6682
6684
6695
6697
6699
6701
6704
6705
6706
6710
6712
6714
6715
6717
6722
6724
6731
6733
6736
6737
6738
6742
6743
6744
6746
6747
6751
6756
6757
6759
6760
6762
6764
6768
6776
6778
6779
6785
6789
6791
6792
6796
6799
6800
6801
6803
6807
6808
6809
6811
6812
6814
6818
6821
6822
6825
6826
6827
6829
6835
6843
6846
6847
6848
6850
6851
6853
6854
6855
6857
6858
6859
6860
6861
6863
6864
6865
6866
6868
6869
6870
6871
6872
6875
6879
6890
6892
6893
6900
6901
6914
6922
6923
6927
6928
6930
6932
6936
6940
6941
6943
6946
6948
6949
6950
6951
6953
6954
6956
6958
6960
6963
6964
6966
6967
6968
6970
6973
6977
6979
6980
6986
6987
6990
6991
6994
6995
6996
6997
6998
6999
7000
7001
7004
7006
7009
7010
7013
7014
7015
7017
7022
7027
7028
7029
7035
7037
7040
7041
7043
7044
7050
7052
7059
7061
7063
7064
7065
7066
7067
7068
7069
7070
7072
7073
7074
7075
7076
7078
7079
7080
7081
7086
7088
7089
7090
7092
7094
7095
7100
7101
7102
7103
7104
7105
7106
7108
7109
7110
7112
7115
7118
7120
7124
7129
7131
7132
7133
7134
7136
7142
7144
7147
7148
7149
7150
7154
7155
7158
7159
7160
7161
7162
7163
7164
7165
7166
7167
7170
7172
7173
7179
7182
7183
7184
7186
7187
7190
7192
7193
7198
7199
7203
7206
7208
7209
7210
7211
7214
7221
7222
7223
7227
7228
7229
7230
7232
7233
7238
7239
7242
7243
7244
7245
7247
7254
7259
7261
7262
7265
7280
7269
7272
7274
7278
7279
7285
7286
7287
7288
7293
7294
7295
7304
7305
7306
7307
7313
7315
7316
7320
7762
7324
7326
7327
7329
7330
7333
7334
7335
7337
7338
7340
7344
7346
7347
7348
7350
7352
7354
7355
7356
7358
7361
7365
7368
7372
7374
7375
7376
7379
7380
7381
7382
7384
7385
7386
7387
7388
7390
7392
7395
7396
7397
7400
7401
7403
7404
7405
7406
7408
7410
7412
7413
7415
7417
7418
7423
7426
7428
7431
7433
7435
7437
7441
7442
7446
7447
7448
7455
7456
7457
7460
7462
7463
7464
7465
7470
7471
7475
7478
7479
7480
7481
7487
7490
7492
7493
7494
7495
7499
7500
7501
7504
7505
7509
7511
7512
7513
7515
7516
7517
7521
7522
7523
7525
7526
7527
7529
7530
7531
7532
7533
7537
7538
7543
7544
7545
7546
7547
7548
7550
7551
7552
7553
7555
7557
8409
7558
7559
7560
7563
7565
7567
7568
7570
7574
7575
7577
7578
7579
7580
7582
7583
7584
7585
7587
7591
7592
7595
7596
7598
7599
7600
7602
7604
7605
7607
7609
7611
7613
7615
7616
7617
7618
7619
7620
7621
7622
7623
7624
7626
7627
7631
7632
7633
7634
7635
7638
7641
7645
7648
7649
7650
7654
7655
7658
7660
7661
7663
7664
7665
7666
7667
7668
7669
7670
7671
7673
7675
7676
7681
7683
7686
7687
7688
7689
7690
7691
7694
7696
7697
7698
7699
7700
7702
7703
7704
7707
7708
7709
7712
7713
7715
7717
7718
7719
7721
7723
7724
7726
7727
7728
7729
7730
7731
7733
7734
7735
7736
7737
7739
7740
7741
7744
7747
7750
7752
7753
7754
7755
7756
7757
7758
7761
7861
7765
7766
7768
7769
7770
7771
7773
7775
7778
7779
7781
7782
7784
7785
7787
7788
7789
7791
7792
7793
7794
7795
7796
7799
7800
7802
7804
7809
7810
7812
7814
7815
7816
7818
7819
7824
7827
7829
7830
7832
7833
7834
7836
7838
7841
7842
7844
7845
7847
7849
7855
7856
7860
7864
7865
7873
7874
7876
7880
7882
7884
7885
7887
7891
7892
7895
7901
7904
7909
7912
7915
7916
7917
7918
7925
7927
7930
7931
7932
7934
7937
7940
7941
7942
7943
7947
7948
7949
7950
7951
7952
7953
7955
7959
7961
7966
7974
7975
7978
7979
7982
7983
7986
7987
7990
7994
7996
7999
8000
8001
8004
8005
8007
8008
8009
8010
8011
8012
8014
8016
8017
8018
8020
8021
8026
8027
8029
8030
8032
8033
8034
8035
8037
8038
8039
8042
8043
8045
8047
8050
8052
8054
8056
8058
8059
8061
8063
8064
8065
8066
8067
8068
8070
8071
8073
8075
8076
8078
8079
8080
8082
8084
8085
8086
8087
8088
8090
8091
8092
8093
8094
8097
8098
8100
8102
8103
8105
8106
8107
8109
8110
8111
8112
8113
8114
8115
8116
8117
8118
8121
8123
8124
8125
8127
8130
8132
8133
8134
8135
8136
8137
8138
8140
8142
8143
8144
8145
8146
8147
8149
8150
8152
8154
8155
8157
8159
8160
8161
8162
8163
8164
8167
8168
8171
8172
8175
8176
8177
8179
8180
8182
8183
8185
8186
8189
8190
8191
8192
8194
8195
8196
8199
8200
8201
8202
8203
8204
8205
8207
8208
8209
8211
8218
8219
8222
8225
8226
8227
8228
8229
8230
8231
8235
8241
8242
8243
8245
8247
8248
8249
8250
8251
8252
8255
8257
8258
8262
8265
8266
8267
8270
8271
8272
8273
8275
8276
8279
8280
8281
8282
8284
8286
8287
8288
8290
8291
8293
8294
8298
8299
8300
8301
8302
8304
8305
8306
8307
8308
8309
8310
8312
8313
8314
8316
8317
8318
8319
8320
8335
8321
8323
8324
8325
8330
8333
8334
8336
8337
8339
8342
8343
8345
8346
8347
8348
8351
8352
8354
8355
8356
8357
8358
8359
8360
8363
8364
8366
8368
8370
8371
8374
8375
8377
8378
8379
8381
8384
8389
8391
8392
8394
8395
8396
8398
8405
8406
8407
8416
8417
8423
8426
8427
8430
8434
8435
8436
8437
8440
8441
8444
8445
8450
8452
8453
8454
8455
8457
8459
8462
8464
8465
8467
8468
8474
8475
8477
8478
8481
8482
8483
8485
8486
8490
8492
8500
8504
8506
8509
8516
8521
8524
8544
8546
8549
8552
8554
8555
8556
8559
8562
8566
8568
8571
8574
8575
8582
8589
8591
8592
8596
8598
8600
8601
8608
8611
8614
8615
8616
8617
8620
8622
8623
8626
8627
8634
8635
8637
8641
8642
8647
8649
8654
8656
8657
8660
8662
8664
8665
8666
8673
8676
8677
8678
8679
8682
8685
8686
8687
8689
8691
8698
8700
8701
8704
8705
8708
8710
8714
8715
8716
8717
8718
8720
8722
8724
8728
8729
8733
8737
8738
8742
8743
8744
8745
8746
8747
8748
8749
8750
8751
8752
8753
8758
8759
8762
8764
8766
8770
8771
8775
8776
8779
8782
8789
8794
8796
8800
8804
8805
8808
8810
8812
8815
8818
8820
8823
8824
8825
8826
8827
8828
8831
8832
