0
1
24
13
413
11
12
304
6442
301
7237
16
21
22
23
25
1294
27
28
29
3969
34
35
3763
37
1300
3271
41
44
45
46
8160
9436
1975
166
47
48
416
50
977
3301
51
58
59
2644
387
103
61
62
71
932
76
77
80
82
86
110
87
91
1502
99
7025
102
101
109
3105
1648
273
116
479
113
1668
117
118
119
120
121
125
126
892
129
131
133
134
2088
181
135
136
137
138
139
140
141
142
143
144
145
146
147
149
150
151
152
155
157
158
159
160
165
777
919
168
169
171
2477
173
174
175
177
178
179
180
4289
182
185
186
188
189
191
192
193
194
228
197
198
199
200
201
202
203
204
205
210
213
214
215
216
217
246
218
229
221
223
226
227
1480
4140
1390
230
232
233
234
237
238
242
245
247
251
253
254
1101
255
762
475
256
257
259
264
265
343
276
277
278
279
280
283
285
286
1917
1327
287
289
291
292
813
295
296
297
5433
3210
298
305
310
311
313
314
315
317
316
2558
318
319
320
322
324
327
328
330
331
3060
332
333
334
335
336
338
339
341
351
353
356
362
364
367
368
369
374
2725
3354
2747
379
3042
380
383
384
386
626
573
3831
389
392
393
395
396
3299
397
399
400
401
402
403
2108
701
404
2037
408
409
4832
1093
1072
1229
752
8759
8570
527
410
411
412
415
418
420
422
423
424
426
427
428
430
432
436
440
441
442
446
450
451
452
453
458
459
460
466
467
469
470
477
478
480
482
485
486
487
525
488
561
490
491
492
494
497
498
500
501
503
505
2440
507
508
511
513
516
523
524
2166
526
529
530
535
536
537
539
540
541
542
546
1902
548
549
550
553
555
558
559
562
563
565
566
571
581
2917
2652
582
583
1699
585
588
589
590
591
1137
592
596
597
600
1647
602
603
604
605
607
608
614
615
618
619
620
1911
622
623
625
1336
1466
633
635
638
639
640
642
643
647
648
649
650
2441
717
651
2519
653
655
657
659
660
661
662
664
665
666
667
668
672
674
675
676
2669
678
679
680
682
683
684
685
686
2499
1582
687
5366
1459
688
1331
692
689
690
693
694
696
698
783
702
703
705
706
2199
707
708
710
711
712
715
2344
719
721
722
723
725
726
727
730
731
732
734
736
739
740
741
742
743
744
745
747
748
749
750
753
757
758
759
760
2118
766
776
778
780
781
782
786
787
788
789
792
793
794
796
797
798
801
804
805
808
810
812
5314
2804
2234
815
817
818
2087
3881
820
821
822
823
824
826
827
830
831
832
834
835
836
837
839
840
841
844
845
6448
846
848
849
850
851
852
853
854
857
858
859
861
5050
863
864
865
867
868
869
870
872
873
893
1484
894
895
896
897
898
899
900
901
902
903
905
906
909
2055
911
914
916
917
3051
3500
918
921
923
926
927
928
929
930
8599
933
934
938
939
941
942
943
945
946
947
950
951
956
957
958
960
963
967
970
972
973
976
3665
4534
979
984
985
988
993
994
997
1002
1004
1006
1012
1014
1018
1025
1026
1028
1029
1030
1031
1033
1034
1039
1040
1041
1044
1049
1050
1054
1055
1056
1060
1062
1066
1067
1069
1071
1073
1077
1082
1087
1089
1261
1090
1091
1092
3721
1095
1096
1097
1098
2589
1666
1105
6285
1108
1110
1111
1667
1114
1115
1117
1119
1123
1124
1127
1128
1129
1133
1135
1136
1138
1141
1144
2418
1146
1148
1150
4477
2341
1151
1153
1161
1165
1167
1171
1172
1174
1177
1180
1182
1188
1189
1190
4476
1191
1192
1193
1194
1195
1196
1199
1201
1203
1205
1206
1207
1208
1209
1211
1213
1214
1217
1218
1220
1221
1223
1225
1226
1227
2486
1228
1230
1231
1233
1234
2058
1238
1240
1241
1242
1243
1245
1246
1247
1248
1250
1251
4739
1252
1253
1254
2406
2416
1255
1256
1257
1259
1262
1263
1265
2178
1266
1267
1270
1271
1273
1274
1275
1277
1278
1279
1282
1286
1287
1289
1293
1295
1296
1297
1298
1299
1304
1305
6074
1306
1307
1311
1312
1314
1315
1317
1319
9142
1320
1323
1324
1325
1326
1328
1334
1338
1341
1342
1344
1345
1348
1352
1353
1354
1356
1358
2651
1360
1361
1364
1365
1366
1367
1368
1370
1374
2512
1375
1377
1379
1382
1383
1384
1385
1388
1389
3976
1393
1398
1399
1400
1403
1406
1408
1409
1411
1412
1415
1416
1418
1421
1423
1424
1425
1426
1427
1429
1430
1432
1433
1434
1435
1437
1443
1446
1449
1450
1451
1452
1454
1455
1457
1458
1460
1463
1464
1465
1467
1468
1469
1473
1474
1475
1476
1477
1479
1482
1483
1485
1486
1487
1489
1490
1493
1494
1495
1503
1505
1506
1512
1515
1516
1840
1517
1521
1522
1523
1526
1527
1528
1529
1531
1532
1533
1534
1535
1538
1540
1541
1542
1544
1547
1550
1552
1553
1554
1556
1563
1566
1567
1568
5936
1574
1575
1577
3746
1578
2321
1674
2142
1585
1591
1594
1598
1599
1603
1605
1606
1608
1615
1616
1623
1624
1625
1627
2685
1628
1630
1631
1643
1644
1645
1646
1678
5191
1649
1650
1651
1653
1654
1655
1657
2741
1660
1663
1664
1665
1670
1672
1673
1676
1679
1684
1685
1686
1687
1689
1690
1691
1696
1698
1703
1709
1712
1713
1719
1722
1724
1728
1730
1731
1734
1735
1875
1736
1741
1745
1746
1749
1750
1752
1754
1757
1759
1760
1761
1762
1763
1770
1772
1773
1774
1775
3311
1776
1781
1783
1786
1788
1795
1796
1799
1804
1805
1806
1807
1813
1814
1815
1816
1817
1819
1822
1826
1827
1828
1832
1833
2878
2791
1834
1838
4000
3943
3963
8589
3919
1841
1842
1844
1845
1846
1847
1849
1850
1853
1854
1857
1858
1861
1865
1866
1867
1868
1869
1878
1882
1888
1889
1894
1895
1901
1904
1910
5025
1913
1914
1915
1916
1918
1919
1920
1921
1922
1923
1924
1925
1926
1927
1928
1929
1930
1931
1932
1933
1934
1935
1936
1937
1938
1939
1940
1941
1942
1943
1944
1945
1946
1947
1948
1949
1950
1951
1952
1953
1954
1955
1956
1957
1958
1959
1960
1961
1962
1965
1967
1970
1976
1978
1979
1981
1982
1984
1985
1987
1988
1989
1997
2003
2004
7445
2005
2007
3389
2010
2013
2017
2018
2022
2024
2025
2026
2027
2028
2030
2031
3892
2039
2040
2042
2050
2054
2056
2059
2060
2061
2062
2067
2071
2073
2076
2077
2079
2080
2084
2086
3499
2092
2093
2095
2096
2097
2101
2103
2104
2105
2106
2107
2109
2110
2111
2112
2113
2114
2117
9370
2119
2120
2121
2140
2124
2125
2126
2127
2128
2129
2130
2131
2132
2133
2134
2135
2136
2137
2138
2141
2143
2144
2145
2149
2150
2151
2154
2155
2156
8617
2170
2157
2164
8888
2167
2168
2169
2171
2172
2173
2174
2177
2179
2181
2182
2184
2185
2186
2188
2189
2190
2191
2192
2193
2194
2196
2197
2198
2201
2202
2203
2204
4581
2206
2213
2214
2217
2219
2221
2222
2224
2225
2227
2232
2233
3760
4056
2236
3464
2237
2238
2240
2242
2243
2249
2254
2256
2257
2258
2259
2260
2261
2262
2265
2267
2271
2274
2275
2277
2280
2282
2283
2286
2287
2288
2289
2290
2291
2292
2293
2294
2296
2301
2306
2307
2313
2314
2315
2316
2317
2319
2320
2322
2348
2325
2326
2327
2328
2331
2334
2543
2337
2338
2339
2340
9077
2347
2349
2350
2353
2360
2361
2362
2363
2364
2365
2366
2368
2369
2371
2372
2375
3456
2376
2377
2378
2379
2380
2381
2386
2387
2388
2392
2398
2399
2402
2957
2408
2409
2410
2412
2413
2415
2421
2422
2423
2424
2425
2426
2427
2428
2430
2437
2445
2449
2450
2451
2452
2453
2459
2460
2461
2464
2467
2469
2470
2473
2474
2476
2480
2481
2482
2484
2487
2491
2492
2493
2494
2496
2503
2504
2508
3152
2509
2511
2513
2516
2517
2523
2524
2525
2528
2529
2531
2532
2533
2534
2535
2536
2538
2539
2540
2544
2546
2548
2549
2551
2552
2553
2557
2565
2566
2568
2569
2570
2571
2573
2575
2577
2579
2580
2581
2583
2586
2588
2597
2598
2601
2602
2603
2610
2616
2617
2620
2627
2628
2632
2634
2638
5631
2639
2641
2642
2643
2648
2649
2653
2657
2660
2662
2663
2665
4188
2668
3044
2672
2673
3074
2674
2675
2678
4353
2680
2684
2693
2698
2700
2954
3059
3905
2701
2704
2705
2706
2707
2711
2713
2714
2715
2716
3827
8700
2717
2718
2720
2721
2723
2724
2727
2728
2732
2733
2734
2735
2736
2738
2742
2745
2746
2750
2751
2753
2754
2755
2758
2762
2767
2771
2772
2776
2779
2780
8881
2784
2788
2789
2792
2794
2799
2801
2803
2805
2807
2808
2812
2813
2815
2816
2819
2820
2821
2822
2823
2826
2827
2828
2830
2831
2834
2838
2839
2840
2841
5735
2842
2843
2845
2850
2851
2852
2853
2854
2855
2857
2860
2862
2864
2865
4105
8012
2866
2867
2868
2870
2871
2872
2874
2877
2880
3792
2882
2884
2886
2892
2893
2894
2895
2896
2897
2902
2905
2907
2909
2910
2911
2913
2914
2915
2919
2920
2921
2922
2926
3219
2928
2932
2933
2934
2936
2945
2951
2953
3823
6618
2959
2961
2963
2966
2967
2970
2974
2976
2977
2979
2982
2983
2984
2985
2986
2988
2992
2993
2994
2999
3002
3004
3015
3017
3020
7981
3027
3028
3030
3034
3134
3035
3377
5535
3036
3041
3177
3047
3048
3050
3053
3866
3788
3061
3065
3066
3067
3069
3070
3072
3073
3075
3076
3078
3079
3080
3991
3081
3085
3088
3089
3099
3104
3107
3108
3117
3118
3119
3120
7555
3122
3123
3126
3127
3133
3136
3137
3138
3139
3141
3142
3145
3147
3149
3151
3154
3155
3158
3159
3163
3164
3170
3171
3172
3173
3174
3176
4277
3178
3180
3184
3186
3187
3188
3190
3191
3193
3194
3195
3196
4194
3198
3199
3200
3208
3209
3211
3213
3214
3215
3936
3922
3218
3220
3223
3227
3229
3231
3232
3233
3241
3242
3244
3245
3246
3247
3252
3253
3255
3259
3262
3263
3850
3770
3264
3265
3266
3272
3273
3278
3280
3283
3284
3286
3291
3293
3294
3297
3300
3302
3305
3308
3309
3310
3316
3312
3314
3315
8825
3317
3320
3322
3323
3324
3325
3327
3331
3333
3334
3336
3337
3338
3340
3345
3348
3352
3357
3358
3359
3360
3801
3361
3369
3375
3378
3380
3381
3382
3387
5706
3393
3404
3408
3412
3421
3425
3430
3432
3435
3439
3441
3444
3448
3449
3454
3455
3519
3463
6560
3468
3472
3474
3477
3478
9085
3480
3482
3484
3485
4785
3487
3489
3490
3491
3492
3503
3505
3506
3510
3512
3513
3516
3518
3520
3521
3522
3525
3527
3530
3531
3532
3534
3535
3536
3539
3542
3544
3545
3551
3556
3558
3562
3563
3564
3568
3569
3571
3572
3573
3574
3582
3585
3590
3591
3594
3595
3601
3602
3607
3613
3621
3623
3987
3626
3627
3634
3639
3649
3651
3652
3653
3655
3656
3659
3660
3664
3666
3674
3680
3683
3691
3692
3695
3698
3699
3700
3702
3706
3710
3711
3713
3715
3716
3717
3719
3720
3726
3727
3729
3730
3731
3734
3735
3738
3740
3742
3743
3744
3749
3753
3755
3761
3762
3764
3765
3766
3767
3768
3771
3773
3774
3777
3780
3781
3785
3791
3793
3795
3796
3799
3800
3802
3804
3807
3808
3810
3811
3813
3814
3815
3816
3817
4420
3818
3819
3820
3822
3824
3825
3828
3830
3832
3834
3836
3837
3838
3841
3843
3844
3845
3846
3848
3855
3857
3858
3859
3861
3862
3863
3864
3865
3867
3869
3870
3871
3872
4759
3874
3875
3876
3877
3878
3879
3882
3883
3884
3885
3886
3887
3889
3891
3893
3895
3896
3898
3900
3901
3903
3906
3907
3909
3911
3912
3914
3916
3918
3920
3921
3923
3927
3928
3929
3930
3932
5613
3933
3935
3937
3940
3941
3942
3944
3945
3946
3947
3949
3950
3951
3953
3954
3955
3956
3959
3960
3961
3962
3965
3966
3967
3968
4576
3970
3971
3973
3974
3975
3978
3979
3981
3983
3984
3986
3988
3990
3994
3995
4002
4003
4005
4006
4007
4008
4009
4011
4014
4017
4018
4019
4020
4023
4026
4029
4031
4033
4034
4035
4036
4037
4039
4040
4042
4043
4044
4046
4047
4048
4049
4050
4052
4057
4058
4060
4061
4063
4067
4068
4072
4075
4076
4077
4081
4083
4086
4088
4089
4091
4092
4094
4098
4099
4100
4102
4103
4106
4107
4108
4109
4110
4112
4113
4114
4116
4117
4118
4119
4121
4122
4126
4128
4129
4130
4131
4133
4135
4136
4137
4139
9154
4141
4424
4142
4143
4145
4146
4147
4149
4150
4151
4152
4154
4155
4156
4157
4158
4162
4163
4164
4197
4167
4169
6800
4174
4175
4179
4181
4182
4186
4187
4189
4190
4191
4193
4198
4201
4203
4204
4205
4206
4207
4209
4211
8093
4213
4214
4215
4216
4217
4218
4220
4222
4223
4225
4228
4231
4232
4234
4239
4243
4244
4247
4248
4249
4250
4251
4253
4254
4256
4257
4260
4263
4265
4267
4268
4272
4273
4274
4275
4276
4279
4280
4282
4300
4283
4284
4285
4287
4290
4291
4294
4295
4296
4298
4299
4301
4302
4303
4304
4306
4307
4308
4309
4311
4312
4313
4315
4316
4317
4320
4321
4323
4324
4325
4327
4328
4330
4331
4332
4335
4336
4337
4340
4341
4350
4351
4355
4356
4358
4360
4362
4363
4366
4367
4368
4369
4371
4373
4374
4375
4376
4377
4378
4379
4380
4381
4382
4383
4385
4388
4389
4391
4394
4395
4396
4398
4404
4407
4408
4411
4414
4416
4417
4418
4421
4423
4425
4427
4429
4431
4432
4435
4439
4531
4445
4447
4448
4449
4450
4452
4453
4454
4455
4457
4459
4461
4462
4463
4464
4465
4466
4468
4469
4471
4472
4474
4480
4481
4483
4484
4487
4490
4492
4493
4494
4495
4498
4499
4500
4504
4505
4506
4508
4509
4512
4515
4516
4519
4521
4525
4526
4527
4528
4529
4530
4532
4535
4536
4538
4539
4541
4542
4543
4544
4549
4550
4551
4553
4555
4556
4561
4562
4573
4574
4575
4577
4578
4579
4580
4582
4583
4586
4587
4589
4590
4591
4593
4594
4595
4599
4607
6699
6681
6805
4609
4610
4611
4613
4615
4617
4619
4620
4623
4625
4627
7309
4628
4635
4638
4640
4643
4644
4646
4648
4650
4651
4652
4653
4655
4663
4666
4675
4676
4677
4680
5244
4686
4689
4690
4691
4692
4694
4695
4698
4699
4700
4703
4705
4707
4708
4709
4710
4712
4719
4720
4723
4725
4728
4732
4733
4734
4736
4740
4743
4746
4748
4750
4751
4752
4753
4754
4755
4756
4761
4764
4765
4766
4768
4769
4770
4772
4773
4776
4780
4781
4783
4784
4786
4787
4789
4790
7579
4792
4795
4796
4797
4799
4801
4802
4807
4809
4810
4811
4812
8321
8278
4813
4814
4816
4819
6345
4820
4821
4822
4823
4825
4826
4827
4828
4829
4831
4835
4838
4839
4849
4852
4859
4862
4864
4877
4878
4879
4886
4890
4896
4897
4901
4904
4905
4919
4920
4924
4925
4927
4937
4940
4941
4942
4944
4946
4947
4952
4953
4954
4955
4960
4961
4964
4965
4971
4975
4981
4983
5449
4985
4988
4991
4993
4996
5000
5006
5009
5015
5016
5018
5019
5020
5022
5027
5031
5046
5049
5051
5053
5067
5077
5078
5079
5104
5106
5108
5111
5113
5116
5117
5129
5134
5137
5143
5146
5149
5150
5151
5165
5168
5169
5171
5172
5177
5178
5179
5184
5185
5189
5193
5194
5195
5198
5199
5201
5204
5207
5215
5221
5223
5224
5225
5228
5230
5231
5232
5234
5235
5236
5237
5240
5243
5815
5245
5247
5249
5257
5259
5260
5262
5264
5270
5275
5276
5280
5284
5289
5290
5292
5295
5296
5297
5300
5302
5303
5308
5312
5316
5317
5319
5320
5321
5323
5324
5327
5329
5331
5334
5335
5337
5338
5342
5345
5346
5348
5349
5350
5353
5355
5356
5359
5360
5362
5363
5364
7065
5368
5372
5375
5376
5377
5378
5380
5381
5384
5385
5386
5387
5388
5390
5395
5398
5399
5403
5404
5406
5408
5409
5410
5412
5414
5416
5418
5419
5421
5422
5425
5426
5427
5428
5429
5430
5431
5432
5434
5440
5445
5447
5448
5450
5451
5452
5453
5454
5456
5457
5460
5462
5464
5467
5468
5473
5477
5478
5479
5480
5482
6088
5485
5486
5487
5492
5493
5496
5502
5504
5505
5513
5514
5517
5518
5520
5521
5525
5528
5530
5533
5534
5537
5538
5544
5553
5557
5561
5563
5564
5566
5567
5570
5571
5577
5578
5583
5589
5595
5596
5598
5601
5602
5603
5604
5607
5608
5609
5610
5612
5615
5616
5617
5618
5619
5623
5627
5628
5630
5632
5633
5634
5636
5638
5641
5643
5645
5647
5650
5651
5653
5656
5657
5662
5663
5665
5669
5670
5672
5675
5676
5678
5680
5681
5682
5684
5686
5687
5689
5694
5696
5697
5700
5703
5709
5710
5715
5717
5719
5729
5731
5732
5734
5738
5741
5743
5746
5749
5751
5755
5756
5758
5759
5760
5761
5762
5763
5764
5769
5770
5773
5776
5778
5779
5781
5782
5783
5784
5791
5792
5794
5795
5797
5800
5802
5803
5805
5810
5812
5813
5817
5818
5820
5824
5826
5829
5830
5831
5834
5840
5841
5842
5844
5845
5847
5850
5853
5854
5859
5860
5862
5864
5867
5868
5869
5873
5874
5875
5878
5882
5886
5890
5891
5895
5898
5904
5918
8591
5919
5920
5924
5925
5926
5928
5929
5931
6396
5941
5943
5949
5954
5956
5957
5962
5968
5969
5970
5971
5973
5976
5978
5979
5981
5983
5986
5989
5993
5996
6001
6002
6003
6007
6008
6009
6018
6020
6025
6030
6036
6037
6040
6041
6042
6043
6048
6050
6056
6062
6064
6065
6066
6071
6075
6079
6080
6081
6082
6090
6091
6093
6095
6096
6101
6104
6105
6110
6112
6117
6119
6120
6121
6128
6129
6131
6134
6137
6141
6147
6150
6154
6155
6160
6161
6167
6169
6170
6171
6176
6177
6178
6184
6186
6200
6203
6205
6206
6210
6214
6217
6219
6220
6224
6230
6233
6234
6244
6250
6262
6266
6267
6270
6273
6274
6276
6277
6282
6284
6293
6295
6310
6311
6328
6334
6338
6340
6341
6342
9506
6346
6348
6349
6359
6360
6361
6366
6367
6368
6374
6378
6393
7564
6402
6421
6424
6430
6431
6432
6441
6447
6453
6455
6462
6463
6464
6466
6467
6469
6470
6474
6478
6489
6491
6498
6504
6512
6515
6521
6527
6532
6534
6535
6536
6537
6538
6539
6541
6542
6543
6544
6545
6546
6547
6548
6549
6550
6551
6552
6554
6555
6556
6557
6558
6561
6563
6567
6569
6570
6571
6572
6575
6577
8559
6580
6581
6582
6583
6585
6586
6587
6590
6591
6592
6593
6594
6595
6601
6603
6604
6605
6607
6608
6609
6610
6611
6612
6613
6614
6615
6617
7493
6620
6621
6623
6625
6626
6628
6629
6630
6631
6632
6633
6634
6635
6636
6637
6638
6639
6640
6641
6642
6643
6644
6645
6646
6648
6649
6651
6652
6653
6654
6655
6656
6657
6659
6661
6662
6664
6668
6669
6670
6671
6672
6674
6675
6679
6680
6682
6683
6685
6686
6687
6688
6690
6691
6692
6693
6696
6697
6701
6702
6703
6705
6706
6707
6708
6710
6711
6715
6716
6718
6720
6721
6722
6723
6724
6729
6730
6731
6735
6736
6737
6741
6744
6745
6746
6747
6749
6750
6753
6755
6761
6762
6764
6765
6766
6770
6771
6772
6775
6776
6777
6778
6782
6783
6785
6787
6789
6790
6791
6792
6796
6797
6798
6799
6802
6804
6807
6808
6810
6811
6815
6816
6818
6819
6823
6828
6829
6830
6831
6833
6834
6836
6838
6839
6840
6842
6843
6844
6845
6847
6849
6850
6855
6856
6859
6861
6863
6867
6869
6870
6871
6872
6873
6874
6876
6877
6880
6881
6882
6885
6886
6887
6888
6890
6892
6893
6896
6897
6901
6902
6903
6904
6905
6907
6918
6919
6923
6930
6933
6936
6937
6941
6945
6946
6947
6948
6949
6950
6951
6952
6953
6954
6955
7775
6957
6958
6962
6963
6967
6974
6977
6982
6983
6984
6988
6992
6993
6997
6999
7004
7007
7014
7018
7023
7026
7031
7036
7042
7043
7051
7054
7056
7061
7062
7063
7066
7080
7081
7084
7088
7089
7092
7093
7096
7105
7117
7123
7133
7135
7139
7145
7147
7149
7150
7156
7163
7167
7190
7192
7196
7198
7199
7206
7208
7209
7212
7213
7214
7216
7217
7219
7220
7223
7228
7229
7230
7236
7238
7240
7241
7242
7247
7253
7257
7261
7264
7265
7266
7267
7268
7270
7274
7275
7281
7282
7283
7285
7289
7291
7292
7293
7294
7297
7298
7303
7305
7306
7307
7311
7312
7315
7316
7317
7319
7320
7322
7323
7325
7326
7327
7328
7330
7331
7332
7333
7334
7337
7338
7339
7341
7347
7352
7354
7360
7362
7363
7366
7371
7378
7379
7383
7384
7386
7388
7392
7395
7396
7398
7400
7402
7404
7406
7407
7408
7409
7411
7413
7414
7415
7416
7417
7423
7427
7428
7429
7430
7431
7438
7441
7442
7443
7447
7448
7449
7451
7452
7453
7454
7455
7456
7458
7460
7461
7462
7465
7466
7467
7468
7469
7470
7472
7473
7474
7476
7477
7479
7482
7483
7484
7485
7486
7487
7489
7490
7491
7496
7497
7498
7499
7502
7503
7507
7509
7514
7515
7517
7519
7520
7521
7523
7524
7525
7527
7530
7534
7538
7542
7548
7549
7552
7554
7558
7559
7814
7567
7569
7570
7574
7581
7587
7588
7593
7594
7597
7603
7604
7605
7608
7610
7617
7618
7625
7627
7630
7636
7637
7639
7640
7647
7648
7660
7661
7663
7664
7665
7666
7668
7684
7689
7693
7694
7697
7701
7702
7705
7706
7707
7717
7718
7721
7723
7724
7727
7732
7733
7741
7748
7757
7768
7769
7774
7779
7786
7789
7790
7791
7792
7796
7798
7799
7802
7811
7813
7815
7817
7820
7826
7827
7830
7832
7834
7835
7836
7838
7839
7840
7843
7845
7848
7850
7856
7858
7866
7875
7876
7880
7882
7896
7897
7904
7915
7916
7920
7927
7934
7943
7945
7955
7956
7957
7961
7963
7967
7970
7972
7976
7983
7984
7985
7990
7993
7994
7997
7998
8001
8007
8008
8011
8013
8014
8015
8016
8017
8018
8019
8020
8021
8022
8023
8024
8025
8026
8027
8028
8029
8030
8031
8032
8033
8034
8035
8036
8037
8038
8039
8040
8041
8042
8043
8044
8045
8046
8047
8048
8051
8053
8054
8055
8056
8059
8062
8066
8067
8068
8069
8070
8073
8075
8079
8080
8085
8087
8089
8092
8094
8095
8096
8097
8098
8099
8106
8111
8113
8116
8123
8125
8127
8132
8133
8135
8136
8138
8142
8146
8148
8149
8152
8153
8157
8159
8163
8164
8171
8174
8177
8178
8180
8181
8182
8185
8186
8189
8190
8191
8193
8194
8195
8200
8203
8205
8208
8209
8215
8218
8219
8238
8242
8243
8247
8251
8254
8261
8268
8274
8275
8277
8281
8282
8288
8290
8299
8301
8315
8316
8326
8327
8328
8332
8335
8337
8340
8344
8345
8346
8350
8352
8356
9444
8357
8360
8362
8365
8368
8369
8371
8372
8375
8379
8380
8381
8384
8385
8386
8387
8389
8391
8395
8396
8398
8399
8403
8407
8408
8410
8413
8430
8431
8432
8433
8439
8444
8446
8447
8449
8450
8681
8451
8452
8453
8455
8456
8457
8458
8459
8460
8466
8469
8470
8471
8472
8475
8476
8477
8479
8480
8481
8483
8484
8486
8487
8488
8492
8493
8494
8496
8497
8498
8503
8505
8506
8508
8511
8513
8515
8516
8519
8523
8525
8526
8530
8531
8532
8533
8534
8535
8536
8537
8538
8539
8542
8543
8546
8550
8552
8554
8557
8558
8564
8566
8568
8569
8572
8573
8574
8575
8577
8581
8582
8583
8585
8586
8587
8588
8592
8593
8595
8596
8597
8601
8605
8606
8608
8609
8610
8613
8614
8616
9070
8618
8619
8620
8621
8623
8624
8627
8628
8629
8630
8631
8632
8635
8637
8638
8639
8640
8641
8642
8644
8645
8646
8647
8648
8649
8653
8655
8658
8660
8661
8662
8663
8664
8665
8667
8668
8669
8670
8672
8674
8675
8677
8678
8682
8683
8684
8689
8690
8691
8692
8696
8697
8698
8699
8701
8702
8703
8706
8707
8708
8709
8713
8714
8715
8716
8717
8718
8719
8720
8721
8725
8728
8729
8997
8731
8736
8739
8742
8743
8744
8745
8746
8747
8749
8751
8752
8753
8754
8756
8760
8763
8764
8765
8766
8767
8769
8771
8772
8774
8775
8777
8779
8782
8783
8784
8785
8786
8787
8789
8795
8796
8797
8800
8801
8803
8806
8811
8813
8814
8817
8820
8822
8827
8829
8830
8836
8837
8839
8841
8842
8843
8844
8845
8846
8848
8849
8851
8852
8853
8854
8856
8857
8858
8859
8860
8861
8863
8864
8865
8866
8867
8868
8869
8870
8871
8872
8873
8874
8875
8876
8877
8879
8880
8882
8883
8885
8886
8887
8889
8890
8891
8892
8893
8894
8895
8896
8897
8898
8900
8901
8902
8903
8904
8905
8906
8907
8909
8910
8911
8912
8913
8914
8915
8916
8917
8918
8919
8920
8921
8922
8923
8924
8925
8926
8927
8928
8929
8930
8931
8932
8933
8934
8935
8936
8937
8938
8940
8941
8942
8943
8944
8945
8946
8947
8948
8949
8950
8951
8952
8953
8954
8955
8956
8957
8958
8959
8960
8961
8962
8963
8964
8965
8966
8967
8968
8969
8970
8971
8972
8973
8974
8975
8976
8977
8978
8980
8981
8982
8983
8984
8985
8986
8987
8989
8991
8992
8993
8994
8995
8998
8999
9001
9002
9003
9004
9005
9006
9007
9008
9009
9010
9011
9012
9013
9014
9016
9018
9019
9020
9021
9022
9023
9024
9025
9027
9028
9030
9032
9033
9034
9036
9037
9038
9039
9040
9043
9044
9045
9046
9047
9049
9050
9051
9052
9053
9054
9055
9056
9057
9058
9060
9062
9063
9064
9065
9066
9067
9068
9071
9073
9074
9075
9076
9078
9080
9083
9084
9086
9087
9089
9091
9093
9094
9095
9096
9097
9100
9102
9106
9108
9109
9110
9111
9113
9114
9115
9116
9117
9118
9121
9123
9125
9126
9128
9130
9133
9136
9138
9139
9141
9143
9144
9146
9150
9151
9153
9182
9155
9156
9157
9158
9159
9160
9163
9166
9167
9170
9171
9172
9178
9179
9180
9183
9184
9188
9189
9190
9191
9192
9193
9195
9199
9201
9202
9204
9205
9206
9208
9209
9210
9212
9214
9216
9217
9220
9221
9222
9223
9224
9226
9227
9230
9232
9233
9234
9235
9237
9238
9239
9240
9241
9242
9243
9244
9245
9246
9248
9250
9251
9252
9255
9258
9260
9263
9265
9266
9268
9272
9274
9275
9276
9279
9280
9282
9286
9289
9290
9291
9292
9293
9294
9296
9297
9298
9299
9300
9302
9303
9305
9307
9308
9310
9312
9313
9314
9315
9316
9318
9319
9320
9321
9322
9325
9327
9330
9331
9332
9334
9335
9336
9337
9338
9339
9340
9342
9344
9345
9346
9347
9349
9350
9352
9355
9356
9357
9358
9359
9360
9361
9362
9363
9365
9366
9367
9369
9371
9372
9377
9380
9383
9384
9385
9386
9391
9392
9393
9394
9395
9396
9398
9399
9400
9401
9404
9405
9406
9410
9412
9414
9415
9416
9417
9418
9419
9420
9422
9424
9426
9428
9429
9430
9431
9434
9438
9439
9440
9441
9442
9445
9446
9447
9448
9449
9451
9452
9454
9456
9457
9461
9462
9464
9467
9471
9472
9473
9475
9476
9477
9478
9479
9480
9481
9484
9485
9486
9487
9488
9489
9490
9492
9493
9500
9501
9502
9504
9507
9508
9510
9511
9512
9515
9516
9517
9518
9520
9521
9523
9524
9525
9526
9527
9528
9532
9535
9536
9538
9540
