2
273
234
6202
149
5
9
641
10502
10
9707
211
22
7865
2297
15322
11
577
1705
51
12
13
135
13592
10714
60
6943
25
1505
10226
2547
26
30
12191
33
1031
265
9235
282
2083
7623
4700
8416
3173
231
2427
299
49
50
55
1281
56
58
6761
59
10369
7919
67
20619
68
69
2612
70
71
21121
27137
27081
27015
26869
10729
27192
27066
27163
72
15489
199
185
7069
73
159
75
76
1187
79
80
90
81
82
88
86
221
87
94
95
171
100
101
11270
1259
14446
5871
629
7293
3635
103
104
105
15644
107
108
416
1250
450
109
352
9169
491
1045
110
115
704
116
7413
118
119
120
123
124
127
130
2028
132
1412
1767
4979
133
134
158
136
137
138
139
140
142
143
1694
144
2672
145
146
148
1145
150
151
25815
154
157
5859
160
161
4017
10615
2151
163
604
169
10352
170
1717
17470
172
174
18031
7481
179
183
184
189
190
191
1163
192
198
7299
5003
205
1258
206
210
881
2545
2068
1168
215
217
16113
20875
5484
220
226
227
230
7393
14243
395
18386
6588
233
237
238
245
248
249
250
251
253
254
255
256
257
1764
8912
1360
260
264
271
272
274
275
13058
12488
6639
14558
3128
7609
2671
10558
9215
276
13383
278
279
12652
280
624
284
6711
285
286
287
24442
289
5172
291
14814
3366
3905
292
296
297
298
16132
3833
14364
300
10566
301
8440
302
303
304
306
311
3533
339
361
312
313
315
316
317
319
320
7854
321
322
325
2336
1761
6227
3686
333
336
3375
2322
15766
10487
6009
335
380
326
327
12354
340
341
342
343
14081
344
350
355
358
359
360
364
365
2642
1500
368
372
374
375
376
379
14435
381
382
383
384
387
391
1033
394
397
398
399
3588
2955
400
401
402
405
408
409
412
2294
413
417
418
419
422
423
424
460
428
430
431
2203
432
434
436
437
443
448
449
451
455
456
457
458
459
461
462
13661
463
464
465
466
467
469
473
478
479
483
484
493
497
501
502
506
509
517
525
528
21504
534
535
537
539
2860
541
542
671
555
558
559
560
562
567
2325
569
571
573
578
1741
583
1648
1649
5164
584
586
595
596
598
9508
600
601
602
603
608
609
5733
612
613
614
615
618
621
3712
776
1934
622
20974
625
20481
1864
7822
626
628
6738
631
632
3001
635
6969
1883
5524
636
637
638
639
640
11308
642
644
646
647
17433
4635
648
2897
649
1307
651
1638
9847
655
657
658
659
15616
2170
660
661
662
663
664
665
666
667
668
669
670
672
676
677
678
679
11403
5107
3697
1055
680
687
690
693
694
698
5586
700
701
729
702
703
13818
3308
717
718
720
723
725
731
732
735
736
737
738
739
740
744
748
750
751
752
753
754
757
761
762
764
765
777
767
768
771
774
778
779
3014
780
781
782
783
784
785
786
3879
787
788
789
790
792
3996
793
795
797
798
802
803
805
806
807
811
813
816
817
819
839
840
3552
841
842
843
844
845
846
847
17556
848
849
850
851
852
853
854
855
856
857
858
859
3137
860
861
862
863
864
865
868
870
871
872
873
874
875
877
878
879
880
882
884
885
886
887
889
890
893
894
896
897
898
899
900
901
902
903
904
906
908
909
910
911
914
915
916
917
918
920
921
922
926
928
931
932
933
934
5778
935
938
939
940
942
943
944
947
948
949
952
953
955
956
957
958
959
960
961
962
963
964
966
967
968
969
970
972
974
975
15354
976
979
980
981
982
983
984
985
987
988
19608
21956
989
990
992
993
994
995
996
997
998
999
1000
1001
12769
1002
1003
9948
1004
1005
1009
1010
1011
1012
1013
1014
1015
1017
1018
1019
1022
1023
1024
15876
1025
1026
1030
3263
1032
1879
10840
1342
1034
1036
1037
1038
1042
1340
2968
1043
21518
20787
1044
4372
1047
1049
1052
1053
1054
6222
1056
1057
1059
1060
1061
1062
1066
1067
1068
1072
1073
1074
1076
1081
1083
1084
1085
1087
1088
2385
1089
1090
1091
1092
1095
1097
1098
1099
1103
1104
1107
1108
1115
1117
1119
1121
1122
1124
1125
1127
1130
1134
1135
1136
1138
1140
1141
1143
1144
1146
1147
1702
1149
1150
1151
1152
1154
1156
1157
1161
1162
3736
1164
1165
1167
1170
1171
1172
1173
1174
1175
1176
10628
16680
2477
1178
1180
1181
1182
1185
5246
1189
1190
1193
1194
1195
1197
1198
1199
1201
1203
1206
1207
1208
1209
1211
1212
1213
2780
1215
1217
1218
1220
1221
1223
1224
1225
1228
1230
1231
1232
1234
2900
1238
1239
1240
1241
1242
13758
1243
1244
1245
1246
1247
1249
4133
1743
1253
1255
1256
1260
1263
1265
1267
1268
1269
5737
1271
1273
1275
14309
1276
6720
13704
1277
1279
2623
1280
5747
1282
1283
1284
1285
1287
1290
1291
1293
1295
1296
1297
1298
1300
1301
1302
1303
1306
11203
4305
13533
1308
20462
1309
1311
1314
1316
1317
1320
1321
1322
1324
1325
1326
1327
1330
1331
14927
8807
1334
1335
1336
1338
4116
1343
1344
1345
1346
1347
6714
1350
1352
16491
1353
1354
1357
1359
12738
10056
15946
8203
16082
1620
9567
1362
1365
1366
1367
1368
1370
1647
1372
1373
1376
1377
1378
1379
1380
1381
16109
1382
1383
1384
1385
2669
1389
1390
1392
1394
1396
1397
1402
1404
1405
1406
1407
1408
4502
1409
6562
1627
1411
1452
12174
1413
1414
13020
1417
1421
1422
1424
1425
1426
1427
1429
1431
1432
1435
1436
1438
1440
1441
1442
1443
1444
1445
1446
1447
1448
14049
1455
1456
1457
1459
1460
1463
1465
1470
1471
1473
1474
1480
1481
8272
1486
1487
1488
1492
1495
1496
1498
4393
15514
1502
1503
3840
4491
2958
13720
8759
19518
21195
17101
9809
4211
12916
1504
2724
8607
4731
5727
1510
1511
1514
1516
1518
1970
1519
1520
20928
1522
1523
1524
1525
1526
1528
1532
1533
1535
1536
1538
6571
1540
1543
1544
1545
1547
17249
1551
1552
1555
1556
1558
1560
1561
1562
1564
1565
1569
1570
1753
1573
1574
1578
1579
11897
1582
1583
1585
1586
1589
1590
1592
1593
1594
20027
1602
1604
1605
1606
1607
1609
1610
1611
1613
1617
1619
17130
19631
1623
1624
1628
1630
1633
1635
1639
1640
1643
1653
1654
1655
1657
1659
22106
1662
2202
1663
1664
1665
1667
1670
1672
1674
3266
8583
1678
1679
1682
1683
1686
1687
1688
1689
1693
1697
1699
1700
1701
1704
1706
1709
1710
1712
1714
1715
1716
1719
1720
1721
1725
1726
1727
1731
1733
1735
1736
1737
1739
1744
1747
1749
2818
1751
1752
5921
12783
1755
1759
1760
16014
4079
5746
10926
1763
9722
1765
1766
8711
6744
5961
2475
2004
1768
1769
10733
1773
1774
1775
1777
2653
1778
1779
1780
1781
1782
1783
1784
1785
1786
1789
1792
1793
1795
1798
1799
14460
1802
1803
1806
1807
1808
1809
1810
1811
1813
1816
1818
15595
1819
1828
1829
2108
1831
1832
1833
1834
1835
1838
1839
1840
1843
1844
1846
1848
1849
1850
1851
1852
1853
1854
1857
6707
1858
1859
1860
1861
1862
1863
1867
1868
1870
1873
1876
1878
1880
1884
1885
1889
2903
1892
1893
1894
1899
1900
1901
1902
1903
1956
1904
1905
1906
1907
1909
1913
1914
1916
1917
1919
1922
1924
1927
1928
1931
1932
1933
1939
1940
1942
1943
1944
1946
1947
1949
1950
1953
1954
1958
1964
1965
7534
1966
11408
1968
1969
2870
3142
1971
1972
1973
1974
1975
1976
1979
1981
3224
1983
1984
1985
1987
1989
1990
1992
2885
1994
1996
1999
2000
2001
2002
2007
2008
13903
7530
2009
2010
2013
2014
10836
2533
2016
2017
2099
2025
2026
2027
2029
2030
2034
2035
2036
2038
2040
2042
2043
2044
3230
2046
2047
2048
2051
2054
2055
13905
2056
2057
2058
2063
2064
2065
2067
2070
2071
2072
2079
2080
2081
2082
2085
2087
2088
2089
2090
2092
2095
2096
3876
12983
2630
12513
2097
2098
2100
2101
2103
2104
2105
2107
2109
2111
5128
8605
2113
2117
2120
2121
2124
2126
2127
2129
2131
2132
2134
2135
2136
2138
2139
2140
2141
2143
2144
2150
11923
2152
2153
2155
13122
4975
2159
2161
2162
2163
2167
2169
2173
2174
2176
2177
2178
2179
2180
2181
2182
2183
2184
2185
2186
2187
2189
2190
2194
2195
2197
2198
2201
14061
2206
2208
2209
2210
2211
2212
2214
2215
2217
2218
2221
2224
2225
2226
2227
2228
2231
21969
2232
2233
2234
2235
2236
2237
2238
16966
23255
2239
19299
2240
2241
2242
2243
2244
2245
2246
2247
2248
2249
2250
2251
2252
2253
2255
2256
2259
2260
2261
2264
2268
2269
2270
2271
2273
2274
2275
5584
2276
2277
2278
2281
2283
2284
2285
2290
2292
2293
2295
2296
2299
4040
2300
2301
2302
2306
2307
2308
2311
2313
2314
2315
2316
2317
2318
2323
2324
2327
2328
2329
2330
2331
2335
2337
4290
15324
2338
2339
2342
2343
2344
2345
2347
2348
2349
2350
2354
2356
2357
2358
2361
2362
2363
2364
2365
2366
2367
2368
2370
2372
2374
2375
2376
2379
2381
2382
2384
2386
2387
2388
2391
2392
2393
5487
2395
2397
2399
2400
2560
11681
11813
2403
2404
2407
2408
2409
13894
2410
2411
2412
2413
2414
2415
2416
8987
2417
16568
2523
2419
2420
2422
2423
2424
2426
3236
8437
5789
2428
2429
2430
2432
2433
2434
2435
2436
2438
2439
2440
2442
2444
2445
2446
2447
2450
2464
5191
2863
3164
2451
2452
2453
2456
2458
2459
2460
2462
2463
2465
2466
2467
2468
2469
2470
2471
2472
2473
2474
16267
2476
12940
2478
2505
2480
2481
2483
2488
2489
2490
2491
6312
15236
4190
2492
2493
2494
2496
2497
2501
2503
2506
2507
2508
2509
2510
2511
2514
2515
2516
2518
2519
2520
2521
2522
2524
2525
2526
2528
2530
2531
2534
2902
2536
2537
2538
2539
2540
2541
2544
2546
2548
2549
2550
2551
2554
2555
2556
2558
2559
2562
2566
2567
2569
2570
2571
2572
2575
2576
2578
2579
2580
2581
2583
2584
2585
2586
20617
2588
2589
2590
2591
2592
2593
2594
2597
2598
2599
2600
2601
2602
2603
2604
2608
2609
2613
14384
5183
2614
2615
15395
2617
2618
2619
2620
2622
2624
2626
2627
15511
5886
2628
2629
2632
2633
2634
2635
2637
2638
2639
2640
2641
27251
2644
2645
2648
2649
2650
2651
2652
2654
2655
2656
2660
2661
2662
2663
2664
2665
2666
2667
2668
2670
2673
2674
2675
2677
2678
2680
2681
2683
2684
2685
2686
2687
2688
2689
2690
2693
2694
2695
2696
2697
2698
2699
2700
2701
2704
2705
2707
2708
2709
2710
2711
2712
2714
2716
2718
2719
2720
2722
2723
2726
2727
2728
2729
2731
2734
2736
2737
2738
2739
2740
2741
2743
2744
2745
2746
2748
2749
2750
2751
2752
2755
2756
2757
2758
2759
2763
2764
2765
3220
2766
2767
2769
2771
2772
2773
2775
2777
2778
21263
2781
2782
2783
2784
2785
2786
2787
2788
2789
2790
2791
2835
2792
2793
2794
2795
2796
2797
2798
2799
2800
2801
2802
8424
2803
2808
2810
2811
2815
2816
2819
2820
2825
2826
2827
2828
2829
2830
2831
2832
2833
2834
2836
2837
2838
2839
2840
2841
2842
2843
2845
2846
2847
2848
2849
2851
2853
2854
2855
2857
2858
2859
2861
2862
2864
2865
2866
2871
2872
2873
2876
2877
2880
2881
2882
2884
2887
2889
2890
2891
5866
4858
2892
2893
2894
2895
2896
2899
2901
12705
14030
2906
2907
2908
2909
2910
2911
2912
2915
2916
2917
2918
2919
2920
2921
2922
2924
2925
2926
2927
2928
2930
2931
2932
2933
2934
2936
2937
2939
2940
2942
2943
2944
2946
2947
2948
2949
2952
2954
2956
2957
2959
2961
2963
2964
2965
2966
2969
2971
2972
2975
2976
2977
2978
2980
2983
2984
2985
2987
2988
2989
2990
2991
2993
2994
2996
2997
2998
3000
8537
3002
3003
3004
3005
3006
3007
3008
3009
7350
3011
3012
3016
3017
3019
3020
3021
3022
3025
3026
3027
3028
3029
3030
3031
3032
3035
3037
4225
3040
3041
3042
3044
3046
3047
3050
3051
3052
3053
3055
3056
3057
3059
3060
9510
3061
3062
3063
3064
3065
3066
3068
3069
3070
3075
3076
3077
3079
3080
3081
3083
3085
18681
3086
3087
14749
3088
3089
3090
3091
3094
3095
3096
3097
3098
14343
3101
3104
3105
3106
3107
3109
3114
3116
3117
3119
3120
3122
3123
3124
3126
15085
3129
3132
3135
3136
3138
3139
3141
14822
3143
3145
3147
3148
3149
3150
3151
3152
3154
3156
13143
3162
3163
3165
3166
3167
3169
3170
3171
3172
3174
3177
7499
3178
3179
3181
3182
3183
3185
3186
3188
3189
3190
3191
3192
3194
3195
3197
3199
3200
3201
3204
3206
3208
3209
3210
3211
3213
3214
3215
3217
3219
3222
3223
3227
3229
3232
3233
3235
3381
3239
3240
3241
3244
3245
3247
3248
3251
3252
3253
3254
3255
3256
3258
3259
3261
3264
3267
3269
3270
16326
3273
3274
3275
3276
3278
3280
3281
3282
3283
3284
3285
3287
3290
3291
3292
3294
3295
3296
3297
3300
3301
3302
3304
3305
3307
3309
3311
3314
3316
3317
3318
6760
3319
3323
3324
13811
3325
3376
3328
3329
10219
3332
3333
3334
3335
3337
3338
3339
3340
3342
3343
3344
3345
3347
3349
3350
3351
3352
3355
3356
3359
3360
3361
3365
3368
3370
3374
3377
3378
3379
3380
5635
3384
11244
3385
3386
3388
3391
3392
3393
3394
3396
3397
3398
3399
3400
3401
3402
3403
3405
3406
3407
3409
9921
14941
3410
3411
3412
3414
3415
3416
3417
3418
3419
3420
3421
3423
3424
3429
3430
3431
3432
3433
3436
3437
3439
9721
3440
3441
3443
3444
3446
3448
3449
3450
3451
3453
3454
3455
3456
3457
3458
3459
3460
3461
3463
3464
3465
17842
3469
3470
3471
3472
3473
3475
3477
3481
3482
3483
3484
3485
3486
3487
3488
3490
3491
3492
3493
3494
3498
3499
3500
3503
3504
3507
3508
3509
3511
3512
3513
3514
3516
3518
3519
3520
3521
3522
3526
3528
3529
3530
3531
3534
3535
3536
3537
3538
3540
3541
3542
3545
3546
3549
3550
3551
3553
3554
3555
3557
3559
3560
3561
3562
3569
3571
3573
3574
3575
3576
3578
3581
3582
3583
3584
3585
3586
3587
3589
3590
9826
3592
3593
3594
3595
3596
3597
3598
3599
3601
3602
3603
3605
3606
3607
3608
3609
3610
3611
3612
3613
3614
3616
3617
3618
3619
3620
3623
3624
3625
3627
3630
3632
3633
3634
3638
3639
3640
3641
3642
3644
3646
3648
3650
3652
3653
3654
3655
3656
3657
3659
3660
3661
3662
3663
3666
3668
3669
3671
3672
3674
3675
3676
3678
3679
3680
3681
3685
3687
3688
3689
3690
3691
3692
3693
3694
3695
3696
4733
3698
3699
3700
3701
3702
3703
3705
3709
3711
3718
3719
3720
3721
3723
3724
3727
3730
3731
3733
3734
3735
3737
15887
3738
3739
3740
3741
3742
3745
3749
3750
3751
3752
3753
3754
3755
3756
3760
3761
3762
3763
3765
3766
3767
3768
3769
3770
3773
3774
3777
3778
3779
3780
3781
3782
3783
3784
3786
3787
3788
3789
3792
3794
3796
3797
3801
3802
3803
3804
3805
3808
3812
3813
3817
3818
3821
3824
3825
3827
3829
3831
3832
3834
3835
3836
3837
3838
3839
3841
3842
3843
3846
3847
3848
3849
3851
3852
3853
3854
3855
3856
3857
3858
3859
3860
3861
3862
3863
3864
3865
3866
3867
3868
3870
3871
3873
3874
3875
3880
3881
3886
3887
3889
3890
3891
3892
3894
3896
3897
3899
3901
3902
3903
3904
3906
3908
3911
3912
3913
3914
3919
3920
3921
3922
3924
3925
3926
3927
3928
3929
3930
3931
3933
3934
3936
3937
3938
3940
3942
3945
3946
3947
3948
3949
3950
3951
3952
3953
3954
3955
3956
3958
3959
3961
3963
3964
3966
3967
3969
3971
3972
3975
3979
3981
3982
3984
3986
3988
3989
3990
3993
3994
3995
3997
3998
3999
4000
4001
4002
4003
4004
4009
4010
4011
4012
4014
4015
4016
4018
4020
4021
4246
4022
4023
4024
4025
4026
4027
4028
4029
4031
4032
4033
4034
4036
4035
4037
4039
4042
4043
4046
4047
4048
4049
4050
4052
4053
4054
4056
4057
4058
4062
4063
4067
4070
4074
4075
24319
4077
4078
4080
4081
4083
4088
4089
4090
4094
4095
4100
4103
4104
4105
4108
4113
4114
4118
4119
4120
4121
4124
4125
4128
4129
4130
4131
4132
4134
4136
4137
4139
4140
4142
4145
4146
4148
4149
4151
19078
4152
4154
4155
4158
4159
4161
4162
4163
4164
4165
4166
4167
4168
4171
4172
4173
4174
4177
4178
4180
7376
4182
4183
4184
4186
4187
4188
4189
4191
4192
4193
4195
4196
4197
4198
4199
4200
4202
4204
4206
4207
18345
24289
4208
4209
4210
4212
4213
4214
4216
4217
4222
4226
4229
4230
4231
4232
4233
4234
4235
4236
4237
4238
4239
4241
4242
4243
4245
4249
4250
4251
4252
4253
4255
4256
4260
4263
4265
4266
4268
4270
4272
4276
4278
4280
4281
4282
4283
4284
4285
4286
4288
4289
5988
4294
4296
4297
4299
4300
4302
4306
4307
14664
15241
4311
4313
4315
23520
4316
4320
4325
4326
4327
4329
4330
4332
13427
4336
4337
4338
4339
4343
4346
4348
4349
4352
4353
4354
4355
4356
4357
4358
4359
4362
4365
4366
7709
4371
4374
7212
4375
4376
4378
4380
9338
4381
4382
4384
4385
4388
4392
4395
4396
8267
4398
4399
4402
4403
4408
4409
4410
4411
7043
4416
4417
4419
4420
4421
4422
4424
4425
4430
4433
4436
4438
4439
4440
4445
4446
4447
4448
4449
4451
4452
4453
4454
4455
4456
4459
4461
4464
4465
4471
4472
4473
11165
4480
4481
4482
4483
4484
4486
4489
4493
4494
4496
4499
4500
4501
4503
4504
4505
4508
4509
4510
4513
4515
8051
4516
4520
4521
4522
4524
4525
4527
4528
4530
4532
4534
4535
4537
4538
4540
4541
4542
4543
4545
4546
4547
4548
4551
4552
4553
12440
4554
9858
4555
4556
4558
4559
4561
4562
4565
4567
4568
4573
4574
4575
4580
4581
4582
4585
4590
4591
4593
4596
4597
4600
4604
4607
4610
4612
4614
4615
4616
4618
23401
4619
4621
5386
4622
4623
4625
4626
4628
4631
4634
4636
4639
5441
4645
4647
4651
4652
5026
4653
4654
4655
4656
4658
4662
4664
4665
4666
4667
4668
4669
9390
4670
4671
4673
4675
4676
4680
4681
4682
4683
4686
4687
4690
19222
4691
4693
4694
4704
4706
4707
4941
4708
4709
4713
8179
4714
4721
4722
4723
4724
4726
4727
4728
4729
4730
4734
4736
4737
4739
4741
4742
4743
4744
4747
4751
4754
4755
4757
4758
4761
4764
4766
4770
4774
4775
4780
4782
4785
4788
4791
4793
4794
4796
4797
4799
4800
4802
4806
4812
4813
4814
4816
4817
4818
4823
4825
4826
4829
4831
20814
4833
4834
14721
4839
4847
4848
4925
4853
4854
12409
4856
4859
4860
4862
4863
4865
4866
4867
4868
4869
4871
4876
4878
4880
4881
4883
4890
4891
4894
4895
4897
4898
4904
4906
4908
4912
4915
4924
4927
4932
4934
4936
16814
4935
4938
4939
4940
4943
4945
4948
4950
4951
4952
4954
4955
4957
4958
4959
4960
4962
4964
4965
4976
4978
4986
4989
4990
6583
4991
4993
4994
4996
18829
4998
10077
5004
5005
5009
5013
5014
5015
5016
5018
5020
5023
5025
5031
5033
5034
5036
8190
5037
5040
5042
5049
5050
5051
5055
5060
5061
5062
5063
5065
5072
5074
5078
5084
5091
5092
5094
5096
5097
5098
5100
5101
5103
5108
5110
5111
5117
5168
5120
19349
5122
5123
5124
5360
5127
5129
5131
5132
5134
5135
5137
5142
5147
5148
5150
5151
5152
5153
5154
5155
5162
5163
5166
6572
5169
5170
7354
5177
5178
5179
5181
5182
17707
5184
5189
9376
14062
5192
5193
5195
5198
5199
5201
5203
5204
5205
5207
5208
5209
5211
5212
5216
5217
5219
5220
5221
5223
5228
5229
5230
5232
5233
5236
5237
5238
5241
5242
5243
5245
5253
5254
11418
5259
5262
5265
21594
5267
5268
5269
5276
5277
5279
5281
5284
10292
5290
5294
5296
5298
5299
5300
5301
5304
5305
5306
5307
5308
5309
5311
5313
5324
5326
9576
5327
5328
5329
5330
5331
5333
5335
8295
5339
8888
5395
8791
10680
5340
5343
5345
5346
5347
5348
5349
5350
5353
5356
5357
5358
5359
5362
5364
5365
5366
5370
5371
5373
13499
5374
5376
5377
5378
5379
5380
5381
5383
6030
5384
5385
5390
5391
5393
5394
5398
5399
5400
5403
5404
5405
5406
6939
5407
5408
5410
5417
5418
5425
5428
5429
5433
5434
5437
5438
5439
5442
5445
5446
5447
5449
5450
5451
5452
5453
5457
5458
5459
20531
22460
5461
5463
5464
5465
5467
5471
5472
5473
5476
5480
5482
5483
5485
5486
5491
5493
5497
5498
5500
5501
5505
5506
5507
5508
5509
5515
9142
5519
5523
5525
5531
5538
5541
5545
5549
5550
5552
5553
5557
5559
5560
5566
5567
5568
5571
5574
5575
5577
5583
5585
6750
5589
5597
5601
5602
5603
5607
5608
5609
5610
5611
5612
5614
5615
5616
5617
5620
6753
5624
5625
5626
5630
5631
5632
5634
15621
5636
5637
5673
5639
5647
5665
5670
5671
5674
5675
5676
5678
10159
5683
5684
5685
5686
5687
5689
5690
5691
5692
5697
5699
15151
5703
5713
5714
5715
5720
5721
5722
5725
5729
5730
5732
5734
5735
5736
5745
5748
5752
5757
5758
5761
5762
10211
5763
5765
5768
5769
5773
5774
5775
5779
5780
5784
5787
5788
12704
5791
5793
5794
5795
5798
5804
5808
5811
5812
5818
5820
5838
5843
5844
5845
5846
5847
5849
5850
5851
5852
5855
5856
5858
5860
5863
5864
5865
14636
7810
5872
5873
5874
5879
5880
5882
5885
12838
5887
5893
12900
5897
5898
5899
5901
5902
5905
5906
5911
5913
5915
5916
5917
5922
5926
5927
5935
5939
5941
5943
5945
5946
5954
5955
5956
5958
6919
5959
5968
5969
5970
5974
5975
5977
5978
5983
5984
5986
5989
5991
5994
5995
5996
5999
6000
6001
6118
6006
6008
6010
6016
12823
6017
6018
6019
6022
6024
6028
13798
6032
6034
6035
6036
6038
6039
6042
6043
6047
6049
6050
6051
6052
12175
6055
6056
6060
6063
6064
6066
6067
6070
6071
6072
6077
6078
6080
6082
6086
25697
6091
6092
6093
6094
6095
6096
6101
6102
6103
6104
6108
6109
6114
6116
6122
6123
6124
6125
6126
6129
7714
6130
6131
6137
6138
6139
6142
6148
6149
6151
6152
6153
6154
6155
6156
6160
6162
6163
6165
6168
6173
6175
6177
6178
6179
6180
6182
22087
6189
6190
6191
6193
6196
6198
6199
6204
6206
6207
6208
6209
6210
6213
6214
6217
6219
6220
6224
6225
6233
6235
6236
6238
6239
6240
6242
6243
6245
13225
6248
6250
6255
6256
6263
6264
6269
6270
6271
6272
6274
6276
6278
6279
6281
6283
12133
6285
6288
6289
6290
6292
6293
6294
6296
6300
6302
6303
6304
6305
6306
6309
6310
6311
6313
6315
6795
6320
6323
6324
6326
6329
6334
6363
6365
6366
6369
6370
6371
6373
6374
6375
6376
6379
6380
9173
6382
6383
6387
6388
6389
6391
6392
6393
6394
6395
6396
6397
6401
6402
6403
6406
6408
6409
6413
6415
6416
6418
6419
6421
6422
6424
6425
6427
6428
6429
6432
6433
6435
6436
6437
6439
6440
6441
6442
6446
6447
6448
6449
6450
6451
6453
6456
6458
6459
6462
6463
6464
6465
6466
6467
6468
6469
6470
6471
6472
6473
6474
6475
6478
6479
6481
6482
6485
6486
6487
6488
6491
6492
6493
6503
6504
6506
6510
6514
6515
6519
6520
6521
6522
6526
6527
6528
6530
6531
6535
6536
6537
6538
6541
6543
6544
6546
6548
6551
6552
6555
10319
6556
6557
6559
6560
6563
6567
6570
6574
6575
6578
20050
6587
6589
6593
6596
6597
6598
6599
6600
6601
6603
6604
6606
6611
6612
6614
6615
6616
6618
6619
6622
6623
6627
6629
6630
6631
6632
6633
6635
6636
19931
10045
6641
6642
6643
6644
6646
6647
6649
6651
6652
6653
6654
6656
6657
6660
6661
6664
6666
6667
6668
6670
6671
6672
6677
6678
6680
6681
6682
6683
6685
11497
6686
6687
6689
6690
10512
6691
6692
6695
6697
6698
6700
6702
6703
6704
6705
6706
6709
6710
26390
6712
6713
13637
6715
6717
6718
6719
6721
6722
6723
6724
6725
6726
6727
6728
6729
6733
6734
6735
6736
6737
6739
6741
6742
7097
6743
8231
6746
6747
6748
6751
6755
6756
6757
6759
6762
6763
6764
6766
6767
6768
6769
6770
6773
6774
6775
6777
6778
6779
6780
6781
6782
6785
6786
6789
6790
6792
6793
6794
6798
6799
6800
6802
6804
6805
6808
6810
6811
6812
6814
6815
6816
6817
6818
6820
6821
6823
6824
6825
6826
6828
6829
14043
6830
6831
6834
6836
6841
6842
6846
6847
6849
6850
6852
10511
6853
6854
6856
6860
6861
6864
6867
6869
6872
6875
6877
6879
6883
16514
6884
6887
6888
6889
6890
6894
6895
14785
6896
6898
6899
6900
6901
6902
6903
6904
6905
6907
6909
6911
6912
6915
6917
6918
7421
6920
6922
6925
12282
6926
6927
6928
6929
6931
6932
6933
6934
6935
6937
6938
11942
11951
6941
10234
6944
6945
6947
6949
6950
6951
6952
6953
6954
6956
6957
6958
6959
6961
6962
6963
6964
6965
6966
6968
6970
6972
6973
6974
6975
6976
6977
6980
6982
6985
6988
6989
6991
6993
6995
6996
7003
7006
7008
7013
7019
7022
7025
7027
7033
7034
7035
7038
7040
7041
18762
7042
7044
7047
7048
7049
7054
7055
7056
7057
7059
7062
7063
7064
7065
7067
7071
7072
8755
7074
7076
7081
7082
7083
7087
7088
7090
7091
7094
7095
7096
7100
7105
7107
7110
7111
7112
7114
7116
7118
7121
7122
7123
7126
7127
7131
7132
7133
7135
7137
7138
7140
7141
7142
7143
7144
7145
8091
7147
7149
7153
7154
7155
7159
7160
7161
7163
7165
7169
7170
7180
7182
7183
9495
7185
7188
7189
7190
7191
7194
7201
7202
7203
7204
7206
7211
8894
7214
7215
7216
7218
7219
7223
7224
7227
7228
7230
9867
7234
7235
7238
7243
13775
7244
7246
7251
7252
7253
7254
7259
7263
7264
7272
7273
7275
7276
7279
7281
7284
7288
7289
7292
7294
7296
7297
7298
7302
7304
7305
7307
7308
7310
7311
7313
7314
7315
7317
7320
7326
7328
7331
7332
7338
7342
7343
7344
7345
7349
7353
7356
7359
7360
7362
7363
7364
7365
7366
7367
7373
7375
7377
7378
7379
7380
7381
7382
7383
7384
7385
7387
7389
7390
7394
7395
7396
7398
7401
7402
7404
7405
7406
7408
7409
7415
7416
7417
7419
7420
11179
7423
7430
7434
7438
7439
7440
7441
7442
7444
7449
7451
7452
7454
7455
7458
7460
7461
7464
7468
7470
7472
7473
7475
7479
7480
10479
7489
7490
7492
7495
7496
7497
25696
19832
7504
7507
7511
7512
7513
7514
7516
7517
7522
11292
7524
7525
7526
7527
7529
7533
7621
7535
7540
7541
7542
7544
7545
7546
7549
7550
7551
7552
7553
7554
7555
7556
7557
7558
7559
7560
7561
7563
7564
7565
7566
7568
7569
7570
7572
7574
7576
7577
7578
7579
7580
7581
7582
7583
7584
7585
7586
7587
7588
7589
7590
10191
7591
7593
7596
7597
7598
11138
7599
7600
7602
7603
7604
7605
7608
7610
7611
7613
7615
7616
7618
7619
7622
7624
7625
7628
7629
7630
7631
7634
7635
7640
7643
7645
7647
7648
7650
7651
7652
7654
7655
7656
7657
7658
7659
7661
7666
7667
7668
7669
7671
7672
7674
7676
7677
7678
7681
7682
7684
7685
7687
7690
7691
7692
7693
7696
7697
7698
7699
7701
7702
7703
7704
7707
7708
7710
7712
7713
7715
7719
7722
7723
7728
7729
7730
7731
7733
7734
7735
7736
7737
7738
7740
7743
7746
7748
7750
7755
7756
7759
7761
7763
7764
7766
7767
7768
7771
7772
9664
7774
7775
7776
7777
7778
7780
7783
7784
7789
7791
7792
7794
7795
7796
7798
7802
7803
7807
7811
7814
7815
7816
7820
7821
7825
7826
7827
7828
7829
7831
7832
7834
7835
7838
7839
7840
7847
7848
7849
7851
7853
7856
7861
24396
7862
7863
7868
7869
7877
7878
7879
14778
14278
7880
7881
7882
7883
7884
7886
7888
7890
7891
7892
7898
7902
7903
7904
7906
7912
7913
7914
7915
7916
7918
7921
7926
7927
7928
7931
7933
7936
7937
7939
7940
7942
7943
7945
9520
7946
7947
7948
7949
7950
7959
7960
7963
7965
7967
7972
7974
7975
7976
7978
7981
7983
7984
7987
7989
7993
8000
8006
8007
8013
8014
8017
8019
8024
8027
8030
8038
8047
8048
8049
8050
8052
8054
8056
20877
8059
8060
8061
8064
8065
8068
8069
8070
8072
8073
8733
8074
8076
8079
8081
8087
8088
20602
8092
8095
8098
8099
8102
8104
8106
8107
8109
8111
8114
8115
8120
8122
8124
8125
8126
20746
8130
8134
8138
8143
8149
8150
8151
8154
8155
8162
8163
8164
8167
8169
8170
8171
8172
8173
8176
8177
8180
8181
8182
8192
8193
8195
8196
8197
8199
9127
9644
25151
8204
8212
8214
8216
8739
8220
8222
8227
8230
8236
8243
8244
8247
8251
8253
8256
8257
8263
8265
8266
8270
8271
8275
8278
8282
8283
8288
8290
8291
8292
8293
8294
8296
8299
8304
8307
8309
8310
8311
8312
8314
8316
8317
8319
8320
8321
8322
8323
8327
8330
8331
8332
8334
8336
8337
8339
8340
8341
8342
8344
8346
8348
8350
8356
8359
8360
8362
8365
8369
8373
10633
8374
8375
8380
8381
8382
8383
8384
8387
8388
8391
8393
8394
8396
8397
8402
8404
8405
8406
8407
8408
8410
8413
8414
8415
12426
8417
8418
8426
8427
8428
8429
8432
8438
8439
8445
8447
8448
8450
8454
8458
8459
8460
8462
8468
8469
8473
8474
8475
8476
8481
8482
8483
8484
8485
8490
8491
8493
8495
8498
8501
25974
8503
8505
8511
8513
8517
8520
8521
8522
8526
8527
8530
8531
8533
8536
16008
8538
8541
8546
8548
8553
8554
8555
8556
8557
8558
8560
8562
8565
8566
8568
8569
8571
8573
8574
8575
8580
8582
8585
8586
8589
8591
8593
8594
8597
8598
8599
8600
8601
8602
8603
8604
8608
8611
8613
8615
8616
8618
8620
8621
8622
8623
8626
8629
8631
8632
8633
8635
8637
8639
8640
8641
8645
8649
8650
8651
8657
8661
8674
8675
8676
8677
8679
8682
8684
8685
8687
8688
8689
8691
8692
8695
8697
8698
8701
8703
8707
8709
8710
8713
8718
8719
8720
8721
8725
8732
10127
8734
8736
8737
8740
8747
8749
8750
8751
8756
8760
8761
8765
8767
16918
8768
8770
8771
8774
8778
8779
8780
8781
8782
8790
22577
8792
8793
8794
8795
8801
8804
8805
8806
8810
8811
8812
8818
8823
8825
8826
8827
8829
8834
8835
8841
8845
8846
8849
8850
8855
8861
8866
8867
8868
8869
8870
8871
8872
8874
8876
8879
8881
8882
8885
8886
8887
8892
8893
8895
8896
8897
8905
8906
8907
8908
8910
8911
8914
8918
8919
8920
8922
8923
8931
8932
8933
8934
8935
8936
8937
8941
8942
8943
8944
8945
8946
8949
8951
8952
8955
8956
8959
8961
8962
8963
8966
8967
8976
8977
8979
8981
8983
8986
8988
8989
8992
8995
8997
8998
9000
9001
9003
9004
9005
9006
9007
9009
9011
9012
9013
9015
9016
9017
9018
9019
9021
9023
9024
9025
9027
9030
9034
9035
9040
9041
9044
9045
9047
12961
9048
14090
11044
9049
9050
9051
9052
9054
9056
9058
9059
9061
9064
9066
9067
9068
9069
9072
9073
9076
9078
9079
9080
9081
9083
9084
9086
9088
9089
9091
9095
9100
9103
9106
9107
9110
9111
9116
9120
9121
9123
9126
9128
9135
9140
9141
9143
9146
9147
9149
9152
9153
9154
9156
9157
13516
9158
9159
9161
9162
9163
9166
9168
9170
9171
9172
9174
9175
9176
9177
9178
9184
9186
9188
9191
9192
9196
9201
9202
9205
9206
9208
17050
9210
9211
9213
9219
9221
9222
9224
9226
9229
9230
9234
9238
9239
9240
9241
9242
9244
9245
9247
9251
9252
9253
9255
9256
9257
9259
9260
9261
9262
9267
9273
9275
9277
9279
9281
9282
9287
9289
9292
9293
9294
9295
9297
9298
9299
9300
9301
9307
9312
9313
9314
9315
9316
9317
9318
9319
9320
9321
9322
9323
9326
9329
9332
9334
9336
9337
9340
9341
9344
9349
14070
9350
9351
9352
9353
9354
9946
9355
9358
9361
9362
9366
9368
9369
9375
9379
9381
9383
9385
9387
9393
9394
9395
9396
9401
9402
9405
9406
9413
9418
9419
9421
9427
9428
9429
9430
9432
9435
9436
9438
9439
9440
9441
9448
9449
9450
9455
9456
9458
9459
9460
9461
9467
9469
9471
9473
9474
9475
9477
9479
9480
9481
9483
9484
9485
18221
9487
21370
9488
9489
9492
9496
9497
9500
9502
9504
9505
9962
9506
9512
9513
9515
9519
9521
9523
9525
9526
9529
9532
9534
9535
9536
9538
9539
9545
9547
9548
9550
9553
9556
9557
9558
9565
9568
9570
9571
9573
9575
9577
9578
11388
9581
9583
9584
9587
9590
9591
9592
9593
9599
9600
9601
18669
14285
9602
9603
9604
9606
9609
9615
9616
9617
9618
9619
17548
9623
9624
9625
9626
9627
9629
9631
9632
9633
9641
9642
9648
9650
9651
9655
9658
9660
9662
9663
9665
9667
9669
9671
9672
9673
9674
9675
9680
9681
9683
9685
9686
9687
9688
9692
9693
9694
9700
9703
9704
9705
9706
9708
9714
9715
9717
9719
13833
9723
9724
9726
9727
23533
9728
9731
9732
9735
9736
9738
9742
9746
9747
9751
9752
9754
9755
9760
9761
9763
9765
9766
9767
9769
9770
9773
9775
9776
9777
9779
9780
9781
9783
9785
9786
9787
9789
9791
9792
9793
9797
9798
9799
9801
9803
9804
9806
9808
9810
9813
9815
9816
9817
9820
9821
9822
9823
9824
9828
9829
9830
9832
9833
9834
9835
9836
9837
9838
9839
9841
9842
9846
9848
9849
9850
9851
9857
16416
9862
9864
9866
9868
9869
9870
9871
9872
9873
9874
9877
9878
9879
9881
9883
9885
9888
9890
9891
9893
9895
9896
9899
9900
9902
9903
9906
9907
9908
9909
9910
9911
9912
20410
9913
9914
9915
9916
9917
9918
9920
9922
9924
9926
9932
9935
9937
9938
9939
9941
9943
9944
9945
9947
17851
9950
9952
9953
9954
9955
9956
9958
9959
9960
9961
9963
9964
9965
15820
9970
9971
9973
9975
9976
9977
9978
9979
9980
9981
9982
9984
9986
9989
9990
9991
9992
9993
9994
9995
9996
9998
9999
10000
10001
10002
10003
10005
10008
10009
10011
10012
10014
10015
10017
10018
10019
10020
10021
10023
10024
10025
10026
10027
10028
10029
10031
10032
10033
10034
10035
10038
10039
10041
10042
10043
10046
10047
10049
10050
10051
10052
10053
10054
10055
10057
10058
10059
10061
10062
10063
10065
10066
10067
10069
10070
10071
10072
10073
10074
10075
10076
26061
10078
10080
10081
10083
10084
10087
10089
10092
10093
10094
10096
10097
10098
10100
10101
10102
10104
10106
10108
10109
10111
10112
10113
10114
10115
10117
10119
10120
10122
10123
10124
10125
10128
10129
10130
10131
10134
10135
10137
10139
10141
10142
10143
10148
10149
10150
10151
10152
10154
10155
10157
10161
10163
10165
10166
10167
10168
10169
10170
10171
10172
10173
10174
10176
10177
10178
10179
10180
10182
10184
10185
10187
10188
10189
10190
10192
10193
10194
10198
10201
10202
10203
10204
10205
10207
20426
13334
10213
10215
10216
10222
10223
10224
10225
10227
10228
10233
10235
10236
10239
10240
10241
10242
10245
10248
10249
10251
10252
10253
10256
10257
10258
10259
10262
10263
18093
10264
10268
10272
10274
10276
10277
10278
10279
10280
10281
10287
10290
10295
10297
10298
10299
10300
10302
10303
10304
10305
10306
10307
10309
10310
10311
10315
10316
10317
10321
10326
10327
10328
10330
10332
10335
10337
10338
10339
10340
10342
10344
10345
10348
10349
10351
10353
10354
10356
10357
10358
10362
10363
10364
10366
10368
10371
10373
10375
10376
10379
10380
19841
10381
10387
10388
16535
10391
10394
10400
17981
10402
10406
10407
10410
10411
10412
10413
10414
10417
10418
10419
10420
10421
10422
10425
10426
10427
10428
10431
10432
10440
10435
10437
19036
10442
10443
10444
10446
10447
20597
10449
10451
10453
10455
14324
10456
10457
10458
10459
10460
10464
10465
10467
10471
10472
10474
10476
10478
10480
10481
10482
10483
10485
10491
10495
10499
10500
10501
10504
10506
10508
10509
10514
10517
10518
10519
10520
10522
10524
10525
19680
10526
10527
10528
10529
10532
10533
10536
10539
10540
10542
10544
10546
10549
10553
10554
10555
10559
10560
10561
10564
10565
10568
10570
10571
10572
10573
10574
10575
10576
10577
10578
10580
10581
11211
10585
10589
10590
10591
23233
10592
10596
10597
10599
10601
10603
10604
13865
10605
10608
10609
10610
10611
10613
10614
10616
10617
10618
10619
10620
10621
10624
10626
10967
10627
10629
10630
10634
21291
10636
10638
10642
10643
10646
10650
10651
10652
10653
10657
10659
10662
10663
10666
10675
10683
10687
10691
10696
10698
10699
20917
10701
10702
10703
10705
10707
10709
10710
10712
10715
10716
10717
10721
10722
10726
21410
10735
10736
10738
10741
10742
10775
10746
10748
10751
10753
10755
10758
10759
10760
10762
10763
10765
10767
10768
10770
10772
10777
10778
10779
10784
10786
10788
10791
10796
10797
10799
10800
10804
10806
10807
10810
10812
10817
10822
10823
10825
10831
10833
10834
10838
10839
10845
10846
10847
10848
10849
10851
10852
10853
10854
10859
10860
10863
10864
10866
10867
10868
10870
10873
10875
10876
10877
10879
10880
10883
10886
10887
10888
10889
10892
10893
10894
10895
10903
10904
10905
10906
10907
10908
10910
22737
10911
10912
10913
10914
10916
10917
10919
10920
10921
10922
10923
10928
10929
10930
10931
10933
10935
23397
23610
10937
10938
10939
10940
10942
10943
10944
10945
10949
10950
10951
10952
10953
10955
10956
10957
10958
10959
10960
10961
10962
10963
10964
10966
10968
10969
10973
10975
10976
10977
10979
10980
10981
10982
10984
10985
10988
10991
10992
10993
10994
10996
10999
11000
11002
11003
11004
11006
11007
11008
11012
11014
11015
11016
11018
11019
11020
11021
11022
11025
11030
11031
11033
11034
11035
11037
11040
11043
11048
11051
11054
11057
11058
11060
11062
11063
11066
11068
11072
11073
11074
11075
11084
11086
11088
11091
11092
11094
11096
11097
11624
11432
11098
11105
11107
11109
11110
11111
11113
11117
11121
11123
11124
11125
11126
11127
11128
11129
11133
11134
11136
11142
11143
11144
11145
11149
11151
11152
11157
11158
11160
11163
11167
11169
11170
11171
11173
11175
11180
11184
11187
11188
11190
11195
11197
11198
11199
11611
11202
11204
11205
11206
11209
11213
11214
11215
11216
11218
11221
11222
11223
11224
11225
11226
11229
20173
11230
11231
11232
11233
11235
11236
11237
11238
11240
11241
11243
11245
11246
11249
11250
11251
11253
11255
11256
11257
11258
11260
11262
11263
11264
11265
11268
11269
11274
11277
11280
11283
11284
11287
11288
11291
11293
11295
11296
11298
11299
11300
11301
11302
11303
11304
11305
11309
11312
11313
11314
11628
11320
11324
11325
11326
11328
11329
11331
11332
11339
11342
11343
11348
11349
11350
11351
11352
11353
11354
11355
11356
11357
11358
11360
11363
11364
11365
11366
11367
11368
11370
11371
11372
11374
11375
11376
11377
11379
11380
11381
11382
11384
11385
11387
11389
11391
11392
11396
11398
11399
11401
11402
11405
11406
11407
11409
11410
17275
11411
11412
18053
11413
11417
11419
11420
11422
11423
11424
11425
11427
11428
11430
11433
11437
11438
11441
11443
11445
11450
11451
11454
11458
11459
11460
11461
11463
11464
11466
11467
11468
11470
11471
11472
11473
11474
11475
11476
11479
11480
11488
11489
11491
11495
11496
11500
11501
11502
11503
11504
11506
11507
11509
11512
11513
11515
11516
11517
11519
11522
11523
11524
11525
11526
11529
11532
11535
11538
11541
11543
11544
11545
11546
11547
11548
11549
11551
11552
11553
11554
11555
11558
11560
11562
11563
11564
15672
11565
11566
11567
11568
11572
11573
11574
11575
11576
11577
11578
11579
11581
11583
11586
11588
11589
11591
11592
11593
11595
11596
11597
11601
11603
11604
11607
11608
11609
11610
11613
11614
11615
11616
11618
11619
11626
11627
11630
11632
11633
11637
11638
11642
11643
11644
11646
11647
11648
11657
11658
11661
11668
11670
11671
11672
11673
11674
11675
11676
12232
11677
11679
11682
11683
11684
11685
11686
11687
11688
11689
11690
11691
11693
11695
11697
11699
11700
11702
11707
11708
11709
11712
11713
11714
11719
11720
11721
11722
11724
11728
11732
11734
11736
11738
11742
11743
11745
11746
11747
11748
11755
11756
11757
11758
11761
11762
11764
11765
11767
11768
11772
11773
11774
11775
11776
11777
11778
11779
11782
11785
11786
11787
11788
11789
11791
11794
11800
11802
11805
22279
11806
11808
11810
11812
11819
11821
11822
11823
11825
11826
11827
11829
11831
11832
11833
11838
11840
11841
11842
11845
11846
11848
11850
11851
11853
11854
11858
11859
11861
11862
11863
11864
11865
11871
11872
11873
11874
11876
11881
11882
11883
11884
11885
11886
11888
11890
11892
11893
11895
11896
11899
11901
11904
11905
11906
11907
11908
11909
11910
11915
11916
11917
11918
11920
11921
11924
11925
11927
11931
11932
11933
11936
11937
11938
11939
11943
11944
11945
11948
11950
11952
11954
11955
11961
11963
11964
11965
11966
11968
11969
11971
11973
11974
11976
11977
11978
11979
11982
11983
11985
11987
11989
11993
11995
11996
11999
12000
12001
12002
12003
12004
12006
12012
16949
12016
12017
12020
12021
12022
12023
12025
12026
12027
12028
12029
12030
12032
12034
12036
12038
12040
12041
12042
12043
12044
12046
12049
12050
12051
12052
12053
12054
12055
12056
12061
12062
12063
12064
12065
12066
22743
12067
12068
12077
12078
12081
12082
12083
12085
12089
12092
12093
12094
12095
12098
12103
12104
16149
12105
12106
12109
12110
12111
12112
12113
12116
12117
12121
12123
12124
17554
12128
12131
12138
13685
12139
12140
12141
12142
12143
12144
12146
12150
12152
12153
12154
12155
12156
12157
12159
12162
12167
12168
12173
12176
12179
12180
12181
12183
12185
12187
12188
12189
12190
12194
12195
12196
12200
12202
12206
12209
12210
12212
12213
12218
12220
12228
12231
12235
12237
12242
12243
12244
12245
12272
12246
12249
12250
12252
12253
12254
12256
12257
12260
12267
12268
12270
12274
12281
12283
12290
12291
12293
12299
26942
12301
12302
12310
12313
20471
12319
12321
12331
12334
12337
12338
12342
12343
12344
12345
12351
12356
12357
12361
12365
12366
12367
12369
12377
12379
12381
12384
12388
12389
12392
12396
12400
12401
12403
12404
12405
12406
12408
12417
12419
12421
12423
12425
12427
12428
12429
12431
12433
12434
12435
12436
12438
12439
12449
12450
12451
12452
12454
12455
12456
12458
12461
12464
12467
12468
12470
12471
12473
12475
12476
12477
12480
12483
12484
12485
12487
12490
12494
12495
12496
12498
12500
12501
12503
12504
12505
12506
12507
12508
12512
15992
12515
12517
12520
12521
12523
12524
12525
12526
12528
12530
12531
12532
12535
12536
12539
12540
12541
12542
12544
12545
12547
12549
12550
12555
12556
12558
12560
12566
12568
12569
12570
12576
12578
12580
12582
12584
12585
12586
12590
12592
12593
12601
12604
12605
12607
12609
12610
12611
12613
12616
12618
12619
12622
12623
12625
12627
12628
12632
12633
12634
12637
12640
12641
12643
12650
12655
12656
12658
12660
12669
13226
12670
12671
12674
12677
12678
12679
12680
12681
12682
12688
12690
12693
12694
12695
12698
12699
12701
12702
12703
15614
12706
12708
12709
12712
12714
12718
12719
12720
12721
12722
12723
12726
12730
12731
12733
12735
12737
12741
12743
12745
12747
12751
12753
12754
12757
12758
12759
12764
12765
12766
12768
12772
12773
12775
12776
12777
12778
12781
12782
12785
12786
12787
12789
12791
12792
12795
12796
12800
12801
12802
12803
12804
12807
12810
12811
12812
12817
12819
12821
12822
12826
12827
12830
12832
12833
12834
12835
12837
12839
12844
12846
12851
12854
12856
12857
12858
12859
12860
12861
12862
12863
12865
12868
19896
12874
12875
12877
12880
12882
12884
12888
12890
12891
12892
12895
12896
12898
12901
12904
12907
12910
12911
12913
12914
12915
12918
12920
12924
12927
12928
12931
12932
12933
19758
12934
12935
12938
12939
12941
12943
12944
12945
12946
12949
12950
12951
12962
12965
12967
12968
12970
12972
12976
12977
12980
12981
25148
12986
12989
12991
12992
12996
12999
13001
13002
13005
13006
13008
13011
13012
13014
13016
13017
13018
13019
13021
13024
13026
13027
13030
13031
13034
13039
13042
13045
13046
13050
13052
13053
21055
13054
13056
13059
13060
13063
13065
13066
13067
13069
13070
13072
13077
13078
13080
13082
13084
13091
13093
13095
13096
13103
13109
13110
13112
13119
13121
13123
13129
13133
13134
13136
13140
13141
13142
13144
13149
13398
13150
13151
13152
13154
13155
21204
13156
13158
13159
13164
13167
13172
13173
13175
13177
13178
13180
13181
13182
13183
13185
13186
13189
13191
13193
13201
13202
13203
13204
13205
13206
13208
13211
13212
13213
13215
13217
13220
13224
13228
13229
13230
13231
13232
13233
13234
13235
13236
13237
13239
13241
13242
13246
13247
13252
13254
13256
13257
13258
13259
13261
13263
13264
13266
13267
13268
13271
13273
13274
13276
13277
13281
13284
13286
13288
13290
13291
13292
13295
13297
13298
13299
13302
13307
13308
13310
13314
13315
13316
13317
13318
13320
13322
13324
13325
13330
13331
13333
13339
13340
13341
13343
13344
13345
13346
13347
13352
13354
13355
13356
13358
13360
13361
13362
14827
13363
13364
13366
13367
13368
13369
13371
13373
13374
13375
13379
13382
13390
13393
13395
13396
13397
13400
13401
13403
13404
13408
13410
13411
13413
13414
13416
13418
13420
13421
13422
13430
13432
13433
13435
13436
13437
13438
13440
13442
13443
13446
13448
13450
13451
13452
13454
13456
13457
13458
13459
13460
13462
13464
13469
13470
13472
13473
13474
13476
13477
13480
13481
13486
13488
13489
13490
13491
13492
13494
13495
13497
13501
13503
13504
13509
13511
13513
13515
13517
13520
13525
13526
13528
13530
13532
13535
13538
13544
13546
13550
13556
13561
13562
13563
13564
13565
13566
13567
13568
13572
20742
13577
13583
13584
13587
13591
13595
13597
13598
13599
13600
13602
13669
13603
13604
13605
13608
13610
13612
13614
13617
13618
13619
13623
13625
13628
13629
13633
13636
13639
13641
13643
13644
13645
13646
13647
13652
13653
13659
18803
13667
13668
13672
13673
13675
13680
13683
13684
13689
13691
13693
13695
13698
13699
13702
13705
13706
13708
13709
13710
13716
13721
13725
13728
13729
13730
13731
13735
13737
13738
13740
13742
13744
13745
13749
13750
13751
13753
13754
13765
13768
13770
13771
13773
13774
13776
13777
13778
13779
13780
13783
13784
13787
13792
13793
13796
13797
16962
13799
13806
13807
13814
13815
13817
13820
13821
13825
13831
13832
14180
13834
13836
13838
13839
13841
13842
13844
13845
13848
13852
13853
13854
13855
13856
13857
13859
13860
21116
13861
13862
13864
13868
13869
13870
13874
13876
13877
13879
13880
13882
13883
13884
13885
13886
13890
13891
13892
13895
13896
13897
13902
13904
13906
13907
13908
13909
13910
13913
13914
13916
13917
13918
13919
13920
13922
13923
13924
13925
13927
13928
13929
13930
13933
13934
13935
13936
13937
13938
13939
13942
13943
13944
13947
13948
13950
13951
13952
13953
13954
13955
13956
13958
13964
13965
13966
13968
13969
13972
13973
13974
13975
13977
13980
13982
13983
13984
13985
13987
13988
13989
13990
13991
13995
13996
13999
14004
14005
14006
14008
14011
14014
14016
14018
14019
14020
14021
14022
14023
14027
14028
26887
14031
14032
14033
14034
14037
14038
14040
14044
14046
14051
14053
14054
14059
14060
14063
14064
14066
14068
14069
14071
14480
14072
14073
14076
14078
14079
14084
14085
14087
14088
14091
14092
14096
14097
14099
14101
14104
14108
14109
14110
14116
14118
14123
14124
14126
14128
14130
14132
14135
14136
14137
14138
14139
14145
14146
14147
14150
14152
14154
14155
14158
14159
14162
14169
14170
14171
14176
14177
14178
14181
14182
14183
14184
14186
14191
14192
14193
14194
14195
14196
14197
14198
14200
14202
14204
14206
14207
14214
14215
14217
14218
14220
14221
14222
14223
14224
14227
14231
14232
14233
14237
14238
14240
14245
14246
14247
16304
18370
14252
14253
14254
14255
14256
14257
14258
14260
14261
14265
14266
14268
14269
14271
14273
14275
14279
14280
14281
14283
14290
14293
14295
14297
14300
14301
14304
14305
14308
14319
14325
14326
14327
14330
14331
14333
14338
14339
14341
14345
14347
14348
14350
14361
14365
14370
14371
14372
14373
14378
14380
14385
14387
14392
14393
14397
14400
14404
14405
14407
14408
14409
14411
14412
14413
14416
14417
14419
14420
26352
14421
14422
14423
14424
14426
17296
14427
14428
14429
14431
14432
14433
14437
14438
14440
14441
14442
14443
14444
24986
14447
14448
14450
14453
14455
14456
14463
14464
14467
14468
14469
14471
14475
14478
14479
14482
14491
14494
14496
14498
14500
14501
14508
14512
14514
14522
14524
14530
14534
14536
14541
14542
14547
14548
14549
14550
14553
14554
14556
17900
14563
14570
14573
14574
14575
14577
14578
14579
14581
14583
14585
14589
14590
14591
14596
14597
14600
14601
14602
14604
14609
14610
14612
14618
14620
14622
14623
14624
14625
14626
14627
14628
14630
14631
14635
14637
14638
14642
14643
14644
14646
14647
14648
14649
14652
14653
14654
14656
14658
14659
14661
14662
14665
14666
14668
14669
14671
14672
14673
14677
14679
14680
14681
14683
14684
14685
14686
14691
14693
14695
14697
14698
14699
14700
14701
14702
14703
14705
14706
14707
14708
14709
14712
14714
14717
14722
14723
14725
14728
14734
14737
14741
14743
14745
14747
14748
14750
14751
14753
14755
14756
14757
14758
14759
14760
14761
14763
14764
14765
14767
14769
14770
14773
14789
14790
14791
14798
14799
14801
14805
14806
14808
14812
14813
14815
14818
14821
20955
14828
14830
14832
14833
14835
17011
14836
14840
14841
14845
14849
14851
14854
14855
14856
14857
14858
14859
14861
14864
14866
14867
14869
14871
14872
14878
14880
14883
14885
14888
14893
14902
14904
14905
14906
14907
14910
14915
14916
14925
14930
14932
14933
14937
14938
14943
14947
14950
14953
14954
14957
14958
14959
14960
14961
14969
14971
14972
14973
14978
14980
14981
14982
14983
14988
14991
14992
14993
14999
15000
15008
15011
15012
15013
15016
15020
15022
15037
15039
15040
15042
15049
15050
15052
15053
15056
15057
15058
15066
15068
15069
15072
15073
15074
15076
15081
15087
15088
15117
15118
15119
15122
15127
15128
15130
15134
15135
15138
15139
15141
15143
15144
15149
15150
15153
15159
15160
15161
15162
15163
15164
15167
15169
15171
15173
15174
15176
15178
15180
15185
15192
15194
15199
15201
15202
15204
15211
15214
15217
15218
15219
18694
15220
15221
15222
15223
15226
15227
15228
15229
15230
15232
15233
15234
15240
15242
15243
15244
15246
15247
15250
15255
15257
15258
15259
15262
15263
15265
15266
15267
15268
15269
15271
15272
15273
15277
15278
15279
21084
15280
15283
15288
15289
15290
15292
15293
15294
15301
15303
15305
15306
15307
15308
15312
15317
15318
15320
15325
15326
15329
15334
15335
15338
15343
15353
15356
15358
15361
15362
15363
15367
15369
15370
15372
15373
15374
15377
15378
15379
15380
15387
15393
15394
15398
15399
15401
15402
15405
15407
15408
15411
15415
15416
15417
15420
15423
15426
15427
15435
15439
15443
15445
15454
15455
15460
15463
15465
15477
21160
15479
15480
15482
15485
15487
15750
15490
15492
15493
15494
15495
15499
15500
15508
15512
15516
15523
15524
15525
15526
15534
15535
15537
15538
15540
15542
15545
15549
15552
15554
15563
15565
15568
15578
15579
15580
15583
15585
15587
15590
15592
15594
15598
15601
15602
15603
15609
15610
15612
15618
15622
15623
15625
15628
15631
15634
15636
15638
15639
15640
15643
15645
15647
15651
15653
15654
15656
15657
15658
15660
15661
15663
15665
15668
15673
15674
15675
15676
15679
15681
15682
15683
15685
15687
15688
15689
15691
15697
15699
15702
15705
15706
15707
15708
15709
15711
15713
15721
15722
15724
17357
15725
15727
15728
15730
15731
15732
15733
15736
15737
15738
15743
15744
15745
15747
15748
15753
15755
15759
15760
15763
15764
15767
15768
15770
15771
15773
15774
15777
15780
15781
15783
15784
15785
15786
15787
15788
15789
15790
15792
15793
15795
15797
15798
15802
15803
15804
15805
15806
15808
15809
15810
15811
15812
15813
15814
15816
15817
15818
15819
15821
15822
15823
15824
15825
15829
15830
15835
15836
15839
15840
15842
15843
15844
15846
15847
15849
15850
15854
15855
15856
15859
17672
16151
15861
15865
15866
15868
15872
15874
15875
15904
18448
15879
15881
15882
15884
15886
15888
15889
15893
15894
15895
15899
15902
15903
15905
15907
15908
15909
15915
15917
15918
15920
15923
15925
15927
15928
15929
15930
15933
15935
15937
15938
15940
15941
15942
15943
15945
20807
15947
15949
15950
15953
15958
15960
15964
15965
15966
15968
15969
15972
15978
15979
15980
15983
15984
15986
15987
15988
15989
15993
15994
15997
15999
16001
16003
16004
16005
16009
16013
16016
22019
16018
16019
16020
16022
16023
16025
16027
16029
16031
16032
16034
16035
16039
16040
16041
16042
16044
16048
16049
16050
16052
16053
16055
16057
16058
24957
16059
16060
16061
16062
16063
16066
16067
16068
16069
16072
16073
16074
16076
16081
16084
16091
16092
16094
16096
16099
16103
16105
16110
16162
21587
16111
16112
16115
16117
16118
16121
16123
16125
20783
16128
16711
16135
16136
16139
16142
16143
16145
16148
16158
16163
16164
16166
16167
16172
16173
16174
16175
16177
16178
16181
16185
16186
16187
16190
16192
16193
16198
16199
16202
16203
16205
16207
16208
16209
16210
16211
16214
16215
16216
16220
16221
16222
16225
16228
16230
16235
16236
16237
16238
16239
16242
16245
16246
16247
16248
16250
16253
16258
16260
16268
16282
16283
16285
16290
16293
16294
16296
16298
16308
16309
16313
16316
16317
16320
16321
16323
16329
16333
16342
16343
16345
16355
16356
16359
16360
16364
16373
16377
16378
16379
16380
16381
16382
16384
16385
16387
16389
16391
16396
16397
16398
16402
16404
16407
16408
16411
16412
16421
16423
16424
16425
16431
16437
16442
16447
16449
16452
16454
16458
16460
16473
16475
16476
16478
16480
16481
16482
16484
16493
16498
16502
16503
16504
16505
16507
16511
16513
16518
16520
16521
16524
16527
16539
16542
16544
16545
16548
16558
16563
16564
16567
16569
16571
16572
16573
16577
16580
16583
16584
16585
16590
16591
16594
16596
16604
16606
17381
16607
16611
16612
16613
16622
16625
16627
16628
16631
16632
16633
16634
16638
16639
16641
16643
16645
16646
16647
16649
16650
16654
16660
16662
16665
16668
16670
16673
16675
16676
24620
16677
16678
16683
16684
16685
16687
16688
16693
16697
16699
16700
16701
16703
16705
16708
16715
16716
16721
16725
16728
16729
16731
16737
16741
16743
16755
16757
16759
16761
16765
16766
16767
16771
16773
16776
16780
16782
16785
16789
16790
16791
16793
16795
16797
16800
16802
16803
16804
16806
16811
16824
16831
24506
16833
16834
16838
16843
16849
16851
16852
16857
16858
16859
16860
16861
16864
16865
16872
16873
16874
16879
16882
16884
16885
16888
16891
16892
16894
16896
16897
16900
16902
16905
16907
16909
16911
16912
16913
16916
16917
16920
16921
16922
16924
16925
16929
16930
16931
16932
16934
16937
16938
16942
16945
16946
16948
16950
16953
16954
16956
16960
16965
16967
16970
16972
16974
16978
16982
16984
16985
16986
16988
16992
16993
16994
16999
17002
17004
17012
17016
17018
17023
17024
17025
17027
17029
17030
17036
17037
17039
17044
17053
17061
17077
17083
17084
17087
17090
17091
17094
17096
17099
17102
17104
17105
17113
17118
17120
17125
17129
17139
17141
17153
17156
17161
17166
17174
17184
17189
17195
17196
17199
17204
17205
17214
17215
17216
17219
17222
17223
17227
17237
17239
17240
17241
17242
17496
17243
17245
17246
17248
17250
17251
17252
17254
17258
17261
17262
17263
17270
17272
17274
17276
17277
17279
17282
17285
17286
17289
17291
17292
17294
17298
17301
17302
17312
17313
17315
17316
17317
17325
17330
17335
17338
17339
17341
17352
17361
17372
17379
17380
17384
17386
17388
17402
17406
17408
17410
17412
17420
17421
17428
17429
17434
17437
17449
17450
17455
17459
17465
17468
17475
17478
17479
17494
17495
17499
17500
17502
17503
17505
17508
17514
17518
17519
17521
17522
17524
17525
17529
17534
17537
17539
17544
17546
17549
17550
17551
17552
17553
17555
17560
17565
17566
17571
17574
17576
17579
17580
17582
17583
23294
17587
17589
17591
17593
17594
17598
17599
17608
17612
17613
17615
17617
17619
17623
17627
17630
17632
17634
17639
17644
17647
17649
17650
17722
17654
17657
17661
17667
17676
17688
17690
17696
17697
17698
17699
17704
17706
17711
17715
17716
17720
17723
17724
17725
17730
17736
17738
17739
17740
17742
17744
17749
17750
17754
17755
17760
17762
17764
17765
17766
17768
17771
17772
17780
17781
17782
17785
17786
17787
17788
17790
17791
17792
17797
17804
17805
17806
17810
17811
17816
17824
17825
17827
17828
17834
17835
17836
17841
17843
17847
17858
17864
17865
17866
17873
17874
17876
17878
17879
17880
17883
22034
17886
17888
17890
17897
17898
17899
17901
17906
17909
27145
17911
17913
17915
17918
17920
17921
17922
17927
17936
17939
17942
17943
17944
17950
17952
17953
17955
17957
17959
17960
17966
17970
17971
17972
17977
17980
17982
17983
17984
17988
17993
17994
17995
18000
18003
18004
18005
18006
18008
18009
18018
18020
18021
18023
18026
18028
18032
18034
18035
18036
18041
18042
18045
18050
18054
18055
18056
18059
18060
18061
18062
18067
18068
18071
18073
18074
21490
18075
18076
18077
18078
18082
18084
18085
18090
18092
18096
18101
18102
18106
18108
18110
18112
18113
18114
18117
18118
18119
18120
18121
18122
18123
18124
18125
20841
18127
18129
18130
18133
18135
18138
18145
18146
18151
18154
18158
18159
18160
18162
18163
18167
18169
18171
18176
18178
18179
18180
18182
18184
18185
18188
18190
18194
18195
18196
18197
18203
18205
18207
18208
18210
18213
18214
18215
18217
18220
18222
18223
18224
18226
18227
18229
18230
18231
18232
18234
18236
18238
18241
18243
18247
18248
18250
18254
18255
18256
18258
18260
18261
18264
18267
18268
18270
18280
18281
18282
18283
18287
18289
18295
18301
18303
18305
18308
18311
18318
18319
18321
18322
18323
18324
18326
18330
18333
18334
18343
18741
18352
18355
18356
18359
18368
18376
18377
18379
18380
18381
18385
18390
18391
18393
18402
18403
18407
18409
18411
18415
18417
18420
18424
18425
18430
18433
18435
18436
18438
18441
18442
18447
18450
18451
18452
18453
18454
18455
18456
18457
18458
18461
18462
18463
18464
18466
18467
18469
18470
18471
18472
18473
18474
18475
18476
18478
18479
18481
18485
18486
18487
18489
18490
18491
18492
18493
18496
18497
18499
18502
18505
18507
18508
18510
18511
18512
18513
18515
18516
18517
18518
18519
18522
18523
18524
18526
18527
18528
18531
18532
22064
18536
18538
18542
18546
18547
18549
18550
18551
18552
18554
18555
18559
18561
18563
18570
18572
18573
18574
18576
18577
18579
18580
18581
18583
18584
18585
18587
18590
18591
18597
18598
18599
18603
18607
18608
18610
18614
18615
18621
18622
18625
18630
18633
18634
18640
18642
18644
18649
18650
18654
18655
18656
18658
18662
18663
18666
18668
18672
18674
18678
18682
18684
18686
18687
18689
18690
18691
18703
18706
18709
18710
18715
18718
18719
18728
18729
18730
18731
18737
18739
18740
18745
18746
18756
18758
18763
18764
18780
18781
18783
18784
18789
18792
18797
18802
18804
18806
18810
18813
18819
18820
18822
18824
18831
18832
18843
18844
18845
18846
18857
18863
18875
18878
18882
18887
18888
18892
18895
18898
18905
18907
18909
18910
18924
18927
18934
18941
18949
18954
18956
18961
18967
18969
18976
18977
18980
18981
18984
18987
18992
18993
18996
19002
19003
19004
19006
19013
19019
19020
19022
19023
19025
19029
19035
19041
19043
19045
19050
19052
19053
19058
20857
19066
19068
19070
19072
19074
20528
19076
19077
19081
19082
19085
19086
19089
19090
19096
19098
19100
19102
19103
19107
19115
19116
19117
19118
19122
19123
19124
19127
19129
19130
19134
19137
19140
19145
19151
19152
19154
19155
19156
19157
19158
19159
19162
19164
19165
19166
19170
19172
19178
19182
19185
19193
19201
19206
19210
19214
19215
19216
19220
19221
19224
19228
19230
19232
19233
19239
19240
19242
19243
19246
19251
19255
19257
19258
19259
19264
19265
19266
19267
19268
19271
19273
19278
19280
19281
19284
19287
19288
19290
19291
19292
19293
19296
19297
19300
19302
19303
19308
19309
19310
19318
19319
19320
19324
19326
19328
19336
19340
19343
19347
19352
19353
19354
22270
19355
19357
19363
19365
19367
19370
19371
19373
19374
19375
19381
19382
19384
19392
19393
19394
19395
19396
19398
19402
19407
19409
19410
19413
19416
19417
19418
19423
19424
19425
19429
19430
19431
19434
19436
19440
19443
19446
19448
19449
19451
19455
19458
19459
19460
19462
19463
19464
19465
19466
19470
19471
19476
19481
19483
19709
19484
19487
19488
19491
19493
19497
19498
19499
19500
19501
19502
19504
19505
19508
19509
19510
19513
19519
19520
19521
19522
19525
20776
19526
19528
19530
19538
20417
19543
19549
19551
19552
19561
19562
19563
19567
19568
19577
19578
20908
19579
19580
19582
19583
19585
19587
19588
19589
19591
19592
19593
19595
19596
19599
19600
19603
19604
19606
19607
19611
19613
19615
19616
19617
19619
19620
19625
19628
19629
19632
19633
19634
19636
19637
19645
19646
19647
19650
19651
19652
19654
19655
19656
19657
19660
19661
19663
19665
19667
19668
19669
19670
19672
19676
19700
19678
19679
19683
19687
19692
19693
19695
19697
19701
19702
19705
19706
19707
19713
19717
19718
19720
19722
19726
19727
19729
19731
19732
19734
19735
19736
19739
19740
19741
19742
19743
19744
19746
19747
19752
19754
19757
19761
19766
19767
19768
19773
19774
19776
19782
19783
19784
19785
19787
19790
19791
19793
19796
19797
19798
19802
19803
19807
19808
19810
19811
19812
19815
19817
19819
19826
19828
19829
19830
19833
19834
19835
19836
19839
19842
19847
19848
19853
19854
19858
19859
19861
19862
19863
19867
19873
19880
19882
19886
19888
20167
19892
19893
19897
19899
19904
19905
19910
19920
20669
19922
19925
19935
19936
19940
19943
19946
19952
19958
19961
19962
19963
19964
19969
19970
19973
19978
19979
19990
19993
19995
19998
19999
20002
20004
20006
20010
20011
20013
20014
20015
20018
20022
20023
20024
20025
20026
20030
20031
20034
20036
20573
20040
20675
20047
20048
20049
20051
20052
20054
20055
20056
20057
20059
20061
20065
20067
20070
20073
20640
20074
20075
20079
20082
20085
20087
20090
20092
20095
20098
20102
20106
20107
20108
20110
20112
20113
20115
20117
20119
20120
20122
20126
20127
20128
20130
20131
20135
20136
20138
20141
20145
20146
20153
20157
20166
20168
20169
20171
20172
20176
20178
20181
20183
20184
20185
20190
20191
20192
20199
20207
20211
20212
20213
21238
20214
20215
20221
20227
20228
20229
20232
20233
20234
20235
20244
20245
20247
20248
20257
20259
20263
20264
20272
20278
20279
20280
20282
20284
20285
20286
20297
20299
20301
20302
20303
20309
20311
20313
20316
20320
20321
20322
20325
20327
20329
20332
20334
20337
20341
20342
20343
20345
20347
20349
20350
20352
20353
20358
20360
20361
20362
20365
20368
20369
20373
20375
20379
20382
20384
20387
20390
20393
20394
20397
20399
20400
20401
20403
20405
20406
20407
20412
20413
20415
20416
20419
20420
20421
20425
20427
20428
20429
20430
20435
20436
20437
20438
20439
20442
20444
20446
20451
20452
20454
20458
20459
20469
20470
20472
20474
20475
20476
20483
20486
20487
20489
20492
20494
20498
20500
20502
20503
20506
20512
20514
20516
20517
20519
20521
20525
20527
20530
20532
20535
20536
20537
20541
20542
20547
20550
20551
20557
20558
20560
20562
20566
20568
20571
20572
20575
20576
20577
20578
20580
20583
20584
22823
20585
20588
20592
20593
20594
20596
20598
20599
20600
20603
20605
20608
20611
20612
20614
20616
20618
20620
20621
20622
20623
20624
20625
20626
20627
20628
20630
20633
20634
20636
20637
20638
20639
20641
20642
20643
20644
20645
20646
20647
20648
20650
20651
20653
20654
20656
20657
20658
20659
20661
20662
20663
20664
20666
20667
20670
20671
20676
20678
20679
20680
20681
20682
20683
20684
20685
20686
20687
20689
20690
20691
20692
20693
20694
20695
20696
20698
20699
20702
20703
20704
20705
20706
20707
20709
20711
20712
20715
20716
20718
20719
20720
20721
20722
20725
20726
20727
20728
20730
20731
20732
20735
20736
20737
20739
20741
20743
20745
20747
20749
20750
20751
20752
20753
20754
20755
20756
20758
20759
20763
20764
20765
20766
20768
20770
20771
20772
20773
20774
20775
20778
20781
20782
20786
20791
20792
20793
20794
20795
20798
20799
20800
20801
20802
20907
20803
20804
20805
20806
20808
20810
20812
20813
20817
20819
20820
20821
20822
20824
20825
20826
20827
20830
20831
20833
20834
20836
20837
20838
20839
20842
20843
20844
20845
22139
20846
20849
20850
20851
20852
20854
20855
20856
20858
20860
20861
20862
20863
20867
20869
20871
20872
20873
20874
20876
20878
20879
20880
20882
20883
20884
20885
20886
20887
20891
20892
20893
20894
20895
20896
20897
20899
20900
20903
20904
20906
20909
20910
20911
20914
20915
20919
20920
20921
20922
20924
20925
20926
20929
20930
20931
20932
20933
20934
20935
20936
20937
20938
20939
20941
20942
20943
20944
20945
20946
20947
20948
20949
20950
20951
20952
20953
20954
20957
20958
20959
20960
20961
20962
20963
20964
20966
20967
20969
20970
20971
20973
20975
20976
20980
20981
20986
20987
20988
20990
20992
20993
20994
20995
20996
20997
21000
21001
21002
21003
21004
21005
21006
21008
21010
21017
21018
21019
21021
21023
21025
21026
21027
21028
21029
21030
21031
21032
21033
21034
21035
21037
21038
21039
21040
21041
21042
21043
21044
21045
21046
21047
21048
21049
21051
21052
21053
21054
21056
21057
21058
21060
21061
21062
21064
21065
21066
21067
21068
21069
21070
21072
21073
21074
21076
21078
21079
21080
21081
21082
21083
21218
21086
21775
21088
21089
21091
21092
21093
21094
21095
21097
21098
21099
21101
21102
21103
21104
21105
21106
21108
21109
21110
21111
21118
21119
21122
21124
21126
21127
21128
21129
21131
21133
21134
21135
21136
21137
21139
21140
21141
21142
21143
21144
21145
21147
21148
25258
21149
21151
21152
21153
21154
21155
21159
21161
21163
21164
21165
21170
21171
21173
21174
21175
21178
21179
21180
21181
21182
21185
21186
21188
21189
21190
21191
21192
24980
21196
21197
21198
21199
21200
21202
21205
21206
21208
21209
21210
21211
21212
21215
21216
21219
21220
21221
21222
21223
21224
21225
21227
21228
21229
21230
21231
21234
21236
21239
21240
21242
21243
21244
21246
21247
21251
21253
21254
21255
21258
21259
21260
21261
21265
21268
21271
21272
21273
21274
21275
21276
21277
21279
21280
21281
21283
21284
21285
21286
21288
21289
21292
21293
21294
21295
21296
21297
21299
21301
21302
21303
21304
21306
21307
21310
21311
21312
21313
21314
21315
21318
21319
21320
21322
21324
21325
21326
21328
21330
21331
21332
21333
21334
21338
21339
21340
21341
21342
21343
21344
21345
21346
21350
21351
21352
21353
21354
21356
21358
21359
21360
21361
21362
21365
21367
21368
21369
21371
21372
21373
21374
21375
21376
21378
21379
21385
21386
21387
21388
21389
21392
21393
21396
21397
21398
21399
21400
21401
21403
21405
21406
21407
21411
21413
21416
21417
21418
21419
21422
21423
21426
21427
21428
21434
21436
21438
21439
21441
21442
21443
21445
21446
21447
21448
21452
21454
21457
21459
21460
21461
21462
21464
21465
21466
21467
21468
21469
21470
21473
21474
21475
21476
21477
21478
21479
21481
21482
21483
21484
21485
21486
21487
21488
21489
21493
21494
21495
21497
21498
21500
21501
21502
21503
21505
21506
21507
21508
21511
21512
21514
21515
21517
21519
21520
21521
21522
21523
21524
21525
21526
21527
21528
21529
21530
21531
21532
21533
21534
21535
21536
21537
21538
21539
21540
21541
21542
21543
21544
21545
21546
21547
21550
21553
21554
21557
21560
21561
21562
21563
21564
21566
21567
21568
21569
21570
21576
21577
21580
21581
21582
21583
21584
21585
21588
21589
21590
21592
21593
21595
21596
21597
21598
21600
21601
21602
21603
21604
21605
21607
21609
21610
21612
21613
21614
21615
21616
21617
21618
21620
21621
21622
21624
21625
21628
21629
21630
21631
21633
21634
21635
21636
21637
21638
21639
21640
21641
21643
21645
21646
21651
21652
21653
21654
21656
21657
21661
21662
21664
21665
21666
21667
21669
21670
21671
21672
21673
21676
21678
21681
21685
21686
21692
21693
21694
21695
21697
21698
21701
21702
21703
21706
21707
21708
21709
21710
21711
21713
21715
21717
21718
21719
21720
21722
21723
21725
21726
21727
21729
21730
21733
21735
21737
21739
21741
21743
21744
21745
21746
21748
21749
21750
21751
21752
21753
21754
21756
21757
21758
21759
21760
21762
21763
21764
21769
21770
21774
21970
21776
21778
21779
21780
21782
21783
21786
21787
21788
21789
21790
21791
21792
21793
21794
21796
21798
21802
21803
21804
21805
21806
21808
21809
21810
21811
21812
21813
21814
21816
21817
21820
21821
21822
21823
21825
21826
21827
21830
21831
21832
21833
21834
21835
21836
21837
21838
21839
21841
21842
21843
21844
21845
21846
21848
21849
21852
21853
21854
21856
21858
21859
21860
21861
21862
21863
21864
21865
21866
21867
21872
21873
21874
21875
21876
21877
21880
21881
21884
21885
21886
21887
21888
21889
21890
21892
21893
21894
21895
21899
21900
21902
21903
21904
21905
21906
21908
21910
21914
21915
21916
21918
21920
21921
21922
21924
21925
21926
21928
21931
21932
21933
21934
21937
21938
21942
21943
21944
26085
21945
21946
21953
21954
21955
21957
21961
21964
21965
21966
21968
21972
21974
21975
21976
21978
21979
21980
21985
21988
21989
21996
21998
21999
22000
22001
22002
22004
22005
22006
22011
22012
22015
22016
22017
22018
22024
22025
22026
22027
22030
22033
22039
22040
22043
22044
22046
22048
22050
22052
22054
22055
22056
22057
22059
22060
22062
22063
22071
22076
22078
22080
22081
22083
22085
22088
22089
22090
22091
22094
22095
22099
22100
22102
22103
22107
22108
22110
22112
22115
22117
22118
22119
22120
22122
22123
22124
22125
22126
22129
22130
22132
22133
22134
22135
22137
22138
22140
22141
22142
22143
22144
22149
22150
22151
22154
22158
22160
22162
22164
22166
22171
22173
22174
22181
22182
22183
22187
22190
22192
22195
22196
22201
22202
22205
22208
22213
22215
22217
22218
22225
22226
22227
22228
22229
22232
22233
22235
22236
22239
22242
22244
22245
22247
22248
22249
22251
22252
22253
22255
22256
22258
22260
22261
22262
22263
22265
22272
22274
22275
22278
22280
22281
22282
22283
22286
22288
22289
22291
22294
22295
22297
22300
22302
22304
22305
22306
22310
22313
22316
22318
22320
22321
22324
22325
22326
22328
22329
22331
22334
22336
22337
22339
22340
22342
22343
22344
22345
22346
22348
22349
22353
22355
22359
22362
22363
22365
22366
22368
22374
22375
22377
22379
22380
22381
22383
22384
22393
22394
22397
22398
22400
22401
22402
22403
22406
22408
22409
22411
22413
22414
22417
22418
22419
22420
22422
22423
22424
22425
22427
22428
22429
22431
22432
22434
22435
22437
22438
22441
22442
22444
22445
22447
22449
22450
22452
22454
22456
22457
22458
22459
22461
22462
22463
22466
22467
22471
22474
22477
22478
22480
22481
22482
22485
22488
22490
22491
22492
22493
22494
22495
22497
22498
22502
22503
22504
22505
22508
22510
22511
22512
22513
22514
22516
22519
22524
22526
22527
22528
22530
22531
22534
22537
22538
22539
22541
22543
22544
22545
22546
22548
22549
22550
22551
22552
22553
22554
22556
22557
22559
22560
22561
22562
22565
22566
22567
22569
22570
22572
22573
22575
22576
22578
22579
22582
22585
22586
22589
22592
22594
22596
22597
22599
22601
22603
22604
22610
22611
22615
22618
22619
22620
22622
22625
22628
22630
22631
22632
22635
22636
22637
22638
22640
22642
22644
22645
22646
22647
22648
22651
22653
22654
22655
22656
22657
22658
22659
22660
22662
22663
22665
22668
22669
22671
22672
22673
22674
22675
22676
22677
22682
22685
22688
22693
22695
22696
22701
22706
22707
22708
22711
22714
22715
22717
22718
22721
22723
22725
25620
22726
22727
22728
22730
22731
22734
22735
22736
22738
22739
22740
22741
22742
22745
22746
22747
22748
22749
22750
22754
22758
22759
22760
22762
22768
22769
22770
22771
22772
22775
22783
22785
22786
22789
22791
22793
22795
22797
22799
22800
22802
22804
22805
22807
22808
22809
22810
22811
22814
22815
22818
22819
22821
22827
22828
22829
22830
22831
22832
22833
22835
22838
22839
22840
22841
22843
22848
22849
22852
22854
22855
22856
22857
22858
22859
22860
22864
22866
22867
22868
22873
22874
22875
22876
22878
22879
22880
22881
22883
22886
22887
22888
22889
22890
22892
22896
22897
22898
22901
22903
22905
22908
22910
22911
22913
22914
22915
22916
22917
22920
22922
22924
22926
22927
22928
22929
22931
22932
22933
22939
22940
22941
22943
22945
22951
22953
22954
22955
22956
22957
22958
22959
22960
22961
22962
22963
22964
22965
22967
22968
22969
22970
22972
22973
22974
22978
22979
22980
22982
22985
22986
22987
22988
22989
22991
22992
22993
22997
22999
23003
23008
23009
23011
23012
23013
23015
23022
23023
23025
23027
23029
23032
23033
23036
23038
23039
23041
23042
23043
23045
23046
23047
23048
23049
23051
23054
23057
23061
23064
23066
23067
23068
23069
23070
23073
23080
23081
23083
23084
23085
23087
23091
23092
23093
23094
23095
23097
23102
23104
23105
23106
23109
23112
23114
23115
23116
23117
23118
23119
23127
23128
23130
23133
23134
23135
23137
23140
23142
23143
23144
23146
23147
23150
23151
23152
23153
23154
23155
23156
23158
23159
23161
23162
23163
23165
23167
23169
23170
23171
23173
23174
23175
23177
23178
23179
23180
23181
23182
23183
23186
23187
23190
23194
23195
23196
23197
23198
23199
23202
23203
23204
23206
23207
23208
23210
23211
23214
23217
23220
23222
23224
23227
23229
23231
23234
23239
23243
23245
23246
23247
23249
23250
23253
23256
23258
23259
23261
23263
23265
23268
23273
23274
23275
23277
23279
23280
23283
23284
23286
23288
23290
23291
23298
23299
23300
25829
23303
23304
23306
23313
23315
23317
23318
23319
23323
23326
23328
23331
23333
23334
23336
23341
23346
23350
23351
23353
23363
23429
23365
23370
23371
23372
23373
23374
23375
23376
23377
23379
23385
23386
23389
23390
23392
23393
23395
23396
23398
23400
23403
23404
23410
23412
23414
23417
23418
23419
23420
23421
23423
23426
23427
23479
23433
23434
23436
23438
23439
23440
23441
23443
23445
23447
23448
23449
23450
23451
23457
23458
23460
23462
23463
23464
23465
23467
23468
23469
23470
23471
23472
23473
23474
23482
23483
23484
23485
23486
23488
23493
23495
23500
23502
23504
23505
23506
23508
23509
23512
23515
23516
23518
23519
23521
23523
23525
23526
23528
23532
23534
23535
23536
23539
23541
23542
23543
23545
23546
23547
23549
23550
23551
23552
23553
23555
23556
23558
23560
23561
23562
23565
23566
23567
23568
23577
23579
23581
23583
23589
23590
23596
23597
23598
23599
23600
23603
23604
23607
23611
23613
23614
23615
23618
23619
23625
23626
23629
23630
23631
23634
23635
23636
23637
23643
23645
23648
23650
23651
23653
23654
23655
23656
23657
23660
23664
23666
23667
23670
23672
23673
23674
23677
23678
23680
23682
23684
23685
23689
23690
23691
23692
23694
23695
23698
23699
23700
23702
23703
23704
23707
23708
23709
23710
23711
23714
23718
23720
23722
23724
23727
23730
23731
23734
23736
23738
23739
23740
23742
23743
23745
23746
23749
23751
23752
23753
23755
23757
23761
23763
23764
23765
23766
23767
23769
23771
23773
23774
23775
23776
23777
23778
23779
23780
23781
23783
23784
23785
23786
23788
23792
23793
23794
23795
23796
23797
23799
23802
23803
23805
23806
23812
23813
23815
23816
23817
23819
23820
23821
23825
23826
23828
23829
23830
23831
23833
23834
23836
23837
23838
23839
23840
23842
23843
23845
23847
23849
23850
23852
23853
23854
23857
23860
23861
23862
23867
23868
23869
23871
23874
23875
23876
23877
23878
23879
23881
23882
23883
23884
23885
23889
23890
23891
23894
23895
23897
23898
23899
23900
23901
23902
23904
23905
23907
23908
23909
23910
23911
23913
23914
23915
23917
23918
23919
23920
23922
23923
23927
23928
23929
23930
23931
23933
23934
23936
23937
23939
23941
23942
23943
23944
23945
23948
23949
23950
23951
23955
23956
23959
23960
23962
23965
23966
23968
23970
23974
23976
23979
23980
23981
23982
23986
23989
23990
23997
23998
23999
24001
24002
24005
24006
24007
24009
24010
24011
24012
24013
24019
24021
24022
24024
24025
24029
24030
24031
24032
24036
24041
24044
24045
24052
24054
24056
24057
24059
24060
24063
24065
24066
24067
24068
24069
24071
24072
24076
24077
24079
24080
24081
24082
24083
24086
24087
24088
24089
24093
24094
24098
24099
24101
24102
24103
24104
24106
24110
24115
24116
24117
24118
24121
24122
24124
24129
24133
24135
24138
24139
24140
24149
24151
24152
24154
24156
24160
24161
24162
24166
24174
24175
24177
24178
24179
24182
24185
24187
24188
24190
24192
24193
24196
24197
24199
24200
24202
24203
24205
24207
24208
24209
24211
24213
24215
24216
24218
24219
24220
24221
24222
24228
24230
24231
24232
24233
24237
24238
24240
24241
24242
24243
24244
24246
24250
24256
24257
24260
24266
24267
24268
24269
24270
24273
24274
24276
24278
24279
24282
24283
24284
24290
24293
24295
24296
24297
24299
24303
24304
24306
24309
24313
24314
24317
24318
24320
24321
24323
24324
24332
24333
24335
24338
24339
24340
24344
24345
24349
24351
24352
24353
24354
24355
24356
24358
24359
24363
24364
24365
24366
24369
24371
24376
24377
24378
24379
24380
24382
24383
24384
24390
24393
24395
24399
24400
24401
24402
24407
24412
24413
24415
24416
24418
24419
24420
24423
24425
24426
24427
24429
24430
24431
24432
24433
24434
24436
24438
24439
24440
24443
24444
24446
24447
24449
24450
24451
24452
24453
24454
24455
24456
24461
24462
24466
24467
24468
24469
24470
24472
24473
24474
24475
24476
24477
24480
24485
24486
24487
24492
24494
24496
24497
24501
24502
24503
24504
24505
24507
24511
24513
24514
24516
24518
24519
24520
24521
24522
24523
24524
24525
24527
24528
24530
24531
24534
24536
24541
24544
24548
24549
24550
24552
24553
24556
24557
24563
24565
24566
24568
24569
24571
24573
24574
24576
24578
24579
24580
24582
24583
24584
24589
24590
24592
24595
24596
24600
24601
24604
24605
24608
24609
24610
24616
24617
24618
24622
24629
24630
24632
24633
24634
24635
24636
24639
24643
24644
24645
24646
24647
24648
24649
24651
24653
24655
24656
24658
24661
24662
24663
24664
24665
24666
24668
24670
24672
24675
24676
24679
24680
24682
24686
24687
24688
24695
24698
24699
24700
24702
24704
24706
24707
24708
24711
24712
24713
24715
24716
24717
24718
24719
24720
24721
24722
24723
24726
24727
24728
24729
24731
24734
24735
24736
24737
24738
24740
24742
24743
24745
24748
24749
24750
24751
24752
24757
24759
24760
24761
24762
24763
24764
24765
24767
24768
24770
24772
24774
24780
24781
24785
24787
24788
24790
24792
24793
24794
24796
24798
24799
24800
24801
24803
24804
24807
24809
24811
24815
24816
24817
24818
24819
24820
24821
24822
24823
24824
24825
24826
24827
24829
24831
24832
24834
24836
24837
24840
24841
24842
24846
24847
24848
24850
24858
24861
24862
24866
24869
24871
24872
24874
24876
24879
24882
24883
24884
24889
24890
24891
24892
24894
24896
24899
24900
24901
24902
24906
24907
24908
24910
24912
24913
24916
24917
24919
24920
24922
24925
24928
24930
24932
24937
24938
24939
24941
24944
24949
24951
24953
24954
24955
24956
24960
24961
24971
24972
24975
24977
24978
24982
24987
24993
24997
25000
25003
25006
25009
25011
25014
25016
25019
25022
25023
25025
25028
25029
25031
25034
25039
25045
25046
25047
25048
25050
25052
25053
25058
25059
25060
25061
25063
25064
25065
25068
25070
25073
25074
25076
25078
25079
25085
25088
25090
25101
25102
25103
25106
25107
25109
25116
25118
25122
25124
25126
25127
25128
25129
25132
25133
25134
25136
25138
25139
25141
25142
25152
25155
25157
25159
25166
25169
25170
25171
25172
25175
25178
25179
25180
25183
25186
25187
25188
25192
25196
25198
25199
25201
25202
25203
25205
25206
25207
25214
25219
25222
25223
25225
25229
25230
25233
25240
25241
25242
25244
25245
25247
25249
25250
25251
25252
25253
25254
25255
25257
25259
25264
25268
25269
25270
25271
25272
25273
25274
25275
25281
25282
25288
25290
25292
25293
25294
25297
25298
25299
25300
25301
25302
25303
25304
25305
25310
25314
25316
25320
25321
25323
25324
25326
25327
25329
25340
25341
25343
25345
25346
25347
25350
25353
25355
25356
25359
25362
25364
25366
25369
25372
25374
25375
25376
25378
25381
25388
25389
25390
25391
25394
25395
25399
25400
25401
25402
25403
25406
25407
25408
25409
25410
25411
25412
25414
25417
25418
25419
25421
25422
25423
25424
25425
25426
25427
25428
25430
25433
25435
25437
25438
25440
25442
25444
25451
25452
25454
25455
25456
25459
25462
25463
25464
25465
25467
25468
25469
25470
25472
25473
25474
25475
25477
25478
25480
25481
25482
25483
25484
25486
25489
25490
25491
25492
25493
25495
25496
25497
25500
25501
25502
25503
25504
25510
25514
25515
25516
25518
25520
25521
25522
25523
25528
25529
25531
25532
25533
25535
25537
25538
25539
25541
25543
25544
25545
25547
25548
25550
25553
25556
25557
25558
25559
25563
25567
25568
25569
25570
25571
25573
25575
25576
25577
25578
25580
25581
25582
25586
25587
25590
25591
25592
25593
25594
25595
25596
25599
25600
25601
25602
25605
25608
25610
25613
25614
25617
25619
25621
25622
25625
25627
25628
25630
25631
25633
25634
25637
25638
25640
25643
25645
25646
25649
25650
25652
25658
25661
25662
25663
25664
25666
25667
25669
25670
25671
25673
25674
25678
25680
25684
25685
25688
25689
25691
25692
25693
25694
25695
25699
25701
25702
25703
25709
25710
25711
25712
25713
25714
25716
25718
25720
25721
25722
25723
25724
25727
25728
25729
25730
25734
25737
25738
25741
25743
25744
25747
25751
25752
25753
25755
25756
25760
25764
25767
25770
25774
25775
25776
25778
25779
25782
25783
25784
25786
25790
25792
25793
25794
25796
25797
25799
25802
25803
25804
25806
25808
25812
25814
25821
25824
25828
25869
25830
25831
25833
25835
25837
25838
25839
25841
25843
25844
25848
25850
25851
25852
25856
25858
25865
25867
25868
25871
25874
25879
25881
25883
25884
25890
25891
25892
25893
25894
25895
25901
25902
25903
25904
25905
25907
25910
25911
25915
25918
25920
25926
25927
25933
25935
25936
25939
25942
25943
25947
25950
25952
25956
25959
25960
25961
25962
25964
25967
25971
25972
25973
25995
26001
26004
26005
26009
26011
26013
26014
26021
26022
26026
26027
26028
26029
26030
26031
26032
26035
26036
26039
26040
26042
26044
26045
26046
26048
26049
26051
26052
26053
26056
26058
26059
26060
26062
26063
26064
26065
26066
26068
26070
26071
26073
26075
26076
26077
26080
26084
26087
26091
26097
26098
26099
26100
26104
26108
26112
26115
26121
26126
26128
26130
26132
26135
26137
26138
26139
26142
26148
26158
26162
26165
26185
26186
26187
26188
26189
26192
26199
26200
26201
26202
26208
26210
26213
26215
26222
26225
26227
26228
26233
26238
26241
26242
26249
26254
26257
26261
26262
26269
26270
26274
26283
26285
26287
26293
26297
26298
26317
26322
26323
26325
26327
26329
26335
26337
26343
26358
26359
26363
26367
26371
26372
26376
26379
26383
26387
26411
26416
26418
26427
26428
26429
26435
26437
26438
26440
26445
26447
26448
26449
26451
26452
26455
26467
26469
26473
26474
26476
26479
26484
26490
26495
26497
26504
26508
26509
26513
26516
26521
26526
26531
26533
26537
26538
26539
26544
26549
26554
26556
26562
26563
26566
26568
26575
26581
26584
26589
26594
26597
26598
26606
26608
26609
26618
26626
26632
26635
26641
26645
26648
26651
26652
26660
26669
26676
26679
26683
26684
26690
26691
26695
26698
26701
26702
26707
26709
26716
26719
26723
26728
26732
26735
26736
26737
26740
26741
26743
26745
26746
26750
26754
26758
26765
26766
26770
26778
26783
26787
26789
26792
26793
26798
26799
26800
26801
26802
26805
26807
26809
26811
26812
26813
26814
26816
26820
26822
26825
26826
26827
26831
26833
26835
26840
26841
26843
26844
26848
26850
26854
26855
26856
26857
26858
26859
26860
26861
26863
26865
26867
26870
26871
26872
26873
26874
26875
26876
26877
26878
26879
26880
26881
26882
26884
26885
26886
26889
26890
26892
26893
26894
26896
26898
26900
26901
26903
26907
26908
26909
26910
26915
26916
26918
26919
26920
26921
26923
26924
26925
26927
26929
26931
26933
26934
26935
26937
26938
26939
26941
26944
26945
26947
26948
26950
26952
26954
26955
26956
26963
26965
26966
26968
26969
26973
26975
26977
26978
26979
26980
26981
26982
26983
26984
26986
26988
26989
26991
26992
26993
26994
26995
26996
26997
27000
27001
27002
27004
27005
27006
27007
27009
27010
27011
27012
27013
27014
27016
27017
27020
27021
27022
27024
27025
27027
27028
27029
27030
27035
27036
27038
27039
27040
27045
27046
27049
27050
27051
27052
27055
27056
27057
27058
27059
27061
27069
27070
27071
27072
27074
27079
27082
27086
27088
27089
27090
27091
27094
27096
27097
27098
27099
27100
27101
27103
27104
27107
27109
27110
27112
27113
27114
27115
27116
27119
27122
27126
27134
27135
27136
27138
27139
27141
27142
27143
27144
27148
27151
27154
27157
27158
27159
27161
27164
27165
27166
27168
27171
27174
27178
27179
27180
27181
27182
27183
27185
27190
27193
27194
27195
27197
27199
27207
27217
27222
27223
27225
27231
27233
27235
27241
27243
27244
27247
27250
27252
27257
27259
27260
27263
27264
27268
27270
27271
27272
27273
27276
27278
27285
27286
27290
27295
27298
27306
27310
27318
27324
27325
27327
27328
27330
27331
27332
27334
27336
27337
27338
27342
27344
27345
27347
27349
27350
27351
27352
27356
27357
27358
27360
27361
27362
27363
27365
27371
27372
27374
27375
27377
27378
27380
27381
27390
27392
27393
27399
27401
27403
27404
27405
27406
27407
27409
27411
27413
27417
27418
27419
27421
27424
27425
27426
27427
27428
27431
27432
27434
27436
27437
27439
27448
27451
27452
27454
27457
27458
27462
27464
27466
27468
27469
27470
27474
27475
27477
27478
27479
27484
27485
27487
27490
27492
27494
27495
27496
27498
27499
27500
27501
27502
27507
27509
27510
27512
27515
27517
27519
27520
27523
27524
27529
27530
27531
27532
27533
27535
27536
27539
27540
27543
27545
27546
27547
27550
27553
