0
1
175
110
3
6
7
8
14
15
16
19
20
9218
3948
21
5176
121
24
214
25
26
31
33
37
39
10754
112
44
674
47
64
53
56
63
65
66
246
68
71
76
3749
74
77
78
79
80
1438
84
85
86
91
92
95
96
97
98
99
107
108
109
111
117
11818
118
7743
123
10684
12317
127
128
129
130
5632
2018
711
2574
3637
131
133
7678
135
136
138
5313
142
145
147
148
9281
151
149
150
2985
152
155
156
157
158
160
159
1745
168
169
170
174
176
178
180
182
183
11392
8970
927
1615
191
192
196
203
205
210
217
218
219
220
223
226
228
231
234
235
236
240
4418
6567
1805
9613
6422
241
242
243
9126
244
249
253
258
796
2367
261
265
267
2648
268
275
276
277
280
282
284
286
287
3175
289
292
299
814
306
307
315
317
320
321
323
324
344
352
854
354
358
360
4258
370
372
3583
375
382
384
388
398
401
404
408
409
410
1160
423
428
429
1469
430
434
441
442
444
445
446
448
449
450
452
455
2991
456
5876
1911
1851
2178
457
458
463
464
465
466
467
468
473
474
476
477
478
480
484
485
486
487
488
491
492
493
494
496
498
499
500
501
502
503
505
508
510
511
512
514
515
1234
519
522
524
526
527
528
532
534
6626
536
538
541
544
545
546
548
549
552
3030
557
558
560
561
562
570
576
578
581
582
585
586
589
592
595
602
603
610
613
616
619
623
3376
624
630
2041
633
637
639
640
647
648
649
651
652
5758
656
7304
8003
4397
2726
665
667
668
2237
669
673
675
685
686
687
692
696
699
701
705
2997
707
709
710
715
717
3917
718
719
723
725
727
732
738
5232
2101
750
754
757
758
760
768
769
771
778
790
792
793
795
797
801
802
803
7646
810
815
819
821
822
823
826
827
841
851
852
853
855
856
858
877
880
884
888
889
895
896
903
905
906
909
910
9249
12198
913
921
926
7210
1861
9365
929
933
934
935
936
938
942
943
947
949
954
955
957
963
1308
965
970
971
972
978
983
986
991
998
999
1006
1007
1008
1020
1024
1029
1035
1038
1435
2412
1403
3357
1046
1047
1049
1059
1062
1065
1066
1088
1089
1099
1106
1107
1116
1124
1126
1134
1135
1136
1145
1149
1151
1158
9356
1159
7674
1162
1167
1169
1227
1171
1172
4844
1184
1186
1187
1190
10107
1193
1197
1209
1210
1211
1212
1213
1214
1217
3218
1229
3408
5825
1232
1239
1244
1247
1248
1252
1260
1263
1265
1268
1270
1272
1273
1274
1275
1278
1279
1280
1284
1285
1286
1287
1290
1296
1297
1298
1302
6562
10289
9650
5238
1975
3321
2459
7679
1307
1311
1312
1314
1316
1318
1322
1323
1324
1325
1327
1328
1330
1331
1335
1340
1348
1349
1361
1363
1364
1717
2603
2492
1365
1370
5212
1371
1373
1374
1375
1376
1378
1380
1386
1389
1396
1397
1399
1401
1402
1404
1407
1409
1411
1412
1413
1417
1418
11028
1419
1420
1422
1423
1425
1426
1428
1429
2196
1430
1730
11124
1431
1439
1440
1444
1446
1452
1453
1456
1458
1463
1468
6580
1471
1482
1491
1499
1507
1508
1511
1520
1523
1529
1534
1536
1537
1539
1541
1549
1552
1553
1555
1560
1566
1568
1571
1572
1573
1574
1575
1585
1591
1594
1595
6476
1600
2611
4732
3102
1601
1605
1606
1610
1612
1618
7250
1630
1633
1636
1637
1638
1639
1641
1644
1645
1647
1652
1653
1671
1654
1657
1666
1672
1676
1678
1681
8976
1682
1684
1968
1691
1707
1709
1710
6877
1720
1723
1726
1729
10921
11223
1732
1734
1737
1739
1742
1744
7239
1746
1747
1748
1749
1750
1751
1755
1756
1758
1762
1764
1768
1771
1772
1773
1775
1777
1778
1779
1780
1783
1784
1785
1786
3123
1788
1790
1792
1794
1796
1797
1799
1802
9896
1806
1810
1812
1814
1815
6371
2643
1816
1817
1821
1824
1825
1829
1830
1831
1832
1834
3134
1836
1837
1840
1841
1842
1844
1848
1850
5990
1853
1855
1858
1860
1862
1864
1865
1866
1867
1869
1870
1872
1876
1879
1880
1881
1882
1883
1886
1888
1891
1895
1898
1899
1903
1904
7785
1906
1907
1908
1910
1912
1915
1916
1917
1918
1921
1922
1924
1928
1929
1966
1932
1934
1935
1938
1939
1943
1945
1946
1947
1949
1950
1951
1952
1977
1954
1955
1959
1961
1962
1963
5051
1967
1970
1971
1972
1974
1976
1980
1981
1989
1995
1999
2000
2001
2002
2003
2004
2008
2009
2010
2017
2021
2022
2023
2025
2028
2033
2035
2039
2043
2050
2051
2053
2057
7541
2059
2060
9067
2068
2075
2076
2077
2078
2079
2086
2087
2088
2090
2092
2095
2096
2100
2102
2105
2110
2113
2120
2125
2127
2131
2134
2138
2141
2143
2144
2148
2150
2153
2155
2158
2159
2164
2166
2169
2172
2173
2174
2180
2181
8168
8261
8207
2186
2188
2195
2201
2205
2210
2212
2218
2220
2222
2223
2225
2227
2229
2231
2234
2238
2239
2240
2244
6552
12233
5866
2245
2246
2247
2248
2249
4572
2250
2251
2252
2253
2254
2255
2256
2257
2258
2259
2260
2264
3613
2855
2267
11376
5770
2276
2279
2280
2285
2287
2289
4101
2293
10562
2294
2299
5108
2306
2308
2310
2314
2317
2318
2319
2320
2322
2324
2330
2331
2332
2334
2336
2337
2338
2339
2340
2343
2344
2345
4793
2346
2348
2349
2350
2353
2356
2357
2359
2362
2363
2365
2372
2373
2374
2377
2378
2379
2381
9773
2391
2392
2394
2395
2397
2399
2400
2402
2405
2409
2411
2413
2416
2417
2421
2428
2429
2431
2434
2437
2439
2441
2450
2454
2456
2457
2458
2460
6995
7190
6296
7289
2462
2468
8104
2469
2470
2473
2474
2475
2483
2487
2489
2490
2491
2493
2494
2497
2498
2499
2502
2325
2503
2505
2506
2507
2508
2510
2512
2513
2514
2517
2518
2521
2523
2524
2525
2528
2529
2530
2532
2534
2535
2536
2538
2539
2541
2542
2544
2547
2548
2553
2555
2557
2558
2560
2561
2565
2566
2569
2572
2573
2575
2576
2577
2579
8501
2582
2583
2587
2588
2590
2591
2592
2594
2596
2597
2598
2600
2601
6911
2605
2607
2609
2612
2613
2614
2617
2619
2621
2622
2624
2626
2627
2629
2635
2715
2642
4262
2644
2645
2647
2650
2651
2652
2653
2655
2656
2657
2658
2659
4859
2660
2661
2665
2667
2671
2675
2676
2677
2678
2679
2680
2681
2689
2692
2693
2694
2696
2697
2698
2699
2703
2704
2705
2707
2708
2711
2712
2717
2719
2720
2721
2722
2725
2729
2730
2731
2732
2733
2735
2738
2739
2745
2749
2750
2751
2753
2754
2755
2757
2759
2760
2761
2762
2763
2764
2766
2767
2769
2773
2777
2779
2781
2782
2783
2784
2785
2790
2791
2793
2794
2795
2796
2797
2798
2799
2800
2801
2803
2804
2807
2809
2810
2813
2817
2818
2819
2820
2821
2824
2836
2842
2845
2846
2847
2851
2854
2860
2868
2869
2871
2873
2875
2876
2877
2879
2880
2882
2883
2887
2888
2890
2891
2894
2897
2899
2903
6260
2904
4595
2905
2907
2908
2909
2910
2911
2916
2917
2919
2921
2922
2926
4068
2928
2930
2931
2932
2933
2934
2935
2937
2939
2940
2941
2942
2945
2946
2947
2948
2949
2950
2955
2957
2958
2960
2961
2963
2964
3640
2965
2966
2967
2968
2969
2970
2971
2972
2973
2977
2978
2980
2981
2983
2984
2986
2988
2989
2990
2992
2993
2994
2995
2999
3000
3001
3002
3003
3004
3006
3007
3008
3009
3010
3016
3019
3021
3022
3023
3024
3026
3029
3031
3032
3033
3034
3035
3036
3037
3038
3039
3040
3041
3042
3043
3044
3046
3047
3049
3050
3052
3053
3054
3056
3057
3058
4606
3059
3060
3062
3063
3064
3065
3067
3070
3072
3075
3076
3077
3078
3080
3082
3083
3087
3088
3089
3098
3099
3103
3105
3107
3108
3113
3117
3121
3125
3133
5640
3135
3136
3138
3140
3141
3143
3145
3147
3150
3152
3154
3155
3161
3170
3171
3172
3177
3178
3181
3187
3190
3191
3194
3198
3200
3203
3204
3205
3207
3210
3211
3213
3214
3215
3217
3222
3224
3226
3228
3229
3231
3232
3233
3236
3237
3238
3239
3240
3242
3243
3245
3247
3248
3249
3250
3253
3252
3254
3256
3261
3262
3265
3267
3274
3275
3278
3279
3281
3282
3283
3284
3288
3290
3291
3292
3293
3296
3298
3299
3303
3305
3306
3307
3312
3310
3324
3326
3327
3329
3332
3333
3337
3340
3347
3348
3353
3354
3358
3359
3365
3370
3371
3377
3378
3380
3381
3383
3390
3396
3398
3403
3406
3409
3410
3411
11556
11557
3412
3416
3417
3418
3419
3424
3426
3427
3429
3430
3434
3437
3438
3442
3444
3447
3449
3450
3451
3452
3454
3455
3456
3458
3459
3460
3461
3462
3464
3466
3467
3469
3471
3472
3473
3474
3475
3477
3478
3480
3481
3482
12084
3483
3484
3485
3486
3487
3488
3489
3490
3492
3493
3496
3497
3499
3500
3501
3503
3504
3505
3506
3507
3508
3509
3510
3512
3513
3516
3517
3519
3520
3521
3522
3526
3527
3530
3532
3533
3535
3537
3538
3539
3540
3541
3542
3544
3545
3546
3547
3549
4227
3551
3552
3553
3554
3556
3557
3558
3561
3562
3565
3567
3570
3573
3574
3577
3578
3579
3580
3581
3585
3586
3587
3589
3590
3591
3592
3594
3595
3596
3597
3598
3599
3600
3601
3602
3604
3605
3606
3607
3608
3609
3611
3612
3614
3615
3617
3618
3619
3620
3622
3623
3625
3626
3627
3628
3629
3631
3633
3635
3636
3642
3643
3644
3645
3648
3649
3650
3651
3652
3653
3654
3656
3658
3661
3662
3663
3664
3665
3667
3668
3670
3671
3672
3673
3676
3677
3678
3679
3680
3682
3683
3684
3685
3687
3690
3691
3693
3694
3696
3697
3698
3700
3701
3702
3703
3704
3705
3708
3710
3711
3713
3715
3716
3724
3725
3728
3730
3731
3732
3735
3736
3739
3740
3742
3743
3744
3746
3750
3751
3753
3754
3758
3759
3761
3762
3763
3764
3765
3766
3767
3769
3770
3771
3772
3773
3774
9620
3775
3778
3779
3780
3781
3783
3785
3786
3789
3790
3793
3796
3802
3804
3812
3813
3814
3815
3819
3820
3826
3830
3832
3834
3838
3839
3843
3844
3845
3851
3854
3855
3856
3862
3863
3865
3874
3875
3879
3884
3885
3891
3892
3894
3900
11399
3902
3904
3906
3908
3909
3912
3915
3916
3918
3920
3921
3922
3923
3924
3928
3931
3934
3935
3942
3945
3947
3950
3954
3958
3960
3962
3966
3968
3970
3975
3976
3977
3979
3980
3981
3982
3983
3984
3985
3986
3987
3988
3989
3990
3991
3992
3993
3994
3995
3996
3999
4001
4005
4007
4011
4017
4023
4024
4026
4028
4030
4032
4041
4042
4045
4046
4048
4059
4060
4061
4071
4079
4080
4083
4086
4087
5195
4088
4091
4092
4094
4097
4098
4107
4108
4109
4110
4111
4116
10201
9959
4117
4118
4121
4122
4125
4126
11076
4127
4130
4137
4138
4139
4145
4149
4151
4153
4163
4167
4169
4172
4173
4176
4179
4182
4185
4186
4187
4189
4191
4192
4202
4203
4204
4207
4210
4211
4213
4216
4218
4219
4221
4222
4224
4225
4226
4229
4231
4234
4235
4238
4245
4248
4254
4257
4261
5512
4263
4264
4267
4272
4273
4274
4276
4277
4281
4292
4295
4296
4297
4299
4300
4301
4302
4303
4304
4310
4313
4314
4316
4317
4318
4319
4320
4321
4322
4323
4324
4325
4326
4328
4329
4330
4331
4332
4335
4338
4339
4341
4342
4344
4345
4346
4347
4348
4349
4350
4352
4354
4357
4358
4360
4363
4364
4365
4371
4373
4374
4379
4381
4382
4387
4391
4392
4395
4396
4399
4401
4403
4413
4415
4419
4420
4421
4424
4425
4426
4428
4431
4432
4433
4436
4438
4439
4441
4443
4444
4445
4446
4451
4453
4454
4456
4458
4459
4460
4461
4462
4464
4467
4468
4469
4470
4471
4473
4474
4477
4478
4479
4480
4481
4482
4483
4484
4485
4486
4487
4489
4490
4491
4492
4494
4495
4499
4500
4502
4504
4506
4509
4510
4513
4515
4516
4521
4524
4527
4528
4529
4530
4532
4533
4535
4537
4538
4540
4541
4542
4543
4544
4546
4548
4549
4550
4551
4552
4555
4556
4560
4565
4567
4568
4570
4571
10859
8953
4574
4576
4577
4581
4582
4583
4584
4585
4586
4587
4589
4596
4598
4599
4600
4604
4605
5027
4607
4611
4613
4614
4619
4622
4625
4630
5834
4631
4633
4634
4642
4648
4649
4650
4653
5072
4654
4655
4656
7777
4657
4658
4661
4663
4666
4668
4669
4670
4673
4674
4677
4678
4679
4680
4681
4683
4684
4686
4689
4690
4691
4692
4693
4694
4695
4696
4697
4698
8020
4700
4701
4702
4703
4705
4706
4707
4709
4710
4712
4713
4717
4718
4719
4720
4721
4723
4724
4726
4728
4729
4730
4733
4734
4737
4738
4739
4740
4741
4742
4743
4744
4745
4746
4754
4755
4758
4760
4761
4762
4764
4766
4767
4768
4769
4771
4772
4773
4776
4777
4779
4781
4785
4787
4791
4800
4805
4806
4808
4811
4814
4816
4817
4822
4825
4829
4834
4835
4836
4838
4843
4845
4848
4851
11992
4852
4853
4854
4855
8560
4856
4924
4860
4861
4863
4864
4866
4867
4868
4869
4871
4875
4879
4889
4890
4891
4892
4893
4897
4903
4904
4909
4915
4917
4918
4920
4926
4929
4933
4934
4938
4941
4945
4950
4955
4957
4958
4962
4964
4965
4968
4970
4971
4972
4974
4975
4976
4977
4981
4982
4983
4986
4987
4992
4995
4996
4997
4998
4999
5002
5004
5005
5007
5008
5009
5012
5014
5018
5024
5025
5026
7271
5038
5039
5041
5042
5047
8122
9661
5049
5050
5053
5054
5058
5060
5064
5068
5069
5075
5077
5079
5085
5087
5089
5090
5092
5094
5098
5099
5100
5106
5107
6176
5110
5114
5117
5118
5120
5122
5124
5125
5128
5129
5131
5135
5143
5152
5153
5154
5156
5159
5160
5163
5168
5169
5178
5181
5185
5186
5187
5191
5192
5194
5196
5197
5198
5199
5202
5203
5208
5209
5210
10166
7223
5214
5216
5219
5224
5227
5228
5229
5230
5237
5245
5248
5249
5250
5252
5257
5262
5265
5266
5267
5271
5272
5273
5277
5278
5279
5280
9229
5284
5287
5288
5292
5295
5298
5301
5307
5311
5314
5315
5316
5325
5326
5327
5333
5334
5335
5340
5342
5345
5346
5349
5351
5352
5353
5355
5356
5358
5359
5360
5363
5364
5369
5370
5373
5374
5376
5377
5378
5380
5384
5391
5395
5402
5403
5406
5409
5410
5419
5420
5427
5428
9680
9804
5429
5430
5435
5436
5438
5440
5442
5446
5448
5449
5450
5453
5454
5455
5456
5457
5458
5459
5460
5461
5463
5464
5467
5470
5471
5472
5473
5474
5475
5477
5478
5479
5482
5483
5484
5485
5486
5487
5488
5490
5491
5493
5495
5496
5498
5499
5500
5502
5503
5509
5510
5511
5516
5519
5523
5524
5526
5528
5529
5530
5531
5532
5534
5537
5540
5542
5547
5549
5554
5558
5560
5561
5562
5563
5564
5565
5568
5569
5570
5572
5573
5574
5575
5576
5580
5587
5589
5592
5593
5595
5597
6304
5598
5599
5601
5602
5603
5604
5605
5610
5618
5621
9121
5623
5624
5629
5630
5634
5638
5639
5641
5643
5644
5648
5655
5657
5658
5659
5666
5668
5669
5674
5675
5684
5686
5687
5688
5690
5691
5693
5694
5702
5707
5713
5717
5720
5725
5729
5730
5737
5738
5740
5743
5749
5750
5752
5754
5757
5760
5768
5775
5778
5779
5780
5781
5784
5788
5793
5798
5801
5802
5805
5813
5814
5817
5818
5820
5821
5824
5830
5831
5832
5837
5841
5847
5848
5851
5859
5861
5864
5865
5868
5869
5873
5874
5875
5877
5881
5885
5886
5889
5890
5892
5893
5900
5901
5904
5907
5910
5911
5912
5913
5916
5919
5920
5921
5922
5923
5924
5925
5926
5928
5929
5930
5931
5932
5933
5934
5935
5936
5937
5938
5939
5940
5941
5942
5943
5944
5945
5948
5949
5951
5954
5955
5956
5957
5960
5961
5963
5964
5966
5968
5969
5970
5971
5974
5976
5978
5979
5980
5982
5983
5988
5989
5992
5993
5994
5995
5996
5998
6000
6001
6002
6003
6006
6011
6013
6019
6020
6021
6022
6023
6025
6026
6027
6028
6030
6031
6033
6037
6039
6040
6041
6042
6046
6048
6049
6051
6052
6053
6054
6055
6058
6059
6060
6061
6064
6067
6068
6069
6071
6073
6077
6080
6082
6083
6084
6086
6089
6097
6099
6113
6114
6121
6123
6125
6126
6129
6131
6135
6139
6142
6143
6144
6149
6151
6153
6158
6163
6166
6169
8891
6180
6186
6196
6201
6203
6206
6210
6211
6212
6213
6214
6226
6228
6229
6231
6234
6237
6241
6247
6248
6249
6254
6259
6261
6262
6264
6265
6266
6267
6270
6273
6278
6281
6283
6292
6294
6295
12023
6299
6301
6311
6312
6315
6317
6319
6320
6325
6330
6331
6332
6337
6338
6342
6343
6345
6466
6346
6353
6354
6359
6362
6364
6365
6368
6374
6380
6382
6386
6389
6390
6392
6394
6395
6396
6397
6398
6400
6405
6406
6407
6408
6409
6413
6414
10748
6420
6421
6428
6432
6434
6438
6443
6445
6451
6455
6458
6461
6464
6465
6467
6472
6480
6481
6490
6511
6512
6517
6519
6521
6529
6530
6532
6538
6543
6544
6547
6548
6550
6551
9033
6564
6568
6569
6574
6576
6577
6581
6585
6586
6588
6589
6591
6598
6599
6603
6604
6605
6609
6611
6616
6617
6618
6619
6624
6629
6630
7645
6631
6638
6639
6640
6643
6644
6646
6649
6651
6654
6655
6657
6658
6659
6664
6665
8060
6666
6668
6671
6672
6675
6678
6679
6680
6684
6685
6686
6687
6690
6691
6692
6693
6694
6695
6696
6697
6699
6701
6702
6703
6704
6705
6706
6707
6710
6711
6713
6714
6715
6716
6717
6719
6721
6722
6723
6724
6725
6726
6727
6730
6731
6733
6734
6735
6738
6739
6740
6742
6744
6745
6747
6753
6754
6756
6757
6758
6760
6764
6765
6767
8595
6770
6772
6773
6774
6775
6781
6782
6784
6785
6788
6789
6791
6792
6794
6795
6797
6799
6800
6801
6803
6806
6807
6812
6813
6814
6815
6817
6818
6819
6821
6822
6830
6831
6836
6837
6839
6841
6843
6844
6845
6851
6852
6853
6854
6856
6861
7868
6863
6874
6876
6878
6880
6884
6885
6887
6891
6894
6898
6903
6907
6909
6913
6916
6917
6919
6920
6922
6925
6927
10087
6931
6935
8742
6942
6943
6944
6945
6946
6951
6952
6953
6954
6955
6956
6958
6959
6962
6963
6965
6968
6970
6972
6973
6976
6985
6986
6987
6993
6996
6997
7001
7002
7004
7006
7010
7013
7014
7016
7018
7021
7022
7023
7028
7029
7032
7034
7035
7037
7040
7041
7043
7045
7048
7049
7050
7051
7055
7056
7061
7062
7063
7064
7066
7067
7068
7071
7072
7074
7075
7077
7078
7079
7080
7081
7082
7083
7084
7087
7091
7092
7093
7094
7095
7097
7098
7101
7102
7103
7104
7105
7107
7109
7110
7113
7114
7115
7116
7117
7118
7120
7121
7122
7123
7124
7125
7127
7131
7132
7136
7139
7141
7142
7143
7144
7146
7149
7151
7154
7155
7160
7162
7164
7166
7167
7168
7169
7170
7171
7172
7173
7176
7177
7178
7179
7180
7181
7182
7184
7185
7189
7192
7194
7195
7196
7197
7199
7200
7202
7206
7208
7209
7211
7212
7213
7215
7216
7217
7218
7219
7220
7224
7226
7230
7233
7234
7235
7240
7241
7243
7244
7247
7249
7256
7258
7261
7262
7267
7270
7275
7276
7277
7280
7281
7284
7285
7287
7290
7291
7292
7293
7295
7296
7299
7303
7305
7307
7308
7312
7315
7317
7318
8167
7320
7322
7326
7327
7329
7331
7333
7334
7336
7337
7339
7340
7342
7345
7347
7350
7352
7353
7356
7357
7359
7360
7365
7366
7367
7371
7374
7375
7376
7378
7381
7382
7383
7387
7390
7392
7395
7396
7397
7399
7400
7401
7402
7404
7405
7406
7407
7408
7409
7410
7411
7412
7414
7415
7417
7418
7419
7421
7423
7425
7426
7428
7429
7433
7436
7437
7438
7441
7442
7443
7445
7447
7448
7449
7450
7453
7454
7455
7456
7457
7458
7459
7460
7461
7462
7463
7464
7466
7469
7470
7471
7472
7473
7474
7475
7476
7477
7478
7479
7480
7481
7482
7483
7484
7485
7486
7487
7488
7489
7490
7493
7494
7495
7496
7498
7499
7500
7501
7502
7504
7505
7506
7507
7509
7510
7511
7512
7513
7514
7515
7517
7518
7519
7521
7522
7523
7529
7530
7531
7532
7535
7536
7538
7543
7544
7545
7546
7547
7548
7549
7552
7555
7556
7557
7558
7559
7560
7561
7563
7566
7567
7568
7569
7570
7571
7572
7573
7574
7575
7576
7577
7579
7580
7581
7582
7584
7585
7586
7587
7590
7591
7593
7595
7597
7599
7600
7601
7602
7603
7605
7606
7607
7608
7609
7610
7611
7612
7613
7614
7617
7619
7621
7622
7623
7624
7625
7626
7628
7629
7630
7631
7633
7636
7637
7638
7639
7640
7641
7642
7647
7650
7651
7653
7655
7657
7658
7659
7660
7663
7665
7666
7667
7668
7669
7671
7672
7673
9103
7675
7676
7681
7682
7683
7684
7685
7688
7691
7693
7819
7694
7695
7696
7697
7698
7699
7700
7702
7705
7706
7707
7708
7710
7711
7712
7713
7714
7715
7716
7717
7719
7720
7726
7727
7729
7730
7733
7734
7735
7736
7737
7739
7741
7744
7745
7748
7749
7750
7752
7753
7755
7757
7761
7762
7763
7765
7767
8765
7769
7770
7771
7775
7776
7778
7779
7780
7781
7784
7787
7788
7789
7791
7792
7793
7795
7796
7797
7798
7799
7802
7803
7804
7805
7806
7807
7808
7809
7811
7812
7813
7814
7815
7816
7817
7818
7936
7820
7821
7823
7825
7826
7827
7829
7831
7832
7833
7834
7836
7837
7838
7839
7840
7842
7843
7844
7848
7849
7851
7852
7853
7854
7855
7856
7857
7858
7859
7860
7861
7862
7863
7864
7865
7866
7867
7869
7870
7872
7873
7875
7876
7878
7879
7881
7882
7883
7884
7885
7886
7887
7888
7890
7891
7893
7894
7896
7898
7900
7903
7904
7905
7906
7909
7910
7911
7912
7914
7915
7916
7918
7919
7921
7922
7923
7924
7925
7926
7929
7930
7931
7932
7933
7935
7938
7939
7940
7943
7944
7946
7949
7951
7953
7956
7958
7959
7960
7961
7962
7963
7965
7967
7968
7969
7971
7972
7975
7977
7979
7986
7987
7989
7990
7999
8001
8004
8008
8009
8011
8012
8013
8014
8016
8017
8018
8019
8021
8023
8026
8028
8029
8032
8035
8037
8040
8041
8042
8043
8046
8047
8048
8050
8051
8055
8056
8057
8061
8062
8064
8067
8070
8071
8073
8074
8075
8076
8077
8080
8083
8084
8085
8087
8088
8090
8091
8092
8099
8100
8102
8105
8106
8110
8114
8115
9554
11031
8116
8117
8118
8124
8126
8127
8128
8129
8131
8135
8136
8138
8140
8141
8146
8149
8150
8151
8152
8153
8155
8157
8158
8160
8161
8162
8163
8165
8166
8169
8170
8171
8172
8173
8174
8177
8178
8179
8180
8182
8183
8184
8185
8186
8188
8189
8191
8192
8194
8195
8196
8197
8198
8200
8201
8203
8204
8206
8208
8209
8210
8211
8212
8213
8215
8217
8218
8220
8222
8223
8224
8228
8229
8230
8231
8233
8234
8235
8236
8238
8239
8240
8242
8244
8245
8246
8248
8249
8250
8251
8252
8255
8257
8259
8260
8262
8263
8265
8266
8267
8268
8269
8270
8273
8274
8276
8277
8278
8279
8284
8285
8286
8287
8288
8289
8291
8292
8294
8295
8298
8299
8300
8301
8302
8303
8304
8305
8306
8307
8308
8309
8310
8311
8312
8313
8314
8315
8316
8318
8319
8321
8322
8324
8326
8327
8328
8329
8330
8332
8334
8336
8337
8338
8340
8343
8344
8345
8348
8349
8350
8351
8355
8356
8357
8360
8361
8362
8363
8364
8367
8370
8373
8375
8377
8381
8383
8384
8385
8386
8388
8389
8390
8391
8393
8394
8396
8397
8398
8399
8403
8404
8406
8408
8411
8413
8415
8417
8418
8419
8420
8422
8423
8424
8426
8427
8430
8436
8438
9609
8440
8441
8442
8444
8446
8447
8448
8449
8450
8451
8453
8454
8455
8460
8461
8462
8463
8466
8467
11932
8468
8469
8472
8473
8475
8476
8477
8480
8481
8483
8484
8488
8489
8493
8494
8495
8496
8497
8498
8499
8502
8505
8507
8508
8509
8512
8513
8514
8515
8518
8522
8524
8525
8526
8529
8531
8533
8534
8537
8539
8541
8543
8544
8546
8547
8548
8554
8555
8561
8562
8563
8564
8566
8570
8573
8574
8577
8578
8580
8581
8582
8583
8584
8588
8589
8590
8591
8593
8594
8599
8600
8601
8606
8607
8609
8612
8613
8614
8617
8618
8619
8622
8623
8626
8627
8628
8629
8630
8632
8633
8634
8635
8636
8637
8638
8639
8640
8644
8646
8652
8655
8658
8659
8660
8665
8667
8668
8671
8672
8673
8674
8675
8676
8677
8681
8684
8685
8689
8694
8697
8699
8703
8706
8708
8710
8712
8713
8715
8717
8718
8722
8723
8724
8725
8726
8727
8728
8729
8730
8732
8733
8735
8737
8738
8741
8744
8745
8747
8749
8750
8751
8755
8758
8759
8761
8762
8764
8767
8770
8774
8776
8778
8781
8782
8786
8787
8789
8790
8791
10016
9541
8792
8794
8795
8796
8797
8799
8802
8804
8808
8811
8813
8817
8818
8819
8822
8823
8825
8827
8828
8829
8830
8833
8834
8835
8836
8838
8839
8845
8851
8854
8855
8856
8857
8858
8859
8860
8861
8863
8865
8866
8867
8869
8871
8872
8875
8876
8877
8878
8885
8888
8889
8890
8893
8894
8896
8901
8902
8903
8904
8905
8906
8913
8914
8915
8917
8918
8922
8924
8927
8929
8930
8931
8932
8934
8935
8936
8938
8939
8940
8942
8944
8946
8948
8950
8951
8952
8954
10281
8957
8958
8960
8962
8964
8965
8966
8968
8969
11133
8971
8975
8984
8985
8987
8988
8995
9003
9009
9010
9012
9014
9015
9016
9017
9019
9020
9021
9022
9024
9025
9026
9027
9031
9032
9036
9039
9042
9043
9044
9046
9048
9051
9053
9054
9055
9059
9060
9061
9063
9066
9069
9070
9071
9073
9074
9075
9076
9079
9082
9084
9085
9086
9087
9092
9093
9099
9102
9104
9105
9106
9110
9112
9113
9114
9119
9120
9133
9137
9139
9140
9145
9146
9147
9150
9156
9157
9159
9162
9164
9166
9170
9171
9172
9173
9174
9195
9175
9176
9177
9180
9181
9182
9185
9186
9188
9189
9190
9192
9193
9194
9196
9198
9199
9201
9202
9204
9206
9210
9212
9216
9217
9219
9221
9222
9223
9224
9226
9228
9230
9234
9235
9237
9238
9239
9240
9241
9242
9244
9246
9384
9678
9248
9250
11056
9253
9254
9262
9264
9265
9266
9269
9270
9271
9272
9273
9277
9734
9280
9285
9288
9301
9305
9306
9309
9311
9313
9315
9317
9319
9320
9321
9323
9324
9329
9331
9332
9335
9338
9341
9342
9346
9347
9348
9352
9353
9355
9357
9364
9367
9372
9375
9378
9383
9385
9386
9388
9390
9400
9401
9408
9412
9415
9416
9417
9421
9425
9428
9433
9434
9435
9436
9438
9439
9440
9444
9446
9449
9450
10463
9454
9457
9459
9462
9466
9469
9471
9480
9481
9483
9487
9488
9493
9498
9500
9502
9505
11771
9509
9512
9513
9515
9518
9520
9521
9523
9525
9526
9528
9530
9533
9535
9540
9547
9551
9552
9555
9557
9558
9559
9562
9563
9564
9565
9566
9567
9571
9574
9576
9579
9581
9582
9583
9585
9586
9589
9590
9592
9593
9594
9597
9599
9600
9601
9602
9604
9605
9606
9607
9608
9610
9612
9615
9616
9617
9618
9619
9622
9623
9626
9628
9629
9630
9632
9633
9634
9636
9637
9638
9639
9644
9645
9647
9648
9649
9651
9653
9657
9658
9659
9663
9666
9668
9670
9671
9672
9673
9675
9676
9677
9681
9682
9683
9686
9687
9688
9691
9693
9694
9695
9696
9699
9700
9701
9704
9705
9706
9707
9708
9709
9711
9712
9713
9714
9715
9716
9717
9719
9724
9725
9726
9727
9729
9730
9731
9732
9733
9737
9738
9740
9742
9744
9745
9747
9749
9751
9752
9753
9754
9756
9758
9760
9763
9769
9772
9777
9780
9781
9783
9784
9785
9786
9788
9790
9791
9793
9794
9795
9796
9799
9803
9805
9809
9810
9811
9815
9818
9822
9823
9824
9825
9826
9827
9831
9835
9836
9837
9838
9844
9845
9853
9858
9860
9865
9868
9876
9888
9889
9898
9900
9905
9907
9908
9910
9911
9913
9919
9921
9929
9931
9932
9935
9936
9937
9939
9941
9942
9943
9946
9947
9951
9956
9960
9961
9966
9967
9968
9969
9971
9973
9974
9975
9978
9980
9981
9982
9983
9985
9989
9992
9997
9998
10001
10003
10004
10005
10010
10012
10013
10015
10019
10024
10027
10028
10029
10030
10031
10032
10050
10034
10035
10037
10038
10039
10040
10041
10042
10045
10046
10047
10049
10054
10060
10064
10065
10067
10070
10071
10072
10075
10076
10078
10079
10081
10082
10084
10085
10086
10088
10089
10090
10091
10093
10094
10096
10097
10098
10099
10100
10101
10103
10104
10106
10108
10109
10110
10111
10114
10115
10116
10117
10118
10119
10120
10124
10126
10128
10129
10132
10133
10134
10135
10136
10137
10138
10140
10141
10145
10146
10148
10149
10150
10151
10152
10154
10155
10156
10157
10158
10160
10163
10164
10165
10167
10168
10169
10171
10175
10176
10177
10179
10180
10182
10183
10184
10185
10186
10187
10188
10190
10192
10193
10195
10196
10198
10200
10204
10205
10206
10207
10208
10211
10212
10213
10214
10216
10220
10221
10222
10224
10225
10227
10229
10231
10233
10234
10235
10237
10238
10239
10243
10246
10250
10251
10252
10253
10256
10257
10259
10260
10261
10262
10263
10264
10268
10270
10271
10272
10273
10275
10276
10279
10280
10282
10284
10286
10287
10749
10292
10295
10296
10299
10300
10301
10302
10303
10308
10310
10311
10316
10320
10322
10323
10324
10325
10326
10327
10329
10330
10335
10337
10339
10340
10342
10347
10349
10350
10352
10356
10357
10358
10359
10362
10367
10368
10372
10373
10374
10376
10379
10380
10382
10384
10385
10387
10388
10389
10390
10391
10393
10394
10396
10398
10399
10401
10402
10403
10406
10407
10408
10409
10410
10411
10412
10414
10416
10417
10420
10421
10422
10423
10424
10425
10426
10428
10430
10431
10432
10433
10434
10436
10439
10440
10441
10443
10444
10445
10447
10449
10451
10453
10454
10455
10457
10458
10459
10460
10461
10462
10482
10466
10470
10473
10474
10475
10478
10479
10481
10483
10484
10486
10488
10489
10490
10492
10493
10495
10497
10498
10499
10503
10504
10505
10507
10509
10510
10511
10512
10515
10516
10518
10520
10521
10522
10524
10525
10526
10527
10529
10530
10531
10532
10534
10535
10537
10539
10540
10541
10542
10543
10545
10547
10548
10549
10553
10556
10558
10560
10561
10564
10565
10568
10575
10576
10578
10580
10581
10583
10584
10588
10589
10592
10595
10597
10602
10603
10606
10608
10609
10610
10611
10612
10613
10616
10619
10620
10622
10624
10626
10627
10628
10629
10633
10634
10635
10638
10641
10643
10644
10646
10647
10648
10650
10652
10653
10654
10656
10658
10659
10660
10661
10663
10664
10665
10669
10670
10673
10675
10677
10678
10680
10681
10686
10687
10689
10690
10691
10693
10695
10696
10697
10698
10699
10702
10704
10705
10706
10707
10710
10711
10713
10714
10715
10718
10719
10720
10721
10722
10724
10725
10726
10727
10729
10732
10735
10737
10738
10739
10740
10741
10745
10746
10750
10752
10753
10755
10756
10758
10759
10762
10763
10764
10766
10767
10768
10769
10770
10772
10773
10775
10778
10779
10780
10782
10783
10786
10787
10788
10790
10793
10794
10796
10797
10798
10799
10800
10801
10802
10804
10805
10806
10807
10810
10812
10813
10816
10817
10818
10820
10822
10824
10825
10826
10828
10829
10830
10831
10832
10833
10836
10837
10838
10840
10844
10848
10850
11667
10854
10855
10856
10857
10858
10861
10862
10864
10865
10866
10867
10868
10869
10870
10877
10879
10881
10883
10884
10886
10887
10889
10891
10892
10893
10894
10895
10897
10898
10900
10901
10904
10905
10906
10907
10909
10910
10911
10912
10913
10915
10916
10917
10918
10919
10923
10926
10928
10930
10933
10935
10937
10938
10939
10942
10943
10946
10947
10949
10950
10952
10955
10956
10958
10959
10960
10961
10962
10963
10964
10966
10967
10968
10969
10970
10971
10972
10973
10974
10976
10977
10979
10981
10982
10984
10986
10987
10989
10990
10991
10992
10993
10994
10995
10997
11000
11001
11002
11005
11006
11007
11008
11010
11011
11012
11013
11016
11050
11019
11020
11021
11022
11023
11024
11025
11030
11033
11034
11035
11038
11041
11042
11043
11044
11045
11046
11047
11048
11051
11053
11055
11058
11059
11062
11063
11066
11067
11068
11069
11070
11072
11074
11075
11077
11079
11081
11082
11083
11084
11086
11088
11092
11093
11094
11095
11096
11101
11102
11105
11106
11107
11108
11112
11115
11117
11119
11122
11130
11132
11136
11141
11143
11144
11145
11146
11147
11218
11150
11154
11158
11159
11163
11164
11172
11173
11174
11175
11176
11178
11179
11181
11185
11186
11188
11191
11194
11195
11196
11199
11201
11206
11210
11211
11212
11214
11215
11217
11220
11224
11225
11230
11231
11237
11238
11239
11242
11244
11248
11250
11252
11254
11256
11257
11262
11264
11265
11266
11267
11269
11271
11272
11278
11280
11281
11282
11283
11284
11286
11287
11289
11291
11292
11293
11295
11297
11298
11299
11301
11303
11307
11338
11309
11312
11321
11329
11333
11334
11335
11337
11895
11342
11344
11345
11347
11352
11353
11354
11355
11357
11359
11361
11362
11364
11366
11368
11371
11373
11374
11375
11447
11378
11382
11391
11395
11396
11397
11398
11400
11401
11402
11403
11404
11405
11407
11408
11409
11410
11411
11412
11413
11414
11415
11416
11417
11418
11419
11420
11421
11424
11425
11426
11427
11428
11513
11431
11432
11434
11438
11439
11440
11441
11445
11446
11448
11449
11450
11615
11451
11452
11454
11455
11460
11461
11462
11463
11464
11465
11466
11467
11468
11469
11470
11471
11472
11473
11474
11475
11476
11477
11478
11479
11480
11481
11482
11483
11484
11485
11486
11487
11488
11490
11491
11493
11494
11495
11496
11497
11498
11502
11503
11504
11506
11507
11508
11510
11512
11514
11515
11516
11517
11519
11520
11523
11525
11527
11528
11529
11530
11531
11532
11533
11534
11535
11536
11537
11538
11540
11541
11542
11544
11546
11548
11549
11551
11554
11555
11560
11563
11564
11565
11566
11567
11568
11569
11570
11571
11574
11575
11579
11580
11581
11582
11584
11588
11591
11592
11593
11594
11595
11596
11599
11601
11602
11603
11604
11606
11608
11609
11613
11616
11617
11619
11620
11622
11623
11624
11625
11627
11629
11631
11633
11634
11636
11637
11638
11639
11641
11642
11647
11648
11649
11652
11653
11655
11656
11657
11659
11660
11663
11665
11666
11668
11669
11671
11674
11675
11676
11677
11678
11679
11682
11686
11690
11691
11693
11694
11697
11699
11700
11703
11705
11706
11707
11709
11715
11716
11717
11719
11722
11723
11724
11725
11730
11731
11732
11734
11735
11737
11738
11739
11742
11743
11745
11746
11747
11749
11751
11756
11759
11761
11764
11766
11767
11768
11770
11772
11773
11774
11777
11778
11779
11780
11781
11783
11784
11786
11787
11788
11789
11791
11792
11793
11794
11795
11796
11797
11798
11799
11800
11801
11802
11803
11804
11805
11806
11807
11808
11810
11811
11812
11813
11814
11816
11819
11822
11823
11892
11852
11827
11832
11839
11840
11841
11842
11848
11856
11858
11859
11860
11862
11864
11866
11868
11869
11871
11872
11874
11877
11878
11879
11882
11884
11886
11887
11888
11889
11890
11891
11896
11897
11899
11900
11902
11903
11904
11906
11907
11908
11909
11913
11914
11916
11917
11918
11919
11920
11922
11923
11925
11926
11927
11928
11930
11931
11933
11934
11938
11939
11940
11941
11942
11943
11945
11946
11947
11948
11949
11950
11951
11952
11954
11956
11957
11958
11959
11960
11961
11962
11964
11965
11966
11967
11968
11969
11970
11971
11972
11973
11975
11976
11977
11978
11979
11980
11981
11982
11984
11986
11987
11988
11990
11991
11994
11996
11997
11998
11999
12001
12002
12005
12006
12007
12008
12009
12010
12011
12012
12015
12016
12017
12020
12029
12030
12031
12032
12033
12036
12038
12039
12040
12041
12042
12043
12044
12046
12047
12048
12049
12050
12051
12052
12056
12057
12058
12059
12065
12067
12068
12070
12075
12078
12079
12080
12082
12085
12086
12087
12088
12092
12093
12094
12096
12100
12101
12102
12103
12104
12107
12109
12110
12111
12112
12115
12120
12121
12122
12123
12129
12137
12139
12143
12146
12147
12148
12149
12150
12154
12156
12157
12158
12160
12161
12164
12165
12167
12169
12170
12171
12173
12174
12175
12176
12181
12182
12183
12189
12191
12192
12195
12197
12201
12204
12205
12209
12210
12212
12214
12220
12223
12224
12225
12226
12228
12229
12230
12235
12238
12239
12240
12241
12242
12243
12244
12245
12246
12247
12248
12249
12250
12251
12252
12253
12254
12255
12256
12257
12258
12259
12260
12261
12262
12263
12264
12265
12266
12267
12268
12269
12270
12271
12272
12273
12274
12275
12276
12277
12278
12279
12280
12281
12283
12285
12287
12288
12291
12292
12293
12294
12295
12298
12299
12300
12302
12303
12309
12312
12314
12318
12320
12321
12322
12323
12328
12329
12334
12336
12337
12339
12340
12341
12342
12343
12344
12345
12346
12347
12350
12352
12353
12355
12360
12363
12365
12366
12367
12368
12369
12370
12372
12373
12374
12375
12376
12377
12379
12380
12381
12382
12383
12385
12387
12388
12389
12390
12395
12396
12397
12398
12399
12400
12401
12403
12404
12405
12406
12408
12409
12410
12411
12412
12413
12414
12415
12416
12417
12418
12419
12420
12421
12428
12433
