0
1
46
2737
2
3
4
7
8
9
10
11
12
13
2482
14
15
16
1048
18
19
20
322
1515
4212
1879
1021
21
22
1355
23
25
28
29
32
33
34
35
1250
36
37
38
39
40
41
42
43
44
45
47
1452
48
49
50
51
52
53
54
55
2662
6247
3024
1042
3028
12859
3998
56
57
58
59
60
61
62
4458
63
64
65
66
7128
67
68
69
70
71
72
73
74
75
129
2041
2587
76
77
168
1087
381
78
79
80
3883
81
82
83
84
85
86
87
8297
8601
88
89
2977
1799
950
762
90
91
92
93
1530
5798
1533
4558
4413
94
3413
95
96
97
98
99
100
101
102
103
104
105
106
107
108
109
110
4357
1638
3434
4651
4437
5422
4600
1469
5951
111
114
115
116
117
118
119
120
121
124
125
127
128
3138
2866
8350
1846
4604
3454
130
131
132
133
134
135
136
137
138
6141
139
140
141
142
143
144
145
146
147
148
6257
447
149
150
151
152
153
154
155
156
157
158
159
160
161
162
163
164
165
166
1037
167
1120
169
170
171
172
173
174
175
176
177
178
179
180
181
182
183
184
185
186
187
188
189
190
191
192
193
194
2878
195
2471
6249
196
197
198
199
200
201
202
203
204
205
206
207
208
209
210
211
213
214
7756
215
216
217
218
219
220
221
222
2053
2174
223
224
225
227
228
229
230
231
232
233
234
235
236
237
238
239
240
241
242
243
244
245
246
247
249
250
251
252
253
254
255
256
257
258
260
261
262
263
264
265
266
267
268
4880
269
270
271
272
273
274
275
276
277
278
279
280
281
282
283
284
285
286
287
288
289
290
291
292
293
294
295
296
297
298
299
300
301
302
303
304
305
306
307
308
309
310
311
314
315
1829
1407
316
317
318
319
320
321
323
324
325
10023
9005
326
327
328
975
329
330
331
332
333
334
335
336
337
338
339
340
341
342
343
344
345
346
4930
347
348
349
350
351
352
353
6260
354
355
356
357
358
359
360
4295
361
362
363
364
365
5022
366
367
368
4230
369
370
371
372
373
374
375
377
378
379
380
3398
1094
1361
9066
2092
8591
8817
1427
3701
1302
3735
5029
1498
383
382
7496
8400
4408
8832
3847
3740
2439
1646
3421
8725
9657
4441
1372
384
385
386
387
388
389
390
391
392
393
394
395
396
397
753
8412
398
1536
1579
399
1291
400
11472
401
402
6100
403
404
405
406
407
408
409
410
411
412
413
414
415
4857
416
417
418
419
420
421
422
423
424
425
426
427
6376
7349
7415
2746
1115
428
429
430
3073
12784
13431
431
432
433
434
435
436
437
438
439
440
441
442
443
444
445
446
4102
13905
448
449
450
451
452
453
454
455
456
457
458
459
460
462
463
464
465
1867
466
467
468
469
470
1404
471
472
473
474
475
476
477
478
479
480
481
482
483
484
486
487
488
489
490
491
492
493
494
7818
495
497
7584
498
499
500
501
502
503
504
505
506
507
508
509
510
511
513
514
515
516
517
518
519
520
521
522
523
524
525
526
527
528
529
530
531
5667
1241
532
533
534
535
536
537
539
540
541
543
544
545
546
547
548
549
550
551
552
553
554
555
556
557
558
559
560
561
562
563
564
565
566
567
568
569
571
572
573
574
575
576
577
578
579
580
581
582
583
584
585
586
587
588
589
590
591
592
593
594
595
596
597
598
599
600
601
602
603
605
606
607
608
609
610
611
612
613
614
615
616
617
618
619
620
621
622
623
624
625
626
628
629
630
631
632
633
634
635
636
637
638
639
640
641
643
644
645
646
647
648
649
650
651
652
653
654
655
656
657
658
659
660
661
662
663
664
665
666
667
668
669
670
671
672
673
674
675
676
677
678
679
680
681
682
683
684
685
686
687
688
689
690
691
692
693
694
695
696
697
698
5220
699
700
701
702
703
2221
704
705
706
707
708
709
710
711
712
713
714
715
716
717
718
719
720
721
722
724
725
726
727
728
729
730
731
732
733
734
735
736
737
738
739
740
741
742
743
744
745
746
747
748
749
750
751
752
754
755
756
757
758
759
760
761
763
764
765
766
767
768
769
770
771
772
773
774
775
776
777
778
779
2677
10044
780
781
782
783
784
785
786
787
788
789
790
791
792
793
794
4451
795
796
7786
1277
797
6914
1490
798
799
800
801
802
803
804
805
806
807
808
809
810
811
812
813
814
815
816
817
818
819
820
821
822
823
824
825
826
827
828
829
830
831
832
833
834
835
836
837
838
839
840
841
842
843
844
845
846
847
848
849
850
851
852
853
854
855
856
857
858
859
860
861
863
5906
2166
864
865
866
867
868
869
870
872
873
874
875
876
877
878
879
880
881
882
883
884
885
886
887
888
889
890
891
892
893
894
895
896
897
898
899
900
901
903
904
905
906
907
908
909
910
911
912
913
914
915
916
917
918
919
920
921
922
923
924
8298
925
926
927
928
929
930
931
932
933
934
935
936
937
938
939
940
941
5952
942
943
944
945
946
947
948
949
951
952
953
954
955
956
957
958
959
960
961
962
963
964
965
13170
3031
966
967
968
969
970
971
972
973
974
976
979
988
989
990
993
994
995
997
1822
998
1000
1006
1010
1007
4864
2789
3918
4563
1011
1012
1019
1020
12211
1814
1026
1027
1028
1029
1036
3498
3074
6047
1039
1040
1223
1041
1044
1045
1046
1047
1083
1085
1086
1052
1053
1054
1058
1059
1060
1061
10284
4881
2127
1063
1491
1326
1066
1067
1331
1068
2060
1069
1070
1071
1074
1076
1077
1080
1493
1081
4231
1100
4323
3404
1294
3836
4862
1092
4786
2073
4410
1820
1093
8864
12161
4876
2383
3451
7093
1096
1098
1104
1106
1109
1111
1112
1220
3677
1114
9966
1116
1893
14896
2004
1117
7136
14187
4077
15471
1119
2243
2264
1340
1123
1130
1132
1133
3816
1134
6848
1135
1136
1137
1138
1139
1140
1141
1142
1143
1144
1145
1146
1147
1148
1149
1151
1152
1153
1154
1155
1156
1157
1158
1159
1160
1161
1162
1164
1165
1170
1171
1173
1174
8609
3977
1175
1225
1176
1177
10570
5699
1179
1180
3708
1181
1182
1183
1184
1187
1188
1190
1194
1468
1200
1201
1203
1205
8192
4867
4363
1871
1872
1206
1207
13574
1210
1212
3843
8347
9782
1217
1218
1219
1221
1222
1224
1227
1235
1237
1240
5324
1243
1244
2057
12283
1246
1247
2472
1248
6321
5138
1249
6720
7436
1308
1564
1256
1258
1260
1263
1264
1267
1270
1271
5040
2937
1276
1892
3703
4168
1279
1281
1284
9011
1288
7147
1290
3930
1295
1296
1298
5025
1306
1310
1313
1351
1538
1329
1327
1317
1320
1321
14762
1323
1325
1478
1328
12629
13215
1330
1333
1334
1335
1338
1339
1343
7106
1345
1346
3745
1347
9605
8532
5017
1350
1352
7656
1353
1354
2008
9904
1357
1359
1363
1364
1365
1368
2500
1369
1373
1378
1379
1900
2172
1380
1384
1385
1388
1389
2630
1395
1397
1403
12594
1901
7352
3617
1416
1424
1443
5974
1428
1429
1437
4678
9840
1555
8541
3984
3494
2664
13584
5177
7324
1444
1446
4242
1455
1465
1467
5966
1472
1474
1479
1480
4713
1484
1486
1487
1518
1488
5432
1772
1747
13982
1492
6370
10604
11188
1526
2697
6361
1494
1495
1496
1499
3713
4905
3915
4117
3390
1500
1501
7744
1504
1505
1507
3752
1512
9255
1520
1523
1532
1524
5089
1525
7343
1527
10981
1528
1529
8800
1962
1534
1535
14364
5231
14263
1539
1541
2544
1542
3072
1544
2886
1546
1549
1551
7459
1553
1554
8059
1556
1558
1560
1561
1563
4034
15103
1565
1568
1569
1571
1572
1573
1576
1826
1577
11894
1580
3067
1582
1583
1584
1585
1625
1594
1595
1609
1617
5456
1618
1621
1622
1627
1633
5907
2246
1983
1639
1645
4570
4875
10052
9799
3304
3980
4270
9042
12276
4247
12519
1652
1653
1654
1787
6661
3604
1655
4538
1659
1660
1661
1664
1665
1666
1667
1670
3251
13268
2715
1679
1681
3549
1682
1685
1687
4987
2910
1691
1692
1693
1694
5226
1695
1696
1697
1698
1699
1700
1701
1702
1703
1704
1705
1706
1707
1708
1709
1710
1711
1712
1713
1714
1715
1716
1717
1718
1719
1720
1721
1722
1723
1724
1725
1726
1727
1728
1729
1730
1731
1732
1733
1734
1735
1736
1737
1738
1746
1751
3063
1755
13412
1757
2752
1762
1763
1766
1938
1768
1775
1777
10760
5443
5781
1945
8283
7651
2277
5238
2175
1779
4111
1780
1781
5321
1783
1784
1785
1902
1786
1790
1796
1798
1800
1831
1801
4336
1803
1805
1807
8442
6363
10651
1810
2086
1813
1819
1861
1821
8378
1825
6655
1832
2538
2623
1833
1834
5069
12660
1836
1840
1842
1843
1845
1848
1862
3315
3391
1849
2279
1851
1853
1854
1855
1856
1858
2657
6605
2068
1859
5169
2661
1860
9775
12850
1863
1864
1865
10944
1866
12970
5047
1869
2213
9273
1870
2055
2077
2226
1873
1875
7855
1876
1878
1880
1881
1886
1887
9990
6344
2377
2140
3557
7931
1897
1898
12443
5309
1904
1905
1906
1912
1913
1920
1927
1929
1930
9128
1933
1937
3493
1941
1942
1947
1943
3349
2335
1948
1951
1960
1961
1967
1969
1973
1974
3346
9013
1980
2209
2186
1981
1982
1984
1989
1990
11710
1995
1998
2000
2003
2566
2717
2006
2007
2145
4166
2014
4675
2017
7827
12136
2019
2021
2022
2025
2028
2029
2031
2033
6674
2038
8410
10045
2042
2046
2047
2048
2049
4664
2056
2456
3462
2063
2070
2072
10363
3965
4259
2076
8780
8831
2087
2090
2091
4281
2097
2101
2111
2112
2113
2119
2122
3943
2123
5776
2128
2129
2130
2133
2138
2141
2142
2152
2154
2157
2164
2165
6032
10450
3865
7162
2168
2171
2173
12538
2497
4628
2183
2194
2184
2197
2198
2203
2206
2207
3230
2211
6449
2215
4075
2216
2219
2220
2224
8453
3869
2235
2236
2237
2241
2244
2245
2249
2255
6852
2257
2263
4253
6590
2267
2273
2276
8229
2283
2287
2289
2290
2292
3720
2295
4806
2301
2302
2303
2304
2308
2313
2314
2316
3904
6717
2317
5028
6589
2332
6254
6480
2337
2341
2348
2354
9773
2355
2358
2362
2365
2366
2469
2369
2370
2378
2379
2380
3900
4069
2382
2384
2441
12170
2385
2388
2389
2394
2395
2399
2400
2414
2450
6388
2416
2425
2427
5745
2429
6360
2435
2437
2438
4769
9029
2443
2446
3079
7735
2458
2460
2462
2465
2867
12090
2474
2476
2477
3124
2479
2481
10630
2486
2488
2493
2888
2496
4337
8873
3397
2847
2504
2513
2900
2514
2517
2518
2519
2520
2527
2529
2531
6620
7421
2542
2551
2552
2553
2833
2556
2561
2562
2575
2580
2583
2584
2941
2591
2592
2596
2599
2613
2621
2622
6724
2627
4518
2629
2632
2636
2643
4815
2644
2648
2649
2650
2651
2663
4305
4985
2665
2667
2668
2669
12125
2671
2672
2673
4051
2675
2680
2682
2683
2684
2686
2691
4326
2701
2705
2706
2714
4391
2716
2719
2720
2721
2722
2724
2726
2729
2730
2732
2733
2734
2736
2739
7011
2740
2741
2744
2745
2748
2758
2763
2764
2765
2766
2769
2770
2771
2772
2775
2776
3338
2779
2780
2781
2784
2785
2790
2791
2792
11794
2797
2800
2801
2804
2814
2818
2821
2826
2828
2965
4028
2942
2834
2842
2843
2846
8424
12369
2855
2856
2864
2865
8406
14295
2870
2872
2873
2874
2876
10096
2877
2882
2883
2889
2893
2894
2895
2896
2897
2898
2899
3939
2901
2902
2905
2906
2907
2908
2913
2915
2919
2920
2921
7010
12110
4119
2922
2925
2927
2935
2936
12632
2938
2939
2944
2945
2946
2947
2948
2954
2955
2957
3254
2959
2961
2969
2972
2973
2974
4724
2975
2976
2978
2979
2981
2983
2985
2986
2987
4089
2988
2989
2992
2993
2995
2998
2999
3001
3004
8468
3007
3008
3010
3011
3012
3014
7426
3017
3018
3019
3021
3023
3025
13262
3027
3029
3030
3483
7729
3905
3032
3034
3037
3039
3041
3042
3043
3044
3046
3052
3053
3054
3056
3057
3058
7704
7878
8238
5621
3059
3060
3062
3064
3065
3069
3071
3075
3076
3078
4989
3084
3085
6318
3088
3089
3092
3093
3098
3104
3108
3111
3112
3115
5232
3119
3123
3132
3133
3136
5755
3140
3519
3147
3156
3161
3162
3164
3167
3173
5487
3181
3186
3187
7640
3193
3197
3198
3199
3200
3204
3210
3228
3229
3238
3245
3248
3250
3252
3260
3265
3269
3270
3279
3280
3292
8608
3296
3299
3309
3310
10227
3319
3323
3325
3526
3328
3330
3333
3335
7585
5603
3339
3340
3343
7442
3452
3344
7524
3347
3353
3356
3359
3360
3369
3374
3376
3377
3379
3381
3384
3385
3387
3388
3864
3395
3396
3400
3402
3403
8074
3405
3409
3411
3412
4420
3974
3415
3417
3418
3419
3420
3423
4735
3431
3435
3437
3441
3443
6472
3445
3446
3447
3448
12546
3453
3896
3899
10196
3457
3459
3460
3465
11087
3466
3468
3469
3470
3471
3474
3475
3476
3478
3480
3482
3484
3489
3490
3492
3495
3496
3497
3499
3533
3501
3502
3504
3507
3508
3509
3510
3513
3514
3515
3517
3518
3520
3521
3585
4510
3522
3525
3527
3529
3532
3536
3537
3538
3540
3541
3542
3543
3545
3546
3547
3548
3550
3693
3552
3553
3554
3555
3559
3560
3564
3567
3574
3575
3577
3578
3581
3583
3584
3586
3588
3590
3591
3597
12745
3599
3601
3602
3607
5374
3608
3610
3611
11725
4311
8667
8170
8044
3613
3616
6329
3621
3627
3631
3634
3637
3638
3639
3640
3644
3653
3654
3656
3657
3658
3664
3667
3671
3673
3676
4319
3679
3684
3685
3689
3690
3692
3694
3695
3696
3698
5151
13910
3702
3704
3706
3710
6604
3714
3716
3717
3722
3723
3724
3725
3731
3734
3738
3739
5279
3744
3749
3882
3750
3751
8384
3756
3757
3758
3759
3762
3763
3766
3767
3768
3769
3770
3773
3775
3779
3780
3785
3786
3787
3981
5426
3791
3792
3793
3794
3795
3800
3803
3804
3809
3811
4095
3812
3897
3815
3817
3818
3823
3824
3825
3829
3830
3834
3835
3837
3838
3841
9890
11049
3846
5988
3850
3852
3855
3856
3857
3860
3861
3862
3867
6119
3871
3873
3874
3875
3881
8529
7909
10166
3885
3887
14218
3888
3889
3890
3894
3895
3902
3903
3906
3910
10368
3914
3919
3921
3925
13505
3926
3928
8662
3931
3932
3936
3937
3938
3940
3941
3944
3949
3950
3966
3951
3952
8409
3956
3959
3960
3962
4113
3968
3971
3972
13862
7116
3973
3978
3986
3987
3989
3990
3991
3992
3993
3996
3997
5216
5597
3999
4000
4265
4003
4100
4005
4006
4010
4011
4013
4014
4015
4016
4017
4021
4023
4024
8379
4025
7467
4026
4027
5736
5754
4030
4031
4033
4035
4036
4038
4039
4040
4043
5453
4044
4045
4046
4047
4048
4108
4822
4050
8267
4053
4056
4057
4058
4060
4061
4062
4064
4066
4071
4074
4199
4653
4606
4080
4083
4084
4086
4088
4090
4091
4092
4093
4094
12946
4096
7277
4097
4098
4549
8049
7045
4103
4105
4110
4112
5492
4374
4114
4116
4121
4123
4124
4126
4128
4131
4132
4133
4134
4135
4136
4137
4138
4141
4143
4144
4151
4152
4154
4155
4157
4161
4164
4165
4167
4171
4172
4175
4176
4421
4177
4178
4179
4181
4182
4184
13517
4185
4186
4187
4188
4189
4190
4191
10319
4194
4195
9831
4200
4202
4204
4205
4207
4208
4209
4210
4211
4216
4218
4219
4220
4223
4224
4226
4228
4229
4237
4238
4239
4241
4243
4498
4244
4704
4576
4250
4251
4252
4254
4255
4258
4260
4261
4262
4263
4264
4266
4267
4268
4269
5751
4271
4272
4273
4275
4276
4277
4279
4280
4284
4285
4287
4293
4294
4300
4303
4304
4306
4308
4309
4310
4314
4317
4318
4320
4321
4324
7590
8501
4325
4327
4331
4333
4335
4340
4341
11672
4343
4344
4345
4346
4347
4348
4353
4354
4356
13204
7568
4358
4360
4361
4362
4365
4367
4370
4372
4373
4377
4380
4382
4384
4387
4388
4390
11279
4395
4396
4398
4400
4401
4404
5246
4405
4407
4409
5400
4411
4419
4909
4422
4423
4424
4425
4426
4427
4428
4432
4433
4438
4439
4440
4442
11815
14696
4444
4446
4447
4449
4450
10740
4453
4454
4455
4457
4462
4463
12982
4466
4467
4469
4470
4471
4472
4473
4474
4475
4476
4477
4478
4479
4480
4481
4482
4483
4484
4485
4486
4487
4488
4489
4490
4492
4493
4494
4495
4497
4501
4503
4504
4506
4508
4509
4512
5715
4514
4515
4516
4517
4519
4520
4522
4523
4525
4526
4528
4530
4531
7146
6333
4532
4534
4535
4536
4537
4539
4540
4541
4542
4543
4544
4546
9508
4547
4548
14996
4552
4553
7540
13502
4555
4556
4557
4561
4562
9247
5355
4565
4568
4569
4572
4573
4574
4575
4577
4578
4581
4585
4586
4589
4590
4591
4592
4593
4594
8685
4595
4596
4599
4603
13227
4605
4607
4608
4609
4610
4611
4612
4613
4617
4619
4620
4622
4623
4624
4625
4629
4630
4633
4634
4635
4636
4637
4640
4641
4642
4644
4645
4648
4652
4656
4657
4658
4661
4662
4663
4665
4667
4669
4671
4672
4673
4674
4676
4677
4680
4681
4682
4684
4685
4686
4687
4688
4849
4689
4690
4691
4692
4693
4694
4697
4699
4700
13465
4701
4702
4703
5259
4705
4706
4712
4714
4715
4717
4720
4721
4722
5994
4725
4726
4732
4733
4736
4737
4739
4740
4741
4742
4744
4745
4747
4749
4750
4751
4752
4755
4758
4760
4762
4763
4764
4766
4767
4768
4770
4771
4773
4774
4775
4776
4778
4779
4780
4781
4782
4783
4785
7520
4787
4789
4791
4792
4793
4795
4796
4797
9615
4798
4799
4800
4801
4802
4803
4808
4811
4812
4813
4816
4820
4821
4823
4825
4826
4829
4830
4833
4834
4836
4837
4838
4839
4840
4842
6545
4844
4846
4848
5784
9196
4851
4852
4854
4855
4860
4861
13295
6316
4865
4866
4868
4869
13873
4878
4884
4887
4888
4890
9744
4894
4895
4897
4898
4899
4903
4904
4917
4910
4912
4913
4914
4915
13757
4918
4919
4922
4924
4927
5059
4929
4931
4932
4934
4935
4937
4938
4939
4940
4942
4946
4947
4956
4957
4958
4959
4961
4962
4963
4964
4966
4970
4976
4977
4978
4979
4981
4982
4983
4986
4990
4992
4994
4996
5000
5003
5006
5010
5015
5016
6228
5018
5019
5020
5039
5041
5042
5043
5044
5046
5048
5050
5051
5053
5054
5055
5057
5058
5062
5063
5066
5067
5068
5072
5073
5079
5080
5084
5085
5086
5088
5090
5093
5094
5095
5096
5099
5100
5102
5111
5112
5113
6051
5116
5119
5133
5147
5149
5152
5154
5157
5158
5159
5164
5165
5166
7719
9374
5172
5173
5178
5182
5185
5186
5187
5190
5191
5193
5194
5195
8160
5201
5202
5207
5209
5215
5219
5223
5225
5229
7441
5233
5240
6495
5249
6244
5250
5251
5252
5254
5260
5262
5263
5264
5271
5281
5284
5286
5290
5292
5296
5297
5299
9841
5301
5307
10919
5308
5314
8580
12430
6426
9512
9522
8131
11208
8546
7537
5625
5319
5320
5325
5329
5333
5342
5343
5347
5348
5349
5351
5353
5354
5356
5360
5361
5363
5367
5371
5372
5378
5380
5383
5402
5403
5404
5410
5411
5413
5416
5420
9019
5423
5425
5427
5428
5434
5436
5438
5439
5446
5447
5448
5449
5451
5452
5455
5457
5459
5460
5463
5464
5465
5466
5470
5472
5479
5485
5490
5496
5499
5504
5507
5508
5517
5520
5523
5528
5529
5533
5535
5542
5544
5552
5546
5548
5553
5555
5559
5565
5582
5584
5587
5588
5590
5595
5598
5599
5602
5605
11334
5606
5607
5608
5609
5611
5612
5613
5614
5615
5616
5617
5618
5619
5620
5622
5623
5624
5626
5628
5630
5634
5635
5636
5637
5638
5639
5641
5643
5644
5645
5646
5647
5648
5649
5650
5651
5652
5653
5655
5657
5658
5660
5664
9305
5665
5666
10613
5668
5669
5670
5671
5672
5673
5674
5675
5676
5677
5678
5680
5681
5682
5683
5684
5687
5688
5690
5691
5692
5693
5694
5695
5697
5698
5701
5702
5703
5704
5705
5706
5707
5708
5709
5710
5711
5712
5713
5714
5716
5717
5720
5721
5722
5723
5724
5725
5726
5727
5728
5730
5731
5732
5733
5734
5735
5737
5738
5739
5740
5741
5742
5743
5747
5748
5749
5750
5752
5753
5757
5758
5760
5761
5762
5763
5764
5766
5767
5768
5770
5772
5773
5774
5775
5780
5783
5785
5786
5787
5789
5791
5792
5793
5794
5795
5796
5799
5800
5801
5802
5803
8866
6523
5804
5805
5806
5807
5808
5809
5811
5812
5813
5814
5815
5816
5817
5818
5819
5820
5821
5823
5824
5825
5826
5827
5828
5829
5830
5831
5833
5834
5835
5836
5838
5839
5840
5841
5842
5844
5845
5852
5854
5855
5858
5859
5860
5863
5868
5870
5873
5874
5875
5876
5878
5879
5880
5881
5882
5883
5884
5885
5886
5887
5888
5890
5891
5892
5893
5895
5896
5898
5899
5900
5901
5902
5903
5904
5905
5908
5909
5912
5913
5915
5916
5917
5918
5919
5920
5921
5922
5923
5924
5925
5926
5927
5928
5929
5933
5934
5935
5936
5938
5939
5940
5941
5942
5947
5948
5949
5950
5953
5954
5955
5956
5957
5958
5959
5960
5962
5963
5964
5965
5968
5969
5970
5971
5972
5973
5977
12522
5978
5981
5982
5983
5984
5985
5990
5993
5995
5996
5998
5999
6000
6001
6006
6007
6008
6009
6010
6011
6012
6014
6019
6020
6022
6024
6026
6027
6030
6033
6035
6037
6038
6041
6042
6043
6044
6045
6048
6049
6053
6054
6055
6059
6060
6062
6064
6065
6066
6067
6071
6072
6073
6075
6076
6077
6078
6081
6082
6084
6085
6086
6087
6088
6089
6090
6094
6096
6097
6098
6099
6102
6103
6104
6109
6110
6111
6113
6116
6117
6118
6123
6126
6128
6129
6134
6135
6136
6139
6140
6142
6144
6145
6146
6147
6151
6153
6154
6156
6158
6159
6160
6161
6162
6163
6167
6168
6169
6170
6171
6174
6175
6178
6179
6181
6182
6185
6186
6187
6191
6192
6195
6196
6197
6201
6203
6204
6206
6209
6211
6212
6213
6220
6222
6224
6226
6227
6232
6233
6237
6240
6246
6248
6250
6253
10303
6258
6259
6261
6264
6268
6270
6272
6273
6275
6287
6288
6289
6290
6293
6295
6300
6667
6302
6304
6306
6309
6317
6319
6320
6324
6325
6328
6330
6332
8910
6334
6336
6340
12008
14833
6345
6349
6350
6352
6353
6354
6356
6357
6362
6366
6368
6371
6372
6373
6374
6377
6380
6383
6385
6389
6390
6391
6393
6398
6400
6403
6405
6406
6410
6411
6412
6413
6415
6417
6419
6420
6421
6423
6430
12962
6433
6439
6440
6444
6446
6453
6456
6458
6459
6460
6465
6466
6467
6468
6471
6474
6475
6477
6479
6482
6484
6486
6487
6489
6494
6496
6500
6504
6507
7951
6508
6509
6511
6512
6515
6516
6518
6520
6521
6524
6526
6527
6531
6533
6903
6534
6536
7368
6537
6538
6539
6540
6541
6542
6544
6546
6547
6548
6550
6554
6556
6558
6560
6562
6563
6564
6566
6570
6573
6576
6579
6581
6583
6584
6586
6588
6591
6593
6599
6603
6606
6607
6611
6612
6613
6615
6616
6617
6619
6622
6623
6626
6627
6629
6633
6634
6638
6640
6647
6652
6654
6660
6662
6666
6677
6678
6681
6682
6688
6689
6690
6692
6696
6697
6698
6699
11732
6701
6703
6707
6709
6710
6711
6715
6718
13104
6721
6722
6723
6728
6741
6750
6760
6765
6781
6792
6809
6817
6825
6835
6847
6850
6867
6869
6873
6888
6889
6893
6894
6901
6902
6904
6909
6913
6921
6938
6939
6948
6952
6953
6955
6964
6965
6971
6976
6980
6987
6989
6996
7014
7016
7028
7033
7035
7042
7044
7047
7048
7050
7054
7057
7065
7070
7074
7075
7076
7084
7089
7092
7095
7098
7100
7101
7102
7105
7109
7111
7115
7118
7120
7123
7126
10521
7135
7137
7141
7145
8539
7155
7157
7168
7171
7176
7180
7184
7185
7186
7187
7188
7189
7190
7191
7192
7193
7194
7195
7196
7197
7198
7199
7200
7201
7202
7203
7204
7205
7206
7207
7208
7209
7210
7211
7212
7213
7214
7215
7216
7217
7218
7219
7220
7221
7222
7223
7224
7225
7226
7227
7228
7229
7230
7231
7232
7236
7237
7240
7241
7244
7246
7247
7250
7251
7258
7259
7260
7268
7274
8069
7280
7284
7285
7286
7287
7288
7289
7295
7300
7301
7307
7308
7311
7314
7315
7317
7318
7319
7334
7320
7322
7323
7326
7327
7332
7342
7344
7346
7347
7348
7354
7357
7358
7359
7365
7366
7562
7382
11304
7384
7385
7386
7394
7397
8727
7399
11048
7402
7403
7406
7407
7410
7412
7414
10454
7418
7419
7420
7422
7423
7424
7425
7427
7428
7429
7433
7434
7437
7439
7443
7445
7446
7448
7457
7460
7461
7462
7464
7465
7466
7469
7470
7473
7474
7475
7477
7478
7479
7484
7487
10250
7488
7489
7491
7492
7494
7495
7497
7498
7499
7500
7501
7503
7504
7505
7506
7507
7508
7509
7511
7516
7519
7521
7523
7525
7526
7527
7528
7529
7531
7532
7534
7535
7538
7539
7541
7542
7545
7549
7550
7551
7556
7557
7558
7559
7561
7565
7566
7567
7573
7575
7576
7578
7580
7581
7582
7583
7607
7588
7589
11151
7591
7594
7595
7597
7598
7604
7608
7610
7611
7613
7616
7617
7618
7619
7621
7622
7623
7624
7625
7626
7627
7628
7629
7631
7632
7633
7634
7635
7636
7637
7638
7639
7641
7643
7646
7647
7650
11085
7653
7654
9124
7659
7661
7663
7664
7666
7667
7668
7671
7673
7674
7675
7678
7681
7684
7686
7687
7688
7689
7691
7692
7693
7694
7695
7696
7697
7699
7700
7701
7703
7707
7708
7710
7711
7713
7715
7717
7718
7722
7725
7728
7733
7734
9614
7736
7742
7745
7746
7748
7749
7751
7752
7753
7755
7757
7758
7759
7760
7762
7763
7764
7767
7768
7770
7772
7774
7775
7777
7778
7779
7780
7781
7782
7784
7785
7787
7789
7790
7791
7797
7800
7803
7804
7806
7808
11059
7811
7815
7819
7820
7822
7823
7824
7825
7828
7830
7831
7832
7834
7840
7841
7847
7852
7859
7861
7864
7869
7870
7873
7876
7885
7886
7888
7899
7900
7903
7904
7910
7913
7916
7919
7920
7926
7930
7940
7942
7943
7945
7950
7952
7953
7954
7955
7957
7958
7960
7961
7963
7964
7965
7966
7967
7969
7973
7975
7977
7978
15311
7979
7980
7982
7983
7984
7987
7989
7991
7993
7996
7997
8002
8003
8004
8005
8006
8008
8013
8015
8018
8019
8020
8021
8022
8024
8025
8026
8027
8028
8029
8030
8032
8034
8036
8037
8039
8040
8041
10828
8045
8058
8060
8061
8065
8066
8071
8073
8080
8088
8092
8104
8107
8109
8115
8118
8120
8123
8124
8128
8129
8136
8430
8137
8140
8144
8145
8151
8152
8153
8156
8157
8169
11149
8172
8178
8184
8186
8190
8191
10779
8194
8195
8199
8203
8207
8211
8212
8219
8222
8223
8225
8228
8233
9375
8235
8236
8239
8245
8246
8247
8248
8250
8252
8254
8257
8258
8260
8261
8264
8265
8266
8268
8270
8272
8273
8274
8275
8276
8284
8285
8286
8287
8291
8292
8293
8294
9485
12985
8302
8305
8306
8308
8312
8313
8314
8315
8316
8317
8320
8321
8322
8324
8329
8334
8335
8336
8343
8344
8345
8346
8348
8349
8355
9558
8357
8360
8361
8362
8363
8364
8369
8370
8372
8373
8377
8390
8395
8399
8402
8403
8408
8415
8416
8417
8419
8421
8422
9309
8426
8427
8428
9202
8429
8432
8433
8434
8443
8444
8446
8451
8454
8455
8458
8459
8461
8465
8466
8467
8469
8473
8476
8477
8480
8483
8484
8487
8488
8489
8490
8493
8495
8500
8504
8506
8508
8509
8511
8514
8516
8518
8519
8521
8522
8527
8530
8531
8534
8535
8537
8538
8540
8544
8547
8548
8549
8551
8552
8553
8554
8555
8557
8558
8561
8562
8563
8569
8571
8573
8576
8583
8585
8588
8592
8595
8597
8598
8600
8602
8603
8605
8607
8611
8612
8616
8622
8625
8626
8629
8631
8633
8634
8635
8637
8641
8650
8651
8652
8660
8665
8670
8672
8673
8674
8678
8682
8686
8687
8688
8689
8692
8696
8697
8703
8706
8710
8715
8716
8717
8718
8719
8721
8722
8723
8756
12788
8728
8732
8733
8742
8745
8751
8752
8754
8757
10645
8759
8761
8762
8765
8768
8771
8772
8773
8775
8782
8784
8787
8789
8790
8791
8792
8794
8795
8796
8799
8801
8806
8807
8810
8813
8814
8818
8819
8820
8822
8828
8833
8835
8836
8837
8844
8847
8850
8851
8852
8856
8863
8865
8867
8869
9266
8870
8872
8875
8877
8878
8879
8883
8884
8885
8887
8888
8892
8893
8894
8898
8899
8900
8901
8902
8903
8905
8909
8906
8907
11597
8911
8912
8913
8915
8916
8918
8922
8924
8926
8929
8931
8932
8934
8937
8939
8940
8941
8942
8943
8945
8950
8951
8953
8955
8957
8960
8962
8968
8969
8970
8972
8977
8979
8980
8983
8984
8986
8988
8989
8991
8995
8998
9001
10586
9002
9006
9315
9008
9015
9018
9021
9025
9026
9027
9028
12233
9030
9031
9036
9038
9039
9040
9041
9044
9045
9046
9047
9049
9123
9050
9051
9054
9057
9059
9060
9061
9067
9068
9073
9074
9077
9079
9080
9083
9085
9093
9094
9096
9099
9100
9101
9102
9103
9106
9108
9110
9112
9113
9114
9115
9116
9118
9119
9120
9121
9125
9127
9131
9132
9138
9139
9140
9141
9145
9146
9148
9150
9155
9161
9162
9163
9169
9175
9176
9177
9178
9180
9182
9187
9189
13473
9190
9191
9192
9198
9200
9206
9209
9211
9214
9215
9218
9222
9223
9225
9229
9230
9231
9236
9239
9241
9243
9244
9245
9246
9251
9252
9268
9270
9272
9274
9282
9283
9284
9285
9288
9688
9289
9290
9292
9294
9295
9301
9302
9306
9312
9313
9316
9322
9327
9329
9332
9333
9334
9343
9351
9359
9361
9363
9364
9367
9371
9373
9507
9377
9378
9382
9383
9384
9388
9389
9390
9391
9392
9393
9394
9395
9396
9397
9399
9403
9404
9411
9414
9919
9416
9417
9419
9422
9424
9427
9431
9432
9433
9434
9435
9436
9437
9438
9439
9440
9442
9444
9445
9446
9448
9450
9451
9452
9454
9455
9462
9467
9468
9471
9472
9474
9475
9476
9477
9479
9480
9481
9482
9483
13236
9489
9494
9500
9502
9509
9510
9511
9514
9519
9521
9538
9544
9547
9549
9550
9561
9562
9565
9573
9579
9582
9588
9593
9595
9596
9597
9607
9610
9612
9979
9616
9617
9619
9620
9621
9622
9623
9630
9637
9638
9640
9642
9643
9646
9649
9652
9666
9673
9680
9681
9690
9692
9693
13521
9695
9696
9699
9704
9705
9706
9708
9709
9715
9718
11729
9725
9730
9734
9741
9745
9747
9748
9750
9756
9758
9759
9763
9765
9766
9769
9778
9791
9793
9795
9796
9798
9800
9801
9803
9806
9808
9810
9813
9819
9820
9824
9829
9830
9837
9838
9839
9842
9844
9846
9849
9850
11201
9851
10513
9853
9855
9856
9860
9863
9866
9868
9871
9875
9891
9895
9896
9897
9899
9901
9905
9906
9910
9916
9917
9918
9920
9921
9923
9925
9927
9929
9930
9933
9942
9944
9945
9946
9952
9954
12958
9955
9956
9957
9958
9960
9962
9963
9967
9971
9976
9980
9985
9987
9988
9991
9994
9996
9997
10001
10003
10004
10011
10017
10021
10022
11027
10024
10026
10027
10029
10033
10036
10037
10039
12528
11296
10040
10043
10046
10047
10049
10053
10054
10055
10058
10059
10061
10062
10064
10067
10069
10070
10071
10073
10074
10075
10076
10077
10079
10080
10082
10084
10086
10087
10089
10090
10095
10097
10099
10106
10107
10109
10110
10115
10117
10120
10122
10123
10124
10125
10127
10128
10132
10133
10135
10136
10139
10142
10143
10146
10147
10148
10151
10154
10155
10156
10157
10160
10161
10162
10165
10167
10168
12043
10175
10180
10181
10192
10197
10198
10199
10200
10202
10203
10204
10206
10207
10209
10210
10211
10212
10214
10216
10217
10219
10222
10223
10224
10225
10226
10229
10230
10231
10232
10233
10235
10236
10237
10239
10240
10241
10242
10246
10247
10249
10253
10255
10256
10257
10258
10259
10260
10264
10267
10269
10270
10271
10272
10274
10277
10279
10280
10281
10285
10286
10287
10289
10291
10295
10296
10297
10298
10299
10300
10301
10304
10305
10306
10307
10308
10309
10311
10313
10314
10316
10317
10318
10673
10320
10321
10323
10325
10326
10328
10330
10333
10334
10336
10337
10338
10339
10340
10342
10343
10344
10346
10348
10349
10351
10352
10353
10354
10355
10358
10361
10365
10366
10367
10369
10371
10372
10377
10378
10379
10384
10386
10389
10390
10392
10395
10396
10397
10398
10399
10400
10402
10403
10412
10415
10417
10418
10421
10426
10435
10436
10437
10442
10443
10445
10446
10448
10449
10451
10453
10455
10456
10457
10459
10461
10468
10469
10470
10472
10473
10475
10476
10482
10484
10485
10486
10487
10491
10493
10494
10495
10496
10497
10499
10505
10506
10508
10515
10516
10517
10518
10519
10522
10525
10531
10533
10535
10536
10537
10540
10542
10546
10548
10549
10550
10551
10552
10554
10555
10556
10557
10560
10561
10562
10564
10565
10566
10568
10571
10574
10577
10578
10579
10582
10584
10585
10587
10588
10589
10590
10591
10592
10593
10594
10595
10596
10597
10599
10601
10606
10608
10610
10611
10612
10614
10616
10617
10618
10619
10620
10621
10622
10625
10626
10627
10629
10631
10633
10634
10635
10636
10637
10638
10639
10640
10641
10642
10643
10644
10646
10648
10650
10652
10654
10655
10656
10659
10660
10662
10663
10664
10665
10668
10674
10675
10676
10679
10680
10681
10683
10684
10685
10687
10688
10694
10695
10696
10697
10698
10699
10700
10702
10704
10706
10707
10710
10714
10715
10717
10718
10720
10722
10723
10724
10729
10730
10733
10734
10737
10743
10746
10749
10750
10751
10752
10755
10756
10758
10759
10762
10764
10767
10768
10769
10771
10772
10773
10774
10775
10776
10777
10778
10782
10783
10784
10785
10786
10787
10788
10789
10790
10791
10793
10794
10795
10799
10800
10801
10802
10803
10808
10810
10811
10812
10813
10815
10817
10818
10820
10822
10824
10825
10826
10827
10829
10831
10832
10834
10835
10839
10841
10844
10845
10846
10848
10850
10855
10856
10857
10859
10863
10864
10865
10866
10868
10869
10870
10871
10873
10874
10875
10876
10878
10879
10880
10883
10886
10889
10890
10891
10892
10894
10895
10896
10898
10899
10900
10901
10902
10903
10904
10905
10906
10907
10909
10910
10912
10915
10916
10918
10920
10921
10922
10923
10924
10925
10926
10927
10928
10930
10931
10932
10933
10934
10935
10936
10937
10938
10939
10940
10941
10942
10943
10945
10946
10947
10948
10949
10950
10951
10952
10953
10954
10955
10956
10962
10963
10964
10965
10966
10969
10970
10973
10976
10979
10982
10984
10987
10989
10995
11000
11001
11002
11003
11005
11006
11007
11008
11009
11010
11013
11015
11016
11017
11019
11020
11021
11022
11024
11025
11026
11028
11030
11031
11035
11038
11039
11043
11044
11050
11051
11052
11053
11054
11056
11058
11060
11061
11063
11065
11066
11068
11072
11073
11074
11075
11076
11078
11079
11080
11081
11082
11086
11088
11089
11090
11091
11093
11094
11096
11097
11098
11099
11101
11103
11104
11105
11106
11107
11108
11109
11110
11111
11112
11113
11114
11118
11120
11122
11124
11126
11127
11128
11129
11130
11131
11132
11133
11134
11136
11137
11138
11139
11140
11141
11142
11143
11144
11145
11146
11147
11148
11150
11152
11153
11154
11155
11156
11157
11158
11159
11160
11161
11162
11163
11164
11165
11166
11167
11168
11169
11170
11171
11172
11173
11175
11176
11177
11178
11179
11180
11181
11182
11183
11184
11185
11186
11187
11189
11191
11193
11194
11195
11196
11197
11198
11199
11200
11202
11203
11204
11205
11206
11207
11209
11211
11212
11213
11214
11215
11216
11217
11218
11219
11220
11221
11222
11223
11225
11226
11227
11229
11230
11231
11232
11233
11235
11236
11237
11238
11239
11240
11241
11243
11244
11245
11247
11248
11250
11251
11252
11253
11254
11255
11256
11257
11259
11260
11261
11263
11264
11266
11267
11268
11269
11271
11272
11273
11274
11277
11278
11280
11281
11282
11283
11284
11285
11286
11287
11289
11290
11291
11292
11293
11295
11297
11298
11300
11301
11303
11305
11306
11307
11308
11309
11310
11311
11312
11314
11315
11316
11317
11318
11319
11320
11321
11323
11324
11325
11326
11327
11330
11331
11332
11333
11335
11336
11337
11339
11341
11343
11344
11345
11346
11347
11348
11349
11350
11351
11354
11355
11356
11358
11359
11360
11361
11362
11363
11364
11365
11366
11367
11368
11369
11370
11371
11372
11373
11374
11375
11376
11377
11378
11379
11380
11381
11382
11383
11384
11386
11387
11388
11389
11390
11391
11392
11393
11394
11395
11396
11397
11398
11399
11400
11401
11402
11403
11404
11405
11406
11407
11408
11409
11410
11411
11413
11414
11415
11416
11417
11418
11419
11420
11421
11422
11423
11424
11425
11426
11427
11428
11429
11430
11431
11432
11434
11436
11437
11438
11439
11440
11441
11442
11443
11444
11445
11446
11447
11448
11449
11450
11451
11452
11453
11454
11455
11456
11457
11458
11459
11460
11461
11462
11463
11464
11465
11467
11468
11469
11470
11471
14851
11473
11474
11475
11476
11477
11478
11479
11480
11481
11482
11483
11484
11485
11486
11487
11488
11489
11490
11491
11492
11493
11494
11495
11496
11497
11498
11499
11500
11501
11502
11503
11504
11505
11506
11507
11508
11509
11510
11511
11513
11514
11515
11516
11517
11518
11519
11520
11521
11522
11523
11524
11525
11526
11527
11528
11529
11531
11532
11533
11534
11535
11536
11537
11539
11540
11541
11542
11543
11544
11545
11546
11547
11548
11549
11550
11551
11552
11553
11554
11555
11557
11558
11559
11560
11561
11562
11563
11564
11565
11566
11567
11568
11569
11570
11571
11572
11573
11574
11575
11576
11577
11578
11579
11580
11581
11582
11583
11584
11585
11586
11587
11588
11589
11590
11591
11592
11593
11594
11595
11596
11598
11599
11600
11601
11602
11603
11604
11605
11606
11607
11608
11609
11610
11611
11612
11613
11614
11615
11616
11617
11618
11619
11620
11621
11622
11624
11625
11626
11627
11628
11629
11630
11631
11632
11633
11635
11636
11637
11638
11639
11641
11642
11643
11644
11645
11646
11647
11648
11649
11651
11652
11653
11655
11656
11657
11658
11659
11660
11661
11662
11664
11665
11666
11667
11668
11669
11670
11671
11673
11674
11675
11678
11680
11684
11685
11686
11687
11689
11690
11691
11692
11694
11695
11699
11700
11701
11703
11705
11707
11708
11709
11711
11714
11715
11716
11717
11718
11721
11724
11727
11728
11731
11734
11735
11736
11737
11748
11752
11753
11756
11757
11761
11766
11768
11773
11775
11776
11779
11780
11782
11783
11784
11785
11786
11788
11789
11791
11792
11793
11795
11798
11800
11801
11802
11803
11804
11805
11806
11810
11811
11814
11817
11820
11822
11824
11825
11828
11829
11830
11832
11833
11834
11836
11839
11840
11841
11842
11843
11844
11845
11846
11847
11850
12148
11853
11854
11855
11857
11858
11860
11862
11866
11868
11870
11871
11873
11875
11876
11878
11880
11881
11883
11888
11889
11890
11891
11892
11895
11897
11898
11901
11902
11905
11906
11908
11909
11912
11913
11915
11916
11918
11919
11923
11924
11925
11926
11927
11929
11930
11932
11934
11935
11937
11938
11941
11942
11945
11946
11947
11950
11951
11953
11957
11959
11961
11964
11965
11967
11968
11969
11970
11971
11973
11975
11976
11977
11978
11980
11981
11983
11985
11986
11987
11988
11989
11990
11991
11992
11993
11994
11995
11996
11997
11998
12000
12002
12003
12004
12005
12006
12007
12009
12010
12011
12012
12013
12014
12016
12017
12019
12020
12024
12025
12026
12027
12029
12031
12037
12038
12039
12040
12041
12042
12044
12045
12046
12047
12049
12050
12051
12052
12053
12055
12057
12058
14880
12059
12062
12063
12064
12065
12067
12068
12070
12072
12073
12074
12076
12077
12079
12080
12081
12083
12084
12085
12088
12089
12091
12094
12099
12102
12106
12108
12109
12112
12113
12114
12116
12118
12119
12120
12122
12124
12126
12127
12128
12129
12130
12131
12132
12138
12140
12144
12145
12147
12151
12152
12153
12157
12158
12159
12160
12162
12164
12165
13824
12171
12172
12174
12180
12181
12183
12184
12185
12188
12189
12190
12192
12193
12194
12196
12200
12201
12202
12203
12204
12205
12209
12214
12217
12219
12222
12224
12226
12227
12228
12230
12231
12240
12243
12247
12248
12255
12257
12259
12261
12262
12263
12264
12265
12267
12270
12274
12281
12282
12286
12289
12292
12293
12296
12299
12301
12304
12305
12308
12309
12310
12311
12313
12317
12318
12319
12320
12321
12322
12324
12328
12332
12333
12340
12341
12344
12348
12350
12353
12354
12358
12363
12364
12365
12367
12368
12372
12374
12376
12378
12379
12382
12384
12392
12394
12397
12398
12400
12401
12403
12405
12406
12408
12411
12413
12414
12415
12416
12420
12422
12424
12425
12427
12431
12433
12435
12436
12438
12440
12444
12448
12450
12451
12452
12454
12456
12458
12459
12461
12463
12464
12467
12471
12472
12473
12474
12480
12481
12482
12485
12486
12487
12489
12490
12491
12492
12493
12494
12495
12496
12500
12501
12503
12505
12506
12507
12508
12509
12516
12521
12524
12525
12530
12532
12533
12535
12542
12543
12545
12547
12550
12552
12553
12554
12556
12557
12558
12559
12560
12563
12566
12569
12575
12577
12580
12581
12582
12585
12586
12588
12590
12592
12593
12597
12599
12600
12601
12602
12603
12606
12612
12613
12614
12615
12618
12622
12624
12628
12630
12631
12633
12634
12636
12638
12640
12641
12643
12646
12650
12654
12657
15039
12661
12662
12663
12667
12679
12682
12683
12686
12688
12689
12696
12698
12699
12700
12701
12704
12706
12708
12709
12710
12711
12712
12713
12716
12717
12719
12722
12726
12730
12732
12735
12737
12738
12741
12744
12747
12753
12754
12757
12759
12760
12762
12763
12764
12765
12766
12768
12770
12772
12776
12777
12779
12780
12781
12785
12787
12790
12793
12794
12798
12801
12808
12812
12815
12816
12817
12820
12821
12822
12827
12828
12830
12835
12839
12843
12851
12853
12854
12861
12884
12890
12892
12894
12898
12917
12918
12919
12921
12926
12930
12932
12936
12942
12943
12949
12951
12953
12956
12957
12959
12961
12967
12968
12975
12977
12980
12981
12983
12984
12986
12989
12990
12994
12995
12996
12997
12998
12999
13004
13005
13006
13008
13009
13011
13012
13021
13022
13023
13024
13027
13030
13033
13035
13036
13037
13038
13039
13040
13045
13046
13048
13051
13052
13054
13055
13056
13059
13060
13061
13063
13312
13067
13069
13071
13074
13075
13078
13079
13082
13083
13084
13087
13088
13090
13092
13095
13097
13098
13099
13101
13102
13103
13105
13106
13107
13108
13109
13110
13113
13115
13116
13118
13119
13120
13123
13124
13125
13133
13134
13138
13146
13150
13154
13158
13161
13162
13165
13167
13168
13171
13173
13175
13176
13177
13179
13180
13184
13185
13186
13187
13189
13194
13198
13202
13800
13203
13205
13206
13207
13209
13218
13219
13220
13221
13222
13223
13224
13226
13228
13230
13231
13232
13234
13235
13237
13239
13240
13241
13244
13247
13248
13253
13254
13256
13257
13260
13266
13269
13271
13279
13284
13287
13289
13290
13291
13297
13298
13299
13302
13304
13305
13306
13317
13321
13323
13324
13327
13329
13331
13335
13338
13343
13345
13349
13353
13354
13355
13357
13361
13362
13365
13366
13368
13371
13372
13373
13375
13382
13388
13389
13390
13393
13396
13397
13399
13401
13404
13405
13407
13409
13411
13413
13417
13419
13420
13425
13427
13434
13436
13437
13440
13443
13445
13446
13448
13450
13452
13453
13454
13456
13457
13458
13459
13460
13461
13462
13464
13466
13475
13480
13482
13484
13486
13488
13489
13490
13491
13492
13494
13497
13498
13501
13503
13504
13506
13509
13511
13515
13516
13518
15179
13522
13523
13526
13527
13529
13531
13533
13534
13536
13538
13541
13543
13544
13546
13547
13548
13551
13552
13553
13555
13556
13558
13559
13560
13561
13563
13564
13565
13568
13572
13575
13576
13577
13578
13580
13581
13582
13585
13587
13588
13589
13593
13594
13595
13596
13597
13602
13604
13606
13616
13621
13622
13624
13626
13628
13629
13631
13639
13640
13642
13643
13644
13646
13647
13649
13650
13651
13652
13656
13659
13661
13664
13666
13669
13674
13678
13680
13681
13682
13689
13690
13695
13696
13698
13702
13703
13704
13705
13706
13707
13711
13714
13715
13719
13720
13721
13725
13726
13728
13729
13730
13731
13732
13735
13736
13737
13738
13739
13742
13744
13750
13751
13754
13755
13756
13760
13761
13762
13763
13768
13770
13772
13773
13775
13777
13778
13780
13781
13784
13787
13788
13789
13793
13794
13795
13797
13799
13801
13803
13804
13808
13809
13810
13811
13812
13813
13816
13817
13820
13821
13822
13823
13826
13828
13833
13834
13837
13838
13839
13840
13841
13843
13844
13847
13848
13854
13855
13857
13860
13861
13864
13867
13869
13870
13871
13880
13887
13890
13891
13893
13898
13899
13900
13902
13904
13936
13937
13941
13942
13946
13951
13954
13956
13980
14004
14016
14020
14023
14026
14027
14031
14037
14047
14052
14054
14056
14068
14069
14076
14095
14099
14103
14115
14120
14141
14142
14149
14154
14156
14177
14179
14182
14198
14209
14227
14228
14229
14235
14241
14251
14252
14281
14284
14302
14312
14317
14318
14319
14320
14324
14331
14345
14361
14371
14374
14405
14424
14431
14432
14442
14443
14447
14449
14458
14460
14463
14466
14471
14484
14487
14489
14495
14513
14517
14520
14529
14540
14546
14548
14556
14558
14560
14565
14569
14578
14585
14587
14588
14591
14592
14594
14595
14596
14597
14605
14609
14613
14615
14625
14626
14628
14629
14876
14630
14637
14638
14644
14650
14652
14656
14660
14676
14679
14682
14683
14685
14693
14694
14703
14711
14712
14715
14720
14722
14724
14726
14730
14732
14735
14736
14740
14742
14748
14756
14760
14764
14765
14768
14771
14773
14774
14777
14779
14780
14782
14784
14785
14791
14795
14804
14808
14811
14816
14819
14822
14826
14829
14834
14836
14841
14842
14843
14846
14852
14853
14857
14859
14862
14863
14864
14867
14870
14873
14875
14877
14878
14883
14884
14886
14888
14899
14905
14907
14909
14910
14917
14919
14920
14922
14931
14932
14941
14945
14951
14952
14953
14954
14956
14958
14959
14960
14963
14967
14968
14971
14972
14976
14978
14979
14985
14987
14989
14993
14994
14995
14997
14998
15000
15002
15003
15004
15006
15007
15008
15013
15017
15018
15019
15021
15023
15026
15027
15028
15032
15037
15042
15046
15048
15049
15050
15051
15052
15053
15054
15055
15056
15059
15061
15068
15071
15073
15075
15077
15080
15082
15085
15087
15088
15089
15090
15091
15093
15095
15097
15098
15101
15104
15105
15106
15109
15110
15111
15115
15116
15118
15119
15121
15124
15125
15126
15128
15131
15132
15136
15138
15139
15144
15145
15147
15148
15152
15158
15160
15164
15165
15166
15167
15169
15176
15182
15184
15185
15187
15188
15189
15192
15193
15196
15198
15201
15204
15206
15208
15209
15212
15213
15215
15218
15219
15220
15221
15226
15232
15235
15236
15237
15239
15240
15241
15243
15244
15247
15248
15252
15253
15258
15260
15262
15266
15267
15269
15278
15281
15284
15287
15290
15298
15299
15300
15303
15304
15305
15306
15309
15314
15315
15318
15319
15322
15325
15326
15327
15331
15332
15336
15339
15341
15342
15345
15349
15355
15364
15367
15380
15381
15382
15383
15384
15387
15401
15402
15404
15405
15411
15412
15414
15416
15418
15419
15420
15424
15425
15426
15430
15431
15434
15435
15437
15439
15440
15442
15444
15445
15449
15450
15454
15455
15456
15457
15463
15465
15468
15469
15470
15472
15473
15474
15480
15481
15483
15484
15486
15491
15492
15494
15501
15505
15508
15510
15511
15512
15513
15520
15531
15534
15536
15538
15541
15542
15555
15560
15561
15562
15566
15567
15570
