0
1
3618
3
4
32
66
5
2030
1455
2198
1593
6
7845
9
374
10
11
12
13
14
16
15
28
17
4352
138
7250
6853
18
19
20
21
22
1334
743
1096
1366
120
23
24
27
29
30
31
33
34
35
37
38
39
40
42
43
44
45
1272
91
1654
46
47
48
49
50
51
52
53
54
55
56
59
8099
60
7711
61
62
63
65
1312
167
67
68
69
70
71
72
73
74
77
78
79
80
81
83
84
85
180
86
89
90
3081
711
92
93
95
96
99
100
101
102
103
104
105
106
107
108
109
111
220
2199
114
115
116
119
3752
1842
3610
1719
121
122
123
124
125
1713
10330
5386
127
128
129
135
137
2290
654
139
1172
7514
6938
142
144
146
147
148
149
150
151
6949
396
2322
7484
152
243
153
155
159
169
161
162
163
4341
165
166
168
347
967
172
173
174
1789
870
175
178
179
181
1669
183
184
185
186
187
188
189
192
193
194
199
330
459
202
203
204
206
207
208
209
210
211
213
214
215
216
217
218
219
223
224
448
225
678
226
228
229
8312
2819
230
231
832
771
232
235
343
238
273
2764
239
253
241
242
4000
442
445
244
245
246
6218
2115
247
248
3866
1356
249
250
251
252
1619
254
255
256
1788
257
258
259
260
262
333
263
264
265
268
269
271
749
275
278
279
283
284
288
289
290
291
292
1420
4305
1972
293
294
295
301
303
308
309
310
312
317
318
322
324
326
455
8111
331
332
744
6771
1429
7450
336
337
340
344
346
379
565
348
349
351
3454
357
358
362
741
391
781
1221
363
364
365
366
373
375
961
412
1553
1714
376
378
487
381
383
386
3625
388
389
393
395
1432
7202
3594
397
398
400
402
403
515
405
407
408
409
410
5387
471
415
416
418
419
420
423
425
427
430
431
435
436
438
439
441
465
443
6609
444
449
451
7324
1454
456
461
4569
462
463
464
466
468
470
1046
472
473
477
478
480
1344
2181
2218
2253
481
485
486
488
489
490
491
493
498
502
504
511
513
514
1878
517
518
519
520
2954
521
4059
3566
522
523
524
525
720
1876
526
527
529
531
532
533
535
537
7212
1277
538
539
541
542
543
545
546
549
550
553
554
724
10777
7195
2303
555
556
557
6406
559
560
561
562
563
564
2083
981
7058
566
1925
567
568
4846
569
570
573
574
576
8787
577
590
595
597
2911
4131
8932
941
4271
600
601
603
605
608
610
611
612
614
620
622
623
626
627
628
629
633
634
635
637
638
639
645
646
650
651
652
653
656
1257
7900
658
660
661
668
669
670
671
672
673
674
677
680
681
683
684
685
688
689
691
693
695
696
697
698
1138
699
700
701
8923
706
707
708
709
710
827
774
815
722
723
5530
730
731
732
735
839
2391
736
738
739
740
2298
746
747
751
752
754
756
757
760
761
762
763
766
767
768
770
1924
1940
772
1375
775
776
779
780
4512
1314
4795
5156
2311
4251
2866
8692
4381
782
3873
783
2499
786
788
793
798
799
800
801
2455
803
2609
807
808
817
820
823
828
2320
840
3438
849
850
1233
851
856
858
859
861
862
863
868
871
872
881
882
1076
887
883
886
1926
889
891
892
893
913
901
903
1063
1832
904
5553
2774
905
908
909
1914
910
911
914
915
917
919
922
924
931
932
933
935
936
2465
938
942
945
946
947
948
949
950
957
958
959
960
6092
3967
964
965
966
1566
969
970
971
974
975
982
985
987
988
992
996
1930
997
998
1000
2592
1857
1731
2823
1814
1309
1006
1009
1012
1017
1018
1019
1020
1021
1022
1023
1024
1025
1026
1027
1028
1029
1030
1031
1032
1033
1034
1035
1036
1037
1038
1039
1040
1041
1042
1043
1044
2720
1166
1045
1048
1050
1051
1055
1056
1058
1061
1062
1064
1065
1067
1068
1069
1072
1073
3805
2015
1081
1085
1086
1089
1090
1710
1097
1102
1104
1108
3632
1110
1111
1112
1113
1114
1115
1116
1120
2228
1124
1127
1128
2056
6061
1129
1130
1131
1136
1137
6565
1266
1413
1140
1141
1149
1151
1152
1154
1160
11292
1162
1164
7175
1295
8599
1169
1179
1180
5632
1182
1184
1187
1190
1194
1196
1204
1205
1207
1208
1209
1211
1213
1214
1215
1217
5288
1228
5213
1231
7627
1242
1243
1247
1248
1250
1255
1263
1264
1267
1269
1271
1275
1276
1278
1279
1280
1282
1283
1487
1683
1287
1288
1290
1291
1292
1297
1303
1304
6511
2289
1305
1306
1307
1308
4123
2516
4125
2396
2382
1315
1317
1319
1322
5002
1323
1327
1949
1330
1331
1332
2031
1336
1338
1339
1342
1345
1346
1348
1350
1351
1352
1353
1357
1361
2722
1362
1363
4833
1895
1364
1365
1367
1368
1369
1370
1371
1373
1374
1379
1381
1383
1388
3005
1389
1391
1393
1395
1397
1402
1403
1404
1405
2017
4294
1406
1407
1408
1409
1410
1412
3525
1414
1415
1573
3495
1416
1417
1418
3209
1421
1422
1424
1425
1427
1428
1430
7236
3506
6527
1434
1435
1436
1438
1439
1440
1442
1443
1444
1452
1458
1938
1460
1463
1465
1466
1468
1469
1470
1474
6805
1475
1478
1480
1481
1482
1483
1484
1485
1486
1492
1493
1495
1496
1497
1498
1500
1501
1502
1505
1506
1507
1508
1509
1511
1512
1514
1515
1516
1517
1518
1519
1521
1527
1528
1529
1530
1531
1536
1537
1541
1545
1548
1549
6224
1551
3826
1552
1554
1801
3189
1555
1556
1557
1558
1559
1560
1561
1563
1564
1565
3020
1567
1568
1569
1570
1571
1574
1576
1577
1580
1581
1583
1584
1585
1586
1587
1590
1591
1592
1594
1595
1596
1597
1601
1602
1603
1605
1606
1607
1608
1609
1610
1611
1612
1928
1613
1614
1615
1616
1617
1618
1620
1621
1622
1624
1625
1626
1628
1629
1630
1632
1634
1636
1638
1639
1640
1641
1642
1643
1645
1647
1648
1649
1650
1651
1652
1653
2858
1847
5616
1655
1656
1657
1658
1659
1660
1661
1662
1663
1664
1665
1666
1667
1668
3520
1670
3160
1672
1673
1674
1675
1677
1678
1680
1681
1682
7713
3043
1685
1686
1687
1689
1690
1691
1692
1693
1694
1695
1696
1697
1702
1704
1709
1755
1711
1716
1717
1718
1799
2763
1720
1722
1723
1724
1726
1728
1729
1730
2627
1733
1734
1741
1742
1743
1744
1745
1746
1748
1749
1750
1751
1752
1753
1754
1759
1761
1762
1765
1766
1767
1769
1770
2938
1772
1773
1774
1775
1828
1776
1777
1778
1779
1780
1782
1784
1785
1786
1790
1791
1792
1794
1795
1797
1800
7628
1802
1803
1804
1805
1806
1807
1808
1811
1817
1818
1819
1820
1821
1822
1823
1824
1825
1827
1829
1830
1831
3282
1833
2304
3056
1834
1835
1837
7017
1838
1839
5919
1866
6745
1840
11110
10956
7478
8987
1843
1844
1846
2580
1848
1850
1851
1852
1854
3517
1855
1856
1859
1860
1861
1862
1863
1865
1923
2138
1870
1871
1872
1873
1875
1877
1879
1880
1881
1882
1884
1887
1888
1890
1891
1892
1893
1894
2887
3850
1896
2933
1897
1898
1899
1900
1901
1902
1903
1905
1906
1907
1908
1909
1911
1913
4227
1915
1916
1917
1918
1919
2759
3986
1920
1922
2628
1927
1929
1931
1932
1933
1934
1935
1936
1937
3764
1939
1941
2803
1942
1945
1947
5649
6553
2799
1948
1952
1954
1956
1957
1958
1962
1963
1968
1969
1971
7334
7564
8763
1973
1974
1975
1976
1979
1980
1981
1985
1989
1990
1991
1992
1994
1996
1997
1998
1999
2000
2001
2002
2003
2004
2005
2008
2009
2010
2012
2014
2016
2018
2019
2020
2023
2025
2026
3069
2027
2028
2032
2033
2034
2035
2036
2037
2039
2040
2042
2043
2044
3677
2045
2046
2047
2048
2049
2050
2051
2052
2053
2054
2055
2057
2059
2061
2062
2063
2064
2066
2068
2069
2072
2073
2079
2080
2081
2082
8948
2086
2087
2089
2093
2094
2096
2097
2098
2101
7299
7353
2107
2117
2118
2120
2124
2125
2126
2127
2128
2129
2130
2131
2132
2134
2137
2139
2140
2141
2142
2144
2145
2146
2147
2148
2150
2151
2152
2158
2159
3118
2162
2163
3201
2469
2165
2588
2168
2169
2170
4584
2171
2173
2177
2179
5576
3726
2180
2183
2184
2203
2187
2188
2189
2190
2192
2194
2195
2196
2200
2204
2205
2208
2209
2214
3793
2220
2222
2223
2225
2227
2230
2231
2233
2234
2661
2235
2236
2239
2242
2243
2248
3157
2254
4527
2256
2259
2260
2261
2262
2263
2267
2269
2270
3424
2271
2272
2274
2275
2279
2281
2282
2285
7557
2287
2288
3976
2292
2293
2295
2296
2297
11106
2299
2300
2630
2301
2302
2305
2307
2308
2309
2312
2313
2314
2315
2316
2317
2318
2319
2949
2323
2324
2325
2329
2330
2332
2333
2334
2335
2336
2337
2338
2339
2342
2343
2344
2345
2346
2347
2348
2350
2351
2352
2353
2354
2355
9270
2356
2357
2359
2360
2361
2362
2363
2364
2365
2366
2368
2370
2374
2375
2376
2377
2379
2380
2383
2384
2385
2386
2389
2439
2390
5428
10764
2393
2394
2395
2397
2398
2401
2402
2403
2405
2406
2407
2408
2409
2411
2412
2413
2414
2415
2418
2419
2421
2422
2423
2424
2425
2427
2428
2432
2433
2434
2436
2633
2441
2442
2443
6444
2446
2447
2449
2450
2451
2452
2865
2456
2458
2459
2461
2462
2463
2464
2694
2466
2467
2468
5219
2472
2473
2477
2478
2480
2481
2482
2485
2487
2488
2489
2491
2492
2494
2495
2498
2634
2502
2503
2505
2506
2507
2508
2509
2512
2513
2515
2517
2518
2519
2520
2521
2522
2523
2524
2528
3101
2530
2531
2535
2532
2533
2537
2538
2539
2541
9159
2544
2545
2547
2548
2549
2554
2555
2556
2557
2558
2559
2560
2561
2563
2566
2567
2568
2569
2570
2572
2573
2574
2575
2576
2577
2578
2593
2683
2581
2582
2583
2584
2585
2597
2598
7742
2599
2600
2601
2602
2604
2606
2607
2610
2612
2613
2614
2615
2616
2617
2619
2620
2621
4002
4451
4083
6123
2631
2632
2820
2635
2636
2637
2638
2639
2640
2642
2643
2644
2645
2647
2648
2650
2651
2653
2655
2656
2657
2658
2663
2664
2665
2666
2670
2671
2674
2675
2676
2677
2678
2771
2679
2680
2681
2682
2685
2688
2689
2691
2692
2695
2699
2701
2703
2704
2710
2713
2714
2718
2719
2723
3942
3343
2725
2727
2729
2730
2731
2734
2735
2736
3902
2740
2741
2746
2747
2748
2751
2756
2757
6989
3185
2762
2765
2767
2768
2769
2775
2776
2777
2778
2781
2783
2784
2785
2786
2789
2791
2793
2797
2798
2800
2801
2802
2804
2805
2806
2808
2809
2810
2811
2812
2813
2817
2818
2822
2824
2826
2827
2829
2831
2832
2835
2836
2837
2839
2844
2845
2846
2849
2850
2851
2854
2855
2857
2859
2860
2861
2864
2867
2871
2872
2875
2876
2878
2879
2880
2881
2882
2884
2892
2895
2896
2898
2900
2901
2902
2903
2904
2905
2906
2909
6859
2912
2914
2917
2918
2921
2922
2924
2925
2928
2930
2932
2934
2935
2936
2937
2939
2940
2941
2942
2944
2945
2946
2948
2950
2952
2955
2957
2960
2961
2962
2963
2964
2968
2970
2972
2973
2974
2975
2976
2977
2978
2979
2980
2981
2983
2984
2986
2993
2994
2995
2996
2997
3002
3003
3004
3232
3007
3008
3009
3010
3011
3012
3015
3016
3017
3018
3019
3021
3028
3029
3030
3032
3033
3036
3040
3042
3045
3051
3052
3053
3055
3059
3060
3061
3062
3063
3066
3068
3070
3071
3073
3074
3075
3076
3079
3085
3087
3088
3089
3090
3092
3094
3120
3095
3096
3110
3306
6928
3097
3100
3102
3103
3104
3105
3106
3107
3108
3109
3111
3112
3113
3114
3115
3117
3119
3122
3123
3124
3126
3127
3128
3129
3131
3132
4067
3133
3135
3136
3140
10349
3142
3144
3146
3147
3148
3149
3151
3153
3155
3156
3159
3161
3165
3166
3168
3170
3173
3174
3176
3177
3179
3180
3182
3183
3186
3187
3188
3190
3191
3192
3193
3195
3196
3197
3199
3200
3202
3203
3204
3205
3206
3207
3208
3211
3297
3212
3213
3214
3216
3217
3218
3224
3219
3220
3221
3222
3223
3225
3228
3229
3230
3231
3233
3234
3235
3237
3238
3239
3240
3241
3242
3244
3245
3247
3248
3250
3252
3253
3254
3255
9986
3256
3258
3262
3264
3266
3268
3270
3271
3275
3277
3278
3279
3285
3286
3288
3293
3294
3295
3296
3298
3299
3300
3302
3303
3304
3305
3310
3315
3316
3318
3319
3320
3321
3323
3325
3326
3328
3329
3330
3332
9875
3333
3335
5086
3340
3342
3346
3349
3351
3352
3353
3355
3356
3357
3358
3359
3360
3363
3364
3365
3366
3367
3377
3378
4022
3380
3382
3385
3387
3388
3390
3391
3392
3393
3394
3395
3396
3398
3399
3400
3401
3406
3407
3408
3409
3411
3413
3414
3415
3416
3418
3421
3422
3423
3468
3426
3427
3429
3432
3433
3436
6017
3446
3447
3448
3452
3453
3455
3456
3457
3460
3461
3462
3463
3464
3465
3467
3469
3470
3471
3472
3474
3476
3477
3877
3480
3481
3482
4139
3483
3484
3485
3486
3487
3488
3489
3490
3492
3493
3494
4164
3496
3497
3499
3501
3502
3503
3504
3505
8931
3507
3510
3513
3514
3515
3516
3519
3521
3523
3524
3526
3528
3529
3530
3531
3532
3533
3535
3536
3537
3538
3539
3541
3542
3544
3545
3546
3547
3548
3549
3550
3551
3552
3553
3554
3556
3557
3558
3560
3562
3563
3564
3565
3569
3570
3572
3578
3579
3580
3582
3583
3585
3588
3591
3592
3593
3595
3596
10415
3598
3599
3600
3601
3602
3603
3604
3605
3607
3608
3609
3611
3612
3613
4845
3615
3616
3617
4500
3619
3620
3621
3622
3623
3626
3627
3628
3629
3631
3633
3635
3636
3639
3640
3641
3643
3646
3647
3648
3652
3655
4323
3656
3658
3659
3660
3664
3665
3667
3669
3670
3672
3673
3674
3675
3676
3678
3680
3681
3683
3684
6712
3686
3687
3688
3689
3690
3693
3695
3696
3697
3698
3699
3700
3704
3705
3708
3709
3710
3711
3712
3713
3714
3715
3716
3717
3719
3720
3722
3723
3724
3773
3729
3730
3731
3732
3733
3735
3736
3739
3741
3742
3744
3746
3748
3750
3753
3754
3755
3756
3765
3766
3767
3770
3772
3774
3775
3776
3777
3778
3779
3780
3781
3782
3783
3785
3788
3789
3790
3791
3792
3794
3796
3797
3798
3801
3803
3804
3811
3813
3814
3817
3823
3824
3827
3829
3974
3844
3897
3830
3831
3835
3837
3838
3839
3840
3841
3843
3846
3847
3848
3849
3853
3855
3856
3860
3862
3869
5429
3876
3878
3879
3880
4971
3881
3883
3884
3886
3888
3889
3890
3891
3892
3893
9289
5903
3898
3900
7004
3905
3910
3911
3913
3914
3915
3916
3917
3918
3920
3921
3923
3924
3925
3927
3928
3929
3931
3933
3934
3935
3937
3939
3941
3943
3947
3948
3950
3952
3953
3954
3955
3956
3957
3958
3960
3961
3962
3964
3965
3966
5896
3968
3972
3973
3975
3977
3979
3982
3983
3988
3990
3991
3992
3994
3995
4513
3996
3998
3999
4001
4004
4005
4007
4008
4009
4010
4016
4018
4019
4020
4027
4028
4029
4030
4031
4032
4033
4034
4039
4041
4044
4047
4051
4052
4054
4058
4060
4061
4062
4063
4065
4066
4068
4069
4070
4071
4073
4074
4075
4077
4078
4080
4084
4085
4086
4088
4091
4094
4095
4096
4098
4099
4100
4101
4105
4110
4112
4114
4117
4118
4120
4122
4124
4127
4128
4129
4130
4132
4133
4134
4135
4137
4140
4142
4143
4145
4146
4147
4150
4151
4152
4153
4154
4157
4158
4163
4165
4166
4167
4168
4169
4170
4171
4174
4181
4182
4184
4185
4186
4188
4189
4190
4193
4195
4197
4201
4203
4206
4208
4209
4210
4211
4212
4214
4217
4219
4222
4223
4225
7746
4226
4228
4229
4230
4232
4235
4236
4237
4337
4238
4326
4239
4245
4246
4247
4248
4253
4254
4256
4257
4258
4259
4260
4263
4264
4265
4266
4268
4269
4270
4272
4275
4277
4279
4281
4282
4283
4286
4293
4295
4301
4303
4308
4310
10480
4311
4314
4315
4316
4319
4322
4324
4325
4327
4328
4330
4331
4332
4335
4336
4339
4340
4342
4343
4344
4347
4348
4350
4353
4356
4358
4362
4373
4374
4385
4386
4391
4392
4398
4399
4403
4404
4405
4410
4411
4412
4413
4415
4416
4417
4418
4421
4426
4427
5006
4433
4435
4438
4439
4440
6792
4448
4449
4454
4455
4457
4460
4461
4463
4466
4467
4470
4471
4472
4473
4475
4476
4479
4480
4488
4489
4490
4491
4610
7998
4492
4495
4496
4497
4498
4499
4501
4502
4506
4507
4508
4509
4510
4511
4514
4515
4516
4517
4518
4521
4522
4524
4526
4528
4529
4530
4531
4535
4538
4539
4540
4541
4543
4545
4546
4555
4556
4564
8934
4578
4580
5313
4586
4587
4589
4593
4596
4602
4607
4611
4612
4616
4617
4618
4619
4622
4623
4624
4626
4627
4629
4632
4633
4647
4662
4693
4706
4715
4718
4720
4728
4729
4730
4734
4746
4757
4771
4787
4797
4801
4802
4814
4822
4825
4828
4831
4834
4844
4847
8140
5413
4858
4862
4865
4868
4869
4876
4881
4885
4891
4892
4894
4896
4897
4898
4900
4910
4912
4921
4927
4929
4938
4941
4944
4945
4950
4956
4957
4959
4962
4968
4970
4975
4979
4991
4999
7354
5007
5014
5016
5022
5028
5035
5038
5040
5041
5042
5045
5051
5052
5054
5057
5061
5062
5067
6604
5079
5080
5081
5083
5084
5087
5090
5091
5094
5096
5102
5103
5105
5106
5107
5110
5113
5114
5115
5116
5117
5122
5126
5130
5144
5145
5148
5151
5169
5170
5172
5175
5176
5180
5182
5190
5206
5207
5210
5218
7124
5223
5226
5227
5236
5238
5239
5240
5241
5244
5246
5248
5769
8015
5260
5261
5262
5266
5272
5273
5275
5276
5283
5284
5286
5287
5291
5292
5293
5296
5297
8135
5302
5303
5304
5305
5309
5310
5311
5312
5316
5318
5322
5323
5328
5330
5332
5334
5336
5337
5338
5339
5345
5346
5347
5348
5349
5351
5355
5359
9242
5362
5369
5371
5373
5374
5376
5378
5382
5385
5388
5390
5391
5393
5395
5398
5401
5402
5403
5404
5408
5410
5411
5412
5415
5417
5426
5427
6820
5434
5438
5440
5442
5446
5447
5449
5451
5454
5459
5463
5464
5470
5471
5472
5473
5476
5483
5486
5489
5514
5490
5493
5494
5497
5503
5504
5509
5513
5518
5523
5524
5532
5533
5534
5535
5540
5541
5544
5545
5548
5549
5554
5558
5560
5561
5562
5563
5564
5565
5566
5567
5569
5574
5575
5579
5580
5584
5586
5589
5590
5591
5592
5596
5602
5605
5606
5608
5610
5611
5612
5614
5617
5619
5621
5622
5625
5626
5627
5628
5629
5631
5635
5636
5637
5640
5641
5643
5646
5647
5654
5655
5656
5661
5664
5669
5673
5676
5682
5683
5684
5686
5689
5693
5698
5704
5708
5709
5710
5721
5728
5733
5734
5743
5744
5749
5752
5753
5761
5764
5765
5767
5770
5771
5775
5780
5782
5783
5784
5786
5788
5790
5792
5793
5794
5798
5799
5802
5805
5806
5807
5808
5811
5813
5821
5822
5823
5827
5829
5836
5837
5838
5839
5842
5844
5846
5851
5857
5858
5859
5861
5864
5867
5869
5871
5872
5874
5876
5882
5885
5886
5889
5890
5891
5893
5895
6004
5897
5899
5901
5904
5909
5910
5912
5913
5915
5916
5986
5924
5925
5926
5928
5930
5934
5937
5943
7824
8145
5947
5948
5951
5954
5956
5962
5969
5970
5975
5979
5985
5987
5989
5990
5991
5993
5994
5996
5997
6003
6005
6006
6008
6010
6011
6012
6016
6020
6021
6022
6027
6028
6030
6032
6034
6046
6048
6049
6050
6053
6055
6057
6067
6074
6076
6080
6081
6094
6098
6099
6103
6106
6108
6111
6116
6118
6121
6126
6129
6130
6132
6141
6150
6151
6152
6153
6156
6164
6167
6171
6172
6173
6177
6179
6180
6181
6183
6193
6194
6195
6196
8134
6200
6202
6203
6229
6233
6238
6242
6245
6246
6249
6253
6254
6256
6258
6268
6269
6270
6288
6296
6298
6312
6314
6340
6350
6374
6379
6381
6385
6390
6391
6399
6416
6417
6422
6427
7545
6446
6464
6468
6469
6471
6474
6475
6477
6482
6483
6487
6488
6490
6491
6493
6498
6500
6502
6503
6514
6515
6519
6521
6529
6536
6538
6542
6544
6557
6558
6566
6569
6572
6595
6603
6605
6610
6611
6617
6621
6625
6630
6638
6639
6640
6641
6646
7597
6648
6651
6654
6661
6671
7360
6674
6675
6678
6689
6692
6693
6697
6700
6707
6711
6713
6717
6718
6724
6775
6725
6726
6732
6734
6735
6738
6741
6744
6746
6748
6749
6750
6757
6759
6761
6762
6764
6768
6773
6777
6779
6780
6781
6782
6783
6784
6786
6790
6791
6793
6794
6795
6799
6800
6801
6803
6804
6811
6812
6813
6814
6815
6824
6829
6831
6833
6835
6840
6841
6842
6850
6854
6857
6861
6862
6866
6869
6871
6873
6877
6879
6882
6883
6885
6886
6889
6890
6892
6893
6897
6900
6901
6907
6908
6912
6913
6914
6915
6916
6919
6923
6924
6927
6930
6931
6932
6936
6941
6946
6950
6951
6956
6957
6958
6959
6960
6962
6964
6965
6966
6967
6968
6969
6971
6972
6974
6976
6979
6980
6982
6984
6985
6986
6987
6988
6990
6993
6994
6996
6998
6999
7000
7001
7002
7005
7006
7007
8121
7009
7010
7011
7012
7013
7015
7018
7020
7023
7025
7026
7027
7031
7037
7039
7041
7042
7045
7046
7047
7934
7048
7049
7052
7053
7056
11135
7062
7063
7066
7067
7071
7072
7074
7079
7080
7081
7083
7086
7087
7091
7092
7093
7095
7096
7099
7100
7104
7108
7109
7112
7115
7117
7118
7119
7120
7125
7128
7129
7131
7133
7138
7140
7145
7147
7148
7149
7150
7151
7152
7153
7157
7158
7160
7161
7162
7163
7164
7165
7167
7169
7174
7177
7183
7185
7186
7187
7189
7191
7192
7193
7197
7198
7201
7203
7206
7207
7209
7213
7214
7218
7220
7223
7224
7225
7227
7230
7231
7233
7235
7239
7241
7242
7243
7245
7246
7248
7249
7255
7256
7260
7263
7264
7265
7266
7267
7268
7269
7274
7279
7280
7281
7282
7284
7286
7288
7289
7290
7291
7294
7296
7297
7298
7300
7302
7306
7307
7308
7310
7311
7313
7314
7315
7316
7318
7319
7321
7322
7326
7328
7329
7330
7332
7333
7335
7336
7337
7339
7343
7344
7345
7346
7347
7348
7351
7352
7355
7358
7359
7361
7364
7367
7368
7370
7371
7373
7374
7375
7376
7377
7379
7381
7386
7394
7397
7399
7405
7407
7409
7410
7415
7419
7422
7423
7425
7427
7428
7429
7431
7433
7436
7437
7438
7440
7443
7446
7447
7451
7452
7455
7457
7458
7459
7462
7463
7464
7472
7474
7477
7479
7480
7488
7489
7490
7492
7493
7497
7498
7499
7502
7505
7506
7507
7509
7510
7512
7515
7516
7517
7518
7519
7522
7524
7526
7528
7529
7531
7533
7534
7535
7536
7541
7542
7553
7558
7559
7560
7561
7565
7566
7567
7570
7571
7572
7573
7574
7592
7595
7600
7605
7608
7612
7615
7621
7632
7635
7650
7651
7652
7656
7658
7659
7660
7749
7661
7663
7667
7680
7682
7684
7686
7691
7693
7695
7696
7698
7699
7703
7704
7705
7708
7710
7716
7720
7722
7729
7734
7737
7739
7743
7759
7760
7762
7763
10437
7765
7766
7768
7771
7776
7779
7780
7786
7787
7791
7794
7796
7801
7803
7806
7809
7810
7813
7815
7817
7819
7821
7823
7826
7827
7829
8177
7832
7833
7841
7843
9571
7846
7848
7851
7852
7856
7862
7865
7866
7867
7868
7870
7872
7878
7881
7886
7888
7896
7897
7898
7921
7899
7901
7905
7910
7911
7912
7918
7919
7920
7923
7924
7925
7926
7928
7929
7930
7932
7933
7935
7940
7943
7945
7946
7947
7948
7950
7951
7953
7954
7955
7960
7962
7965
7966
7969
7970
7972
7973
7977
7979
7982
7983
7984
7986
7989
7990
7991
7994
8001
8002
8003
8004
8006
8010
8018
8020
8021
8023
8025
8027
8036
8042
8043
8044
8045
8049
8055
8057
8216
10301
8094
8060
8061
8062
8066
8067
8069
8078
8080
8090
8091
8092
8096
8106
8108
8110
8115
8118
8155
8119
8120
8124
8129
8130
8131
8132
8133
8139
8142
8148
8149
8152
8156
8159
8161
8162
8163
8164
8165
8166
8167
8168
8170
8173
8178
8180
8181
8183
8185
8186
8187
8189
8190
8191
8195
8198
8200
8207
8210
8211
8212
8213
8219
8221
8223
8227
8228
8230
8233
8235
8236
8238
8242
8243
8244
8247
8251
8252
8255
8258
8260
8262
8263
8273
8274
8284
8287
8288
8289
8291
8292
8293
8296
8297
8298
8299
8300
8301
8304
8305
8306
8307
8308
8311
8313
8316
8318
8320
8325
8326
8327
8328
8332
8333
8338
8344
8349
8351
8353
8354
8355
8356
8360
8362
8363
8364
8370
8373
8376
8381
8382
8383
8386
8388
8391
8393
8394
8395
8396
8397
8399
8401
8403
8405
8410
8413
8414
8415
8416
8417
8421
8424
8425
8428
8429
8430
8432
8434
8435
8437
8438
8439
8440
8441
8446
8450
8451
8452
8453
8456
8462
8464
8466
8469
8477
8481
8484
8485
8486
8487
8489
8490
8491
8493
8496
8497
8498
8502
8505
8507
8510
8512
8518
8524
8527
8531
8532
8533
8535
8537
8542
8544
8547
8549
8551
8557
8563
8565
8567
8579
8581
8583
8593
8596
8610
8614
8615
8618
8619
8620
8621
8626
8627
8628
8629
8631
8642
8644
8647
8648
8655
8658
8659
8660
8664
8665
8677
8688
8689
9590
8694
8695
8696
8710
8712
8718
8720
8722
8724
8725
8737
8738
8744
8745
8747
8750
8751
8752
8755
8758
8760
8761
8765
8769
8770
8774
8776
8777
8779
8781
8782
8785
8786
8789
8790
8792
8793
8794
8795
8798
8805
8807
8808
8809
8811
8813
8814
8815
8817
8822
8828
8829
8831
8832
8834
8835
8836
8838
8840
9008
8841
8846
8850
8851
8855
8862
8863
8864
8865
8866
8868
8869
8872
8873
8878
8880
8882
8887
8890
8892
8893
8895
8896
8897
8899
8901
8902
8903
8905
8906
8908
8911
8912
8918
8921
8925
8927
8928
8929
8930
10226
8937
8938
8939
8941
8943
8946
8947
8949
8950
8951
8952
8953
8954
8955
8956
8959
8961
8972
8973
8974
8975
8977
8980
8982
8984
8985
8990
8995
8997
8998
8999
9001
9003
9005
9006
9183
9010
9011
9012
9013
9014
9015
9016
9017
9021
9022
9024
9026
9029
9030
9038
9041
9044
9045
9049
9054
9055
9057
9062
9063
9064
9065
9066
9068
9070
9071
9072
9074
9075
9076
9078
9079
9080
9081
9083
9084
9085
9086
9087
9088
9089
9090
9091
9092
9093
9094
9095
9096
9097
9098
9099
9101
9103
9104
9107
9109
9111
9113
9114
9115
9116
9117
9118
9119
9120
9121
9122
9123
9124
9125
9126
9128
9129
9130
9131
9132
9133
9134
9135
9136
9137
9138
9139
9140
9141
9144
9145
9146
9147
9148
9151
9152
9153
9155
9156
9157
9158
9160
9161
9163
9164
9165
9166
9168
9173
9174
9175
9176
9177
9178
9179
9180
9181
9182
9184
9185
10873
9186
9187
9188
9191
9192
9193
9194
9195
9196
9197
9198
9200
9202
9203
9204
9205
9207
9210
9211
9213
9214
9216
9217
9219
9221
9222
9223
9224
9225
9226
9227
9229
9233
9234
9235
9236
9237
9246
9247
9248
9252
9253
9254
9255
9257
9258
9261
9262
9264
9265
9266
9267
9268
9269
9271
9274
9276
9277
9278
9279
9283
9284
9286
9287
9288
9291
9294
9295
9296
9298
9302
9303
9304
9306
9307
9308
9312
9314
9315
9317
9320
9321
9322
9323
9326
9328
9332
9334
9335
9337
9340
9341
9342
9343
9345
9346
9348
9349
9350
9352
9354
9358
9359
9363
9364
9365
9366
9367
9369
9370
9371
9373
9375
9378
9379
9380
9382
9383
9385
9386
9387
9388
9389
9391
9393
9395
9397
9398
9401
9404
9405
9424
9427
9433
9434
9435
9440
9446
9447
9448
9449
9450
9451
9452
9453
9458
9465
9466
9468
9472
9476
9478
9484
9493
9496
9497
9499
9503
9506
9508
9515
9518
9519
9521
9522
9524
9526
9528
9533
9536
9539
9541
9545
9546
9550
9552
9553
9556
9559
9563
9565
9567
9573
9574
9575
9580
9582
9584
9587
9589
9593
9596
9825
9597
9598
9600
9602
9604
9605
9609
9611
9616
9617
9618
9619
9621
9622
9623
9624
9625
9634
9635
9640
9641
9642
9645
9648
9650
9651
9652
9654
9655
9656
9657
9659
9661
9663
9664
9668
9673
9676
9679
9681
9688
9689
9690
9692
9695
9696
9697
9703
9704
9705
9707
9709
9710
9713
9715
9716
9718
9719
9720
9721
9722
9723
9724
9725
9726
9728
9729
9730
9732
9734
9735
9737
9738
9739
9740
9741
9742
9743
9745
9746
9747
9748
9750
9751
9753
9754
9756
9760
9765
9766
9768
9769
9771
9772
9774
9775
9779
9780
9781
9783
9784
9785
9788
9795
9797
9803
9805
9806
9808
9810
9811
9820
9823
9826
9830
9831
9832
9837
9845
9850
9852
9853
9854
9856
9857
9858
9862
9863
9869
9870
9872
9873
9874
9876
9877
9878
9879
9885
9889
9893
9894
9895
9897
9898
9901
9902
9904
9905
9908
9913
9914
9917
9918
9929
9931
9932
9934
9937
9940
9942
9943
9946
9948
9950
9955
9964
9965
9966
9968
9969
9970
9972
9975
9981
9991
9993
10000
10004
10006
10007
10013
10014
10018
10023
10024
10025
10028
10029
10032
10033
10034
10042
10044
10050
10055
10057
10058
10517
10061
10062
10065
10066
10069
10070
10071
10072
10074
10081
10083
10084
10086
10087
10089
10093
10094
10097
10098
10101
10102
10103
10106
10108
10112
10113
10114
10118
10119
10123
10124
10126
10127
10128
10131
10133
10135
10137
10139
10140
10141
10146
10147
10150
10154
10157
10158
10159
10160
10161
10163
10165
10167
10168
10171
10176
10177
10179
10181
10182
10183
10185
10188
10189
10190
10191
10192
10197
10202
10208
10209
10211
10213
10215
10216
10217
10218
10221
10222
10225
10230
10233
10234
10235
10236
10238
10239
10241
10242
10244
10249
10250
10252
10253
10254
10255
10256
10258
10260
10261
10263
10264
10265
10270
10271
10275
10276
10279
10281
10287
10288
10290
10296
10297
10300
10302
10304
10305
10307
10309
10310
10312
10313
10315
10317
10318
10319
10324
10325
10328
10331
10333
10334
10336
10338
10343
10344
10345
10346
10347
10348
10350
10351
10352
10354
10358
10360
10365
10367
10368
10369
10370
10371
10373
10374
10375
10376
10377
10379
10381
10382
10384
10385
10387
10391
10396
10398
10399
10403
10408
10409
10410
10411
10412
10413
10414
10417
10419
10423
10431
10434
10436
10438
10440
10444
10445
10446
10447
10448
10450
10451
10456
10464
10465
10469
10470
10471
10472
10473
10475
10477
10482
10483
10484
10485
10490
10493
10496
10506
10507
10508
10513
10515
10518
10519
10520
10521
10528
10529
10530
10531
10533
10534
10535
10537
10540
10541
10542
10544
10547
10549
10553
10554
10555
10556
10560
10561
10562
10563
10565
10566
10571
10572
10576
10577
10579
10582
10583
10584
10585
10586
10587
10588
10589
10593
10601
10603
10604
10606
10607
10609
10610
10611
10616
10618
10619
10620
10628
10630
10631
10632
10634
10635
10638
10639
10641
10642
10643
10644
10646
10647
10648
10649
10650
10651
10652
10653
10654
10656
10657
10658
10659
10660
10661
10664
10665
10666
10670
10673
10680
10681
10682
10683
10684
10686
10687
10689
10696
10698
10699
10703
10704
10710
10711
10714
10715
10720
10721
10723
10724
10726
10729
10730
10733
10736
10738
10739
10740
10742
10743
10744
10749
10750
10754
10755
10757
10758
10760
10762
10763
10765
10768
10769
10772
10773
10774
10775
10779
10780
10782
10784
10789
10790
10792
10795
10796
10797
10800
10804
10805
10807
10808
10809
10812
10813
10817
10818
10819
10820
10822
10826
10827
10828
10829
10830
10837
10841
10846
10847
10848
10850
10851
10857
10858
10859
10861
10868
10869
10876
10878
10885
10886
10887
10888
10891
10892
10894
10895
10896
10898
10899
10900
10902
10903
10906
10907
10909
10910
10914
10915
10917
10924
10926
10928
10929
10930
10932
10934
10935
10936
10937
10941
10942
10943
10946
10947
10948
10951
10954
10957
10958
10960
10963
10964
10965
10967
10968
10972
10973
10975
10976
10977
10978
10979
10980
10981
10982
10983
10984
10987
10989
10990
10992
10993
10994
10996
10997
10998
10999
11000
11001
11002
11003
11007
11008
11009
11011
11012
11013
11014
11016
11017
11018
11021
11023
11119
11025
11027
11031
11034
11035
11036
11040
11041
11042
11044
11046
11047
11050
11051
11053
11054
11059
11061
11063
11064
11065
11066
11068
11074
11077
11762
11078
11080
11081
11082
11083
11335
11084
11086
11087
11088
11089
11090
11092
11093
11095
11096
11100
11102
11103
11104
11105
11107
11108
11109
11111
11112
11113
11115
11117
11118
11120
11122
11123
11124
11125
11128
11129
11132
11133
11145
11146
11151
11152
11153
11156
11157
11160
11161
11162
11163
11164
11166
11169
11171
11172
11173
11175
11176
11179
11180
11181
11183
11186
11190
11191
11192
11197
11200
11201
11202
11203
11204
11205
11206
11207
11208
11209
11211
11212
11213
11214
11215
11216
11217
11218
11219
11220
11225
11229
11235
11237
11239
11240
11241
11245
11246
11247
11248
11254
11255
11256
11257
11258
11259
11261
11262
11263
11265
11266
11277
11282
11283
11286
11290
11294
11297
11300
11303
11309
11311
11312
11313
11317
11318
11320
11323
11327
11328
11330
11332
11333
11336
11339
11340
11341
11343
11346
11348
11351
11352
11358
11361
11363
11365
11374
11380
11385
11391
11397
11398
11400
11402
11405
11408
11411
11414
11415
11417
11418
11420
11421
11422
11423
11424
11425
11427
11428
11429
11430
11431
11432
11433
11435
11437
11439
11441
11442
11443
11444
11445
11446
11450
11454
11455
11456
11458
11462
11466
11467
11468
11469
11473
11474
11476
11477
11480
11481
11483
11486
11487
11488
11490
11491
11492
11495
11497
11499
11500
11502
11503
11504
11505
11507
11508
11509
11512
11513
11515
11517
11518
11519
11522
11523
11524
11529
11530
11531
11537
11539
11540
11541
11544
11545
11548
11552
11556
11558
11559
11560
11568
11570
11572
11575
11579
11580
11583
11588
11592
11594
11596
11598
11599
11600
11603
11605
11608
11610
11614
11616
11617
11618
11619
11621
11624
11625
11626
11628
11629
11631
11632
11633
11634
11635
11636
11638
11640
11642
11643
11644
11645
11648
11649
11650
11651
11652
11653
11654
11655
11656
11658
11659
11660
11661
11662
11663
11665
11666
11667
11668
11670
11671
11672
11673
11675
11676
11678
11679
11681
11682
11684
11685
11686
11687
11688
11689
11690
11691
11692
11693
11696
11697
11698
11699
11700
11701
11704
11707
11708
11712
11713
11715
11716
11717
11719
11720
11721
11722
11725
11726
11728
11729
11730
11731
11735
11736
11737
11738
11740
11741
11742
11743
11744
11745
11746
11747
11748
11750
11751
11752
11753
11754
11755
11756
11757
11759
11760
11761
11763
11765
11766
11767
11768
11769
11770
11771
11772
11774
11775
11776
11777
11778
11779
11780
11782
11783
11784
11785
11786
11787
11788
11789
11790
11791
11792
11793
11794
11795
11797
11798
11800
11801
11802
11803
11804
11806
11808
11809
11812
11813
11814
11815
11816
11818
11820
11821
11822
11823
11824
11825
11827
11829
11833
11834
11835
11837
11839
11840
11841
11842
11843
11845
11848
11853
11854
11855
11861
11865
11866
11868
11870
11871
11872
11873
11876
11877
11879
11880
11881
