0
1
541
270
309
2
3
4
5
6
6198
39
7
87
8
9
12
13
14
15
16
17
18
19
20
21
22
25
26
1761
111
944
497
7971
150
1114
27
28
29
30
32
33
34
35
36
37
38
2778
40
41
42
422
847
43
44
46
47
48
49
50
51
107
52
55
56
128
1079
57
58
59
60
61
62
108
266
63
64
65
68
69
70
71
72
6024
1898
2895
689
6005
4310
73
74
848
966
2158
3431
78
80
174
82
83
86
2432
88
89
91
92
93
94
95
96
97
98
99
100
102
394
567
103
104
106
265
1291
110
112
113
117
118
271
124
125
609
2864
243
126
127
304
129
130
3412
132
134
135
136
138
139
143
2083
144
147
148
151
5497
3931
152
2026
1867
1935
1714
1715
1437
1599
153
475
154
155
156
157
159
161
163
164
165
166
167
168
169
170
171
172
173
175
176
177
178
179
180
183
3995
5591
184
185
189
190
191
192
193
4281
194
195
196
199
202
5091
203
830
207
4950
1822
209
210
5225
211
212
213
215
216
942
217
218
219
220
221
222
225
226
227
228
695
229
230
231
739
233
235
236
237
238
240
242
257
258
935
264
4471
268
269
273
288
546
464
600
319
274
276
3128
395
278
279
284
285
1422
289
291
581
2097
293
294
1522
296
299
300
301
512
303
1026
3943
1780
5629
4354
305
307
310
311
315
316
317
318
320
321
388
322
323
328
329
330
332
334
335
338
339
340
341
342
4098
343
344
345
346
349
354
2183
355
356
357
359
1005
1166
5027
360
2428
361
363
364
365
426
2003
1971
366
1194
367
621
368
369
371
380
381
4488
382
383
384
386
387
5360
2926
2342
389
390
391
392
803
2570
2324
393
396
937
397
398
401
402
403
404
406
3907
534
3602
409
410
411
413
414
415
4705
3701
419
420
425
427
1037
428
429
432
434
436
437
438
439
440
442
443
444
445
446
447
448
449
450
451
452
453
1426
5496
455
457
459
460
461
463
467
468
469
471
472
473
476
477
478
479
481
482
485
486
488
489
490
491
492
494
495
501
503
504
505
508
509
511
514
515
516
518
519
520
521
522
523
525
526
528
529
530
531
532
533
1738
535
536
538
539
543
544
545
548
550
553
556
557
558
559
561
562
563
565
566
568
569
570
2652
572
574
575
2219
576
578
580
582
583
584
585
587
592
1888
593
596
597
2273
599
601
603
604
606
614
615
616
617
618
620
623
624
626
628
629
7140
633
634
635
636
640
641
643
644
645
652
655
658
3187
659
660
664
665
667
669
670
1304
671
673
676
681
684
686
692
697
701
705
708
709
711
716
2141
717
719
720
721
1750
723
724
725
729
732
734
735
4784
740
1158
3067
744
745
751
2104
1062
752
753
755
756
761
763
764
769
773
778
779
781
782
784
785
5730
5149
786
789
791
793
795
797
801
802
3205
805
806
808
810
812
817
819
820
822
823
826
2524
828
831
832
905
833
834
837
840
841
842
844
846
5008
4954
2653
849
850
855
857
861
3872
863
864
865
866
868
870
871
872
873
874
877
878
879
880
881
882
884
885
886
887
889
891
893
894
4191
895
896
897
750
899
900
2832
981
903
904
908
910
911
914
915
918
919
920
922
1197
924
925
926
928
929
930
933
934
936
4452
938
939
940
5411
941
943
946
3392
949
950
951
952
953
955
956
957
958
3217
959
960
962
963
964
965
967
968
969
970
971
972
973
975
976
977
980
982
983
984
985
986
3006
987
988
989
990
991
992
993
994
995
997
999
1000
1002
1003
1006
1008
1009
1010
1011
1013
1015
1017
1020
1024
2921
1025
1027
1029
1033
1034
1035
1036
1388
1038
1040
5048
1041
1042
1043
1050
1051
4689
1052
1053
1054
1059
1061
1063
1066
1067
1069
1070
1072
1075
1078
4597
1081
1082
1085
1089
1090
1091
1092
1094
1096
1866
1100
1101
1103
1105
1108
1111
1112
1113
1115
1116
1117
1118
1119
1122
1125
1129
1131
1132
1133
1135
1140
1141
1143
1144
1147
1152
1153
1154
1161
1162
1164
1165
1167
2511
1169
1172
1175
1176
1178
5617
1180
1972
1182
1184
1185
1187
1193
1196
1199
4298
1203
1204
1205
1209
1211
1212
1214
1215
1216
1217
1218
1219
1220
1221
1222
1223
1225
1229
1231
1232
1233
1236
1238
1239
1242
1243
1244
1245
1247
1249
1250
1256
1258
1259
1260
1261
1262
1264
1266
1267
1269
1272
1273
1274
1275
1279
1885
1280
1281
1282
1285
1287
1288
1289
1292
1293
1297
1298
1300
6145
2001
1310
1313
1314
1315
1316
1317
1318
1322
1331
1332
1335
1337
1340
1341
1344
1347
1348
1350
1351
1353
1354
1355
1358
1360
1361
1362
1363
3991
1364
1659
1365
1368
1370
1371
1372
1373
1375
1378
1379
1380
1381
1385
1386
1387
1389
1391
1395
4497
1396
1397
1400
1401
3007
1403
1404
1405
1407
1408
1409
1410
1411
1413
1415
1416
1419
1420
3601
1424
1425
1431
1432
1435
1438
1446
1450
1451
1452
1456
1460
5424
1462
1463
1473
1474
1475
1477
1478
1480
1482
1487
1489
1490
1495
1496
1497
1499
1502
1505
1509
1510
1511
1514
1588
1515
1518
1520
1525
1527
1528
1532
1533
1537
1538
1543
1551
1553
1554
1555
1558
5635
1559
1567
1572
1577
1579
1584
1585
1587
1591
1594
1595
1596
1598
1600
3902
1602
1604
1607
1608
1610
1612
1615
1617
4744
1619
1622
1624
1625
1626
3298
1627
1628
1630
1633
1634
1637
1638
1640
1642
1643
1645
1649
1653
1656
1657
1658
1662
1663
1664
1665
1666
1672
1676
1677
1678
1680
1684
1685
1687
1688
1691
1697
1700
1701
1702
1705
1707
1708
1709
2710
1717
1718
1719
1721
1722
1724
1725
1729
1730
1731
1732
1733
1735
1737
1739
1740
1742
1743
1745
1746
1751
1755
1757
1759
1760
1763
1764
1768
1769
1773
1775
1776
1777
1778
1781
1784
1785
1786
1789
1791
1794
1795
1798
1799
1800
1804
1805
1806
1807
1808
1811
1812
1813
1815
1818
1819
1820
1821
4434
1824
1825
1827
1828
1829
1830
1831
1835
1836
1837
1838
1840
1841
1842
1843
1845
1846
1847
4018
1848
1853
1856
1857
1858
1861
1863
3151
1870
1871
1873
1874
1876
1878
2677
1880
1881
1883
1884
1892
1894
1912
2959
1902
1904
1905
1907
1908
1909
1910
1913
1914
1917
1919
1920
1931
1932
1933
1934
1938
1939
1941
1942
1947
1949
1950
1951
1952
1953
1954
1960
1963
1964
1967
1968
1969
1977
1979
1980
1981
1982
1983
1986
1988
1992
1993
1999
2002
2005
2011
5514
2012
2014
2015
2016
2020
2021
2022
2025
2029
2033
2034
2035
2038
2039
2040
2046
2048
2066
2049
2054
2059
2060
2061
2063
2064
2065
2069
2070
2075
2082
2087
2092
2094
2096
2098
2099
2101
2108
2109
2111
2114
2116
2117
2118
2123
2124
2125
2126
2129
2134
2135
2137
2139
2142
2149
2153
2155
2157
7457
2159
2160
2162
2163
2164
2169
2172
2176
2178
2179
2180
2182
2185
2187
2584
2188
2190
2191
2192
2195
2196
2571
2197
2199
2200
2208
2210
2212
2213
2214
2216
2217
2218
2222
3086
2225
2226
2227
2229
2230
2231
2233
2234
2235
2236
2238
2239
2240
2244
2245
2248
2252
2254
2257
2264
2265
2272
2274
2275
2276
2833
2277
2278
2279
2280
2281
2283
2287
2288
2289
2292
2294
2295
2297
2299
2300
2301
2304
2305
2306
2307
2309
2310
2312
2313
2314
2316
2317
2321
2325
2326
2327
2328
2330
2331
2332
2333
2334
2335
2336
2338
2340
2344
2345
2347
2348
2387
2349
2351
2352
2353
2354
2356
2357
2358
2359
2360
2365
2367
2368
2370
2372
2373
2375
2376
2378
2380
2381
2382
2384
2385
2389
2394
2396
2397
2398
2402
2404
2407
2408
2410
2413
2414
2416
2417
2418
2422
2429
2434
4521
2435
2436
2437
2438
2443
2444
2445
2446
2447
2448
2451
2452
2454
2456
2458
2459
2461
2462
2463
2464
2465
2466
2471
2474
2475
2479
2481
2482
2483
2487
2490
2492
2494
2498
2499
2500
2502
2503
2504
2506
2507
2508
2509
4285
2512
2513
2514
2518
2520
2521
2522
6109
2526
2527
2528
2529
2532
2536
2537
2538
2541
2542
2543
2544
2545
2547
2548
2549
2550
2551
2552
2553
2557
2559
2566
2568
2569
2572
2574
2582
2583
2589
2591
2592
2596
2599
2601
2602
2603
2605
2607
2608
2609
2610
2611
2612
2614
2616
2618
2620
2622
2623
2624
2629
2632
2634
2635
2636
2640
2641
2642
2643
2644
2645
2646
2647
2648
2651
2654
2655
2657
2658
2659
2660
2663
2666
2667
2668
2669
2670
2672
2673
2675
2679
2680
2682
2683
2684
2686
2692
2693
2694
2695
2697
2699
2700
2703
2705
2706
2717
2721
2722
2726
2728
2730
2732
2734
2738
2743
2751
2754
2755
2758
2759
2761
2762
2763
2764
2765
2766
2767
2772
2774
2775
2776
2777
2779
2786
2787
2788
2790
2793
2795
2800
2805
2806
2807
2811
2815
2817
2823
2826
2827
2828
2829
2831
2834
2840
2841
2844
2925
2845
2846
2851
2854
2855
2856
2858
2860
2861
2863
2865
2866
2869
2870
2871
2874
2879
2880
2882
2884
2886
2889
2892
2893
3669
2896
2899
2901
2903
2905
2910
2911
2913
2915
2916
2917
2918
2919
2920
2922
2923
2924
2927
2928
2929
2930
2931
2933
2934
2936
2937
2942
2944
2945
2946
2947
2948
2949
2950
2954
2957
2960
2961
2962
2963
2967
2969
2970
2972
2976
2978
2979
2980
2982
2983
2984
2985
2986
2987
2988
2989
2995
2996
2997
3005
3008
3011
3012
3013
3014
3015
3017
3018
3021
3022
3026
3921
3027
3029
3031
3032
3033
3034
3036
3037
3038
3041
3043
3044
3047
3048
3049
3050
3051
3052
3904
3053
3055
3056
3059
3061
3062
3063
3065
3069
3071
3072
3076
3078
3080
3083
3088
3090
3091
3092
3095
3096
3098
3099
3100
3101
3102
3362
3103
3104
3113
3115
3116
3117
3119
3120
3125
3132
3136
3137
3140
3142
3143
3148
7038
3152
3155
3156
3157
3159
3160
3161
3163
3166
3168
3169
3171
3172
3174
3175
3177
3181
3185
3186
3188
3189
3194
3197
3198
3202
3203
3208
3210
3211
3212
3213
3214
3215
3216
3218
3221
3228
3230
3232
3233
3234
3235
3236
3237
3239
3240
3243
3244
3245
3246
3247
3249
3251
3256
3257
3259
3261
3263
3264
3266
3268
3269
3272
3273
3274
3275
3277
3278
3279
3284
3285
3286
3290
3293
3294
3295
3299
3300
3301
3309
3311
5668
3314
3316
3318
3319
3320
3324
3327
3328
3329
3330
3331
3332
3337
3342
3344
3346
3348
3349
3350
3351
3352
3357
3358
3359
3361
3365
3369
3371
3375
3376
3380
3381
3382
3384
3385
3387
3388
3395
3396
3522
3399
3400
3401
3404
3407
3411
3413
3414
3415
3416
3418
3420
3422
3423
3424
3433
3436
3439
3443
3447
3448
3453
3455
3457
3459
3461
3462
3468
3473
3475
3485
3486
3494
3496
3498
3500
3501
3502
3505
3507
3509
3510
3516
3517
3518
3519
3523
3525
3526
3528
3531
3537
3539
3540
3541
3544
3555
3557
3559
3563
3564
3568
3569
3571
3573
3575
3580
3581
3584
3585
3586
3588
3589
3590
3591
3593
3595
3597
3598
3600
3603
3612
3614
3615
3622
3623
3624
3625
3628
3629
4282
3631
3638
3639
3640
3646
3651
3663
3664
3666
3667
3670
3672
3674
3675
3678
3679
3683
3684
3686
3688
3693
3697
3698
3703
3705
3707
3712
3713
3714
3715
3717
3718
3719
3721
3722
3726
3727
3729
3730
5862
3732
4132
4045
3740
3743
3744
3746
3747
3748
3749
3752
3753
3754
3755
3756
3757
3759
3760
3761
3762
3764
3765
3766
3767
3768
3769
3771
3775
3776
3777
3779
3780
3781
3785
3856
3786
3787
3788
3792
3793
3794
3797
3803
3808
3809
3811
3813
3818
3831
3834
3838
3841
3844
3845
3846
3853
3855
3858
3862
3864
3865
3867
3868
3871
3873
3878
3881
3882
3883
3884
3885
3886
3890
3892
3893
3896
3897
3898
3899
3900
3901
3905
3906
3909
3910
3911
3912
3913
3918
3922
3924
3925
3926
3927
3928
3930
3932
3933
3934
3936
3937
3941
3942
3944
3946
3948
3950
3952
3953
3954
3955
3957
3963
3964
3968
3969
3971
3972
3973
3974
3976
3982
3985
3997
3998
4000
4002
4003
4006
4010
4011
4013
4015
4019
4020
4023
4027
4028
4032
4036
4037
4038
4042
4046
4048
4051
4052
4053
4055
4056
4057
4060
4061
4065
4066
4069
4070
4072
4075
4076
4084
4085
4086
4087
4088
4089
4090
4091
4092
4096
5934
4099
4104
4105
4107
4113
4115
4119
4122
4127
4128
4129
4133
4134
4136
4137
4138
4141
4142
4143
4149
4156
4157
4161
4164
4165
4166
4168
4170
4172
4174
4181
4184
4187
4190
4194
4196
4197
4201
4205
4206
4210
4211
4213
4214
4216
4218
4220
4221
4224
4225
4227
4229
4230
4232
4235
4236
4242
4247
4249
4250
4251
4256
4257
4259
4262
4264
4265
4266
4267
4268
4273
4274
4275
4277
4279
4283
4284
4286
4287
4288
4289
4291
4294
4295
4296
4297
4299
4301
4304
4306
4307
4614
4313
4316
4319
4320
4321
4325
4326
4329
4332
4333
4334
4336
4337
4338
4339
4340
4341
4342
4343
4344
4346
4348
4350
4356
4358
4359
4360
4361
4366
4367
4369
4381
4382
4386
4395
4398
4405
4406
4407
4412
4413
4414
4415
4417
4418
4419
4420
4421
4425
4427
4428
4429
4432
4433
4438
4440
4441
4442
4443
4444
4447
4448
4449
4450
4451
4453
4454
4455
4456
4457
4458
4459
4460
4461
4462
4463
4464
4465
4466
4467
4468
4469
4470
4472
4473
4474
4476
4478
4479
4480
4481
4483
4484
4486
4487
4489
4490
4491
4493
4494
4495
4496
4498
4500
4502
4503
4504
4506
4507
4508
4511
4512
4513
4514
4516
4520
4522
4524
4525
4526
4527
4529
4531
4535
4536
4537
4539
4540
4541
4546
4547
4548
4549
4552
4553
4555
4557
4559
4560
4561
4562
4564
4565
4566
4568
4571
4572
4573
4574
4575
4576
4579
4581
4582
4583
4584
4585
4586
4587
4590
4591
4593
4596
4598
4599
4600
4601
4603
4604
4605
4606
4608
4611
4612
4615
4616
4617
4618
4619
4620
4621
4622
4623
4626
4627
4628
4629
4633
4635
4636
4639
4640
4643
4644
4646
4647
4648
4649
4650
4651
4652
4654
4656
4658
4659
4660
4663
4666
4669
4672
4675
4676
4677
4678
4679
4680
5351
4691
4692
4694
4696
4698
4704
4796
4706
4708
4709
4711
4712
4717
4718
4719
4720
4723
4724
4725
4726
4728
4732
4733
4737
4738
4739
4740
4741
4742
4745
4747
4748
4750
4751
4753
4754
4755
4756
4757
4759
4760
4761
4763
4764
4765
4767
4768
4769
4777
4778
4780
4940
4788
4797
4798
4801
4802
4804
4805
4811
4812
4813
4814
4815
4816
4819
4820
4822
4823
4826
4827
4828
4831
4832
4833
4834
4838
4839
4841
4843
4844
4845
4846
4851
4852
4855
4856
4858
4860
4861
4863
4864
4866
4867
4869
4873
4875
4876
4879
4881
4882
4883
4885
4887
4888
4889
4891
4894
4895
4898
4901
4905
4906
4907
4908
4909
4911
4912
4913
4916
5726
4917
4918
4919
4924
4926
4927
4931
4932
4933
4934
4937
4938
4943
4948
4952
4953
4961
4964
4981
4987
4995
4998
4999
5000
5004
5005
5011
5013
5014
5017
5018
5020
5022
5023
5024
5025
5026
5028
5033
5034
5039
5040
5044
5045
5051
5054
5055
5056
5061
5062
5063
5064
5065
5066
5067
5068
5071
5072
5073
5075
5077
5079
5082
5086
5087
5088
5089
5090
5095
5098
5099
5101
5102
5103
5107
5109
5110
5111
5113
5114
5116
5118
5119
5125
5128
5130
5131
5132
5135
5138
5139
5140
5142
5143
5144
5146
5150
5151
5153
5154
5155
5157
5164
5165
5168
5169
5170
5171
5173
5175
5179
5180
5182
5183
5184
5186
5190
5192
5193
5194
5195
5196
5197
5198
5199
5203
5204
5206
5208
5209
5211
5212
5213
5215
5216
5218
5219
5226
5227
5229
5230
5231
5232
5233
5236
5237
5238
5240
5242
5246
5247
5252
5253
5256
5257
5258
5259
5260
5261
5262
5263
5265
5269
5270
5271
5272
5273
5278
5279
5281
5283
5284
5286
5287
5288
5290
5294
5297
5301
5303
5305
5307
5310
5312
5318
5319
5320
5321
5322
5323
5324
5327
5328
5330
5331
5332
5333
5335
5336
5338
5339
5340
5341
5342
5343
5345
5346
5347
5348
5349
5350
5352
5354
5355
5356
5357
5358
5361
5362
5363
5364
5365
5366
5367
5368
5369
5370
5371
5372
5375
5376
5377
5378
5379
5380
5381
5384
5389
5392
5394
5396
5397
5399
5400
5402
5403
5404
5405
5408
5409
5410
5417
5419
5420
5421
5423
5425
6039
5426
5428
5429
5430
5432
5433
5434
5436
5437
5440
5441
5442
5443
5444
5447
5448
5449
5451
5452
5453
5454
5457
5458
5459
5460
5463
5467
5468
5470
5471
5472
5474
5475
5477
5479
5480
5481
5482
5484
5486
5487
5488
5490
5492
5493
5495
5499
5500
5501
5502
5503
5505
5506
5507
5508
5509
5512
5516
5518
5519
5520
5523
5524
5525
5526
5527
5529
5530
5532
5534
5535
5536
5537
5539
5541
5542
5543
5544
5545
5547
5548
5549
5550
5554
5556
5557
5558
5559
5561
5564
5566
5567
5569
5570
5571
5573
5575
5580
5582
5583
5584
5585
5586
5587
5592
5594
5597
5598
5599
5601
5603
5604
5607
5608
5609
5610
5611
5612
5613
5614
5615
5616
5620
5621
5623
5624
5625
5626
5627
5628
5630
5631
5633
5634
5636
5638
5639
5640
5643
5645
5646
5647
5650
5651
5653
5654
5657
5658
5661
5663
5664
5665
5666
5669
5671
5672
5673
5674
5678
5679
5680
5681
5682
5683
5684
5685
5686
5687
5688
5689
5691
5693
5694
5695
5696
5697
5698
5699
5700
5701
5702
5703
5704
5706
5707
5708
5709
5711
5712
5713
5715
5716
5717
5720
5721
5722
5724
5725
5727
5729
5731
5732
5733
5735
5737
5738
5739
5740
5741
5742
5743
5744
5746
5747
5748
5749
5750
5751
5754
5755
5756
5757
5758
5759
5760
5761
5762
5764
5765
5766
5767
5768
5772
5774
5776
5777
5778
5780
5783
5785
5786
5787
5790
5791
5792
5794
5795
5797
5798
5800
5801
5802
5803
5804
5805
5806
5807
5808
5810
5813
5814
5816
5817
5818
5819
5820
5821
5823
5824
5825
5827
5830
5831
5832
5833
5835
5837
5838
5839
5841
5842
5845
5846
5850
5851
5853
5854
5855
5856
5859
5861
5864
5866
5867
5868
5870
5871
5873
5874
5876
5879
5882
5885
5887
5888
5891
5892
5895
5896
5897
5901
5902
5903
5904
5906
5914
5916
5919
5920
5923
5926
5927
5930
5931
5937
5943
5945
5948
5950
5952
5953
5954
5955
5959
5960
5968
5969
5970
5972
5973
5978
5981
5984
5987
5988
5989
5991
5992
5995
5997
5999
6000
6003
6004
6006
6009
6010
6012
6013
6014
6015
6018
6019
6020
6023
6026
6027
6028
6029
6031
6032
6033
6034
6036
6037
6038
6041
6044
6045
6047
6051
6052
6054
6056
6057
6060
6061
6065
6076
6078
6079
6081
6087
6088
6090
6094
6095
6097
6098
6102
6108
6111
6115
6116
6120
6121
6123
6127
6129
6130
6132
6133
6134
6135
6139
6140
6142
6143
6147
6149
6151
6153
6154
6156
6158
6160
6163
6169
6170
6176
6178
6180
6182
6186
6188
6190
6191
6193
6315
6740
6387
6199
6200
6201
6202
6204
6205
6206
6207
6208
6209
6210
6211
6212
6213
6214
6215
6216
6217
6218
6219
6220
6221
6222
6223
6224
6225
6226
6227
6228
6230
6231
6232
6233
6234
6235
6236
6237
6239
6240
6241
6242
6243
6244
6245
6246
6247
6248
6250
6251
6252
6253
6254
6255
6256
6257
6258
6260
6261
6262
6263
6264
6265
6266
6267
6270
6271
6272
6273
6274
6276
6278
6279
6280
6281
6282
6283
6284
6285
6286
6287
6288
6289
6292
6293
6294
6295
6296
6297
6298
6300
6302
6303
6304
6305
6306
6307
6308
6309
6310
6311
6312
6313
6314
6316
6317
6318
6319
6320
6321
6322
6323
6324
6325
6326
6328
6329
6331
6333
6334
6336
6337
6338
6339
6340
6341
6342
6343
6344
6347
6348
6352
6354
6358
6359
6360
6363
6364
6365
6366
6367
6368
6371
6372
6373
6375
6377
6379
6382
6383
6384
6386
6389
6390
6391
6394
6396
6397
6399
6400
6401
6402
6403
6405
6406
6407
6408
6409
6410
6411
6412
6413
6414
6415
6416
6419
6420
6421
6422
6423
6424
6425
6426
6427
6428
6429
6430
6432
6434
6436
6437
6438
6439
6440
6441
6443
6444
6445
6446
6449
6450
6452
6453
6454
6456
6457
6458
6459
6461
6462
6463
6464
6466
6467
6468
6471
6472
6475
6479
6486
6490
6492
6493
6494
6495
6496
6501
6508
6510
6514
6515
6520
6526
6527
6528
6532
6535
6536
6537
6538
6539
6540
6557
6559
6560
6566
6567
6572
6574
6575
6576
6578
6579
6580
6588
6590
6593
6598
6599
6607
6610
6611
6612
6613
6616
6617
6618
6619
6623
6624
6627
6630
6631
6633
6634
6635
6637
6638
6639
6641
6642
6643
6644
6646
6647
6648
6652
6653
6654
6655
6657
6658
6662
6663
6666
6669
6670
6672
6675
6676
6678
6679
6680
6682
6683
6684
6685
6689
6691
6692
6695
6696
6699
6700
6702
6703
6704
6705
6709
6710
6711
6712
6713
6714
6715
6716
6718
6724
6725
6729
6730
6731
6732
6733
6736
6738
6739
6748
6751
6753
6755
6757
6758
6759
6760
6761
6763
6766
6775
6781
6782
6783
6789
6792
6796
6798
6802
6804
6807
6812
6815
6819
6828
6829
6831
6835
6836
6842
6843
6844
6851
6852
6854
6857
6858
6865
6866
6867
6869
6875
6876
6881
6883
6886
6888
6890
6897
6898
6899
6900
6905
6906
6907
6909
6910
6913
6916
6917
6920
6921
6922
6924
6927
6931
6933
6934
6935
6936
6937
6939
6940
6942
6943
6944
6946
6947
6950
6951
6956
6957
6961
6962
6963
6966
6969
6972
6978
6979
6980
6982
6984
6985
6987
6988
6993
6999
7001
7002
7005
7006
7009
7012
7013
7014
7015
7018
7024
7025
7026
7027
7028
7029
7032
7033
7034
7037
7040
7041
7043
7044
7046
7050
7052
7053
7054
7057
7058
7059
7061
7063
7065
7066
7067
7069
7071
7073
7074
7075
7076
7077
7078
7079
7080
7081
7082
7084
7086
7087
7088
7091
7093
7094
7095
7096
7099
7101
7103
7104
7105
7106
7107
7108
7109
7110
7112
7116
7118
7123
7125
7127
7130
7131
7134
7139
7141
7143
7144
7145
7146
7152
7153
7156
8027
7159
7161
7166
7175
7192
7202
7205
7208
7212
7213
7217
7221
7225
7226
7229
7239
7266
7278
7282
7285
7289
7296
7350
7385
7388
7391
7396
7401
7404
7405
7412
7413
7417
7420
7427
7437
7438
7440
7444
7447
7449
7454
7459
7467
7472
7473
7478
7485
7486
7487
7494
7495
7499
7506
7509
7515
7519
7520
7522
7524
7525
7528
7530
7541
7542
7544
7554
7559
7560
7562
7565
7566
7567
7570
7572
7574
7576
7580
7585
7587
7619
7629
7704
7706
7718
7741
7746
7796
7817
7821
7824
7827
7829
7854
7857
7868
7877
7889
7890
7892
7894
7898
7901
7902
7906
7913
7915
7919
7921
7923
7924
7932
7934
7935
7936
7939
7942
7943
7944
7949
7953
7954
7955
7956
7958
7959
7960
7963
7967
7968
7969
7970
7972
7976
8003
7982
7983
8001
8014
8018
8019
8021
8022
8023
8032
8033
8034
8036
8037
8038
8040
8041
8044
8045
8048
8051
8055
8060
8061
