2
98
3
4348
358
239
4
4624
489
1610
43
4347
5
6358
6
7
8
6245
70
9
1892
10
381
30
8272
14
1810
15
31
17
5912
2833
18
19
20
6406
162
1373
26
616
32
33
36
3504
677
8269
1872
8436
2739
5332
284
8414
2495
38
990
39
1803
2094
3385
156
3326
40
5896
42
738
5789
1410
1572
455
2888
49
1120
1121
52
53
2420
2091
5124
54
55
56
57
60
63
64
6016
65
66
7518
67
68
69
72
1313
7713
220
73
74
75
78
79
154
81
83
84
85
3007
127
88
89
90
92
93
94
95
96
584
97
100
104
105
106
107
108
4958
111
112
7044
765
114
115
122
123
124
128
130
132
148
359
153
522
161
163
164
167
170
172
176
183
2019
184
282
519
187
190
1584
195
7227
196
206
207
208
209
211
212
5424
307
219
222
224
225
5545
3275
231
4718
235
236
2309
2463
240
241
243
244
1063
248
3097
249
250
252
258
260
261
262
3718
2506
263
1441
521
1200
2931
1397
3001
266
272
1281
1884
267
268
269
5730
4571
270
271
2582
274
1499
275
281
5581
293
288
290
6944
465
8249
294
299
300
302
303
637
306
308
309
312
321
323
325
326
329
2952
3786
337
340
342
6145
6879
344
345
346
347
348
1020
1369
349
350
634
352
354
355
357
360
7526
361
4842
363
463
365
366
370
371
372
373
4082
375
376
377
378
382
385
388
2297
390
391
394
1700
6780
398
405
406
4070
407
6070
414
417
419
421
425
429
431
433
434
435
437
438
439
443
444
445
447
448
449
454
5438
456
457
461
462
5370
464
1539
468
471
755
472
473
474
476
481
483
484
2472
493
495
496
499
502
504
506
509
510
512
3364
514
515
517
518
4968
2863
520
5529
528
531
532
533
3052
534
538
543
2507
544
5879
545
1145
547
551
552
554
556
557
560
611
564
567
568
569
570
572
574
575
576
577
578
579
580
2987
586
587
4012
593
594
595
598
599
5309
6423
601
606
2752
6417
5559
609
610
3168
2411
8077
5341
612
613
1510
617
621
4096
4403
624
704
627
880
628
629
630
631
4440
632
636
641
644
645
646
652
654
656
658
663
669
670
4608
671
673
681
4326
691
695
697
699
700
5401
1051
709
713
714
716
718
720
724
728
729
733
735
737
746
751
935
754
756
761
763
764
2034
767
768
769
770
771
772
1083
987
773
774
775
779
784
803
1829
4071
5767
3993
785
790
791
795
799
800
802
7184
2960
2046
806
807
809
2740
811
814
5446
5471
816
819
825
828
829
833
838
842
843
847
855
856
860
862
866
871
874
875
876
877
878
3779
879
881
882
883
884
885
886
887
888
889
890
891
4166
1309
904
907
908
910
912
913
915
920
922
924
925
8210
931
936
937
940
944
948
949
952
953
954
955
959
961
962
3550
4654
4030
964
965
966
968
2554
2090
969
971
974
975
8253
978
4233
1118
2100
3997
980
981
4818
5273
4570
982
983
986
2996
989
4344
3270
991
992
2478
995
996
998
999
1000
1001
1003
1005
1007
1008
1009
1010
1011
1013
1015
1016
1017
1019
1021
1022
1023
4365
1024
1027
1032
1035
1036
1037
1038
1042
1043
1045
1046
1047
1048
1052
2239
1053
1057
1058
1059
1061
1064
1065
1068
1070
1074
1075
1076
1078
1079
1080
1081
1084
1085
1086
1088
1094
1099
2592
1100
1102
1103
1104
1106
1107
1109
1112
1113
1116
1586
1122
1125
7829
1126
4711
6292
3989
1130
1131
1641
1132
1134
1139
1140
1142
1143
1147
1149
1152
1154
1155
2352
6309
1156
1157
1158
1159
1285
2760
1160
1162
1163
1164
1166
1168
1169
1170
1173
1175
1176
1178
1198
1179
6280
3276
7700
1181
1183
1184
1185
1186
1187
1197
1202
1204
1210
1212
1215
1216
1219
1222
1224
1232
1235
5939
1236
1237
1239
1244
1249
5041
1258
1260
1264
1268
1269
1272
1276
1280
1283
1284
1288
1290
1291
1292
1301
1302
1303
1308
1310
1316
1318
1321
1322
1329
1330
1332
1333
1335
1337
1339
1340
1782
1343
1346
1347
1349
1350
1351
1355
1357
1359
1362
1363
5548
1635
4444
1371
1372
8266
1376
1378
1380
1381
3424
5987
1386
1387
1391
1392
1394
1395
1396
1401
1402
1404
1573
3686
1898
1407
1405
1413
1414
1417
1419
1420
1422
1428
1431
1436
1438
1439
1440
1442
1444
5091
6985
3409
3541
1445
1447
1448
1453
1456
1461
1462
1470
1471
1472
1478
1481
1488
1491
1492
1496
1497
1498
1500
1501
1504
1507
1508
1509
2208
2209
1708
1511
8840
5887
1513
1514
1518
1519
1520
1524
1525
1530
1536
1537
1543
1545
1546
1548
1549
1551
1555
1557
1558
1559
1560
1561
1562
1564
1565
1569
1570
1571
7506
5664
2881
1576
1579
1580
1581
1583
1587
1588
1589
1590
1592
1593
2622
1595
1596
1597
1600
1601
1602
1604
1607
1609
1611
1612
1613
1614
1617
1618
1619
1620
1621
1622
1626
8228
8406
1629
1632
1633
1634
1636
1637
1638
1639
1640
1642
1652
1656
1658
1659
1661
1662
1669
1671
1675
1677
1680
1681
1682
1683
1688
1692
1693
1694
1695
1697
1780
1701
1702
1704
1705
8118
1706
1707
3428
1710
1711
1714
1715
1716
1717
1718
1720
1721
1723
1725
1726
1727
1729
1732
1733
1737
1738
1739
1740
1742
1743
1744
1747
1748
1751
1753
1755
1756
2646
1758
1764
1765
2824
1766
1767
1768
1769
1771
1777
1778
1779
1784
1785
1787
1789
1790
1791
1792
1793
1794
1797
1798
1800
1801
1802
1808
1809
1811
1812
4702
1818
1820
1821
1823
1824
1825
1830
1831
1856
1835
1836
1837
1839
1843
1848
1851
1852
1855
1859
1860
1862
1863
1864
3009
1870
3349
1871
1873
1874
1876
1877
1879
1880
1881
1883
1885
1886
1887
1890
1891
1893
1896
1897
1899
1900
1903
1905
1906
1907
1908
1909
1912
1963
1964
1966
1968
1969
1971
1972
1973
1974
1977
1980
9270
1983
1986
1990
1991
1992
7129
1993
1994
1995
1996
1998
1999
2000
2001
2002
2006
2008
2009
2011
6204
2012
2014
2015
2016
2020
2021
2023
2029
2032
2033
2035
2036
2038
2041
2043
2044
2045
2047
2048
2049
5052
2051
2052
2053
2057
2063
2064
2065
2066
2068
2069
2070
2072
2074
2075
2078
2081
2082
2083
5059
2085
2089
2098
2099
2102
6786
6599
2115
2116
2122
2123
2139
2146
2147
2148
2152
2153
2158
2159
2160
2161
2162
6240
8415
2163
2165
2175
2176
2180
2183
2187
2195
2200
2205
2359
2207
3094
2210
2211
2212
2215
2216
4674
2218
6115
2220
2223
7377
2226
2270
2228
2229
2230
2231
2235
2241
2244
2245
2246
2247
6525
2248
2250
2251
2252
2253
2255
2263
2264
2266
2268
2269
2272
2273
2276
2278
2279
2281
2284
2332
2285
2295
2298
2299
2300
2302
2303
2304
2305
2308
2719
2310
2311
2312
2318
2323
2324
2329
3560
2330
2333
2335
2336
2342
2343
2345
6740
2346
6146
2351
4672
2354
2355
2356
2357
2358
2367
2370
2373
2374
2382
2383
2384
2385
2389
2390
3366
2391
3584
2393
2394
2395
2396
2397
2400
2401
2403
2404
2405
3894
2407
2414
2417
2419
2429
2431
2432
2433
2434
2435
2436
2438
2439
2442
3805
2443
2444
2446
2447
2448
2454
2455
4333
2456
2457
2458
2462
2465
2466
2468
2471
2475
2479
2483
2485
2488
2489
2490
2497
2498
2500
2501
2502
2505
2510
2514
2515
2518
2520
2521
2522
2526
2527
2530
2537
2541
2542
2545
2547
2550
4025
2555
2556
2559
2560
2561
2562
2563
2564
2567
2572
2574
4684
2576
2578
2584
2585
2587
2590
2591
2593
2594
2595
2596
2599
2600
2604
5075
2605
2606
2607
2608
2609
2611
2612
2613
2614
2615
2618
2619
2621
2623
2624
2625
2626
2629
2630
2631
5998
2633
2635
2636
2637
2640
2645
2647
2650
2654
2655
2656
2658
2659
2661
2664
2666
2667
2670
2671
2676
2677
2679
2681
2682
2683
2686
2687
2688
2689
2690
2691
2692
2694
2695
7759
2696
2697
2699
2702
2703
2708
2709
2710
2712
2722
2726
2729
2730
2731
2737
3797
2743
2744
4165
2748
2749
2756
2757
2759
2761
2763
2764
2765
2766
2768
2769
2770
2773
2774
2775
2777
2778
2781
2782
2783
2785
2786
2787
2790
2793
2795
2796
2797
2798
2800
2802
2806
2809
2810
2811
2814
2817
2818
2825
2829
2832
2835
2836
2837
2844
2846
2847
2848
2849
2856
4880
2858
2859
2861
2869
2873
2875
2876
2879
2883
2885
2887
2889
2890
2891
2898
2899
2900
2901
2903
2904
2906
2908
2912
2916
2918
2923
2924
2925
2927
2929
2930
4053
2935
2937
2938
2939
6768
2940
2941
2942
2943
2944
2946
2947
2948
2949
2950
2955
2956
3415
2958
2962
2964
2965
2968
2969
2971
2972
2973
2975
2978
2980
2981
3835
2989
2990
3694
2991
3515
2995
2997
2998
3000
3003
3005
3006
3008
3010
3011
3012
3013
3014
3016
4846
3018
3019
3021
3022
3023
3024
3025
3026
3029
3031
3032
3033
3037
3038
3039
3040
3043
3045
3046
3049
3054
3055
3056
3057
3058
3062
3063
3064
3068
3071
3077
3082
3083
3084
3086
3087
3090
3091
3092
3093
5501
3095
3096
7350
7245
3098
3100
3101
3102
3103
3106
3109
3784
3110
3111
3112
3113
3114
3115
3116
3121
3124
3125
3128
3129
3130
3131
3132
3135
3140
3143
3144
3146
3148
3150
3153
3156
3157
3160
3161
3162
3165
3166
3167
3169
3175
3179
3181
3182
3183
3185
3189
3192
3197
3201
3202
3203
3397
3204
3205
3206
3207
3212
3216
3217
3221
3222
3224
3225
3226
3228
3230
3234
3235
3236
3237
3238
3239
3240
3243
3248
3249
3287
3250
3251
3254
3256
4364
3257
3318
3258
3260
3261
3267
3268
3269
3274
3277
3279
3281
3282
3285
3288
3289
3290
3292
3295
3296
3298
3303
3304
3306
4434
3307
3313
3319
3321
3328
3329
3330
3332
3335
3339
3341
3342
3343
3344
3346
3347
3350
3351
3353
3355
3356
3362
3363
3365
3367
3368
3370
3371
3372
3373
3374
3376
3379
3383
3384
3386
3388
3390
3391
3392
3394
3395
7207
3396
3398
3399
3400
3401
3402
3403
3405
3406
3407
3410
3411
3413
3414
3416
3417
3418
3419
3420
3422
3423
3426
3427
3429
3431
3433
3434
3436
3437
3438
3440
3442
3443
3445
3446
3447
3450
3451
3452
3453
3457
3458
3459
3460
3461
3462
3465
3466
3467
3469
3470
3471
3473
3475
3476
3479
3481
3483
3486
5133
3488
3493
3494
3495
3496
3497
3498
3501
3502
3507
3508
3509
3511
3514
3517
3523
3524
3526
3528
3529
3533
3537
3538
3540
3543
3546
3547
3548
3549
3552
3553
3554
3555
3557
3559
3561
3565
3566
3567
3570
3575
3576
3577
3578
3579
3580
3581
3583
3586
3587
3588
3589
3592
3593
3596
3597
3598
3599
3600
3603
3604
3605
3606
3608
3609
3610
3611
3612
3614
3615
3616
3617
3618
3619
3620
3622
3624
3625
3628
3629
3630
3631
3632
3633
3635
3636
3637
3638
3640
3641
3642
3643
3644
3645
3646
3647
3648
3650
3654
3657
3658
3661
3662
3663
3667
3668
3669
3670
3671
3672
7628
7393
3673
3675
3676
3677
3678
3679
3681
3682
3684
3685
3687
3688
3689
3690
3693
3714
3696
3697
3701
3703
3704
3705
3707
3708
3709
3712
3722
3723
3724
3725
3728
3732
3733
3736
3737
3739
3741
3745
3747
3748
3750
3751
3752
3754
3756
3757
3758
3759
3769
3772
3775
3776
3778
5063
3782
3783
3787
3789
3790
3794
3798
3803
3806
3809
3812
3821
3826
3829
5575
3833
3839
3840
3842
3847
3849
3851
3852
3853
3854
3856
3860
3868
3873
3880
3888
3890
3897
3899
3902
3904
3908
3910
3913
3915
4329
3917
3924
3925
3926
3931
3934
3938
3939
3948
3952
3957
3958
3964
3972
3977
3980
3982
3985
3992
3996
3998
3999
4001
4004
4010
4013
4015
4016
4021
4022
4024
4027
4028
4032
4038
4041
4045
4051
4054
4055
4059
4062
4064
4065
4066
4069
4073
4074
4078
4079
4080
4084
4085
4087
4090
4093
4095
4097
4101
4104
4111
4115
4120
4123
4124
4125
4127
4132
4134
4138
4144
4148
4153
4159
4160
4161
4168
4170
4171
4172
4173
4176
4177
4178
4180
4183
4184
4185
4192
4195
4196
4199
4200
4202
4208
4210
4212
4219
4221
4224
4226
4227
4229
4230
4235
4236
4237
4238
4240
4241
4242
4245
4246
4252
4255
4258
4259
4261
4262
4264
4266
4269
4270
4271
4278
4281
4286
4288
4292
4293
4297
4305
4310
4314
4318
4319
4322
4334
4338
4339
4342
4343
4345
4346
4349
4352
4354
4357
6970
4359
4361
4370
4372
4384
4386
4387
4390
4392
4393
4397
4399
4400
4401
4402
4405
4406
4409
4410
4412
4413
4415
4419
4422
4426
4428
4430
4433
4436
4437
4438
4912
4441
4442
4443
6313
4446
4451
4456
4458
4460
4467
4470
4473
4475
4478
4479
4482
4485
4486
4488
4489
4491
4496
4497
4501
4502
4503
4507
4510
4511
4513
4514
4517
4518
4520
4522
4523
4524
4533
4537
4540
4545
4546
4547
4548
4552
4554
4557
4558
4559
4560
4563
4564
4565
4566
4567
4568
4569
9149
4572
4584
4585
4588
4592
4596
4597
4598
4600
4601
4602
4603
4604
4605
4606
6034
4612
4614
4616
4618
4621
4622
4626
4629
4630
4631
4632
4633
4634
4636
4637
4639
4641
4642
4645
4647
4649
4656
4657
4658
4659
4660
4661
4662
4664
4665
4667
4668
4669
5908
4670
4671
4673
4678
4679
4681
4682
4683
4995
4685
4687
4688
4693
4696
4697
4701
4704
4706
4713
4714
4715
4716
4717
4721
4722
4724
4726
4727
4729
4730
4731
4735
4737
4738
4741
4742
4744
4745
4747
4749
4757
4758
4760
4762
4763
4767
4771
4774
4775
4777
4806
4778
4779
4782
4788
4791
4793
4794
4798
4800
4803
4804
4805
4808
4815
4817
4824
4830
4833
4834
4836
4837
4840
4841
9203
4843
4844
4845
4847
4848
4850
5621
4851
4853
4854
4855
4856
4857
4858
4860
4861
4863
4865
4866
4867
4868
4869
4870
4871
4872
4873
4874
4875
4876
4881
4882
4883
4884
4885
4887
4888
4889
4891
4892
4893
4894
4895
4898
4899
4900
4902
4903
4906
4907
4908
4909
4910
4911
4913
4914
4915
4916
4917
4918
4921
4922
4923
4926
4928
4929
4930
4931
4932
4933
4934
4935
4936
4938
4939
4943
4945
4948
4949
4950
4951
4956
4957
4959
4962
4963
4966
4967
4969
4970
7225
4972
4973
4974
4976
4977
4978
4979
4980
4982
4984
7745
4986
5367
4987
4989
4990
4992
4994
4997
4998
4999
5001
5002
5003
8835
5004
5005
5007
5008
5010
5011
5880
5012
5013
5014
5017
5021
5023
5024
5026
5028
5029
5030
5032
5033
5034
5035
5036
5037
5038
5039
5040
5042
5043
5044
5045
5047
5048
5054
5055
5056
5057
5058
5060
5061
5062
5064
5065
5066
5068
5069
5070
5071
5072
5073
5074
5076
5080
5081
5082
5083
5084
5085
5086
5087
5088
5089
5090
5092
5093
5094
5095
5096
5097
5098
5099
5100
5101
5102
5103
5105
5107
5109
5110
5112
5114
5115
5118
5119
6989
5120
5121
5122
5123
6235
5125
5126
5127
5128
5130
5131
5132
5135
5136
5138
5139
5140
5141
5142
5144
5145
5147
5148
5152
5153
5154
5155
5156
5157
5158
5159
5160
5161
5162
5163
5164
5166
5167
5170
5173
5174
5175
5176
5180
5181
5182
5183
5186
5187
5188
5190
5192
5196
5197
5200
5202
5203
5205
5206
5208
5209
5210
5211
5212
5213
5214
5216
5217
5218
5219
5220
5222
5226
5227
5229
5233
5238
5239
5241
5242
5246
5248
5250
5251
5252
5253
5254
5255
5256
5258
5261
5263
5265
5266
5267
5268
5269
5271
5272
5274
5277
5278
5279
5281
5282
5283
5285
5286
5287
5288
5291
5293
5294
5298
5299
5301
5347
5304
5305
5306
5307
5310
5311
5313
5315
5318
5322
5325
5326
5328
5330
5333
5336
8612
5339
5340
5343
5344
5351
5352
5354
5801
5357
5358
5361
5365
5369
5371
5373
5374
5379
5382
5383
5389
5391
5413
5392
5393
5394
5396
5397
5400
5402
5405
5407
5411
5415
5417
5420
5423
5435
5436
5437
5439
5441
5442
5443
5444
5455
5458
5459
5461
5463
5465
5466
5469
5470
5472
5474
5475
5476
5481
5483
5484
5488
5489
5490
5491
5494
5495
5497
5498
5499
5500
5503
5506
5507
5508
5509
5510
5511
5512
5515
5516
5519
5522
5523
5524
5526
5527
5531
5532
5536
5539
5540
5541
5542
5543
5546
5547
5549
5550
5551
5552
5554
5555
5556
5558
5560
5562
5565
5568
5569
5572
5573
5574
5576
5579
5580
5582
5584
5585
5586
5587
5588
5590
5591
5592
5593
5594
5597
5599
5600
5605
5606
5611
5614
5620
5622
5624
5625
5626
5629
5635
5637
5639
5640
5642
5644
5646
5648
5649
5652
5654
5655
5658
5659
5660
5661
5666
5667
5668
5671
5673
5674
5677
5679
5683
5685
5688
5690
5691
5692
5693
5695
5698
5699
5701
5702
5704
5705
5707
5708
5711
5712
5713
7314
5714
5716
5718
5720
5721
5722
5723
5724
5725
5726
5727
5728
5733
5736
5737
5739
5740
5742
5744
5745
5747
5748
5750
5752
5753
5754
5757
5765
5766
5768
5771
5772
5774
5775
5777
5780
5785
5786
5787
5788
5790
5793
5796
5798
5799
5804
5806
5807
5808
5809
5811
5814
5816
5819
5821
5822
5823
5825
5827
5828
5832
5833
5835
5836
5837
5838
5839
5843
5846
5848
5849
5851
5852
5855
5856
5857
5858
5861
5863
5865
5866
5870
5871
5872
5876
5877
5881
5883
5884
5885
5888
5889
5892
5893
5894
5897
5899
5900
5901
5902
5903
5905
5906
5907
5909
5910
5911
6484
5913
5914
5915
5916
5917
5921
5922
5923
5927
5930
5932
5933
5934
5935
5937
5938
5940
5942
5944
5945
5946
6023
7102
5947
5948
5950
5951
5952
5953
5955
5958
5959
5960
5961
5963
5964
5965
5966
5967
5972
5974
5975
5977
5980
5982
5984
5985
5988
5990
5991
5992
5994
5995
5997
5999
6000
6004
6005
6006
6010
6011
6012
6013
6014
6015
6017
6019
6021
6022
6024
6026
6027
6028
6029
6031
6032
6033
6035
6038
6039
6044
6045
6046
6047
6049
6051
6052
6053
6054
6055
6057
6058
6059
6060
6061
6063
6067
6068
6069
6072
6073
6076
6077
6078
6083
6084
6085
6086
6087
6089
6092
6094
6097
6098
6099
6100
6102
6103
6106
6107
6108
6109
6111
6113
6114
6362
6116
6118
6122
6123
6124
6125
6126
6127
6130
6132
6133
6135
6136
6138
6139
6140
6142
6143
6144
6148
6149
6151
6152
6153
6156
6157
6158
6159
6162
6163
6164
6165
6166
6168
7778
6172
6173
6174
6175
6179
6180
6181
6182
6183
6185
6187
6188
6189
6190
6191
6192
6193
6194
6195
6196
6197
6198
6199
6201
6202
6207
6208
6209
6211
6212
6213
6215
6216
6218
6221
6222
6223
6225
6226
6227
6228
6229
6231
6232
6236
6237
6238
6239
6241
6242
6243
6246
6247
6248
6249
6251
6252
6253
6254
6255
6256
6257
6258
6259
6260
6261
6263
6264
6265
6268
6269
6271
6272
6275
6278
6279
6281
6283
6286
6287
6288
6289
6290
6291
6294
6296
6297
6298
6299
6300
6301
6302
6303
6304
6305
6306
6307
6308
6419
6312
6314
6315
6316
6317
6318
6319
6320
6321
6322
6323
6324
6325
6326
6327
6329
6330
6331
6332
6333
6335
6336
6337
6339
6343
6344
6347
6350
6351
6352
6353
6354
6355
6356
6357
6363
6364
6365
6369
6370
6371
6372
6373
6375
6376
6377
6379
6380
6381
6382
6383
6384
6385
6386
6387
6388
6389
6390
6391
6392
6394
6395
6397
6398
6399
6400
6401
6403
6404
6405
6407
6408
6409
6410
6411
6412
6413
6414
6415
6416
8294
6418
6420
6422
6425
7048
6426
6427
6428
6429
6433
6434
6435
6436
6437
6438
6439
6440
6443
6444
6445
6446
6449
6450
6451
6452
6454
6456
6457
6458
6459
6460
6461
6465
6468
6471
6472
6473
6511
6475
6476
6477
6479
6480
6481
6482
6483
6485
6486
6487
6488
6490
6492
6493
6494
6495
6496
6497
6499
6500
6501
6502
6503
6505
6506
6507
6508
6509
9168
6510
6513
6514
6516
6517
6518
6519
6520
6522
6523
6524
6526
6528
6529
6530
6531
6533
6540
6553
6559
6562
6564
6565
6566
6568
6573
6574
6576
6578
6579
6584
6588
6589
6596
6597
6598
6600
6602
6606
6616
6619
6622
6624
6627
6647
6650
6658
6660
6663
6665
6666
6667
6673
6676
6677
6678
6684
6689
6694
6695
6698
6700
6704
6709
6712
6713
6714
6717
6719
6725
6726
6727
6728
6732
6733
6734
6738
6739
6742
6743
6748
6751
6752
6754
6756
6757
6758
6759
6760
6763
6767
6769
6773
6774
6779
6781
6784
6788
6793
6794
6795
6801
6803
6806
6809
6812
6813
6814
6817
6820
6821
6822
6824
6825
6826
6827
6832
6835
6837
6841
6846
6848
6851
6852
6853
6854
6857
6858
6860
6862
6864
6865
6866
6868
6875
6878
6883
6884
6889
6891
6894
6895
6898
6899
6900
6906
6908
6909
6910
6911
6912
6913
6914
6915
6916
6917
6920
6921
6922
6924
6925
6926
6927
6928
6929
6931
6932
6934
6935
6938
6939
6940
6942
6943
6956
6959
6960
6961
6964
6965
6966
6968
6969
6971
6972
6973
6975
6976
6978
6979
6980
6981
6986
6987
6990
6991
6994
6995
6996
6998
7000
7001
7002
7003
7005
7006
7008
7009
7010
7011
7012
7013
7015
7016
7017
7019
7020
7021
7022
7024
7027
7028
7029
7030
7032
7033
7034
7035
7037
7038
7039
7040
7041
7045
7046
7047
7049
7050
7052
7053
7055
7057
7058
7059
7060
7064
7067
7068
7069
7070
7071
7072
7073
7074
7075
7076
7077
7078
7079
7082
7083
7085
7086
7087
7090
7091
7094
7095
7097
7098
7099
7100
7101
7103
7104
7106
7107
7108
7109
7110
7111
7112
7113
7114
7115
7116
7118
7119
7120
7121
7122
7124
7125
7126
7127
7128
7130
7131
7132
7134
7136
7137
7138
7140
7141
7142
7143
7144
7146
7148
7151
7152
7153
7154
7155
7157
7158
7159
7160
7161
7162
7164
7165
7166
7168
7169
7170
7171
7172
7173
7174
7175
7176
7177
7178
7179
7180
7181
7182
7183
7185
7186
7187
7188
7189
7191
7193
7194
7195
7197
7200
7201
7202
7203
7204
7205
7210
7211
7215
7218
7221
7222
7224
7226
7231
7232
7233
7234
7235
7239
7243
7244
7246
7248
7249
7250
7251
7252
7254
7255
7256
7258
7259
7260
7262
7263
7269
7271
7272
7273
7276
7277
7278
7279
7280
7284
7286
7287
7288
7290
7295
7296
7299
7300
7301
7302
7304
7308
7310
7313
7318
7321
7324
7329
7335
7336
7340
7342
7343
7344
7345
7346
7348
7349
7351
7353
7355
7356
7357
7358
7359
7361
7364
7365
7367
7368
7369
7370
7372
7373
7374
7375
7376
7380
7381
7382
7385
7387
7389
7390
7391
7394
7397
7399
7401
7403
7405
7410
7412
7418
7419
7420
7421
7422
7424
7425
7426
7432
7433
7434
7435
7436
7437
7439
7440
7444
7446
7450
7457
7459
7463
7464
7471
7475
7478
7480
7481
7488
7492
7494
7495
7500
7501
7504
7505
7508
7510
7511
7512
7513
7516
7522
7528
7529
7531
7532
7533
7535
7536
7537
7539
7540
7541
7543
7544
7545
7546
7547
7550
7551
7553
7556
7557
7560
7561
7562
7563
7565
7566
7568
7571
7572
7573
7575
7576
7577
7578
7580
7582
7583
7584
7585
7586
7589
7590
7591
7592
7595
7596
7598
7599
7600
7601
7602
7606
7607
7609
7611
7612
7613
7614
7615
7616
7619
7620
7621
7622
7623
7624
7626
7629
7631
7632
7633
7634
7635
7638
7641
7642
7643
7644
7645
7646
7649
7650
7651
7652
7653
7654
7655
7656
7657
7658
7659
7662
7667
7669
7670
7671
7672
7673
7674
7675
7676
7677
7678
7679
7680
7681
7682
7683
7685
7686
7687
7688
7690
7691
7692
7695
7696
7698
7699
7703
7704
7708
7709
7710
7711
7712
7714
7715
7716
7719
7720
7722
7725
7726
7728
7729
7730
7731
7734
7735
7736
7737
7738
7739
7740
7742
7743
7744
7746
7747
7749
7750
7751
7752
7753
7754
7755
7756
7758
7760
7761
7762
7763
7764
7765
7766
7767
7770
7771
7772
7773
7776
7777
7780
7781
7782
7783
7784
7785
7787
7788
7793
7794
7795
7797
7800
7801
7803
7804
7805
7806
7807
7808
7809
7810
7812
7816
7818
7819
7821
7822
7823
7824
7825
7828
7831
7833
7837
7841
7842
7844
7846
7847
7849
7851
7852
7853
7854
7855
7857
7859
7860
7861
7862
7863
7864
7865
7867
7868
7869
7870
7871
7872
7873
7874
7877
7878
7879
7881
7883
7884
7885
7886
7887
7888
7889
7890
7891
7892
7893
7894
7895
7898
7899
7900
7901
7902
7903
7905
7906
7907
7908
7909
7910
7911
7912
7913
7914
7917
7918
7919
7921
7922
7923
7924
7925
7926
7928
7929
7930
7931
7932
7933
7935
7936
7937
7938
7939
7940
7941
7942
7944
7946
7947
7948
7949
7950
7951
7952
7953
7954
7958
7959
7960
7962
7964
7965
7966
7968
7969
7971
7973
7974
7975
7977
7978
7979
7980
7982
7986
7987
7988
7989
7991
7992
7995
7996
7999
8000
8002
8003
8004
8005
8006
8009
8010
8049
8050
8052
8057
8058
8060
8061
8063
8064
8065
8071
8072
8074
8076
8078
8081
8082
8083
8084
8086
8088
8090
8091
8100
8101
8102
8103
8104
8105
8107
8108
8109
8110
8112
8114
8115
8117
8119
8120
8121
8122
8124
8126
8128
8129
8130
8131
8134
8137
8139
8140
8141
8143
8144
8145
8147
8150
8151
8154
8155
8156
8158
8161
8162
8165
8166
8167
8168
8169
8170
8172
8173
8175
8176
8179
8183
8184
8187
8188
8192
8196
8197
8198
8199
8201
8202
8204
8206
8207
8211
8212
8213
8214
8216
8217
8220
8221
8222
8223
8224
8225
8226
8227
8229
8230
8231
8232
8233
8234
8235
8236
8237
8239
8240
8241
8244
8245
8246
8248
8250
8252
8255
8256
8257
8258
8259
8260
8262
8263
8264
8265
8267
8270
8271
8273
8276
8279
8280
8283
8284
8285
8286
8287
8289
8291
8292
8293
8295
8296
8297
8298
8300
8302
8303
8304
8305
8306
8307
8308
8309
8310
8311
8312
8313
8314
8317
8318
8319
8320
8322
8323
8324
8325
8329
8330
8331
8333
8334
8336
8338
8339
8341
8342
8343
8347
8348
8349
8351
8353
8354
8355
8358
8359
8361
8363
8364
8366
8367
8370
8373
8374
8376
8377
8378
8382
8383
8388
8390
8392
8393
8394
8397
8400
8401
8402
8404
8405
8409
8411
8412
8416
8417
8418
8419
8420
8421
8422
8423
8424
8425
8426
8427
8428
8429
8434
8435
8437
8438
8440
8441
8442
8443
8445
8448
8454
8461
8462
8463
8464
8465
8467
8468
8561
8473
8474
8478
8482
8485
8489
8490
8491
8495
8499
8500
8501
8502
8504
8507
8509
8510
8512
8514
8517
8518
8520
8521
8522
8524
8527
8528
8529
8540
8541
8544
8545
8547
8548
8549
8551
8553
8555
8556
8560
8562
8563
8565
8567
8571
8576
8578
8579
8580
8584
8590
8594
8598
8600
8602
8603
8604
8607
8611
8615
8622
8625
8626
8633
8634
8636
8643
8650
8651
8652
8654
8656
8657
8659
8666
8671
8673
8676
8679
8680
8685
8686
8687
8688
8693
8694
8695
8704
8705
8710
8711
8712
8722
8723
8724
8726
8727
8730
8732
8733
8734
8735
8737
8738
8740
8741
8748
8750
8755
8757
8758
8761
8762
8768
8770
8773
8776
8778
8780
8781
8788
8790
8791
8792
8793
8794
8798
8799
8802
8804
8805
8807
8808
8809
8810
8812
8815
8816
8818
8819
8821
8823
8824
8826
8828
8831
8832
8833
8834
8838
8847
8850
8855
8862
8878
8884
8899
8908
8939
8979
8988
8990
8996
9000
9015
9017
9026
9029
9031
9035
9041
9042
9048
9059
9061
9069
9072
9079
9081
9082
9088
9090
9092
9098
9099
9101
9103
9104
9105
9107
9112
9119
9120
9122
9124
9127
9129
9131
9132
9134
9135
9137
9140
9145
9147
9148
9152
9161
9162
9164
9165
9169
9173
9174
9175
9176
9177
9181
9185
9186
9187
9194
9196
9197
9198
9200
9207
9211
9213
9215
9218
9219
9225
9228
9229
9231
9236
9247
9249
9253
9254
9256
9257
9259
9261
9262
9264
9267
9269
9271
9273
9277
9278
9281
9283
9284
9285
9287
9288
9295
9301
9304
9306
9309
9311
9317
9323
9324
9326
9328
9329
9333
9341
9343
9348
9351
9353
9354
9364
9368
9373
9374
9375
9376
9378
9379
9381
9382
9387
9388
9389
9390
9397
9402
9403
9407
9408
9409
9411
9413
9421
9423
9425
9427
9432
9433
9435
9437
9443
9450
9453
9455
9458
9459
9460
9463
9465
9466
9468
9469
9470
9474
9482
9483
9491
9494
9495
9496
9497
9498
9499
9503
9505
9509
9513
9514
9519
9522
9529
9530
9531
9533
9534
9537
9539
9541
9542
