0
1
13413
13137
13394
2
3
11
28
17
77
20
21
22
23
24
25
27
33
34
37
35
36
43
3169
44
473
1081
45
48
52
53
54
64
65
67
68
71
76
83
4162
91
84
702
95
6123
87
589
92
98
100
101
102
104
106
107
112
6321
299
2575
115
119
121
122
125
301
126
141
127
1953
371
130
138
139
142
144
4327
3241
8301
8527
2097
8370
147
148
149
155
160
161
164
171
175
176
178
179
180
181
189
183
184
185
1641
5946
190
193
194
5124
198
208
212
215
216
11436
7869
217
223
218
220
221
222
1827
232
233
6682
3598
238
240
242
889
243
245
246
247
248
253
255
256
258
259
260
262
268
269
272
274
5107
277
1839
2207
279
280
281
283
285
288
289
290
291
292
293
295
296
297
300
302
304
305
310
311
1214
315
317
321
322
323
324
325
330
335
338
345
349
353
354
361
363
368
373
375
378
384
386
2525
10295
392
393
394
396
397
400
402
407
408
410
411
412
2996
413
414
416
420
426
429
438
439
442
443
444
445
450
452
454
461
462
463
464
469
470
472
474
475
5937
10854
476
477
478
5168
480
486
494
496
504
506
508
511
512
513
514
518
519
521
523
526
3553
527
528
530
3562
3332
1934
532
534
1738
536
4312
539
541
542
543
546
548
549
550
551
552
557
559
560
562
564
565
567
569
570
572
578
579
580
582
584
585
587
588
590
595
597
598
599
600
601
603
605
606
607
608
610
611
612
2643
613
614
617
619
627
630
632
633
634
637
638
644
648
650
651
655
656
657
660
661
663
664
4664
4956
4650
667
669
670
704
2247
940
881
671
672
675
677
678
679
681
683
684
688
689
690
695
698
4737
2248
759
1305
4893
699
700
701
7945
709
710
712
714
715
731
716
718
722
724
1448
2011
727
729
730
6381
1287
732
733
734
735
737
743
745
746
809
748
749
750
752
753
754
756
7005
757
760
766
767
769
770
11713
1026
908
772
774
5869
775
776
777
11464
778
780
781
782
783
786
789
793
802
806
808
1280
810
812
813
9441
815
817
819
821
822
824
825
826
827
828
832
833
834
835
836
838
839
840
841
847
849
852
853
854
855
856
859
861
862
864
866
867
868
869
2889
1635
1356
871
872
874
876
877
879
880
3183
4972
885
888
895
894
3720
2271
896
898
899
900
3352
901
904
907
909
910
911
912
913
914
915
919
922
925
928
929
932
939
945
946
948
949
954
955
957
960
961
966
971
972
974
975
976
977
979
982
986
989
992
993
994
995
996
1006
997
1003
1004
1005
1009
1011
1012
1013
1015
1016
1019
1021
1023
1033
1035
1040
1044
1045
1046
1048
1050
1051
1052
1057
1059
1060
1062
1065
1068
1069
1072
1073
1074
1075
1076
1077
1220
1082
1351
1087
1089
1091
1093
1094
1095
1097
1098
1099
1102
1103
1928
1104
1109
3648
3017
2413
1112
1113
1114
1115
1116
1117
1118
1120
1121
1122
1123
1124
1125
1126
1128
1129
1132
1135
1136
1137
1138
1139
1140
1144
1145
1146
1147
1148
1149
1153
1155
1156
1157
1158
1160
1161
1163
1164
1166
1167
1168
1169
1170
1171
1173
1175
1176
1178
1179
2885
7507
1180
1183
1186
1190
1192
1195
1197
1198
1243
1201
1204
1205
1207
1213
1216
1219
1223
1225
1227
1228
1230
1231
1232
1233
1298
1239
1240
1241
1242
4219
1244
1253
1254
1256
1258
1259
1261
1263
1264
1266
1267
1268
1269
1271
1273
1274
1277
1281
1283
1286
4137
1288
1293
1295
1300
1301
1304
4413
1307
1308
1311
1314
1315
1316
1317
1318
4963
4966
5318
5004
5012
5023
1322
1324
1326
1328
1330
1333
1336
1337
1341
1342
1343
1344
1345
1346
1347
1348
1349
1350
1352
9063
1358
1361
1362
1364
1365
1369
1370
1428
1371
1372
1374
1376
1378
1379
1383
1384
1385
1388
1389
1391
1393
1453
1395
1396
1397
1398
1399
7703
1400
1401
1402
5653
1404
1405
1406
1408
1409
1410
1411
1412
1413
1414
1416
1423
1427
1429
1430
1431
1433
1434
1437
1438
1439
1442
1444
1445
1446
1447
1449
1450
1454
1456
1459
1460
1461
1462
1464
1465
1467
1468
1469
1471
1472
1479
1481
1482
9150
1487
1488
1492
1496
1497
1501
1503
1504
1505
1507
1509
1510
1511
1512
1513
1514
2098
1515
1518
1524
1529
1531
1535
1536
1537
1538
1539
1540
1541
1544
1547
1548
1553
1556
1559
1560
1562
1563
1564
1566
1568
1569
1572
1575
3765
1578
1579
1580
3786
1582
1585
1632
1595
1599
1601
6086
1604
1605
1606
1607
1609
1610
1611
1744
1620
1621
1622
1625
1626
1627
1629
1638
1639
1643
1644
1645
1648
1649
1653
1654
1655
1656
1658
1666
1669
1670
1672
1677
1680
1683
1684
1687
1688
1689
1699
1701
1702
1704
1708
1710
1711
1712
7618
1715
1717
1718
1719
1722
1723
1725
1727
1730
1733
1739
1740
1741
1743
1745
1746
1747
1756
1757
1758
1759
1767
1769
1770
1772
1774
1775
1778
1781
1782
1785
1786
1787
1788
1790
1791
1792
1793
1794
1796
1798
1800
1802
1808
1809
4177
3693
1810
1811
1991
1812
1813
1814
1816
1817
1818
1819
1821
1823
1824
12493
1830
1831
1834
1835
1838
2556
1842
1846
1847
1848
1849
1850
1852
1855
1856
1857
1859
1864
1867
1868
1869
1871
1872
1875
1877
1880
1883
1885
1887
1888
1889
1891
1893
1894
1895
1896
2062
1898
1902
1905
3134
1907
1909
1910
1911
1912
1913
1914
1915
1916
1917
1918
1919
1920
1921
1922
1924
1925
1927
1930
1931
1932
5814
4535
1939
1941
1945
1948
1952
1955
1956
1959
1963
1965
1972
1975
1976
1979
1980
1983
1984
1985
1993
1994
1995
5480
1997
1998
2002
2004
2008
2010
2012
2014
2015
3805
3979
6928
8059
4252
2018
2019
2020
2021
2022
2023
2028
2030
2033
2034
2035
2036
2037
5119
2040
2042
2044
2045
2046
2049
2050
2051
2054
2056
2057
2058
2059
2060
2061
2063
2065
2066
2067
2069
2071
2072
2073
2074
2075
2076
2078
2080
2081
2082
2083
2086
2087
2089
2091
2092
2093
2094
2095
2096
6479
3756
2100
2101
2463
2104
2105
2107
2113
2115
2116
2118
2122
2123
2128
2130
7018
2133
2134
2138
2140
2142
2144
2145
2147
2148
2149
2150
2151
8062
2154
2157
2158
2159
2162
2166
2168
2172
2174
2178
2179
2181
2183
2184
2187
3980
2189
2190
2191
2192
2198
2200
2206
2208
2209
2210
2213
2215
2217
2218
2219
2226
2229
2231
2232
2233
2234
2235
2239
2240
2241
2243
2244
2245
9230
2249
2250
2252
2255
2257
2258
2259
5179
2262
2267
2268
2269
2270
2274
2276
2278
2282
2286
2287
2291
2292
2295
2296
2299
2301
2303
2305
2309
2310
2311
2315
2323
2324
2325
2326
2968
2328
2330
2334
2335
2336
2338
2339
5646
2340
2342
2344
2346
2347
2350
2351
2352
2353
2355
2356
2357
2359
2360
2363
2364
2367
2368
2369
2370
2371
2376
2380
2381
2383
2384
2389
2390
2391
2392
2393
2394
2395
2397
2398
2400
2401
2408
2409
2415
2416
2417
2419
12955
2422
2424
2425
2426
2427
2428
2430
2431
2435
2438
2439
2440
2441
2442
2446
2447
2450
2452
2454
2458
2459
2460
4208
2464
2466
2469
2470
2472
2473
2474
2480
2483
2484
2485
2488
2493
2494
2496
2498
2500
7848
2502
2506
2511
2514
2515
2516
2518
3656
2521
2527
2531
2532
2534
2540
2541
5063
2542
2548
2549
2550
2552
5531
2553
2557
2565
2566
2571
2576
2586
2587
2589
2600
2603
2605
2606
7842
5739
4727
2613
2615
2616
5893
2619
2624
2625
2626
2627
2629
2634
2635
2636
2638
2639
2642
2645
2650
3025
2652
2653
2656
2657
2663
2664
2668
2680
2669
2673
2679
10456
10206
2682
2684
2687
2688
2689
7465
2693
2694
2695
2698
2703
2707
2708
2711
2714
2716
2723
2725
2729
4186
2731
2734
2739
2741
2742
2743
2744
2746
2749
2750
2754
2756
2758
2759
2761
2762
2764
2766
2767
2768
2769
2771
2774
2778
2782
2787
4349
2789
2792
2793
2795
2796
2799
2801
2804
2805
2810
2811
2812
2815
2819
2820
2822
2824
2825
2826
2827
2828
2831
2835
2836
2838
2843
2847
2848
2849
2854
2856
2857
2858
2859
2863
2864
2866
2869
2871
2873
2874
2875
2877
2879
2880
2883
2886
2891
2892
2893
2894
2895
2896
2898
2899
2900
6193
5045
6295
6232
6388
2902
2904
2905
11791
2906
2909
2912
2913
2914
2916
2917
2958
2920
2921
2922
2927
2928
2929
2932
2934
2935
2939
2941
2944
3559
2947
2948
3279
2952
2957
2960
2961
2962
2964
2969
2973
2976
2980
2982
2983
2986
2987
2989
2990
2991
2992
2993
2998
2999
3003
3007
3009
3011
3013
3016
3020
3022
3024
3027
3028
3033
3034
3037
3039
3040
3046
3049
3051
3052
3055
3056
3060
3064
3067
3069
3073
3074
3076
3081
3082
3084
3085
3087
3088
3095
3098
3102
3104
3105
3108
3109
3112
3113
3114
3121
3122
3125
3131
3137
3138
3140
3145
3146
3150
3153
3154
3155
3161
3162
3166
3778
3174
3178
3182
6982
3186
3187
3189
3190
3191
3192
3194
3198
3199
3201
3202
3203
3204
3205
3206
3207
3208
3210
3212
3213
3216
3219
3222
3225
3226
3233
3234
3237
3238
3243
3246
3248
3249
3251
3255
3256
3258
3259
3267
3268
3271
3272
3275
3278
3281
3284
3290
3291
3293
3296
3297
3298
3302
3305
3306
3307
3308
3309
3311
3315
3318
3319
3320
3322
3327
3328
3330
3854
3335
3336
3339
3341
3342
3343
3345
3348
5143
3349
3350
3351
3354
3355
3356
3357
3359
3361
3363
3366
3367
3368
3370
3407
3372
3373
3379
3380
3381
3384
3385
3387
3388
3389
3391
3394
3395
3396
3397
3398
3399
3404
3405
3406
3423
3590
3408
3409
3412
3415
3416
3419
3420
3422
3424
3425
3426
3428
3432
3434
3435
3437
3439
3440
3441
3444
3445
3446
3448
3449
3450
3451
3452
3455
3460
3462
3463
3464
3465
3466
3467
3468
3473
3474
3476
3477
3483
3484
3487
3488
3489
3490
3491
3492
3498
3493
3494
3497
3505
3507
3515
3517
3518
3519
3520
3522
3523
3524
3525
3533
3534
3535
3536
3537
3540
3544
3545
3546
3550
3551
3552
3555
3557
3558
3560
3566
3569
3570
3571
3573
3574
3580
3581
3583
3584
3585
3588
3589
3591
3592
3593
3595
3596
3825
3599
3601
3603
3607
3609
3610
3611
3614
3615
3616
3619
3621
3622
3625
3627
3628
3634
3638
3639
3640
5643
3642
3643
3644
3646
3647
3649
3655
3657
3658
3659
3662
3663
3664
3665
3669
3672
3677
3678
3680
3681
3682
3683
3684
3686
3701
3705
3706
3707
3708
3709
3711
3712
3713
3714
3721
3727
3728
3731
3737
3739
3742
3744
3745
3747
3748
3749
3750
3753
5730
3754
3757
3759
3766
3767
3768
3769
3771
3772
3773
3776
3780
3783
3785
3787
3791
3792
3793
3797
3801
3802
3803
3804
3806
3807
3809
3810
3812
3813
3816
3818
3819
3821
3822
3824
3826
3827
3828
3829
3830
3833
3834
3835
3838
3840
3842
3843
3844
3853
3855
3856
3858
3861
3864
3866
3867
3868
3870
3872
3873
3879
3880
3881
3882
3884
3885
3887
3890
3891
3892
3893
3895
3896
3897
3898
3899
3902
3904
3907
3912
3914
3915
4975
3917
3919
3921
3923
3926
3929
3930
3932
3934
3936
3939
3944
3945
3947
3956
3957
3959
3965
3966
3967
3968
11075
6293
3972
3973
3974
3975
3978
3982
3983
3985
3997
4005
4007
4010
4015
4016
4019
4020
4021
4100
4022
4024
4025
4028
4030
4031
4032
4034
4035
4038
4039
4040
4041
4044
4047
4048
4049
4051
4054
4055
4056
4057
4061
11244
4062
4688
4064
4065
4066
4067
4069
4070
4073
4074
4075
4076
4077
4079
4085
4089
4091
4093
4094
4097
4098
4099
4103
4105
4106
4109
4119
4120
4122
4125
4126
4127
4128
4129
4131
4133
4134
4136
4138
4140
4143
4144
4145
4147
4148
4150
4151
4152
4156
4157
4158
4159
4161
4163
4164
4165
4167
4168
4169
4170
4173
4174
4176
4180
4181
4182
4183
4184
4188
4190
4192
4193
4194
4196
4197
4198
4199
4201
4204
4206
4209
4210
4211
4212
4213
4214
4216
4217
4222
4223
4226
4230
4232
4234
4239
4240
4243
4244
4245
4246
4247
4250
4253
4254
4256
4258
4261
4263
4266
4268
4269
4270
4272
4275
4276
4278
4279
4281
4282
4283
4284
4287
4289
4290
5595
5517
4292
4294
4299
4300
4303
4304
4305
4306
4308
4309
4310
4311
4448
4313
4314
4315
4316
4319
4320
4321
4322
4323
4324
4326
4329
4330
4331
4333
4335
4336
4340
4343
4347
4350
4351
4357
4358
4363
4366
4367
4368
4369
9681
4371
4372
4374
4381
4382
4384
4386
4388
4389
4390
4391
4392
4393
4397
4398
4400
4402
4404
4405
4407
4410
4411
4420
4423
4425
4428
7448
4430
4432
4437
4438
4439
4440
4441
4442
4443
4444
4446
4447
4451
4453
4454
4457
4460
4775
4462
4463
4464
4465
4466
4467
4470
4471
4482
4483
4484
4486
4487
4491
4492
4494
4496
4499
4500
4502
4504
4506
4507
4508
4509
4512
4515
6361
4516
4518
4522
5256
4524
4530
4532
4533
4537
4538
4540
4541
4543
4544
4547
4548
4554
4555
4557
9203
4558
4559
4561
4564
4566
4569
4574
4575
4576
4578
4579
4581
4583
4585
4586
4587
4588
4589
4590
4595
4596
4602
4603
4606
4608
4614
4615
4622
4623
4627
4631
4632
4633
4636
4640
4643
4647
4987
4663
4669
4670
4674
4677
4680
4682
4690
4692
4694
4695
4698
4701
4705
4706
4709
4710
4712
4713
4714
4720
4722
4723
4724
4756
4726
4728
4729
4730
4733
4734
4736
4738
4739
4741
4743
4745
4750
4752
4757
4761
4763
4767
11011
5606
11030
4772
4776
4779
4781
4785
4790
4791
4796
4797
4799
4804
4806
4807
4813
4814
4815
4816
4818
4820
5859
4821
4822
4825
4827
4828
4833
4834
4836
4837
4839
4846
4847
4848
4851
4856
4860
5005
4864
4866
4867
4868
4869
4870
4880
4883
4885
4889
4890
4891
4895
4896
4899
4901
4903
5052
4906
4907
4909
4911
4915
4917
4920
4921
4922
4923
4924
4926
4927
4928
4929
4931
4933
4934
4935
4938
4939
4942
4944
4947
4948
4949
4950
4952
4957
4961
4962
4967
4968
4970
4971
4974
4976
4979
4980
5104
5075
4981
4982
4983
4984
4985
4986
5196
4988
4989
4990
4991
4993
4994
4997
4998
4999
5002
5003
5006
5007
5008
5010
5013
5014
5016
5018
5019
5020
5022
5024
5025
5028
5029
5030
5031
5032
5033
5034
5035
5036
5038
5040
5041
5042
5044
5046
5047
5048
5049
5050
5051
5053
5054
5055
5056
5057
5059
5060
5061
5062
5064
5065
5068
5070
5074
5076
5079
5081
5082
5084
5085
5086
5087
5088
5090
5092
5093
5094
5096
5097
5102
5103
5105
5106
5110
5112
5115
5116
5117
5118
5120
5121
5122
5154
5178
12102
5259
12258
5293
5235
5173
5240
5267
5245
5125
5127
5128
5129
5130
5131
5132
5133
5134
5135
5137
5138
5141
5142
6257
5193
5144
5145
5146
5149
5150
5152
5153
5157
5160
5162
5554
5163
5165
5166
5167
5169
5170
5172
5237
5174
5175
5176
5177
5180
5181
5182
5322
5183
5184
5186
5187
5188
5189
5190
5191
5192
5195
5197
5200
5202
5207
5209
5211
5212
5215
5217
5218
5222
5223
5226
5227
5228
5230
5231
5232
5233
5234
5236
5238
5241
5243
5246
5247
5251
5252
5253
5255
5257
5260
5261
5262
5354
5269
5271
5275
5277
5278
5279
5280
5281
5282
5285
5287
5290
5292
5295
5296
5300
5303
5304
5305
5307
5309
5310
5313
5314
5319
5321
5323
5324
5325
5327
5328
5331
5332
5333
5334
5335
5336
5338
5339
5340
5342
5345
5346
5347
5348
5349
5350
11992
5351
5352
5355
5356
5357
5358
5359
5361
5362
5363
5366
5367
5368
5369
5371
5372
5377
5378
5379
5381
5384
5385
5386
5388
5389
5392
5393
5396
5397
5405
5407
5410
5413
5416
5417
5418
5419
5421
5422
5452
5423
5427
5429
5430
5434
5437
5442
5444
5446
5447
5451
5455
5459
5463
5465
5466
5467
5468
5469
5470
5471
5472
5477
5478
5481
5484
5486
5487
5489
5491
5492
5494
5495
5497
5498
5500
12460
12502
5501
5503
5505
5514
5515
5516
5518
5522
5525
5529
5530
5532
5535
5536
5538
5540
5542
5543
5544
5546
5547
5549
5552
5553
5557
5559
5560
5561
5562
5564
5566
5570
5571
5574
5576
5579
5583
5584
5585
5586
5587
5588
5589
5591
5593
5598
5599
5600
5601
5602
5603
5605
5607
5608
5610
5611
5613
5616
5618
5620
5621
5623
5624
5628
5630
5631
5632
5638
5642
5647
5652
5656
5662
5667
5670
5673
11209
5675
5677
5681
5682
5683
5685
5686
5688
5689
5690
5691
5692
5695
5698
5699
5701
5702
5703
5704
5705
5706
5709
5710
5712
5713
5716
5717
5718
5719
5720
5721
5722
5723
5727
5729
5731
5732
5733
5734
5735
5745
5746
5748
5749
5753
5754
5756
5758
5761
5762
5764
5767
5768
5771
5775
5777
5778
5779
5780
5781
5782
5783
5784
5785
5786
5788
5790
5794
5797
5799
5800
5804
5805
5808
5811
5812
5813
5816
5830
5831
5832
5834
5836
5838
5840
5841
5842
5843
5844
5845
5849
5850
5851
5852
5853
5854
5857
5858
5861
5862
5863
5864
5865
5870
5871
5873
5875
5876
5877
5880
5886
5887
5890
5891
5892
5894
5895
5898
5904
5905
5906
5908
5913
5916
5919
5920
5922
5926
5931
7013
5932
8580
5940
5942
5943
5945
5948
5952
5953
5954
5955
5956
5957
5962
5963
5964
5966
5967
5968
5973
5974
12061
5976
5977
5978
5979
5981
5982
5983
5984
5985
5989
5992
5993
5997
11673
5998
5999
6000
6001
6002
6005
6006
6008
6009
6010
6012
6014
6016
6018
6022
6023
6024
7163
6026
6027
6028
6029
6031
6032
6034
6035
6038
6039
6040
6041
6042
6043
6044
6045
6047
6049
6050
6054
6057
6058
6059
6063
6064
9018
6066
6067
6068
6070
6071
6075
6076
6077
6080
6081
6089
6090
6091
6092
6094
6096
6099
6100
6101
6106
6114
6117
6119
6121
6122
6124
6125
6128
6134
6139
6140
6141
6142
6144
6146
6149
6150
6152
6155
6156
6159
6162
6164
6165
6169
6170
6173
6175
6176
6177
6178
6179
6180
6181
6184
6186
6188
6194
6196
6197
6198
6199
6202
6203
6204
6205
6206
6207
6208
6209
6211
6212
6213
6214
6216
6218
6219
6221
6223
6224
6457
6225
6227
6229
6230
6231
6234
6235
6236
6237
6238
6239
6242
6243
6244
6246
6247
6249
6250
6251
6252
6253
6256
6259
6260
6262
6263
6265
6266
6267
6269
6270
6271
6272
6273
6275
6276
6277
6278
6279
6280
6281
6282
6283
6285
6286
6287
6288
6290
6291
6292
6294
6296
6297
6298
6299
6300
6302
6304
6305
6306
6307
6309
6310
6313
6315
6316
6317
6318
6319
11773
6320
6323
6324
6325
6326
6328
6329
6330
6332
6333
6335
6337
6339
6342
6344
6347
6730
6349
6350
6351
6352
6354
6355
6356
6357
6358
6360
6774
6363
6364
6366
6367
6369
6372
6373
6375
6377
6378
6379
6380
6382
6383
6384
6385
6391
6392
6393
6394
6395
6396
6397
6400
6402
6404
6408
6409
6414
6415
6416
6417
6419
6420
6422
6423
6425
6426
6427
6428
6432
6433
6435
6436
6437
6438
6441
6442
6446
6447
6451
6455
6456
6458
6459
6461
6462
6464
6466
6467
6468
6470
6475
6476
6481
6483
6485
6487
6488
6493
6494
6499
6500
6501
6502
6503
6504
6505
6506
6507
6508
6510
6514
6515
6521
6523
6524
6525
6529
6530
6531
6533
6534
6537
6538
6540
6541
6542
6543
6544
6545
6547
6548
6551
6552
6554
6555
6557
6558
6559
6560
6561
6566
6567
6568
6569
6653
6570
6575
6576
6577
6578
6579
6584
6585
6587
6588
6589
6591
6593
6594
6595
6597
6598
6599
6601
6603
6604
6606
6610
6611
6612
6613
6617
6618
6619
6620
6622
6624
6629
6631
6632
6634
6635
6636
6639
6640
6641
6642
6645
6650
6654
6660
6662
6663
6664
6668
6670
6673
6676
6677
6680
6681
6683
6686
6687
6689
6693
6696
6697
6699
6703
6714
6715
6716
6719
6721
6723
6724
6725
6726
6728
6729
6731
6733
6736
6740
6742
6746
6747
6749
10005
6750
6751
6757
6759
6761
6763
6776
6777
6779
6780
6783
6789
6790
6794
6795
6796
6798
6800
6803
6805
6809
6810
6811
6812
6813
6814
6815
6820
6822
6826
6829
6830
6832
6835
6838
6840
6844
6849
6850
6860
6862
6866
6867
6872
6876
6879
6881
6888
6892
6893
6898
6901
6905
6907
6912
6913
6916
6917
6923
6924
6927
6934
6936
6941
6943
6945
6947
6948
6949
6955
6958
6960
6961
6962
6963
6967
6968
7022
6970
6971
6973
6977
6983
6985
6988
6991
6996
6997
7000
7001
7002
7007
7010
7011
7014
7016
7017
7019
7021
7023
7024
7025
7026
7027
7028
7029
7034
7037
7039
7040
7043
7045
7046
7047
7048
7049
7051
7052
7055
7058
7059
7060
8480
7061
7064
7065
7066
7067
7068
7069
7070
7071
7073
7075
7076
7077
7080
7081
7083
7084
7086
7088
7090
7093
7094
7097
7098
7099
7101
7102
7103
7106
7107
7108
7111
7112
7113
7114
7115
7116
7117
7118
7119
7121
7122
7124
7125
7127
7128
7131
7133
7134
7135
7136
7140
7142
7145
7146
7147
7148
7152
7155
7156
7157
7158
7270
7159
7161
7162
7164
7166
7170
7171
7172
7173
7174
7175
7177
7178
7180
7182
7184
7187
12154
7188
7190
7191
7193
7194
7198
7205
7206
7208
7209
7210
7213
7214
7217
7219
7221
7224
7225
7227
7228
7234
7237
7240
7242
7243
7244
9100
7252
7255
7258
7259
7260
7261
7262
7264
7269
7272
7273
7274
7275
7277
7278
7281
7282
7283
7285
7287
7290
7294
7297
7298
7302
7303
7304
7308
7310
7846
7318
7322
7323
7324
7331
7332
7333
7336
7338
7341
7343
7346
7347
7351
7357
7365
7366
7368
7372
7373
7389
7376
7377
7378
7379
7381
7382
7386
7388
7390
7397
7398
7403
7405
7406
7407
7418
7422
7423
7425
7428
7436
7437
7438
7439
7442
7444
7447
10941
7450
7457
7461
9176
7466
7469
7470
7471
7473
7475
7479
7480
7483
7484
7486
7487
7489
7490
7492
7501
7503
7504
7506
9028
7515
7516
7518
7519
7520
7521
7524
7528
7532
7534
7536
7541
7542
7543
7544
7548
7550
7551
7552
7554
7555
7565
7566
7571
7572
7575
7577
7578
7582
8900
7611
7614
7623
7625
7627
7629
7630
7631
7635
7639
7640
7642
7646
7655
7657
7659
7663
7673
7674
7676
7680
7681
7686
7690
7692
7693
7696
7697
7699
7700
7701
7704
7705
7712
7713
7714
7715
7723
7724
7726
7728
7731
7733
7736
7740
7741
7744
7745
7747
7749
7751
7754
7755
7756
7757
7758
7760
7771
7772
7779
7781
12415
7783
7786
7787
7788
7789
7790
7791
7793
7796
7803
7805
7807
7810
7811
7814
7816
7817
7820
7822
7823
7825
7826
7833
7839
7844
7855
7860
7864
7865
7867
7872
7878
7880
7885
7888
7894
7895
7896
7898
7900
7909
7916
8937
7917
7930
7939
7944
7948
7952
7953
7959
7961
7964
7965
7967
7970
7972
7973
7975
7979
7987
8004
8006
8011
8014
8018
8019
8024
8025
8031
8033
8034
8038
8053
8489
8054
8056
8058
8061
8068
8072
8074
8076
8080
8091
8095
8096
8105
8111
8114
8120
8121
8122
8124
8127
8130
8132
8133
8136
8137
8138
8139
8146
8151
8154
8156
8157
8159
8165
8170
8174
8175
8181
8185
8189
8190
8192
8193
8195
8200
8201
8208
8210
8213
8216
8221
8224
8228
8235
8236
8240
8241
8247
8253
8254
8255
8256
8258
8260
8264
8266
8268
8270
8272
8274
8276
8278
8280
8282
8284
8287
8288
8289
8291
8294
8299
8300
8302
8306
8307
8309
8310
8312
8313
8316
8317
8318
8319
8320
8322
8326
8329
8331
8332
8333
8337
8340
8342
8343
8344
8350
8351
8353
8355
8356
8360
8362
8366
8367
8371
8382
8388
8389
8391
8392
8394
8395
8396
8398
8399
8400
8401
8403
8405
8409
8415
8418
8421
8425
8428
8429
8432
8433
8435
8436
8441
8443
8445
8447
8448
8449
8450
8451
8453
8454
8455
8456
8457
8459
8460
8462
8465
8466
8470
8471
8472
8473
8475
8476
8477
8478
8482
8484
8486
8487
8488
8492
8494
8497
8505
8507
8508
8509
8511
8514
8516
8517
8518
10204
8519
8520
8522
8523
8529
8530
8531
8533
8535
8536
8539
8542
8547
8550
8551
8552
8553
8555
8560
8561
8562
8563
8569
8571
8572
8573
8574
8575
8576
8577
8583
8584
8586
8588
8589
8590
8591
8594
8595
8596
8598
8599
8601
8602
8603
8605
8608
8611
8613
8617
8618
8620
8621
8625
8628
8630
8636
8638
8640
8641
8643
8644
8646
8650
8653
8654
8655
8656
8657
8658
8660
8661
8666
8669
8670
8672
8673
8674
8675
8678
8680
8687
8690
8691
8692
8696
8698
8699
8700
8701
8702
8703
8704
8707
8709
8710
8715
8716
8717
8719
8720
8724
8725
8726
8728
8730
8731
8732
8733
8736
8739
8740
8743
8747
8748
8749
8750
8753
8757
8762
8763
8767
8770
8771
8775
8776
8778
8779
8796
8797
8799
8802
8804
8805
8806
8809
8816
8817
8819
8820
8823
8826
8827
8835
8836
8838
8840
8841
8857
8858
8861
8862
8863
8864
8868
8874
8879
8881
8887
8891
8893
8894
8901
8903
8904
8905
8909
8910
8915
8916
8919
8925
8930
8932
8939
8940
8941
9930
8942
8949
8950
8951
8956
8962
8963
8964
8965
8967
8968
8969
8970
8971
8972
8974
8975
8980
8981
8983
8988
8990
8991
8992
8993
8994
8998
9000
9003
9007
9016
9021
9026
9029
9030
9031
9032
9033
9039
9044
9046
9047
9048
9049
9055
12521
12377
9068
9077
9078
9085
9088
9093
9094
9097
9098
9099
9105
9112
9115
9125
9126
9129
9132
9133
9134
9139
9140
9143
9148
9152
9154
9155
9156
9157
9163
9167
9169
9171
9172
9175
9180
9183
9185
9186
9189
9190
9194
9196
9197
9201
9204
9208
9209
9212
9218
9220
9229
9232
9233
9234
9241
9242
9244
9246
9249
9253
9254
9255
9256
9257
9260
9264
9265
9270
9276
9284
9288
9290
9291
9292
9293
9295
9296
9300
9303
9305
9306
9308
9309
9312
9314
9317
9318
9322
9323
9324
9325
9327
9331
9335
9338
9339
9343
9344
9353
9354
9361
9363
9364
9365
9370
9371
9374
9381
9386
9387
9388
9389
9391
9395
9397
9399
9401
9403
9404
9405
9406
9407
9408
9409
9412
9413
9414
9415
9416
9417
9418
9419
9420
9421
9422
9423
9424
9425
9426
9428
9429
9430
9432
9434
9435
9437
9438
9439
9440
9442
9443
9444
9445
9447
9448
9449
9450
9451
9452
9454
9456
9458
9459
9460
9463
9464
9466
9467
9468
9470
9471
9472
9473
9476
9478
9480
9481
9482
9484
9485
9486
9487
9488
9489
9492
9493
9494
9495
9497
9498
9501
9502
9503
9504
9506
9507
9508
9509
9510
9511
9513
9514
9516
9518
9522
9524
9525
9527
9528
9529
9533
9534
9535
9537
9538
9541
9542
9543
9544
9545
9546
9547
9548
9549
9550
9551
10840
9552
9554
9557
9558
9560
9563
9564
9565
9567
9568
9570
9572
9573
9575
9576
9577
9579
9585
9587
9588
9591
9594
9595
9596
9598
9603
9607
9609
9610
9611
9613
9614
9616
9617
9618
9619
9620
9621
9622
9623
9624
9625
9626
9627
9628
9630
9631
9632
9634
9635
9636
9637
9638
9640
9641
9643
9644
9645
9646
9649
9650
9651
9652
9653
9655
9659
9660
10413
9662
9663
9664
9665
9666
9667
9670
9672
9673
9674
9678
9679
9680
9684
9685
9687
9688
9690
9691
9692
9694
9695
9696
9699
9702
9703
9705
9706
9707
9708
9712
9713
9714
9718
9719
9720
9722
9726
9727
9728
9729
9731
9732
9733
9734
9736
9737
9738
9739
9740
9749
9750
9752
9755
9770
9772
9773
9774
9775
9778
9782
9783
9785
9786
9790
9791
9793
9794
9798
9799
9800
9801
9803
9805
9808
9811
9813
9814
9816
9817
9819
9820
9822
9823
9827
9828
9829
9830
9832
9833
9835
9837
9840
9842
9844
9847
9848
9849
9851
9852
9857
9858
9861
9862
9866
9867
9871
9872
9873
9875
9876
9877
9879
9881
9882
9884
9885
9887
9888
9889
9891
9892
9893
9896
9897
9902
9903
9904
9905
9908
9909
9910
9912
9916
9917
9920
9921
9922
9927
9929
9931
9932
9933
9937
9938
9939
9942
9945
9947
9950
9952
9953
9954
9957
9961
9963
9964
9968
9969
9972
9975
9977
9978
9979
9980
9981
9983
9984
9985
9986
9988
9991
9992
9994
9997
9999
10000
10003
10004
10007
10010
10011
10014
10015
10016
10018
10019
10021
10022
10023
10024
10026
10027
10029
10030
10031
10036
10037
10042
10044
10046
10047
10048
10051
10055
10058
10061
10066
10068
10069
10074
10075
10077
10078
10079
10080
10081
10082
10087
10088
10089
10093
10095
10098
10099
10100
10101
10103
10104
10109
10112
10114
10120
10122
10123
10124
10126
10127
10128
10129
10130
10131
10134
10140
10141
10144
10146
10147
10148
10149
10153
10159
10160
10163
10165
10167
10168
10170
10171
10172
10175
10176
10177
10178
10179
10180
10183
10187
10188
10190
10191
10193
10197
10198
10207
10209
10210
10211
10212
10213
10214
10220
10221
10222
10226
10227
10230
10233
10234
10237
10242
10244
10247
10249
10250
10251
10252
10253
10254
10255
10257
10259
10261
10263
10264
10265
10267
10269
10272
10273
10277
10278
10279
10280
10282
10283
10284
10285
10286
10289
10290
10291
10292
10293
10294
10296
10299
10300
10301
10304
10305
10306
10307
10309
10310
10311
10312
10313
10315
10316
10317
10318
10321
10322
10323
10324
10326
10327
10329
10330
10331
10332
10336
10337
10338
10339
10340
10343
10344
10345
10347
10348
10349
10351
10352
10353
10354
10355
10357
10358
10359
10360
10361
10362
10364
10365
10366
10368
10369
10370
10371
10372
10373
10375
10376
10377
10379
10380
10381
10382
10383
10384
10385
10386
10387
10388
10390
10392
10393
10394
10397
10398
10399
10400
10401
10403
10405
10406
10407
10410
10411
10412
10415
10416
10419
10420
10421
10422
10425
10426
10427
10428
10429
10430
10431
10432
10433
10434
10436
10437
10438
10439
10440
10441
10442
10443
10444
10445
10446
10448
10451
10452
10453
10455
10457
10458
10459
10460
10461
10462
10463
10464
10467
10469
10470
10473
10474
10475
10476
10477
10478
10479
10480
10481
10482
10483
10484
10485
10486
10488
10489
10490
10493
10494
10496
10498
10500
10501
10502
10504
10506
10507
10508
10510
10512
10513
10514
10515
10516
10517
10518
10519
10520
10521
10522
10523
10525
10526
10528
10533
10535
10536
10537
10538
10540
10542
10543
10546
10548
10549
10550
10551
10553
10554
10555
10556
10557
10558
10559
10560
10562
10563
10564
10566
10567
10568
10569
10570
10572
10574
10576
10578
10579
10580
10581
10582
10584
10585
10586
10587
10590
10591
10592
10593
10595
10596
10597
10599
10601
10602
10603
10606
10607
10608
10609
10610
10611
10612
10613
10614
10615
10616
10617
10618
10619
10620
10621
10623
10624
10625
10626
10627
10628
10634
10635
10637
10638
10639
10641
10642
10644
10645
10646
10647
10648
10650
10652
10653
10655
10656
10657
10660
10661
10663
10664
10665
10666
10667
10670
10672
10673
10675
10676
10681
10682
10686
10687
10688
10690
10691
10692
10693
10694
10696
10697
10698
10700
10701
10702
10703
10704
10705
10708
10710
10713
10716
10717
10718
10719
10722
10723
10725
10726
10729
10731
10732
10735
10736
10737
10738
10739
10741
10744
10745
10746
10747
10748
10750
10751
10754
10756
10757
10759
10761
10762
10763
10765
10767
10768
10771
10772
10773
10775
10776
10777
10778
10779
10780
10781
10782
10784
10787
10788
10789
10791
10793
10795
10796
10797
10798
10800
10801
10802
10805
10806
10807
10809
10814
10815
10816
10817
10818
10821
10822
10823
10825
10827
10829
10830
10831
10832
10836
10837
10838
10839
10841
10842
10846
10850
10852
10853
10855
10856
10857
10860
10861
10862
10864
10865
10866
10867
10870
10871
10872
10874
10875
10876
10877
10878
10879
10880
10881
10882
10883
10884
10885
10888
10889
10890
10891
10892
10893
10894
10896
10897
10899
10901
10902
10903
10904
10908
10910
10911
10913
10916
10918
10920
10921
10922
10924
10925
10927
10930
10931
10932
10935
10936
10938
10943
10944
10945
10947
10949
10950
10954
10955
10956
10957
10958
10959
10961
10962
10964
10965
10967
10968
10969
10970
10971
10974
10976
10978
10979
10980
10982
10983
10985
10986
10987
10988
10990
10991
10992
10993
10994
10995
10996
10998
10999
11000
11002
11003
11004
11007
11008
11009
11012
11013
11016
11017
11018
11019
11021
11022
11023
11025
11027
11028
11029
11033
11034
11036
11037
11038
11039
11040
11043
11045
11046
11049
11050
11051
11053
11064
11054
11055
11056
11067
11057
11058
11060
11061
11062
11063
11065
11069
11071
11072
11074
11076
11077
11078
11079
11080
11081
11082
11083
11085
11086
11087
11089
11090
11091
11092
11093
11095
11096
11097
11100
11103
11106
11107
11108
11112
11114
11115
11117
11119
11121
11122
11123
11124
11126
11127
11128
11130
11131
11133
11135
11136
11137
11138
11140
11142
11144
11145
11146
11147
11148
11149
11151
11152
11153
11156
11158
11159
11160
11162
11163
11164
11165
11166
11167
11169
11170
11171
11172
11173
11177
11181
11183
11184
11185
11186
11187
11189
11190
11195
11196
11198
11199
11200
11201
11202
11204
11205
11207
11208
11210
11212
11214
11215
11217
11218
11220
11223
11225
11227
11231
11232
11233
11234
11235
11237
11238
11241
11245
11248
11250
11251
11252
11254
11259
11261
11264
11265
11271
11272
11273
11276
11277
11278
11281
11283
11284
11286
11287
11289
11290
11292
11293
11295
11297
11301
11303
11304
11307
11314
11315
11316
11318
11319
11320
11323
11324
11325
11326
11329
11330
11331
11335
11337
11341
11343
11345
11346
11349
11351
11353
11354
11357
11360
11361
11362
11363
11364
11365
11366
11368
11370
11371
11374
11376
11378
11380
11381
11382
11383
11385
11388
11389
11391
11394
11395
11397
11400
11403
11405
11407
11412
11413
11419
11421
11422
11427
11429
11434
11438
11439
11441
11445
11455
11456
11457
11460
11462
11463
11985
11466
11469
11471
11479
11480
11482
11485
11487
11488
11492
11494
11497
11499
11501
11505
11506
11508
11510
11512
11513
11514
11521
11523
11525
11528
11530
11531
11532
11533
11535
11536
11540
11544
11545
11549
11558
11559
11562
11564
11570
11571
11576
11577
11580
11582
11585
11586
11587
11588
11593
11602
11603
11604
11605
11623
11628
11634
11635
11636
11640
11641
11642
11646
11647
11648
11649
11651
11652
11658
11659
11660
11661
11663
11664
11665
11666
11667
11669
11670
11671
11672
11675
11677
11678
11680
11681
11688
11692
11693
11697
11701
11702
11704
11705
11708
11709
11710
11712
11714
11715
11716
11717
11718
11719
11722
11723
11725
11726
11727
11732
11733
11734
11735
11738
11739
11740
11741
11744
11745
11746
11748
11751
11752
11753
11755
11757
11758
11762
11765
11767
11768
11770
11772
11776
11777
11778
11779
11781
11790
11794
11795
11797
11800
11803
11810
11812
11813
11814
11815
11817
11818
11820
11821
11826
11829
11830
11833
11835
11836
11839
11840
11847
11848
11849
11851
11852
11853
11854
11857
11858
11862
11863
11865
11867
11868
11872
11875
11876
11877
11878
11880
11881
11882
11883
11884
11886
11887
11889
11892
11894
11895
11901
11902
11903
11904
11905
11906
11908
11909
11910
11917
11920
11922
11923
11925
11926
11927
11928
11930
11932
11933
11934
11935
11937
11939
11941
11945
11947
11948
11951
11953
11955
11957
11959
11960
11962
11963
11964
11965
11968
11970
11971
11972
11976
11978
11980
11982
11984
11987
11988
11990
11994
11995
11996
11998
11999
12000
12004
12006
12007
12008
12010
12011
12016
12017
12018
12019
12020
12022
12023
12024
12025
12026
12027
12029
12030
12033
12034
12036
12037
12040
12042
12043
12044
12045
12048
12049
12052
12053
12054
12058
12062
12063
12064
12066
12067
12068
12071
12072
12074
12078
12080
12081
12085
12088
12089
12090
12091
12092
12095
12097
12098
12100
12101
12103
12104
12107
12108
12109
12110
12111
12113
12114
12115
12118
12120
12121
12127
12131
12132
12134
12135
12141
12142
12146
12148
12150
12151
12152
12153
12156
12157
12160
12161
12162
12163
12164
12165
12168
12169
12170
12174
12175
12178
12179
12182
12183
12184
12186
12187
12188
12190
12191
12193
12196
12198
12199
12200
12201
12202
12204
12205
12206
12209
12211
12212
12213
12216
12217
12220
12221
12222
12224
12226
12227
12229
12230
12232
12234
12235
12237
12238
12240
12241
12242
12243
12245
12246
12247
12248
12249
12250
12251
12253
12254
12259
12260
12261
12262
12263
12264
12268
12269
12272
12273
12276
12280
12282
12285
12286
12288
12290
12291
12293
12295
12297
12298
12299
12300
12302
12305
12306
12307
12314
12315
12316
12319
12320
12321
12322
12323
12324
12325
12326
12327
12329
12331
12332
12333
12335
12336
12340
12341
12343
12345
12346
12347
12350
12351
12354
12355
12357
12358
12359
12360
12361
12362
12364
12369
12371
12374
12378
12380
12381
12382
12384
12385
12387
12391
12392
12393
12394
12395
12398
12399
12402
12403
12404
12406
12408
12411
12412
12414
12416
12417
12418
12419
12421
12422
12424
12425
12427
12428
12429
12431
12432
12433
12434
12436
12437
12438
12440
12441
12442
12444
12445
12447
12448
12453
12454
12455
12461
12463
12464
12465
12467
12468
12469
12470
12471
12472
12473
12474
12475
12477
12480
12481
12482
12483
12485
12489
12490
12491
12492
12497
12499
12501
12504
12505
12506
12507
12510
12512
12513
12517
12518
12519
12520
12522
12523
12524
12525
12526
12527
12528
12529
12530
12532
12533
12534
12535
12536
12537
12538
12539
12540
12541
12542
12544
12545
12546
12547
12548
12549
12550
12551
12552
12554
12555
12556
12557
12558
12559
12560
12561
12562
12563
12564
12565
12567
12568
12569
12570
12571
12573
12575
12576
12577
12578
12579
12581
12582
12583
12584
12585
12586
12587
12588
12589
12590
12591
12592
12593
12594
12595
12596
12597
12598
12599
12600
12602
12603
12604
12605
12607
12608
12610
12616
12617
12618
12621
12623
12625
12627
12629
12630
12631
12633
12634
12636
12637
12638
12645
12646
12647
12648
12649
12650
12651
12654
12655
12656
12657
12662
12664
12666
12671
12672
12673
12676
12678
12681
12682
12683
12686
12687
12692
12694
12696
12697
12699
12704
12705
12707
12708
12713
12714
12717
12719
12723
12724
12725
12731
12734
12736
12737
12740
12741
12742
12745
12746
12748
12749
12751
12755
12756
12757
12758
12759
13100
12780
12787
12791
12803
12805
12807
12810
12812
12814
12825
12833
12834
12840
12849
12852
12860
12863
12864
12867
12881
12883
12884
12888
12889
12893
12896
12900
12902
12910
12920
12927
12929
12930
12934
12937
12938
12945
12947
12950
12952
12956
12958
12965
12970
12971
12978
12984
12989
12998
13002
13007
13009
13015
13020
13040
13045
13047
13054
13058
13060
13062
13064
13065
13073
13078
13081
13083
13086
13088
13091
13094
13095
13097
13101
13102
13103
13104
13105
13108
13110
13113
13114
13123
13124
13126
13128
13130
13132
13133
13134
13135
13136
13138
13143
13144
13145
13146
13147
13148
13149
13150
13151
13154
13155
13156
13158
13161
13162
13165
13167
13169
13170
13172
13177
13179
13182
13184
13185
13188
13190
13193
13194
13197
13198
13200
13209
13214
13217
13224
13225
13227
13232
13236
13246
13247
13249
13254
13256
13258
13259
13262
13272
13273
13275
13283
13290
13291
13293
13296
13298
13300
13310
13311
13312
13316
13321
13322
13326
13329
13330
13332
13333
13334
13336
13341
13345
13349
13350
13352
13355
13356
13357
13361
13363
13364
13365
13366
13373
13377
13383
13386
13390
13395
13398
13400
13402
13404
13409
13410
13411
13412
13415
13416
13421
13422
13423
13424
13427
13428
13429
13431
13436
13437
13438
13439
13440
13442
13443
13444
13445
13446
13447
13448
13450
13451
13452
13454
13455
13456
13457
13458
13459
13461
13462
13463
13465
13468
13470
13473
13474
13475
13478
13479
13481
13483
13485
13486
13487
13489
13490
13492
13493
13497
13499
13500
13502
13503
13504
13505
13506
13508
13509
13510
13512
13513
13515
13519
13520
13521
13525
13527
13528
13529
13530
13534
13536
13537
13541
13542
