0
1
38
2358
2
31
3
7755
4
7
8
55
7550
13
18
19
21
24
25
26
27
28
29
30
32
35
37
9551
39
40
140
41
42
43
45
46
53
50
51
52
54
399
57
58
59
62
63
610
64
67
68
70
71
72
500
8475
3350
74
78
81
2186
2383
89
90
92
96
97
98
99
5700
100
102
103
107
108
109
110
3135
111
120
122
123
124
126
127
130
131
7264
132
133
135
136
155
548
1853
137
138
139
1275
5352
2444
747
143
2229
3900
5053
141
142
144
708
145
2341
153
154
156
157
11373
158
159
160
161
163
165
166
167
169
174
175
178
7530
8330
181
182
183
184
185
187
1061
188
189
190
191
192
973
193
194
448
200
201
204
207
208
1718
209
210
211
212
213
214
215
217
218
219
222
224
225
230
231
232
252
234
235
237
240
242
243
244
246
247
249
250
251
253
257
254
6535
255
256
259
260
261
263
3939
266
463
273
275
279
282
283
287
291
292
293
295
296
298
300
303
305
307
5958
308
310
312
313
315
318
319
320
6550
952
8127
321
322
324
325
326
327
331
4014
332
411
333
334
335
337
338
342
344
345
346
4198
347
352
354
355
359
705
360
361
362
740
363
364
365
367
371
2012
373
6399
374
375
378
379
380
383
384
385
388
389
396
398
400
401
405
408
410
589
418
419
420
421
423
424
429
433
437
439
442
444
445
447
451
452
454
10684
455
458
461
2639
5558
462
464
466
467
468
476
477
479
481
483
484
485
488
489
763
490
491
494
495
1427
498
501
503
505
507
509
510
513
514
521
4566
10510
1519
1498
3647
524
527
528
965
529
531
7073
5059
2437
2859
532
2430
533
3618
798
534
537
538
1225
7339
545
546
547
549
550
553
554
558
559
561
3314
562
565
567
3680
570
571
574
577
578
579
3598
4464
7001
580
581
585
586
587
588
590
591
593
594
599
1003
605
609
1125
613
614
616
621
622
1770
623
624
625
626
627
628
632
1285
635
637
1446
638
640
641
1174
645
646
647
651
653
656
658
659
661
662
663
665
666
667
668
669
677
679
687
688
689
700
701
702
703
4637
706
709
710
711
712
715
716
718
719
722
723
724
725
726
727
730
906
734
735
736
737
739
741
742
743
746
749
751
752
754
758
760
762
764
766
769
1007
770
771
772
776
778
779
780
782
787
788
789
791
797
804
808
814
819
1424
824
827
828
830
831
842
843
853
857
862
863
875
877
880
881
883
886
887
889
890
893
895
896
897
899
900
2533
901
2719
907
909
912
913
1258
918
935
938
941
946
950
9798
951
3096
4946
4494
956
957
959
961
962
964
966
969
2986
4023
971
972
977
980
987
1193
1647
989
990
4258
991
992
998
1000
1001
1002
9168
1004
3691
1006
1008
1009
1010
1011
1913
1012
1018
1425
1020
1021
1022
1023
1025
1027
1030
1031
1033
1037
1038
1039
1041
1042
1043
1048
1054
1057
1059
1065
1068
1069
1070
1078
1090
1092
1099
1100
1105
1108
1112
1115
1119
1120
1121
1122
1124
1128
1136
1137
1138
5034
4341
1139
1141
1146
1149
1151
1156
1157
1160
1161
1162
1163
1165
1167
1168
1169
1170
1171
1179
1180
1183
1184
1185
1188
1189
1190
6130
1198
1203
1204
1207
1208
1211
1212
1215
1213
1214
1221
1223
1227
1234
1235
1241
10522
1247
1249
1251
5063
1254
1255
1267
1268
1470
1270
1271
1273
1274
2507
1276
1279
1282
1283
5606
1289
1293
1298
1300
1301
1302
1303
1307
7309
2389
3071
1308
1309
1310
6222
1312
1313
1315
1316
1317
1319
1321
1325
1326
1329
1338
1341
1351
1353
1354
1355
1359
1362
6780
1363
1364
1365
1366
1371
1372
1373
1380
1383
1386
1390
1391
1393
1394
1401
1402
1403
1404
1407
1408
1409
1410
1411
1412
1414
1415
1417
1419
1421
1426
1428
1431
1432
1433
6318
1434
1436
1437
1441
8009
1442
9465
1447
1448
1449
1450
1451
1457
1458
1459
1462
1463
1466
1469
1472
1473
1474
1475
7206
1476
1478
1482
1487
1488
6153
1492
1495
1499
1501
1558
1503
1504
1505
1506
1507
1509
1510
1511
1512
1514
1515
1516
1518
1520
1521
1522
1527
1528
1531
2368
1532
1533
1535
1537
1538
1539
1540
1542
1543
1544
1545
1550
1551
1553
1556
1560
1561
1565
1566
1567
1568
1569
7272
1571
1572
1573
1574
1577
1578
1579
1580
1581
1582
1586
1587
1588
1589
1592
1593
1594
1595
1600
1605
1606
1608
1609
1610
1614
1619
1623
1624
1625
1626
1638
1639
1641
1643
1644
1645
1649
1650
1652
1653
1656
1661
1663
4595
1665
1671
1673
1677
1678
1683
1687
1689
1691
1692
1693
6266
3877
1694
1696
1697
1699
10632
1702
1703
1704
1706
1708
10072
1710
1712
1714
1717
1719
7464
9625
9098
9891
1720
1722
1727
1732
1733
1736
1737
1738
1743
1745
1748
2092
1749
1750
1752
1753
1754
1755
1757
1758
1759
1760
1766
1772
1773
1775
1776
6958
11855
1777
1779
1780
1783
1784
1786
1787
1788
1789
1791
1792
1793
1794
1796
1801
1809
1813
1816
1818
1819
1822
1824
1825
1829
1832
1833
1834
1835
1836
1837
1838
1841
1843
1845
1849
1852
1855
1856
1857
1858
1859
1860
1861
1862
1863
1865
1867
1868
1869
1870
1871
1874
1875
1876
1877
1880
1881
1885
1886
1888
1889
1890
1891
1893
1896
1897
1898
1899
1900
1903
1904
1905
1906
1907
1908
1909
1910
1911
1915
1916
1918
1920
1921
1927
1928
1929
1932
1933
1934
1937
1939
1940
1941
1943
8719
1944
1946
1947
1951
1952
1953
1954
5445
1955
1956
1957
1958
1960
1962
1965
1966
1970
1972
1973
1974
1975
1976
1977
1978
1979
1983
1986
1987
2992
1988
1990
1992
1993
1994
1997
1998
2002
2004
2005
2007
2009
2013
2015
2016
2020
2022
2023
2025
2028
2030
2031
2032
2034
2035
2036
2037
2040
2041
2042
2043
2044
2045
2047
2048
2049
2051
2055
2057
2058
2059
2061
2062
2063
2064
2066
2067
2069
2070
5356
2071
2075
2076
2080
2082
2088
2090
2091
2093
2095
2096
2098
2100
2101
2102
2103
2104
2105
2107
2108
2109
2115
2116
2118
2119
2121
2122
2123
2124
2128
2129
2131
2132
2134
2138
2140
2141
2144
2145
2146
2405
2147
2148
2149
2151
2152
2153
2154
2155
2157
2158
2159
2162
2163
2166
2167
2169
2170
2172
2173
2176
2177
2179
2182
2183
2185
2191
2196
2198
2200
2202
2204
2205
2210
2212
2215
2217
2218
2219
2223
2224
2225
2226
2227
5139
2232
2236
2237
2240
2241
2244
2246
2250
2257
2307
2258
2263
2264
2265
2267
2268
2275
2278
2280
2284
2285
2289
2290
2292
4399
2293
2295
2297
2298
2299
2301
2303
2304
2306
2311
2312
2313
2314
2316
2321
2322
2326
2329
2330
2331
2332
2333
2334
2336
2337
2338
2339
2346
2347
2348
2350
2352
2353
2354
2356
2357
2361
2362
2363
2364
2365
2366
2367
5942
2369
2372
8982
2377
2379
2381
6943
2382
2384
2385
2386
2387
2391
2392
2396
2398
2401
2402
2404
2406
2407
2408
2409
2413
2416
2417
2424
2427
2429
2432
2434
2436
4457
4488
2441
2447
2448
2451
2452
2456
2458
2459
2460
2462
2464
2465
2466
2471
2472
2473
2474
2481
2485
2490
2491
2493
2494
2498
2499
2502
2503
2504
2505
2508
2509
2511
2512
7187
2514
2618
2516
2518
2519
2520
2521
2524
2525
2526
2529
2530
2531
2532
2536
2538
2540
2543
3316
2554
2556
2565
2567
2569
2572
2573
2577
2578
2579
2580
2584
2586
2590
2596
2598
2599
2601
2603
2610
2611
2612
2614
2615
2619
2623
2626
2627
2629
2632
2633
2634
2636
2638
2644
2648
2649
2650
2651
2653
2656
2659
2661
2662
2664
2666
2669
2671
2672
2673
2675
2677
2683
2684
2686
2687
2689
2691
2693
2694
2695
2697
2698
2699
2703
2704
2706
2707
2708
2709
2710
2713
2718
2721
2730
2731
2737
2743
2750
2752
2755
2757
2772
2774
2776
2779
2782
2784
2786
2788
2790
2792
2799
2800
2801
2803
2809
2811
2812
2813
2814
2818
2819
2820
2825
2826
2830
2831
2833
2834
2837
2838
2841
2842
5624
2844
2845
2846
2847
2848
2850
2852
2853
2856
2857
2858
2861
2864
2865
2866
2867
2868
2870
2872
2873
2875
2877
2878
2879
2880
2881
2883
2888
2890
2893
2896
2899
2902
2911
2912
2914
2917
2919
2928
2932
2934
2935
2936
2937
2939
2941
2944
2946
2947
2948
2951
2952
2953
2954
2956
2957
2962
2963
2964
2965
2966
2968
2969
2970
2972
2975
2976
2977
2979
2981
2985
2988
2991
2995
2996
2997
2998
2999
3000
3001
3005
3006
3007
3008
3009
3011
3012
3014
3015
3016
3017
3018
3021
3023
3024
3026
3027
3028
3029
3030
3033
3034
3035
3036
3039
3040
3046
3048
3050
3054
3057
3060
3062
3063
12253
3064
3066
3070
3072
3073
3076
3078
3079
6900
3081
3092
3082
3083
3085
3086
3089
3094
3095
3097
3098
3099
3100
3101
3102
3108
3109
3110
3113
3114
3115
3117
3119
3122
3123
3126
3128
3130
3131
3133
3134
4550
3138
3139
3140
3143
3146
3150
3151
3152
3155
3156
3158
3159
3160
3161
3162
3163
3164
3165
3166
3173
3174
3177
3179
3182
3184
3187
9833
9858
3191
3192
3194
3196
3198
3199
3201
3203
3205
3206
3207
3214
3221
3227
3228
3232
3233
3234
3235
3236
3238
3239
3242
3247
3248
3249
3250
3251
3252
3253
3254
3257
3260
3264
3268
3269
3275
3277
4692
3280
3283
3285
3292
3294
3295
3296
3298
3299
3302
3303
3304
3309
3310
3315
3317
3318
3320
3322
3324
3329
3336
3338
3339
3342
3343
3344
3348
3353
3356
3358
3360
3361
3362
3364
3366
3367
3368
3371
6641
3372
3373
3374
3375
3377
3379
3383
3386
3389
3392
3394
3400
3401
3402
3409
3410
3411
3412
3414
3416
3419
3422
3424
3425
3426
3428
3429
3431
3433
3436
3444
3447
3450
3456
3458
3459
9759
3461
3475
3477
3478
3479
3484
3490
3492
3502
3503
3505
3506
3514
3517
3520
3521
5283
3526
3527
3528
3529
3533
3537
3543
3545
3546
3550
3552
3553
3556
3558
3561
3565
3567
3568
3569
3570
3574
3586
3588
3589
3591
3595
3597
5398
3599
3601
3602
3603
3605
3608
3609
3611
3613
3615
3617
3619
3620
3622
3625
3627
3628
3629
3631
3633
3634
3636
3638
3639
3641
4306
3644
3646
8205
3650
3652
3653
3655
3658
3659
3661
3664
3665
8589
3666
3667
3669
3672
3675
3676
3683
3685
3686
3687
3689
3690
9765
3692
3694
3696
3698
3701
3704
3707
3708
3709
3711
3713
3716
3719
3722
3726
5020
3727
3728
3729
3730
3732
3733
3736
3737
3739
3753
3756
3758
3759
3763
3765
3766
3772
3773
3774
3776
3783
3785
3792
3793
3795
3797
3803
7986
3805
3807
3806
3808
3810
3813
3818
3830
3833
3834
3840
3847
3850
3851
3859
3869
3875
3876
6176
6140
3887
4756
3893
3894
11962
11682
4262
3895
11156
3907
3909
3910
3912
3915
3916
3917
3919
3921
3926
3927
3933
3934
3936
3941
3942
3946
3947
3948
3955
3956
3964
3965
8782
3968
3971
3972
8899
3973
3977
3979
3981
3982
3983
3984
3986
3987
3988
3991
3993
3994
3995
3998
4000
4001
4002
4009
4011
4013
4548
4015
4017
4020
4021
4022
4025
4026
4028
4030
4031
4033
4034
4035
4036
4042
4047
4049
4454
4050
4057
4059
4060
4061
9136
9467
9511
4062
4063
4064
4066
4068
4075
4076
4077
4080
4082
4083
10304
4084
4086
4093
4094
4100
4106
4107
4108
4109
4110
4114
4115
4116
4119
4120
12336
12309
7641
4122
4124
4130
4132
4133
4135
4136
4138
4139
4141
4143
4145
4146
4152
4159
4161
4163
4165
4166
4168
4169
4171
8114
4172
4173
4175
6681
4177
4178
10929
10828
4180
4183
4184
4186
4189
4194
4196
4197
4200
4203
4204
4205
4206
4207
4209
4210
4211
4218
4220
4222
4224
4227
4228
4229
4230
4234
4237
4238
4240
4242
4243
4244
4245
4249
4251
4252
4254
4257
4259
4283
5859
4263
4264
4265
4266
4267
4269
4272
4273
4275
4276
4277
4278
4279
4281
4282
4284
4285
4286
4288
4291
4292
4293
4294
4295
4296
4297
4298
4299
4300
4303
4304
4305
4307
4308
4310
4311
4312
4314
4315
4316
4317
4318
4319
4320
4323
4325
4326
4327
4328
4329
4330
4331
4333
4334
4335
4337
4338
4339
4342
4344
4345
4347
4357
4359
4360
4361
4362
4364
4365
4366
4367
4371
4375
4376
4377
4378
4379
4381
4384
4385
4386
4387
4388
4389
4391
4392
4394
4397
4400
4401
4402
4407
4409
4411
4412
4413
4416
4420
4422
4423
4425
4426
4427
4429
4431
4433
4435
6040
4436
4437
4438
4441
4442
4443
4444
4445
4447
4449
4455
4456
4458
5281
10443
4459
4460
4461
4462
4465
4472
4473
4475
4479
4482
4483
4485
4487
4496
4498
4499
4501
4502
4503
4508
4509
4512
4513
4517
4518
4521
4524
4525
4526
4531
4532
4533
4534
4539
4540
4541
4542
4543
4544
4545
4549
4551
4552
4554
4574
4555
4557
4558
4559
4560
4561
4563
4564
4567
4568
4571
4573
4575
4580
4582
4590
4592
4593
4594
4598
4599
4600
4604
4606
4607
4609
4611
4612
4613
4616
4620
4621
4623
4624
4627
4633
4635
4636
4956
4638
4639
4642
4643
4644
4645
4649
4650
4651
4653
4654
4656
4658
4662
4664
4665
4666
4667
4669
4671
4672
4673
4674
4675
4677
4679
4680
4681
4682
4684
4685
4686
4688
4689
4690
4691
4694
4695
4697
4699
4702
4704
4705
4712
4713
4717
4724
4726
4728
4730
4731
4733
4741
4746
4747
4749
4750
4753
4755
4757
4758
4759
4761
4762
4764
4765
4767
4768
4771
4772
4774
4776
4778
4780
4781
4782
4787
4795
4796
4799
4805
4809
4815
4816
4821
4824
4827
4829
4831
4832
4833
4837
4838
4840
4843
4847
4848
4849
4851
4853
7016
4856
4857
4861
4863
4867
4868
4869
4875
4877
4878
4881
4883
4887
4891
4893
4896
4897
4899
4902
4905
4906
4907
4908
4910
4913
4914
4917
4918
4922
4926
4930
4932
4933
4934
4945
4951
4953
4955
4957
4966
4968
4973
4974
4976
4977
10425
4581
4978
4979
4980
4981
4982
10011
4984
4985
4987
4988
4990
5000
5001
5003
5004
5006
5007
5012
5013
5014
5016
5018
5021
5027
5031
5032
5036
5037
5038
5040
5043
5047
5051
5052
5062
5065
5070
5071
5073
5074
5075
5078
5079
5080
5081
5082
5084
5086
5087
5089
5091
5092
5093
5094
5095
5096
5097
5099
5100
5101
5102
5107
5108
5113
5115
5116
5122
5127
5133
5134
5135
5137
5140
5141
5143
5146
5147
5150
5152
5153
5154
5161
5164
5165
5166
5167
5170
5172
5175
5176
5178
5179
5181
5183
5184
5186
5188
5189
5191
5192
5193
5196
5198
5201
5206
5211
5214
5217
5220
5221
5223
5224
5225
5226
5227
5228
5230
5233
5237
5238
5240
5241
5242
5245
5246
5247
5249
5252
5254
5255
5256
5257
5259
5260
5262
5263
5265
5266
5267
5268
5269
5271
5272
5275
5277
5278
5279
5280
5282
5285
5286
5292
5294
5296
5297
5298
5299
5300
5302
5304
5306
5307
5310
5311
5313
5314
5315
5318
5319
5320
5322
5324
5325
5326
5329
5331
5332
5335
5337
5340
5341
5342
5344
5345
5346
5347
5348
5350
5353
5355
5360
5361
5363
8129
5364
5365
5366
5367
5372
5373
5375
5376
5379
5381
5384
5385
5387
5388
5390
5395
5396
5397
5399
5400
5402
5406
5408
5409
5410
5411
5413
5415
5416
5418
5419
5422
5423
5425
5426
5429
5430
5431
5432
5433
5437
5440
5444
5446
5448
5449
5450
5452
5453
5454
5456
6161
5458
5459
5460
5461
5463
5466
5467
5468
5469
5475
5478
5479
5481
5482
5486
5488
5489
5491
5494
5496
5497
5498
5499
5500
5501
5507
5512
5514
5518
5523
5525
5526
5529
5531
5533
5534
5535
5536
5537
5538
5544
5545
5548
5551
5553
5554
5555
5556
5557
9536
9258
9109
5559
5564
5569
5570
5573
5574
5575
5577
5579
5580
5581
5583
5587
5588
5592
5593
5594
5595
5596
5597
5598
5600
5602
5605
5608
5611
5615
5616
5619
5622
5625
5626
5628
5630
5632
5633
5634
5636
5637
5638
5639
5640
5644
5647
5648
5649
5650
5651
5653
5654
5655
5657
5658
5660
5662
5665
5666
5667
5668
5669
5671
5673
5674
5675
5676
5679
5685
5686
5687
5688
5689
5690
5691
5692
5695
5696
5697
5698
5699
5701
5702
5704
5705
5706
5707
7397
5709
5712
5713
5714
5715
5716
6230
5719
5722
5723
5724
5725
5726
5727
5728
5729
5730
5732
7772
5733
5735
5736
5737
5738
5742
5749
5751
5753
5754
5755
5756
5757
5760
5764
5765
5766
5769
5773
5774
5776
5777
5778
5779
5780
5781
5782
5783
5785
5786
5787
5791
5793
5795
5796
5800
5801
5802
5803
5804
5805
5806
5807
5808
5809
5811
5812
8241
11323
5814
5816
5817
5819
5820
5824
5825
5826
5827
5829
5831
5833
5834
5835
5836
5839
5840
5843
5847
5849
5853
6164
5855
5856
5858
5860
5861
5867
5868
5869
5871
10625
5875
5876
5877
5878
5881
5883
5884
5885
5887
5889
5890
5893
5897
5898
5899
5904
5907
5910
5912
5916
5917
5918
5921
5931
5932
5935
5937
5938
5940
9115
5944
5945
5947
5948
5949
5950
5952
5953
5954
5955
5956
5957
5959
5960
5962
5963
5965
5966
5967
5968
5969
5973
5975
5977
5979
5980
5982
5983
5984
5985
5986
5987
5988
5989
5991
5992
5994
5996
5997
5998
6004
6005
6006
6007
6008
6010
6011
6012
6759
6014
6015
6016
6017
6018
6019
6021
6022
6023
6024
6025
6026
6027
6029
6031
6032
6033
6034
6037
6042
6043
6044
6045
6047
6049
6051
6052
6056
6057
6059
6062
6063
6065
6066
6067
6069
6070
6071
6072
6073
6074
6075
6078
6079
6080
6085
6086
6087
6089
6091
6092
6093
6094
6095
6096
6097
6100
6102
6103
6104
6105
6106
6108
6109
6113
6114
6115
6117
6120
6122
6123
6124
6125
6126
6128
6183
6133
6135
6136
6137
6138
6139
6141
6142
6143
6144
6147
6148
6149
6152
6155
6156
6159
6163
6165
6168
6170
6171
6174
6175
6177
6179
6181
6182
6185
6186
6187
6188
6189
6191
6192
6193
6194
6195
6196
6198
6199
6200
6202
6203
6206
6208
6210
6211
6217
6218
6219
6220
6221
6224
6225
6226
6227
6229
6231
6232
6237
6238
6239
6240
6241
6243
6247
6248
6251
6253
6256
6257
6258
6262
6269
6272
6274
6276
6279
6282
6286
6287
6289
6291
6292
6297
8314
9484
6303
6311
6314
6329
6331
6334
6335
6336
6337
6340
6341
6342
6343
6345
6346
6348
6351
6354
6357
6358
6361
6363
6367
6368
6370
6371
6374
6379
6381
6389
6390
6395
6396
6398
6400
6401
6402
6403
6405
6406
6407
6412
6413
6414
6415
6419
6420
6421
6422
6425
6426
6429
6431
6432
6434
6437
6439
6440
6441
6442
6443
6447
6448
6461
6466
6468
6471
6474
6476
6479
6482
6484
6486
6487
6488
6490
6491
6493
6494
6495
6506
6510
6511
6513
6520
6521
6528
6530
6531
6536
6539
6543
6551
6554
6555
6556
6558
6560
6561
6562
6563
6567
6572
6573
6575
6577
6578
6579
6583
6590
6591
6592
6596
6600
6601
6605
6606
6609
6615
6619
6620
6624
6629
6634
6636
6638
6639
6644
6653
6656
6658
6663
6666
6668
6669
6670
6671
6674
6676
6678
6679
6687
6689
6691
6692
6693
6700
6703
6704
6705
6707
6710
6711
6715
6716
6719
6720
6721
6722
6723
6724
6726
6727
6731
6732
6733
6734
6735
6736
6737
6740
6742
6744
6747
6750
6751
6752
6755
6757
6758
6760
6761
6762
6764
6767
6769
6770
6771
6773
6775
6779
6781
6784
6787
6788
6789
6790
6791
6792
6794
6800
6801
6802
6803
6807
6809
6810
6811
6814
6817
6820
6823
6825
6829
6830
6831
6833
6835
6837
6839
6842
6843
6848
6849
6853
6855
6857
6860
6862
6863
6864
6865
6867
6870
6872
6873
6874
6875
6876
6877
6880
6881
6882
6883
6884
6885
6887
6890
6891
6892
6893
6897
6899
6901
6902
6903
6904
6906
6907
6908
6909
6910
6911
6913
6916
6917
6919
6920
6921
6922
6923
6924
6929
6930
6931
6932
6934
6938
6939
6941
6942
6947
6948
6949
6951
6953
6954
6956
9732
6961
6962
6963
6964
8039
6966
6968
6969
6970
6971
6976
6977
6979
6981
6983
6984
6985
6987
6990
6991
6992
6993
6994
6995
6997
6998
6999
7000
7449
7002
7006
7007
7009
7010
7011
7012
7013
7086
7014
7015
7018
7019
7022
7024
7025
7026
7027
7031
7032
7034
7036
7037
8670
7038
7039
7041
7043
7047
7053
7054
7055
7056
7057
7058
7060
7061
7062
7063
10278
7064
7068
7069
7070
7071
7076
7079
7081
7083
7085
7089
7091
7092
7093
7096
7097
7099
7100
7101
7103
7108
7110
7116
7121
7123
7124
7126
7133
7134
7136
7137
7141
7142
7143
7146
7149
7152
7154
7156
7159
7160
7161
7163
7164
7165
7167
7168
7169
7170
7172
7173
7174
7176
7179
7180
7182
7184
7186
7213
7246
7631
7217
7219
7221
7606
7188
7190
7191
7192
7196
7197
7198
7199
7200
7201
7202
7205
7208
7209
7215
7216
7222
7223
7226
7227
7228
7233
7234
7235
7236
7238
7239
7240
7241
7243
7245
7247
7250
7251
7252
7254
7255
7256
7257
7258
7259
7265
7268
7270
7271
7274
7275
7276
7277
7279
7282
7284
7286
7287
7288
7292
7296
7297
7298
7299
7300
7301
7303
7305
7306
7310
7313
7314
7317
7321
7325
7326
7328
7331
7332
7333
7334
7337
7338
7340
7342
7344
7348
7349
7351
7354
7356
7357
7360
7363
7364
7365
7366
7368
7369
7371
7373
7376
7378
7379
7382
7383
7384
7386
7387
7389
7391
7392
7393
7395
7400
7402
7403
7404
7405
7406
7407
7409
7411
7413
7423
7426
7427
7430
7431
7433
7434
7435
7436
7438
7443
7444
7445
7447
7450
7451
7453
7454
7455
7456
7457
7458
7462
7463
7465
7466
7467
7468
7469
7471
7472
7473
7475
7477
7478
7480
7481
7484
7488
7490
7491
7492
7493
7494
7495
7498
7499
7505
7506
7508
7512
7513
7514
7515
7516
7517
7519
7520
7524
7527
7528
7533
7535
7536
7539
7540
7543
7544
7545
7548
7549
9854
7551
7552
7553
7554
7556
7557
7558
7561
7569
7570
7572
7573
7575
7576
7577
7578
7580
7583
7586
7587
7588
7590
7591
7592
7593
7596
7600
7601
7602
7603
7604
7605
7608
7609
7612
7613
7614
7616
7617
7618
7619
7623
7625
7626
7629
7630
7633
7635
7636
7639
7642
7643
7645
7646
7647
7649
7652
7656
7659
7662
7664
7665
7666
7669
7675
7676
7678
7683
7684
7686
7688
7696
7697
7699
7703
7704
7705
7708
7709
7710
7711
7712
7714
7715
7716
7717
7718
7719
7722
7723
7724
7726
7727
7728
7734
7735
7736
7737
7738
7739
7741
7743
7744
7746
7748
7749
7751
7753
7756
7757
7758
7759
7760
7761
7762
7763
7764
7767
7770
7771
7774
7777
7778
7781
7782
7783
7786
7787
7788
7790
7792
7793
7796
7798
7799
7802
7805
11951
7810
7812
7814
7815
7816
7817
7818
7819
7820
7821
7823
7824
7825
7826
7828
7829
7832
7833
7834
7835
7836
7837
7838
7839
7840
7841
7844
7845
7847
7848
7849
7850
7851
7852
7854
7856
7859
7860
7863
7865
7872
7873
7874
7877
7878
7879
7881
7882
7883
7884
7885
7887
7889
7890
7895
7896
7897
7898
7900
7901
7904
7905
7907
7913
7916
7917
7918
7919
7923
7926
7928
7929
7930
7932
7933
7934
7937
7938
7939
7940
7941
7942
7944
7947
7949
7951
7954
7956
7957
7958
7959
7960
7961
7962
7964
7965
7966
7968
7969
7970
7971
7972
7974
7976
7979
7980
7981
7983
7984
7985
7988
7992
7995
7996
7997
7998
7999
8001
8004
8006
8007
8008
8010
8013
8015
8016
8018
8019
8020
8021
8024
8025
8026
8027
8028
8030
8032
8034
8036
8037
8040
8041
8045
8047
8048
8051
8055
8056
8058
8059
8060
8061
8062
8063
8065
8069
8073
8074
8076
8077
8082
8084
8088
8091
8094
8098
8099
8100
8101
8102
8103
8105
8106
8107
8108
8111
8112
8113
8115
8118
8119
8120
8123
8125
8126
8128
8130
8131
8132
8133
8135
8137
8138
8141
8143
8144
8145
8146
8147
8148
8151
8152
8157
8158
8159
8160
8161
8162
8163
8164
8166
8167
8168
8171
8173
8174
8175
8178
8179
8180
8182
8188
8191
8192
8194
8196
8200
8201
8203
8204
8207
8208
8209
8210
8211
8212
8213
8215
8217
8218
8221
8224
8225
8226
8230
8235
8238
8239
8240
8242
8243
8244
8246
8249
8250
8251
8253
8255
8258
8260
8263
8268
8273
8278
8279
8280
8282
8283
8284
8285
8287
8288
8291
8293
8294
8299
8305
8309
8317
8318
8319
8321
8322
8324
8325
8327
8328
8331
8336
8337
8339
8341
8344
8345
8350
8351
8352
8353
8354
8360
8363
8364
8365
8369
8371
8372
8374
8376
8377
8378
8379
8381
8382
8383
8384
8386
8387
8388
8389
8390
8392
8393
8394
8395
8397
8398
8399
8401
8402
8403
8404
8405
8410
8411
8412
8413
8415
8416
8418
8421
8422
8427
8428
8430
8431
8432
8434
8436
8437
8442
8443
8445
8446
8447
8449
8451
8456
8458
8459
8466
8467
8468
8469
8472
8473
8474
8477
8479
8480
8482
8483
8485
8486
8487
8488
8489
8490
8491
8493
8494
8495
8496
8497
8498
8499
8500
8501
8502
8506
8507
8508
8511
8512
8513
8514
8515
8517
8520
8523
8525
8526
8527
10041
9017
8528
8529
8530
8531
8532
12272
11411
8536
8537
8542
8543
8544
8545
8546
8758
8547
8549
8551
8552
8553
8554
8556
8557
8560
8561
8562
8563
8565
8567
8570
8572
8573
8574
8575
8577
8580
8582
8583
8586
8587
8588
8590
8592
8594
8595
8596
8597
8599
8600
8601
8602
8604
8608
8609
8610
8611
8612
8615
8616
8617
8618
8621
8623
8624
8628
8630
8631
8632
8634
8635
8637
8638
8639
8641
8642
8643
8646
8648
8649
8650
8651
8652
8654
8655
8656
8657
8658
8659
8662
8663
8664
8666
9364
8672
8673
8674
8675
8676
8678
8679
8680
8681
8682
8683
8684
8685
8686
8687
8688
8693
8694
8695
8697
8699
8704
8706
8707
8708
8712
8713
8715
8717
8718
8721
8722
8723
8725
8726
8728
8731
8732
8734
8735
8737
8738
8740
8741
8743
8744
8745
8746
8747
8748
8749
8750
8751
8752
8753
8754
8755
8760
8763
8764
8766
8767
8768
8771
8772
8773
8774
8775
8777
8778
8779
8780
8781
8783
8784
8785
8786
8787
8788
8789
8790
8792
8794
8795
8796
8799
8800
8801
8802
8804
8805
8807
8808
8811
8812
8814
8815
8816
8819
8823
8824
8828
8829
8834
8837
8840
8841
8842
8843
8844
8845
8846
8850
8851
8852
8853
8854
8857
8858
8860
8862
9057
8865
8866
8867
8870
8872
8873
8874
8875
8876
8879
8881
8882
8883
8884
8885
8886
8887
8888
8889
8892
8893
8894
8898
8901
8902
8903
8904
8905
8906
8907
8908
8911
8912
8918
8921
8922
8923
8924
8926
8930
8931
8932
8934
8935
8936
8937
8944
8948
8950
8951
8954
8955
8957
8958
8960
8961
8962
8963
8964
8967
8968
8969
8971
8972
8974
8976
8977
8978
8979
8981
8983
8984
8987
8989
8992
8993
8994
8996
8997
8998
9000
9001
9003
9004
9005
9009
9012
9013
9016
9019
9020
9022
9023
9024
9025
9026
9027
9029
9030
9032
9036
9037
9040
9041
9042
9043
9045
9046
9050
9051
9053
9055
9056
10838
9058
9062
9065
9067
9068
9072
9073
9075
9077
9078
9079
9080
9081
9083
9085
9086
9088
9090
9093
9094
9095
9097
9100
9101
9102
9103
9105
9106
9107
9108
9110
9113
9117
9118
9120
9121
9122
9123
9125
9126
9128
9129
9130
9132
9134
9138
9139
9140
9142
9146
9147
9148
9149
9151
9352
9152
9153
9154
9157
9159
9160
9161
9163
9165
9166
9167
9169
9172
11118
9173
9175
9176
9177
9183
9185
9186
9188
9190
9191
9192
9194
9197
9198
9203
9204
9206
9207
9208
9209
9212
9213
9214
9216
9217
9220
9221
9222
9223
9225
9226
9227
9232
9234
9235
9236
9237
9238
9239
9240
9242
9245
9246
9247
9248
9249
9250
9252
9253
9814
9260
10892
9262
9263
9264
9268
9270
9271
9272
9273
9274
9275
9276
9277
9278
9279
9280
9281
9282
9283
9284
9285
9286
9287
9288
9289
9290
9291
9292
9293
9294
9295
9296
9297
9298
9299
9300
9301
9302
9303
9304
9305
9306
9307
9308
9309
9310
9311
9312
9313
9314
9315
9316
9317
9318
9319
9320
9321
9322
9323
9324
9330
9325
9326
9327
9328
9329
9331
9332
9333
9334
9335
9337
9338
9339
9626
9340
9341
9342
9343
9344
9345
9347
9348
9349
9350
9353
9354
9355
9356
9357
9360
9361
9363
9365
9366
9367
9368
9369
9371
9372
9373
9374
9375
9376
9377
9378
9379
9381
9382
9383
9384
9385
9386
9387
9388
9390
9394
9395
9396
9397
9398
9399
9400
9401
9402
9403
9405
9406
9407
9408
9409
9410
9411
9412
9413
9414
9416
9417
9418
9423
9424
9425
9532
9426
9427
9428
9429
9431
9432
9433
9434
9435
9437
9438
9440
9442
9444
9445
9447
9448
9449
9451
9455
9456
9457
9458
9459
9460
9461
9462
9463
9464
9466
9468
9469
9470
9471
9472
9473
9474
9475
9476
9477
9478
9480
9481
9483
9485
9486
9488
9489
9490
9492
9493
9494
9495
9496
9498
9499
9500
9501
9502
9503
9504
9505
9507
9508
9509
9510
9512
9513
9515
9516
9517
9518
9519
9521
9522
9523
9524
9525
9528
9529
9530
9531
9533
9535
9537
9538
9539
9541
9542
9543
9544
9545
9546
9547
9548
9549
9552
9554
9555
9556
9557
9558
9560
9561
9563
9564
9565
9566
9567
9568
9569
9570
9571
9572
9573
9575
9576
9577
9578
9579
9580
9581
9582
9584
9585
9586
9587
9588
9589
9591
9592
9593
9594
9595
9596
9597
9598
9599
9600
9601
9602
9603
9605
9606
9607
9608
9609
9610
9611
9612
9615
9616
9617
9618
9619
9620
9621
9622
9623
9624
9627
9628
9629
9630
9631
9632
9633
9634
9635
9636
9637
9639
9641
9642
9643
9644
9645
9646
9647
9648
9651
9652
9653
9654
9655
9657
9658
9659
9660
9661
9662
9663
9664
9665
9666
9667
9668
9669
9670
9671
9673
9674
9675
9677
9678
9680
9681
9682
9683
9684
9685
9686
9687
9688
9689
9690
9692
9693
9694
9695
9696
9698
9700
9701
9702
9703
9704
9705
9706
9707
9709
9710
9711
9712
9713
9714
9715
9716
9717
9718
9719
9720
9721
9723
9724
9725
9726
9727
9728
9729
9730
9731
9733
9734
9735
9736
9738
9739
9740
9741
9742
9743
9744
9745
9746
9747
9748
9749
9752
9753
9755
9756
9758
9764
9760
9761
9762
9766
9768
9770
9771
9772
9775
9779
9780
9783
9784
9785
9786
9787
9789
9790
9791
9792
9793
9794
9795
9796
9797
9799
9800
9801
9802
9803
9804
9805
9806
9808
9809
9811
9813
9815
9816
9817
9818
9819
9820
9821
9822
9823
9825
9826
9827
9828
9829
9830
9834
9835
9836
9839
9840
9841
9842
9844
9845
9847
9848
9849
9850
9852
9853
9855
9857
9859
9860
9861
9862
9863
9864
9865
9866
9867
9870
9873
9876
9877
9878
9879
9880
9881
9882
9884
9885
9887
9889
9890
9932
9893
9894
9895
9896
9897
9898
9900
9901
9902
9903
9904
9905
9906
9907
9908
9910
9911
9915
9916
9917
9918
9919
9920
9923
9924
9925
9926
9927
9928
9930
9931
9934
9936
9937
9938
9939
9940
9941
9942
9944
9945
9948
9949
9950
9952
9953
9954
9956
9958
9959
9960
9962
9963
9964
9966
9967
9968
9969
9972
9973
9974
9975
9976
9978
9979
9981
9982
9985
9986
9987
9991
9994
9996
9997
9998
9999
10001
10003
10004
10005
10007
10008
10009
10010
10012
10016
10017
10018
10019
10020
10024
10026
10027
10028
10029
10030
10032
10033
10035
10037
10038
10040
10043
10044
10045
10046
10047
10048
10049
10050
10052
10053
10056
10057
10059
10060
10061
10063
10064
10065
10066
10067
10068
10069
10071
10073
10074
10075
10077
10078
10079
10080
10083
10084
10085
10087
10088
10089
10090
10091
10094
10095
10096
10097
10098
10100
10102
10103
10104
10105
10106
10107
10108
10109
10110
10112
10113
11380
10115
10116
10118
10121
10122
10123
10124
10125
10126
10129
10130
10131
10133
10134
10135
10137
10138
10140
10142
10144
10150
10151
10153
10155
10157
10158
10159
10160
10161
10162
10163
10167
10170
10171
10172
10173
10175
10176
10177
10178
10180
10183
10184
10185
10186
10187
10188
10192
10193
10197
10731
10200
10201
10202
10203
10204
10205
10206
10207
10209
10211
10216
10217
10218
10220
10222
10223
10224
10226
10227
10228
10229
10230
10231
10232
10233
10235
10236
10237
10238
10239
10240
10241
10242
10243
10246
10247
10248
10250
10252
10253
10254
10256
10257
10259
10260
10262
10263
10265
10266
10267
10268
10269
10270
10271
10272
10273
10274
10277
10279
10280
10281
10282
10283
10284
10285
10287
10288
10289
10290
10291
10292
10293
10294
10295
10296
10297
10298
10301
10303
10305
10307
10309
10310
10312
10315
10316
10318
10320
10321
10322
10324
10328
10329
10330
10332
10333
10334
10335
10336
10339
10342
10343
10344
10345
10348
10349
10350
10353
10354
10356
10357
10358
10359
10360
10362
10363
10366
10368
10369
10371
10372
10374
10375
10376
10377
10379
10380
10381
10385
10386
10388
10390
10391
10392
10394
10395
10397
10398
10399
10401
10402
10403
10404
10408
10409
10410
10411
10412
10416
10418
10420
10421
10422
10423
10424
10426
10427
10428
10429
10430
10431
10432
10433
10436
10437
10438
10440
10441
10442
10524
10444
10445
10446
10449
10450
10451
10452
10455
10457
10458
10459
10461
10462
10463
10468
10469
10470
10471
10472
10473
10475
10477
10478
10481
10482
10484
10485
10486
10914
10490
10491
10493
10495
10496
10497
10498
10500
10501
10505
10506
10507
10509
10511
10512
10514
10515
10517
10521
10523
10526
10528
10529
10530
10531
10539
10541
10542
10543
10544
10546
10549
10551
10552
10555
10557
10558
10565
10566
10568
10570
10571
10572
10574
10575
10576
10578
10581
10584
10590
10591
10592
10595
10597
10600
10602
10604
10605
10613
10615
10617
10618
10621
10626
10627
10628
10631
10635
10638
10639
10643
10644
10645
10646
10647
10648
10656
10657
10658
10659
10660
10662
10666
10667
10669
10670
10671
10673
10675
10679
10682
10683
10689
10690
10692
10693
10700
10701
10707
10714
10716
10717
10719
10720
10722
10726
10728
10842
10737
10743
10744
10745
10747
10752
10755
10756
10757
10758
10760
10762
10764
10765
10769
10771
10772
10773
10775
10778
10779
10785
10786
10790
10791
10795
10796
10797
10798
10799
10800
10802
10808
10809
10812
10814
10817
10818
10825
10830
10831
10835
10840
10844
10849
10851
10857
10861
10862
10865
10868
10871
10874
10880
10883
10886
10888
11939
11997
10895
10899
10903
10904
10908
10911
10912
10913
11142
10918
10926
10932
10935
10939
10940
10946
10947
10949
10951
10952
10954
10956
10957
10958
10961
10965
10966
10976
10977
10986
10987
10993
10999
11006
11007
11043
11052
11054
11066
11068
11071
11072
11095
11103
11104
11117
12093
12246
11121
11124
11131
11140
11147
11168
11189
11192
11193
11195
11199
11216
11217
11228
11233
11242
11248
11259
11261
11262
11264
11268
11288
11298
11313
11316
11325
11329
11338
11340
11341
11356
11359
11367
11390
11405
11408
11412
11422
11423
11428
11430
11433
11434
11450
11452
11454
11456
11458
11461
11462
11463
11468
11473
11474
11481
11483
11485
11488
11489
11504
11511
11512
11513
11514
11515
11516
11518
11520
11532
11541
11542
11543
11547
11555
11556
11557
11558
11562
11564
11568
11569
11570
11571
11582
11595
11598
11604
11608
11609
11613
11630
11639
11642
11643
11649
11650
11656
11663
11667
11669
11670
11674
11675
11678
11679
11680
11683
11684
11689
11692
11701
11703
11705
11710
11713
11714
11716
11718
11723
11727
11732
11735
11736
11737
11740
11744
11752
11753
11754
11756
11757
11758
11762
11764
11765
11769
11770
11773
11780
11787
11789
11790
11797
11794
11799
11802
11807
11810
11813
11814
11826
11828
11829
11831
11834
11835
12067
11836
11839
11840
11841
11847
11848
11860
11861
11862
11863
11927
11928
11929
11938
11941
11942
11943
11945
11947
11949
11953
11958
11967
11968
11969
11970
11974
11975
11976
11982
11986
11987
11989
11990
11991
11992
11993
11994
11996
11999
12003
12004
12006
12007
12008
12009
12010
12011
12013
12015
12016
12017
12018
12019
12022
12024
12025
12026
12027
12029
12031
12035
12036
12038
12040
12041
12043
12044
12045
12046
12047
12048
12049
12050
12051
12052
12053
12054
12055
12056
12060
12062
12063
12065
12068
12069
12070
12072
12073
12075
12077
12078
12080
12081
12082
12083
12084
12085
12086
12089
12090
12092
12094
12095
12096
12097
12098
12099
12101
12102
12103
12105
12106
12108
12109
12110
12111
12112
12113
12114
12115
12117
12119
12121
12122
12123
12124
12125
12126
12127
12129
12130
12221
12131
12132
12134
12135
12136
12137
12139
12142
12144
12146
12147
12148
12150
12151
12152
12154
12155
12156
12159
12163
12168
12169
12170
12171
12173
12174
12175
12177
12178
12179
12182
12183
12184
12185
12188
12189
12190
12194
12195
12196
12199
12200
12201
12202
12203
12206
12207
12208
12209
12211
12212
12213
12214
12215
12217
12218
12219
12220
12223
12224
12225
12228
12230
12231
12232
12233
12234
12235
12236
12238
12240
12241
12242
12243
12244
12247
12249
12250
12251
12252
12254
12259
12262
12263
12264
12265
12266
12267
12268
12270
12271
12274
12294
12275
12277
12278
12279
12281
12282
12285
12286
12287
12288
12289
12290
12291
12296
12298
12299
12300
12302
12303
12304
12305
12306
12307
12310
12313
12320
12327
12337
12338
12339
12341
12343
12347
12348
12350
12354
12355
12358
12360
