0
9600
9602
11783
653
142
4506
668
13344
1700
5928
13490
568
1983
5703
713
595
10837
2212
2268
11613
6762
9073
4339
378
11
12
1846
13
14
297
3589
7498
306
84
313
21
1215
26
357
27
32
40
33
224
4400
12424
6246
35
38
2306
10248
6025
6795
780
7704
7587
39
6832
5554
8373
2107
702
589
10197
471
699
362
8561
372
12405
12283
7422
2314
212
43
44
3404
380
50
1601
106
590
53
2576
74
1745
919
57
4696
58
59
8662
9306
221
60
61
65
67
8792
73
83
87
88
4159
514
93
94
95
96
97
2273
1218
7259
1628
478
100
105
107
9511
5680
143
2115
1197
285
145
153
157
160
1914
166
803
188
189
190
7928
191
206
1954
1324
208
475
210
211
12647
213
215
2657
5900
223
11295
228
229
235
520
10428
428
334
8111
11481
636
236
242
247
251
252
253
254
316
256
342
2315
1708
4404
257
260
4672
11014
4343
8879
11863
262
270
7349
9070
280
281
5001
284
13184
2382
4637
943
388
1413
1670
395
1036
397
12804
401
11289
666
10524
11653
1313
1244
12846
3508
9399
8510
2123
336
6993
8786
343
6617
346
987
11100
3175
12264
1900
632
1529
291
1088
293
296
299
300
303
304
1623
3265
2715
305
6199
307
7764
312
3678
315
317
323
324
329
897
598
777
7563
1587
9301
10025
5592
1817
331
2211
2607
3857
3218
563
8010
332
9556
1225
335
680
4936
6411
4285
616
12760
338
339
341
11831
344
345
5279
8520
6836
7780
348
349
350
1459
351
352
2389
1753
353
355
356
6571
12301
4665
12703
358
2689
13189
7564
2317
13151
359
361
1280
1347
4932
1381
363
367
368
369
370
371
10818
8483
11471
1238
373
376
377
2066
409
13432
13165
379
381
382
383
386
4362
495
387
9184
2658
9956
8846
400
10193
1020
389
390
391
4875
392
393
398
399
408
2081
411
412
413
414
416
418
4441
508
427
1892
429
627
1185
430
4581
10701
1917
435
436
438
445
2660
3225
9563
450
10472
451
453
455
456
457
468
469
9916
470
1118
474
477
481
484
485
488
489
599
492
494
496
884
5461
3561
3535
497
504
505
506
661
507
10418
509
1478
511
513
7942
781
12310
3863
4762
4692
4702
11105
4843
4861
516
6865
2920
11016
2423
519
524
8387
525
529
531
532
8518
533
534
566
2098
4406
536
6840
537
1987
541
546
548
549
6725
11543
13463
10040
552
554
555
560
562
1234
7512
574
575
577
9570
579
1349
2036
580
582
587
588
593
594
4230
6471
8776
604
596
597
3182
5961
600
601
602
605
609
611
613
612
615
9834
2235
621
625
1298
984
633
5228
6550
634
635
9216
10336
638
639
641
643
645
646
7465
11085
6611
14067
957
647
649
986
652
4541
791
659
660
663
688
672
675
679
8737
887
683
687
2263
689
691
5668
5051
692
696
697
810
700
701
1412
6183
8500
705
706
745
1173
707
708
710
712
4315
867
717
714
715
4402
1435
720
728
734
735
736
737
738
744
9303
747
750
756
757
759
1946
11551
761
762
765
766
767
771
774
775
779
785
786
789
1555
2261
794
795
3884
11437
6232
809
811
816
822
828
861
829
1048
831
833
834
835
837
838
842
844
845
846
848
853
4139
13456
6323
1580
857
1191
7320
860
2845
863
1179
864
915
872
874
875
877
878
880
882
997
883
6767
895
896
6097
4994
904
909
910
911
2645
5690
2023
5999
13393
1875
4509
8700
916
974
5816
8411
918
922
923
926
927
929
930
932
8185
939
942
2309
950
953
956
958
959
961
962
963
966
969
970
971
9124
972
2068
1496
985
991
993
994
2061
996
999
12147
1000
1005
10639
1009
1010
1011
1012
4472
1015
1016
1019
1021
1026
1027
1028
1029
1512
1032
4261
7132
1035
1038
1039
1040
1042
1051
1052
1054
1063
4320
4909
1065
1066
1069
1070
1219
1072
3320
1078
1085
1087
11343
4450
7427
1089
1090
1091
1098
1099
1101
1108
1112
8704
1116
11873
10674
6974
1120
1128
1129
1132
1135
4384
1137
1139
1142
1147
1152
1153
1155
1158
1159
1160
12547
8587
1161
9669
6559
1162
1163
1164
1170
1171
1172
1174
1175
6926
1178
1183
1184
4256
1847
1187
1895
1188
1190
5436
1199
1208
1209
1210
1212
1214
1216
11443
1293
6567
1224
6176
1913
5202
6811
1227
1228
1229
1230
1232
1292
1233
7162
1237
6589
7322
1242
1246
1256
1248
1252
1308
1255
1257
1260
1263
8932
1264
1333
1267
1268
11053
1270
1271
4849
12277
1276
1279
1281
1283
4880
5247
1284
1285
1288
1297
1303
1305
1307
1309
1314
1316
1319
1323
1325
1326
1330
1335
1336
1338
1339
4298
1340
1341
2840
1342
1343
1350
1351
1355
1356
1360
1363
1364
1371
1372
1376
6341
1387
1391
1401
8047
2990
1654
1402
1403
1405
1407
1411
1423
10357
1427
1442
1453
1457
1462
1468
1477
5540
1483
1484
4675
4460
4715
6637
5137
6806
1488
1489
1491
1493
7652
5029
4479
2052
1502
1504
10822
1514
3731
5238
1518
1525
1528
5313
1533
1535
6553
1537
1538
1540
1541
1542
1554
10739
1558
1560
1561
1567
2003
1570
1571
1573
1575
1576
12179
1578
1729
1589
1592
1602
1604
1610
1613
1616
1617
1618
1621
1622
5162
1625
9378
1631
1635
3973
1637
1653
8344
3664
1660
1663
1666
1671
1672
1684
1698
3938
1699
1704
1711
1715
6625
1720
1721
3550
1724
6859
4965
3787
1733
1744
1752
1758
5086
1775
2335
1798
1801
1802
1805
1810
6614
1813
1816
1818
11617
1823
1824
1826
1828
1829
1830
1834
1841
1842
3558
5327
1845
4224
1850
1851
1852
1853
1855
1857
2813
1858
1860
1862
1863
1865
1866
8711
1869
1870
12762
2435
1936
1876
1879
1880
1881
1883
1884
1886
1890
1891
11280
1902
1903
3204
4359
1916
1922
1925
1927
1931
1934
1939
1940
1941
1952
1953
1958
1960
1969
1970
1972
1973
1977
1986
1993
2008
11795
2024
2025
2030
2031
2037
2041
9141
2051
2060
3040
8226
10468
8889
2065
2069
2094
2102
2104
4385
2109
2110
2112
2114
2116
2121
5687
2124
12057
8253
12599
2128
2133
2135
2141
2146
2149
2154
2155
2160
2161
2162
2163
2164
2165
2166
2167
2168
2169
2170
2171
2172
2173
2174
2175
2176
2177
2178
2179
2180
2181
2182
2183
2184
2185
2186
2187
2188
2189
2190
2191
2192
2193
2194
2195
2196
2197
2198
2199
2200
2201
2202
2203
2204
2205
2206
2207
2208
2210
2213
2216
2218
6497
12753
2223
2225
3620
2227
2452
3236
6694
2237
2239
2242
2245
2248
2250
2251
2252
2253
2254
2257
2259
2260
13256
13045
2262
2270
2275
2280
10647
2281
2283
2284
2285
2286
2288
2292
2293
2296
2297
2299
2300
2301
2303
2304
2305
2307
2310
4821
2311
2312
2313
6502
2316
2320
2321
2322
2323
2324
2328
2329
2331
2332
2336
2337
2338
2339
2341
2344
2346
4414
2347
2350
2351
2352
2353
2354
7408
2355
2357
3821
2359
2360
2361
2362
2364
2366
2367
2368
2369
2370
2371
2372
2373
2374
2375
2376
2377
2378
2379
2381
2383
2384
2385
2386
2388
2390
2392
3029
4374
2397
2398
2400
2401
2402
3619
2403
2405
2406
2408
2410
2411
2412
2413
2414
2419
2420
2421
2422
2424
2425
2426
2427
2430
2431
2432
2433
2955
2436
2438
2439
2440
2441
2442
6700
2443
2444
2445
2446
2448
2449
2450
2451
2453
2454
2456
2457
2458
2459
2460
2461
2462
2463
2464
2465
10148
2466
2467
2468
2469
2470
2471
2472
2473
2474
2475
2476
2477
2478
2480
2481
2482
2483
2484
2485
2486
2487
2488
2489
2490
2491
2492
2493
2494
2495
2496
2497
2498
2499
2501
2502
2503
2504
2505
2506
2507
2508
2509
2510
2511
2512
2513
2514
2515
2516
2517
2519
2520
2521
2522
5169
2523
2524
2527
2528
2529
2530
2531
2532
2533
2534
2535
2536
2538
9117
2539
2540
2541
2542
2543
2544
2545
2546
2547
2548
2549
2551
2552
3497
2553
2554
2555
2556
2557
2558
2559
2560
2561
2562
2563
2564
2565
2566
2567
2568
2570
2571
2572
2573
2574
2575
2577
2578
2579
2580
2581
2582
2584
2585
2586
2587
2588
2589
2590
2591
2592
2593
2595
2596
2598
2599
2600
2601
2602
2603
2604
2605
2606
2608
2609
2610
2611
2612
2613
2614
2615
2616
2617
2618
2619
2620
2621
2622
2623
2625
2626
2627
2628
2629
2630
2631
2632
2633
2634
2635
2637
2638
2640
2641
2642
2643
2644
2646
2647
2648
2649
2650
2651
2652
2653
2654
2655
2656
2659
2662
2663
2664
2665
2666
2667
2668
2669
2670
2671
2672
2673
2674
2675
2676
2677
2678
2679
2680
2681
2682
2683
2684
2685
2686
2687
2688
2690
2691
2692
2693
2694
2695
2697
2698
2699
2700
2701
2703
2704
2705
2706
2707
2708
2709
2710
2711
2712
2714
2716
2717
2718
2719
2720
2721
2722
2724
2725
2726
2727
2728
2729
2730
2731
2732
2733
2734
2735
2736
2737
2738
2739
2740
2741
2742
7173
2743
2745
2746
2747
6633
2748
2749
2750
2751
2752
2753
2754
2755
2756
2757
2758
2759
2760
2761
2762
2763
2764
2765
2766
2767
2768
2769
2770
2771
2772
2774
2775
2776
2777
2778
2779
2780
2781
2782
2783
2784
2785
2786
2787
2788
2789
2790
2791
2792
2793
7119
2794
2795
2796
2797
2798
2799
2800
2801
2802
2803
2804
2805
2806
2807
2808
2809
2810
2811
2812
2814
2815
2817
2818
2819
2820
2822
2823
2824
2826
2827
2828
2829
2830
2831
2833
2834
2835
2836
2837
2838
2839
2841
2842
2843
2844
6125
2847
2849
2850
2851
2852
2853
2854
2855
2857
2859
2860
2861
2862
2863
2864
2865
2866
2867
2868
2870
2873
2874
2875
2876
2877
2878
2879
2880
2881
2882
2885
2886
2887
2888
2889
2891
2892
2893
2894
2896
2897
2898
2899
2900
2901
2902
2903
2904
2905
2906
2907
2908
2909
2910
2911
2912
2913
2914
2915
2916
2917
2918
2919
2921
2922
2924
2925
13305
2926
2927
2928
2929
2930
2931
2932
2933
2934
2935
2936
2937
2938
2939
2940
2942
2943
2944
2945
2946
2947
2948
2949
2950
2951
2952
2953
2954
2956
2957
2958
2959
2960
2961
2962
2963
2964
2965
2967
2968
2969
2970
2972
2973
2974
2975
2976
2977
2978
2979
2981
2982
2983
2984
2985
2986
2987
2989
8337
2991
2992
2993
2994
2995
2996
2997
2998
2999
3000
3001
3002
3003
3004
3005
3006
3007
3008
3009
3010
3012
3013
3014
3015
3016
3018
3019
3020
3021
3022
3024
3025
3026
3027
3028
3030
3031
3032
3033
3034
3036
3037
3038
3039
3041
3042
3043
3044
3045
3046
3047
3048
3049
3050
3051
3052
3053
3054
3055
3056
3057
3058
3059
3060
3061
3062
3063
3064
3065
3066
3067
3068
3069
3070
3071
3072
3073
3074
3075
3076
3077
3078
3079
3080
3081
3082
3083
3084
3085
3086
3087
3088
3090
3091
3092
3093
3094
3095
3096
3097
3098
3099
3100
3101
3102
3103
3104
3105
3106
3107
3108
3109
3110
3111
3112
3113
3114
3115
3116
3117
3118
3119
3120
3121
3122
3123
3124
3125
3126
3127
3128
3129
3130
3131
3132
3133
3134
3135
3136
3138
3139
3140
3141
3142
3143
3144
3145
3147
3149
3152
3153
3154
3155
3156
3157
3158
3159
3160
3161
3162
3164
3165
3166
3167
3169
3170
3171
3172
3173
3174
3176
3177
3178
3179
3181
10929
3183
3184
3185
3186
3187
3189
3190
3191
3192
3193
3194
3195
3196
3197
3198
3199
3200
3201
3202
3203
3205
3206
3207
3208
3209
3210
3211
3212
3213
3215
3216
3217
3219
3220
3221
3222
3223
3224
5451
3226
3227
3228
3229
3230
3231
3232
3233
3234
7794
3237
3238
3239
3240
3242
3243
3244
3245
3248
3249
3250
3253
3254
3255
3256
3259
3260
3261
3263
3264
11041
8516
3266
3267
3268
3269
3270
3272
3273
3274
3276
3277
3278
3279
3280
3282
3284
3285
3286
3288
3289
3290
3291
3292
3293
3295
3297
3298
3299
3300
3303
3305
3306
3307
3308
3309
3310
3312
3313
3314
3315
3316
3317
3318
6690
3321
3322
3323
3324
3325
3326
3327
3328
3330
3332
3334
3335
3336
3337
3340
3341
3342
3343
3344
3345
3346
3347
3348
3350
3352
3353
3354
3355
3356
7287
3357
3358
3359
3360
3361
3362
3363
3364
3365
3366
3367
3368
3369
3371
3372
3373
3374
3375
3376
3377
3378
3379
3380
3382
3383
3384
3385
3386
3387
3388
3389
8931
3390
3391
3392
3393
3394
3395
3396
3397
3398
3399
3400
3401
3402
3403
3405
3406
3407
3408
3409
3410
3411
3412
3413
3414
3415
3417
3418
3419
3420
3421
3422
3423
3424
3425
3426
3428
3429
3430
3431
3432
3433
3434
3435
3436
7598
3437
3438
3439
3440
3441
3442
3443
3444
3445
3446
3447
3448
3449
3450
3451
3452
3453
3454
3455
3456
3457
3458
3459
3460
3461
3462
3463
3464
3466
3467
3468
3469
3471
3472
3473
3474
3475
3476
3477
3478
3479
3480
3481
3482
3483
3484
3485
8774
11772
3486
3487
3488
3489
3490
3491
3493
3494
3495
3496
3498
3499
3500
3501
3502
3503
3504
3505
3506
3507
3509
3510
3511
3512
3513
3514
3515
3516
3517
3519
3520
3521
3522
3523
3524
3525
3526
3527
3528
3529
3530
3531
3532
3533
3534
3536
3537
3538
3539
3540
3541
3542
3543
3544
3545
3546
3547
3548
3551
3552
3553
3554
3555
3556
3557
5176
7365
3559
3560
3562
3563
3564
3565
3566
3567
3568
3569
3570
3572
3573
3574
3575
3576
3577
3578
3579
3580
3581
3582
3583
3584
3585
3586
3587
3588
3590
3591
3592
3593
3594
3595
3596
3597
3598
3599
3600
3601
3603
3604
3605
3606
3607
3608
3609
3610
3611
3612
3613
3614
3615
3616
3617
4364
3621
3622
3623
3624
3625
3626
3628
3629
3630
3631
3632
3633
3634
3635
3636
3637
3638
3639
3640
3641
3642
3643
3644
3645
3647
3648
3649
3650
3651
3652
3653
3654
3655
3656
3657
3658
3659
3660
3662
3663
3665
3666
3667
3668
3669
3670
3671
3672
3673
3674
3675
3676
3677
3679
3680
3681
3682
3683
3684
3685
3686
3688
3689
3690
3692
3693
3694
3695
3696
3697
3698
3699
3700
3701
3702
3703
3704
3705
3706
3707
3708
3709
3710
3711
3712
3713
3714
3715
3716
3717
3719
3720
3722
3723
3724
3725
3726
3728
3729
3730
3732
3733
3734
3735
3736
3737
3738
3739
3740
3741
3742
3745
3746
3747
3748
3749
3750
3751
3752
3753
3754
3755
3756
3757
3758
3760
3761
3762
3763
3764
3765
3766
3767
3768
3769
3770
3771
3772
3773
3774
3775
3776
3777
3778
3779
3780
3781
3782
3783
3784
3785
3786
5512
3788
3789
3790
3791
3792
3793
3794
3795
3796
3797
3798
3799
3800
3801
3802
3803
3804
3805
3806
3807
3808
3810
3811
3813
3814
3815
3816
3817
3818
3820
3822
3824
3825
3826
3827
3830
3831
3832
3833
3834
3835
3836
3837
3838
3839
3840
3841
3842
3843
3844
3845
3846
3847
3848
3849
3850
3851
3852
3853
3854
3856
3858
3859
3860
3861
3862
3864
3865
3866
3867
3868
3869
3870
3872
3873
3874
3875
3876
3877
3878
3879
3880
3881
3882
3883
3885
3886
3887
3888
3889
3890
3891
3892
3893
3894
3895
3896
3897
3898
3899
3900
3901
3902
3904
3905
3906
3907
3908
3909
3910
3911
3912
3913
3914
3915
3916
3917
3918
3919
3920
3921
3923
3926
3927
3929
3930
9849
10115
4455
3931
3932
3933
3934
3935
3936
3937
7483
5493
3939
3940
3941
3942
3944
3946
3947
3949
3950
3951
3952
3953
3954
3956
3957
3958
3959
3960
3962
3963
3964
3965
3966
3967
3969
3970
3971
12985
3974
3975
3976
3978
3979
3980
3981
3982
3984
3985
3986
3987
3988
3989
3990
3991
3992
3993
3994
3995
3996
4001
4002
4003
4004
4005
4006
4007
4008
4009
4011
4012
4013
4014
4015
4016
4017
4018
4019
4021
4022
4023
4024
4025
4026
4028
4029
4030
4031
4033
4035
4036
4037
4039
4040
4041
4042
4043
4044
4045
4046
4047
4048
4049
4050
4052
4053
4054
4055
4056
4057
4059
4060
4061
4062
4063
4064
4065
4066
4067
4068
4069
4070
4071
4072
4073
4074
4075
4076
4077
4078
4079
4080
4081
4082
4083
4084
4085
4086
4087
4088
4089
4090
4091
4092
4093
4095
4096
4097
4098
4099
4100
4101
4102
4103
4104
4105
4106
4107
4108
4109
4110
4111
4112
4113
4115
4116
4117
4118
4119
4120
4121
4122
4123
4124
4125
4126
4127
4128
4130
4131
4132
4133
4134
4135
4136
4137
4138
4140
4141
4142
4143
4144
4145
4146
4147
4148
4149
4150
4151
4152
4153
4154
4155
4156
4157
4158
4160
4161
4163
4165
4166
4167
4171
4172
4178
4182
4184
4186
4188
4189
4190
4192
4193
4194
4198
4201
4202
4203
4204
4205
4207
4208
4209
4210
4211
4213
4215
4216
4218
4219
4220
4223
4225
4226
4227
4228
5133
4229
4232
4235
4237
4238
4239
4242
5682
10909
4243
4245
4248
4251
4252
4253
4255
4257
4258
4260
4262
4264
4265
4266
4267
4268
4270
4272
4274
4275
4276
4279
4280
4281
4283
4286
4287
4292
4293
4294
4295
4296
4297
4299
4300
4303
4304
4306
4307
4311
4312
4313
4316
4319
4321
4325
4329
4330
4331
4333
4335
4336
4338
4340
4341
4342
13243
6231
4347
4348
4352
4355
4356
4357
4358
4361
4363
4365
4366
4368
4371
4372
4373
4379
4380
4382
4383
4387
4391
4392
4393
4394
4395
4398
4399
4403
4405
4411
4412
4413
4415
4418
4419
4420
4421
4422
4425
4426
4428
4430
4432
4433
4434
4436
4440
4443
6642
4445
4447
4448
4449
4452
4453
4454
4458
4459
4461
4463
4464
4466
4468
8582
4469
4471
4478
4482
4486
4488
4489
4496
4497
4502
4507
4508
4512
4515
4516
4517
4518
4519
4521
4530
4522
4524
4526
4527
4528
4529
4531
4533
4535
4538
4539
4542
4546
4547
4551
4553
4558
4559
4560
6136
11609
4561
4563
4566
6772
4570
4572
4574
4576
4577
4579
4580
4583
4584
4587
4588
4589
4592
4593
4596
4597
4600
4601
4605
4610
4613
4619
5796
5235
4631
4632
4636
4645
4646
4648
4652
4653
4655
4656
6216
4657
4661
4664
4669
4670
4673
4674
4676
4682
4687
4690
4693
4705
4707
4710
4712
4717
4718
4722
4724
4726
4728
4729
4731
4732
4733
4735
4739
4740
4748
4749
4751
4752
4755
4759
4777
4764
4768
4769
4770
4773
4776
4778
4782
4784
4797
6998
4803
4807
4815
4822
4829
4830
4831
4832
4838
4839
4840
4842
4845
4846
4847
4848
9043
4851
4855
4856
4857
5190
4859
12950
4860
4863
4868
4869
4870
4871
4872
4873
4876
4879
5257
4884
4890
8652
10135
4891
4892
4894
4895
4897
4898
4899
4901
4904
4905
4907
4908
4916
4921
4931
4940
4948
4952
4955
4960
4966
4967
4972
4975
4978
4985
4987
4993
4995
4998
6289
11574
11868
5005
5007
5186
5011
5013
5014
5016
5020
9107
11241
5025
5026
5027
6244
5034
5039
5043
5047
5048
5053
5055
5057
5064
5065
5066
5070
5071
5072
5074
5075
5076
5078
8909
5087
5089
5091
5092
5096
5098
5101
5102
5105
5106
5108
5109
5111
5112
5113
5114
5116
5117
5120
5121
5127
5128
5130
5132
5134
6133
5136
5142
5145
5147
8064
5148
5153
5159
5163
5170
5172
5175
5177
5178
5179
5181
5184
5185
5187
5188
5191
5195
5199
5201
5204
5205
5208
5211
5215
12338
5217
5218
6527
5223
5227
5229
5234
7542
5751
5929
5239
5240
5241
5242
5243
5244
5245
5246
5248
5249
5251
5254
5258
5260
5263
5264
5266
5267
5268
5269
5270
5271
5272
5273
5274
5275
5276
5277
5278
5280
5281
5282
5283
5284
5285
5286
5287
5288
5289
5290
5291
5292
5293
5294
5295
5296
5297
5298
5299
5300
5301
5302
5303
5304
5305
5306
5307
5308
5309
5310
5311
5314
5315
5316
5317
5318
5319
5320
5321
5322
5323
5325
5326
5328
5329
5330
5331
5332
5333
5334
5723
5335
5336
5337
5338
5339
5340
5341
5342
5343
5344
5345
5346
5347
5348
5349
5350
5351
5352
5353
5354
5355
5356
5357
5358
5359
5360
5361
5362
5363
5364
5365
5366
5368
5369
5370
5371
5373
5374
5375
5376
5377
5378
5379
5380
5388
5390
5420
5421
5422
5423
5424
5895
5425
5426
5427
5428
5429
5431
5432
5433
5434
5435
5437
5439
5440
5441
5442
5443
5444
5445
5446
5447
5448
5449
5450
5452
5453
5454
5455
5456
5457
5458
5459
5460
5462
5463
5464
5465
5466
5467
5469
5470
5471
5472
5474
5475
5476
5477
5478
5479
5480
5481
5482
5483
5484
5485
5486
5487
5488
5490
5491
5492
5494
5495
5498
5499
5500
5501
5502
5503
5504
5505
5506
5507
5508
5509
5510
5511
13586
5513
5514
5515
5516
5517
5518
5519
5520
5521
5522
5523
5524
5525
5526
5527
5528
5529
5530
5531
5532
5533
5534
5535
5536
5537
5538
5539
6278
5541
5542
5543
5544
5545
5547
5548
5549
5550
5552
5553
5555
5556
5557
5558
5559
5560
5561
13843
5562
5563
5564
5565
5566
5567
5568
5569
5570
5571
5572
5573
5574
6843
5575
5576
5577
5578
5579
5580
5581
5585
5586
5587
5588
5589
5591
5593
5595
5596
5597
5598
5600
5602
5603
5604
5605
5606
5607
5608
5609
5610
5611
5612
5613
5614
5615
5616
5617
5618
5620
5621
5622
5623
5624
5625
5626
5627
5632
5633
5634
5635
5636
5638
5639
5640
5641
5642
5643
5645
5646
5647
5648
5649
5650
5651
5652
5653
5654
5655
5657
5658
5659
5660
5661
5662
5664
5665
5667
5669
5670
5671
5673
5674
5676
5678
5681
5683
5684
5685
5686
5688
5689
5691
5692
5694
5695
5696
5697
5698
5699
5700
5701
5702
5704
5707
5708
5709
5710
5711
5712
5714
5716
5719
5720
5721
5722
9596
5724
5725
5726
5729
5730
5731
5732
5735
5736
5737
5738
5739
5740
5744
5745
5747
5749
5752
5754
5756
5759
5760
5761
5764
5765
5766
5768
5769
5773
5774
5775
5776
5777
5779
5780
5783
5785
5786
5787
5788
5792
5793
5800
5801
5803
5804
5805
5807
5808
5810
5811
5813
5814
9614
5819
5821
5823
5824
5825
5828
5832
5833
5834
5837
5838
5840
5841
5845
5847
5848
5849
5852
5853
5857
5858
5860
5862
5863
5864
5865
5867
5868
5869
9652
5872
5874
5875
5877
5879
5882
5883
5884
5885
5886
5888
5889
5891
5892
5893
5896
5899
5904
5906
5907
5908
5909
5911
5912
5913
5915
5916
5918
5919
5920
5921
5922
5924
5925
5926
5927
5930
5931
5932
5933
5934
5935
5936
5937
5938
5940
5941
5943
5945
5946
5947
5948
5949
5950
11317
5951
5952
5953
5956
5957
5959
5960
5963
5964
5965
5966
5967
5970
5971
5972
5977
5978
5979
5981
5984
5985
5986
5988
5989
5991
5993
5995
5996
5997
6554
8532
6001
6002
6003
6006
6010
6011
6012
6015
6020
6021
6022
6023
6026
6027
6028
6029
6031
8354
6033
6034
6035
6036
6038
6039
6044
6049
7361
6050
6051
7949
6052
6055
6057
6058
6060
6061
6062
6063
6065
6066
6068
6072
6073
6074
6078
6081
6088
6090
6093
6096
6100
6102
6108
6117
6118
6119
6120
6126
6131
11782
6134
6135
6139
6146
6147
6148
6150
6151
6153
6154
6156
6167
6168
6170
6171
6174
6175
9225
6201
6179
6181
6182
6184
6185
6186
6187
6188
6189
6191
6192
6194
6195
6196
6197
6198
10120
6200
6203
6206
6207
6208
6210
6211
6213
6214
6215
6217
6218
6220
6222
6224
6225
6228
6229
6233
6234
6237
6238
6240
6242
6243
8329
13084
6248
6249
6251
6253
6254
6255
6258
6262
6263
6264
6265
6266
6268
6269
6270
6271
6274
6276
6277
6279
13065
6280
6281
6282
6284
6286
6287
6291
6292
6293
6295
6297
6298
6299
6302
6303
6306
6309
6310
6316
6317
6322
6326
6328
6329
6330
6334
6340
6343
6348
6353
6354
6356
6362
6365
6367
6369
6371
6372
6374
6377
6378
6379
6380
6382
6383
6387
6388
6389
6390
6392
6393
6394
6397
6398
6399
6401
6402
6404
6406
6407
6410
6413
6414
6415
6420
6421
6423
6425
6427
6429
6431
6433
6438
6439
6443
6444
6448
6451
6453
6454
6455
6456
6457
6460
6461
6462
6463
6464
6466
6467
6469
6470
6472
6473
6474
6475
6476
6477
6480
6481
6483
6484
6485
6486
6487
6488
6490
6491
6493
10224
6495
6496
6797
6498
7267
6500
6503
6505
6506
6507
6511
6512
6515
6516
6518
6519
6520
6521
6524
6528
6531
6886
6532
6533
6535
6537
6538
6539
6540
6989
6543
6547
6548
6549
6552
6555
6560
6561
6562
6563
6568
6569
6570
6572
6573
6574
6575
6577
6578
6581
6582
6583
6584
6585
6587
6588
6590
6592
6594
6595
6596
6597
6598
6600
6601
6603
6606
6607
8631
6608
6609
6610
6613
6616
8981
6618
6619
13455
6626
6627
13788
6628
6629
6631
6636
6638
6639
6640
6641
6644
6646
6647
6649
6650
6654
6655
6658
6659
6663
6664
6668
6669
6673
6674
6676
6678
6682
6683
6686
6688
6691
6692
7733
6693
6697
6698
6699
6705
6706
6710
6711
6712
6713
6717
6719
6722
6724
6726
6728
6729
6732
6733
6736
6737
6739
6740
6741
6745
6746
6747
6748
6750
6752
6753
6758
6759
6763
6765
6768
6769
6771
6773
6774
6775
6776
6777
6781
6782
6785
6786
6792
6793
6796
6798
6800
6801
6804
6808
6809
6813
6814
6815
6816
6818
6819
6820
6821
6823
6824
6826
6827
6828
6831
6833
6834
6844
6846
6847
6848
6849
6854
6861
6864
6866
6870
6878
6884
6891
6896
6903
6908
6909
8660
6913
6916
6918
6921
6924
6928
6937
6946
6948
6950
6951
6952
7545
6960
6968
6970
8433
6973
6975
6976
6977
6979
6981
6982
6983
6984
6985
6986
6992
6997
6999
7000
7005
7006
7015
7017
7018
7021
7024
7026
7027
7031
7034
7035
7042
7044
7045
7048
7051
7054
7058
7059
7060
7061
7062
7063
7064
7067
7068
7070
7071
7072
7075
7076
7077
7078
7080
7081
7082
7083
7084
7085
7086
7088
7089
7091
7095
7096
7097
7098
7099
7103
7104
7105
7106
7109
7110
7113
7114
7115
7116
7117
7118
7120
7122
7125
7126
7127
7129
7130
7131
7133
7135
7137
7138
7141
7143
7144
7145
7148
7153
7154
7155
7157
7158
7160
7161
7163
7164
7165
7166
7167
7168
7171
9086
7174
7177
7178
7182
7183
7184
7185
7187
7188
7190
7191
7192
7193
7194
7195
7197
7198
7199
7202
7203
7205
7210
7212
7213
7214
7218
7220
7221
7222
7225
7227
7228
7229
7230
7232
7233
7234
7235
7239
7241
7243
7248
7249
7250
7251
7252
7253
7254
7255
7256
7258
7260
7261
7262
7263
7265
7266
7268
7269
7272
7273
7275
7276
7278
7279
7280
7281
7282
7283
7285
7286
7290
7291
7293
7295
7296
7297
7306
7307
7308
7309
7311
7318
9074
7323
7325
7328
7330
7332
7334
7335
7336
7338
7339
7340
7341
7342
7344
7350
7352
7353
7355
7356
7357
7359
7360
7363
7366
7367
7373
7375
7376
7378
7379
7381
7384
7385
7388
7389
7390
7394
7395
7396
7400
7401
7402
7403
7405
7409
7410
7418
7419
7420
7421
7423
7425
7426
7428
7429
7430
7433
7435
7436
7438
7441
7444
7445
7446
7447
7449
7450
7451
7453
7454
7457
7458
7460
7462
7463
7466
7467
7469
7476
7480
7482
7487
7488
7489
7491
7494
7501
7502
7507
7650
7509
7515
7516
7518
7520
7521
7523
7525
7526
7527
7528
7529
7534
7537
7543
7544
7546
7554
7556
7827
7568
7570
7572
7573
8922
7574
7575
7576
7577
7578
7580
7583
7584
7585
7589
7590
7591
7594
7596
7597
10796
7603
7604
7605
7607
7608
7609
7612
7614
7615
7618
7620
7621
7622
7623
7625
7626
7627
7634
7636
7637
7646
7648
7649
7655
7659
7665
7666
7667
7669
7670
7671
7673
7674
7675
7678
7679
7681
7683
7688
7689
7692
7693
7699
7702
7705
7706
7708
7709
7710
7711
7712
7713
7715
7717
7718
7720
7721
7724
7727
7728
7729
7730
7731
7732
7734
7735
7737
7738
7739
7740
7741
7742
7743
7744
7745
7746
7747
7748
7749
7750
7752
7753
7754
7755
7756
7757
7758
7759
7760
7761
7763
7765
7766
7767
7768
7769
7770
7771
7772
7774
7775
7776
7777
9418
7778
7779
7781
7782
7783
7784
7786
7787
7788
7789
7791
7792
7793
11969
11464
7795
7796
7797
7799
7801
7803
7804
7805
7806
7807
7808
7809
7810
7811
7812
7813
7814
7815
7817
7818
7819
7820
7822
7824
7826
7828
7830
7831
7834
7836
7839
7841
7844
7846
7847
7850
7852
7854
7856
7857
7858
7859
7860
7861
7863
7864
7865
7869
7870
7873
7874
7875
7877
7878
7879
7880
7881
7882
7883
7884
7885
7886
7887
7888
7889
7890
7891
7892
7893
7894
12561
7896
7897
7899
7900
7905
7907
7909
7910
7911
7913
7914
7915
7916
7917
7918
7919
7920
7921
7923
7925
7927
7929
7930
7931
7932
7933
7935
7938
7940
7941
7945
7946
7947
7951
7952
7954
7955
7956
7957
7962
7966
7967
7968
7969
7970
7971
7973
7977
7978
7981
7983
7984
7985
7986
7987
7989
7992
7993
7994
7996
7999
8000
8001
8003
8004
8006
8007
8008
8011
8012
8013
8014
8015
8016
8017
8018
8021
8022
8023
8024
8025
8026
8028
8029
8031
8032
8034
8036
8038
8042
8043
8045
8046
8048
8049
8050
8051
8052
8053
8058
8060
8065
8067
8068
8069
8070
8071
8072
8073
8074
8075
8078
8079
8080
8081
8082
8085
8086
8088
8089
8090
8091
8095
8098
8099
8102
8103
8104
8105
8107
8108
9510
8113
8114
8117
8119
8120
8121
8126
8128
8129
8130
8131
8138
8139
8140
8142
8143
8146
8149
8150
8151
8152
8153
8154
8155
8156
8158
8159
8160
8162
8163
8164
8165
8169
8172
8174
8175
8176
8177
8178
8179
8180
8181
8182
8183
8188
8189
8191
8192
8193
8195
8196
8198
8199
8209
8210
8212
8214
8216
8219
8220
8221
8222
8225
8232
8233
8235
8238
8244
8247
8249
8252
8256
8257
8260
8265
8266
8267
8270
8272
8273
8276
8277
8282
8283
8284
8285
8287
8290
8291
8293
8296
8298
8299
8301
8307
8309
8312
8313
8315
8319
8322
8328
8330
8331
8332
8334
8335
8336
8338
8339
8345
8348
8349
8351
8356
8357
8358
8365
8367
8368
8371
8377
8378
8379
8380
8381
8382
8383
8384
8385
8386
8388
8390
8392
8393
8396
8399
8400
8401
8404
8405
8406
8407
8410
8417
8419
8420
8422
8423
8426
8428
8429
8436
8437
8438
8439
8440
8441
8443
8448
8450
8452
8453
8456
8459
8460
8463
10717
8464
8465
8467
8470
8472
8473
8474
8476
8477
8479
8481
8482
8572
8484
8485
8488
10547
8492
8497
8498
8499
8501
8503
8505
8506
8507
8508
8509
8511
8512
8514
8515
8519
9238
8522
8524
8527
8530
8534
8537
8539
8542
8543
8544
8545
8546
8547
8549
8552
8553
8558
8559
8560
8562
8563
8565
8566
8567
8568
8570
8573
8574
8577
8578
8579
8580
8581
8583
8584
8586
8588
8589
8590
8591
8592
8593
8599
8602
8603
8606
8607
8610
8612
8613
8614
8615
8617
8619
8623
8625
8626
8629
8632
8634
8635
8636
8637
8638
8640
8643
8644
8646
8647
8651
8653
8654
8656
8657
8658
8659
8661
8664
8666
11768
8668
8669
8670
8671
8672
8674
8675
8677
8678
8680
8682
8683
8684
8685
8686
8688
8689
10386
8692
8695
8698
8703
8705
8709
12160
8710
8714
8718
8721
8722
8723
8725
8726
8727
8729
8730
8731
8732
8735
8741
8742
8744
8750
8752
8754
8755
8758
8759
8761
8762
8764
8765
8767
8768
8772
8773
8775
8777
8779
8780
8781
8782
8784
8785
12145
8787
8788
8789
8790
10623
8793
8794
8797
8798
8800
8801
8802
8803
8805
8807
8808
8809
8811
8812
8814
8816
8822
8823
8824
8826
8827
8829
8830
8831
8832
8833
8835
8836
8837
8838
8839
8840
8841
8845
8847
8848
8852
8858
8862
8865
8869
8872
8874
8877
8880
8882
8883
8884
8885
8888
8890
8891
8892
8893
8894
8896
8899
8900
8901
8902
8903
8905
8907
8913
8914
8915
8917
8918
8919
8920
8927
8928
8930
8933
8936
8938
8941
8943
8944
8948
8954
8955
8956
8959
8962
8964
8965
8969
8970
8972
8973
8975
8976
8978
8979
8980
9174
8984
8985
8988
8990
8991
8992
8993
8995
8997
9001
9005
9007
9010
9011
9012
9014
9017
9019
9021
9022
9023
9033
9034
9036
9038
9040
9045
9046
9048
9050
9054
9061
9065
9066
9069
9075
9077
9078
9079
9081
9082
9083
11793
9087
9093
9095
9096
9097
9101
9104
9108
9109
9111
9119
9120
9122
9125
9128
9129
9130
9135
9139
9140
9747
9144
9145
9149
9159
9161
9167
9171
9172
9173
9176
9180
9181
9190
9192
9201
9202
9203
9205
9206
9207
9208
9209
9215
9219
9221
9222
9223
9229
9231
9232
9233
9236
9241
9242
9243
9245
9252
9253
9254
9257
9259
9261
9263
9264
9265
9272
9273
9274
9277
9279
9280
9287
9288
9292
9294
9295
9300
9302
9307
9308
9310
9311
9315
9316
9317
9318
9319
9321
9322
9324
9325
9326
9327
9330
9334
9336
9338
9341
9347
9348
9354
9356
9357
9360
9365
9366
9367
9369
9377
9385
9386
9387
9388
9389
9392
9398
9400
9402
9405
9408
9409
9410
9411
9412
9419
9422
9423
9425
9426
9427
9428
9430
9445
9447
9449
9450
9451
9452
9453
9468
9471
9474
9477
9479
9480
9481
9482
9485
9491
9496
9497
9500
9507
9509
9525
9530
9531
9532
9541
9545
9549
9550
9551
9553
9555
9558
9559
9562
9564
10000
9565
9572
9574
9575
9578
9580
9581
9583
9584
9585
9587
9592
9597
9598
9604
9605
9606
9608
9613
9616
9617
9619
9621
9625
9628
9630
9632
9634
9635
9636
9638
9640
9642
9645
9646
9647
9648
9651
9653
9658
9663
9666
9670
9674
9676
9681
9682
9684
9685
9691
9692
9695
9696
9700
9702
9710
9718
9719
9723
9726
9728
9730
9733
9734
9743
9750
9753
9754
9755
9757
9758
9761
9763
9765
9769
9776
9777
9842
9845
9848
9850
9852
9856
9857
9861
9862
9863
9865
9868
9869
9870
9874
9875
9876
9877
9880
9881
9882
9884
9886
9889
9891
9893
9896
9904
9909
9911
9912
9913
9914
9915
9917
9919
9920
9923
9930
9933
9938
9944
9948
9949
9951
9955
9959
9960
9962
9965
9967
9968
10305
9970
9972
9974
9975
9976
9980
9981
9983
9986
9988
9993
9995
9997
9998
10003
10005
10008
10012
10013
10016
10017
10018
10021
10024
10027
10028
10029
10031
10035
10038
10044
10045
10046
10047
10048
10049
10050
10051
10053
10057
10058
10059
10060
10064
10066
10069
10070
10072
10075
10076
10077
10079
10082
10087
10097
10102
10103
10105
10106
10109
10114
10118
10119
10122
10124
10126
10131
10139
10140
10141
10146
13123
10149
10150
10153
10154
10156
10158
10160
10162
10163
10164
10165
10166
10167
10350
10168
10169
10170
10171
10173
10183
10185
10186
10190
10192
10196
10199
10200
10201
10202
10211
10213
10214
10216
10217
10218
10227
10228
10234
10237
10243
10245
10247
10252
10259
10261
10262
10263
10264
10265
10269
10272
10274
10276
10277
10279
10281
10286
10298
10300
10304
10306
10308
10313
10318
10321
10325
10330
10342
10347
10348
10352
10353
10354
10356
10363
10366
10371
10388
10395
10406
10407
10409
10411
10414
10416
10417
10419
10422
10424
10427
10430
10439
10441
10444
10451
10454
10458
10460
10462
10463
10466
10467
10473
10476
10477
10480
10482
10485
10487
10489
10492
10494
10496
10499
10500
10504
10506
10508
10513
10514
10516
10517
10518
10525
10527
10529
10530
10531
10532
10534
10535
10540
10544
10546
10551
10553
10555
10557
10559
10567
10570
10572
10575
10576
10577
10578
10584
10585
10586
10590
10593
10595
10597
10600
10601
10607
10615
10616
10619
10622
10637
10640
10644
10645
10646
10649
10650
10655
10658
10660
10661
10666
10670
10672
10677
10678
10679
10682
10684
10685
10686
10691
10692
10697
10700
10702
10709
10714
10715
10716
11117
10719
10720
10723
10728
10732
10733
10735
10736
10743
10746
10752
10755
10758
10759
10766
10767
10769
10772
10775
10777
10778
10782
10785
10787
10788
10797
10799
10801
10803
10814
10823
10829
10832
10835
10839
10845
10848
10849
10856
10858
10860
10862
10867
10868
10869
10871
10872
10875
10879
10885
10887
10890
10891
10892
10893
10894
10914
10920
10924
10941
10948
10949
10951
10953
10954
10955
10956
10965
10967
10968
10970
10971
10973
10985
10987
10988
10990
10995
10997
11002
11008
11010
11013
11015
11017
11018
11019
11020
11023
11026
11027
11036
11043
11046
11047
11048
11051
11052
11054
11058
11059
11060
11062
11063
11066
11067
11068
11069
11070
11073
11075
11078
11079
11081
11082
11089
11096
11097
11102
11103
11107
11110
11112
11113
11114
11116
11121
11122
11129
11130
11131
11138
11139
11141
11142
11144
11148
11149
11154
11160
11161
11162
11163
11165
11168
11170
11171
11174
11179
11186
11194
11197
11202
11206
11214
11215
11221
11222
11230
11233
11240
11248
11250
11252
11253
11254
11255
11260
11262
11266
11268
11271
11277
11278
11279
11282
11291
11294
11297
11311
11316
11322
11323
11324
11325
11328
11331
11332
11335
11336
11337
11338
11339
11342
11354
11355
11360
11361
11362
11363
11375
11379
11381
11382
11387
11391
11394
11410
11411
11414
11417
11418
11423
11424
11426
11429
11430
11431
11432
11434
11439
11440
11447
11452
11454
11455
11460
11461
11462
11463
11468
11470
13036
11473
11474
11480
11482
11483
11484
11485
11492
11493
11494
11495
11496
11497
11498
11500
11501
11504
11510
11514
11515
11516
11518
11519
11525
11529
11532
11533
11534
11536
11544
11548
11549
11552
11556
11558
11559
11561
11562
11563
11564
11565
11573
11575
11579
11580
11582
11588
11589
11591
11595
11597
11602
11604
11605
11606
11607
11614
11615
11619
11621
11629
11631
11632
11633
11636
11637
11645
11648
11656
11657
11658
11660
11665
11666
11667
11668
11671
11672
11673
11674
11678
11682
11683
11685
11688
11689
11694
11695
11697
11698
11701
11703
11704
11710
11715
11717
11719
11721
11723
11724
11726
11727
11728
11735
11739
11741
11742
11744
11746
11754
11757
11760
11761
11762
11764
11767
11777
11785
11788
13261
11797
11799
11801
11802
11804
11805
11807
11809
11810
11813
11816
11817
11818
11821
11822
11829
11830
11832
11834
11835
11836
11837
11841
11844
11847
11848
11849
11890
11858
11859
11861
11862
11864
11867
11869
11870
11871
11874
11878
11883
11889
11891
11893
11894
11895
11897
11898
11900
11902
11903
11908
11909
11912
11915
11921
11927
11932
11933
11940
11943
11946
11954
11958
11959
11962
11963
11964
11965
11966
11976
11977
11980
11982
11983
11987
11989
11990
11992
11993
11994
11995
11996
12000
12003
12010
12016
12018
12021
12024
12036
12045
12046
12047
12050
12052
12059
12073
12076
12077
12081
12083
12084
12088
12090
12093
12095
12099
12103
12108
12117
12119
12120
12123
12124
12130
12134
12135
12137
12139
12142
12143
12148
12151
12162
12163
12169
12170
12171
12172
12175
12177
12180
12183
12185
12188
12189
12191
12192
12193
12196
12198
12202
12204
12205
12206
12209
12210
12213
12214
12218
12219
12220
12221
12222
12223
12224
12225
12226
12227
12229
12230
12232
12233
12234
12239
12241
12245
12247
12249
12251
12252
12253
12256
12262
12263
12266
12267
12268
12270
12271
12275
12279
12280
12284
12285
12286
12287
12288
12292
12293
12294
12295
12296
12298
12299
12302
12303
12304
12305
12306
12308
12311
12313
12316
12326
12331
12336
13567
12340
12341
12344
12345
12347
12349
12350
12353
12355
12357
12358
12365
12367
12368
12369
12370
12375
12377
12379
12382
12385
12386
12388
12390
12392
12393
12394
12397
12399
12401
12402
12404
12408
12409
12413
12414
12415
12416
12418
12420
12423
12428
12431
12432
12433
12435
12439
12441
12442
12446
12447
12449
12452
12454
12461
12469
12470
12472
12474
12481
12482
12491
12494
12502
12503
12504
12508
12509
12511
12512
12517
12518
12523
12527
12537
12540
12541
12545
12548
12550
12551
12552
12553
12554
12555
12557
12559
12560
12563
12566
12567
12572
12573
12574
12575
12577
12579
12581
12587
12591
12593
12606
12607
13260
12609
12611
12614
12620
12621
12627
12629
12630
12631
12634
12635
12636
12637
12640
12646
12648
12649
12650
12651
12652
12653
12655
12659
12660
12662
12663
12664
12666
12668
12671
12672
12675
12680
12681
12682
12686
12688
12691
12697
12699
12705
12707
12708
12710
12718
12724
12725
12726
12728
12730
12731
12734
12736
12737
12739
12741
12742
12743
12744
12746
12747
12748
12750
12751
12754
12755
12756
12757
12759
12761
12764
12766
12768
12769
12774
12777
12778
12779
12781
12787
12791
12795
12797
12798
12801
12802
12811
12812
12813
12817
12819
12822
12826
12829
12830
12831
12833
12835
12836
12837
12840
12843
12844
12845
12847
12848
12849
12850
12851
12854
12855
12857
12858
12859
12864
12865
12867
12868
12869
12870
12871
12873
12874
12877
12881
12902
12882
12884
12886
12888
12891
12893
12894
12895
12897
12898
12899
12900
12901
12906
12907
12910
12911
12912
12916
12922
12926
12927
12928
12933
12934
12936
12937
12941
12946
12947
12949
12951
12952
12953
12954
12957
12958
12960
12961
12963
12968
12973
12974
12976
12978
12979
12981
12984
12987
12992
12993
12996
12997
12998
13000
13001
13004
13009
13010
13011
13013
13015
13016
13019
13020
13022
13025
13027
13030
13033
13034
13035
13041
13044
13046
13047
13048
13049
13051
13054
13064
13066
13068
13069
13070
13073
13075
13076
13081
13083
13086
13087
13088
13092
13094
13095
13096
13101
13106
13107
13112
13113
13115
13116
13119
13122
13125
13131
13132
13134
13135
13136
13142
13143
13144
13145
13146
13147
13159
13164
13169
13173
13175
13178
13185
13186
13187
13195
13197
13198
13202
13203
13204
13207
13208
13210
13211
13212
13214
13215
13218
13223
13226
13229
13230
13234
13238
13240
13242
13244
13247
13249
13253
13254
13255
13257
13258
13259
13377
13264
13266
13269
13271
13272
13274
13275
13276
13277
13280
13282
13284
13285
13286
13288
13291
13296
13297
13300
13301
13307
13308
13312
13313
13315
13316
13317
13319
13321
13323
13324
13325
13326
13329
13331
13332
13334
13337
13338
13339
13341
13342
13343
13347
13350
13352
13354
13356
13364
13365
13367
13369
13370
13371
13372
13376
13378
13379
13384
13388
13390
13391
13394
13396
13397
13399
13401
13404
13405
13412
13414
13416
13418
13420
13421
13424
13426
13428
13430
13434
13436
13437
13438
13439
13440
13441
13443
13444
13445
13446
13448
13449
13457
13459
13460
13461
13462
13468
13469
13470
13471
13472
13473
13474
13477
13478
13480
13482
13483
13484
13485
13486
13487
13488
13489
13492
13496
13497
13498
13499
13500
13501
13503
13508
13509
13510
13512
13514
13520
13525
13526
13529
13530
13531
13532
13535
13536
13539
13541
13543
13545
13551
13552
13553
13555
13556
13557
13560
13564
13568
13570
13578
13587
13588
13592
13597
13602
13607
13617
13625
13626
13636
13648
13658
13693
13697
13711
13721
13726
13727
13730
13741
13742
13749
13759
13761
13762
13767
13768
13780
13787
13795
13796
13798
13803
13804
13809
13811
13812
13813
13815
13817
13819
13827
13833
13835
13840
13845
13850
13856
13858
13859
13863
13866
13869
13872
13875
13877
13879
13881
13888
13889
13894
13900
13908
13913
13921
13935
13952
13964
13973
13975
13977
13978
13980
13987
13988
13989
13999
14001
14004
14006
14007
14008
14012
14015
14016
14021
14027
14028
14030
14031
14033
14045
14051
14062
14072
14074
14079
14093
14096
14099
14101
14103
