3031
2
6817
3806
7
8
4249
1522
41
705
6827
2221
755
118
497
25
145
26
5242
8623
234
36
57
58
64
75
76
82
87
88
94
97
98
110
3899
4180
594
1758
112
113
316
117
126
1539
2697
810
1867
335
404
130
5648
131
132
133
134
5888
261
3815
171
5559
136
143
140
141
5630
737
3084
5171
9813
222
154
156
306
157
158
2445
160
3825
3822
164
170
1699
8174
176
177
5556
182
320
190
191
195
196
7362
2211
197
2186
7414
422
198
200
201
205
212
221
227
233
236
237
240
4296
266
267
270
476
272
274
276
4932
7126
8141
3894
2660
1883
277
280
281
1153
282
7697
2229
5432
2367
285
286
4615
5480
713
4841
287
5571
9767
7785
6878
6825
4053
296
297
298
299
300
447
302
304
329
305
307
311
313
314
315
319
321
323
325
327
328
334
857
338
1059
6259
1238
1385
6267
339
341
342
345
350
352
353
354
355
356
359
501
360
361
5252
367
368
369
370
371
372
377
380
382
784
842
5060
384
385
387
5797
390
392
394
399
2143
401
406
411
413
414
4609
417
963
421
589
424
426
428
429
432
433
434
440
796
2652
437
446
450
452
453
454
457
458
460
467
469
7648
474
475
3682
2278
742
4234
3417
479
482
483
484
492
494
4843
6495
495
496
499
500
503
505
506
507
508
509
510
512
516
750
528
530
534
536
540
544
547
548
9891
9835
1265
3737
10364
551
552
558
1355
571
572
575
578
579
4832
9009
580
581
582
583
926
1735
584
585
586
587
588
2215
9297
591
592
593
3442
596
6026
2251
5430
598
599
602
604
606
607
609
613
615
5468
616
8250
9243
617
618
619
621
624
625
630
631
632
5157
636
640
641
642
643
644
972
647
648
2119
649
655
657
659
662
663
664
665
666
667
675
676
3025
679
3903
682
686
687
690
726
692
694
3434
702
703
704
1188
1157
3046
6663
3435
3728
712
714
715
716
717
718
719
721
725
727
728
729
733
734
8281
3707
745
748
4808
753
10675
758
759
6029
764
765
769
773
777
778
785
2738
787
789
790
791
792
794
795
797
802
804
805
806
809
826
811
812
813
814
816
818
819
821
2753
4422
4871
3944
5817
4262
822
824
825
5131
829
830
831
833
834
835
836
837
4974
2246
838
841
4024
5307
843
2071
844
845
846
847
5380
1503
848
852
853
4198
854
2006
855
2116
4550
11819
860
864
865
878
866
867
869
873
874
875
876
877
879
880
884
885
888
890
6439
7985
10299
894
895
5097
896
897
898
899
943
900
902
906
907
5633
912
916
918
920
921
923
925
7043
927
928
1325
6868
4988
929
930
934
937
939
940
5609
1158
944
951
952
953
954
955
956
962
968
4361
4886
1456
973
3024
6888
6124
976
977
978
979
980
983
984
986
989
990
991
7555
993
7196
994
995
5938
999
1001
1002
4631
1003
1004
1005
1007
1008
1010
1011
1013
1014
1015
1126
1016
1047
1049
1052
1053
1054
2899
1057
1060
1066
1087
1070
1071
1074
1075
1077
1078
1079
1080
1082
1083
1084
1088
1091
1092
1093
1094
1095
1098
1099
1100
4364
1101
1103
1105
1106
6510
1107
1109
1117
1118
1119
1121
1122
1123
1125
4877
1132
1133
1134
1135
1139
1142
1143
1144
1145
1146
1147
1148
1150
1155
1156
6696
4989
1159
1161
10767
1163
1165
1167
1168
1170
1171
1959
1173
1174
1175
1176
1177
1178
1181
1183
1185
1186
6069
1464
1189
1191
1192
1193
1195
1197
1198
1523
1199
1200
1201
1202
1203
1206
1562
1210
1212
1216
7073
1218
1219
7228
1220
1222
1223
1224
1225
1310
1226
1227
1229
1230
1232
1234
1235
1236
1237
6973
1239
1240
1241
5321
1244
1245
1246
1249
1251
1252
1253
1254
1256
1258
1259
1260
1261
3049
1262
2611
1268
1270
1399
1273
1274
1281
1284
1285
1286
1289
10568
1293
1983
1294
1296
1298
1299
1300
1301
1302
1311
1313
6355
5957
1316
1318
1320
1321
1324
1326
1328
10674
1329
1333
5456
1335
1337
1738
7406
1747
1340
1341
1343
1347
3706
1349
1354
1358
1359
1360
2426
1372
1376
1377
1378
1380
1382
1384
1386
10151
1387
1390
7144
1392
8971
1394
1396
1398
1400
1401
1411
1419
1423
1426
1431
1433
1437
1441
5922
1445
1446
1447
1448
1449
1450
1451
6185
1453
1457
1459
1461
9977
1462
1467
1471
1472
1473
8398
6774
1476
1477
1479
2306
1488
1489
1490
4089
1491
1494
1499
3431
1504
1510
1513
1520
3444
1524
1525
1526
1532
1533
1534
1535
1538
5280
5069
5143
1540
1542
1543
1544
1546
1547
1550
1572
1575
1578
1579
1582
1588
1589
1598
1599
1600
1604
1623
1627
8127
1631
1760
1982
1633
1635
1637
1644
1646
1671
1676
1679
1684
1688
1698
1700
1701
1703
1705
1706
1707
1708
1712
1715
1721
1725
1727
1732
1736
1737
1739
1740
7626
8342
1756
1757
1763
1764
1768
1771
1781
1783
1787
1793
1796
1798
1809
1810
1812
1813
1815
10504
1816
1826
1836
1841
1845
1849
1853
5712
1858
1864
1868
1869
1874
10429
1885
9461
1886
1889
1904
2153
1910
1912
5707
1921
3006
1943
1944
4097
1946
8123
1950
1951
1953
1955
1960
1961
1964
1965
1966
1967
1970
1977
1978
3317
1984
1986
2226
1987
1988
1993
1995
6275
2007
2011
2013
2021
2022
2024
2029
2038
2041
2058
2060
2065
2067
2070
2074
2075
2076
2077
2078
2084
2085
2088
2090
2091
2092
2095
2099
2100
2102
2103
6227
9429
2104
2105
2106
2108
2109
2110
2111
2112
2113
2114
2121
2122
2123
2133
2135
2136
2149
2154
2155
2156
2157
2160
2161
2164
2166
2167
2172
2174
2848
2175
2176
3023
2178
2182
2185
2191
2193
2197
2201
2202
2206
2207
2210
6266
2212
10745
2213
3587
2216
2217
2219
2224
4663
2232
2237
2238
2240
2241
2244
9809
2245
2247
2249
2250
9665
2252
2255
2257
2258
2371
2264
2265
2266
2268
6937
5966
2273
2870
2743
2276
5697
2277
6545
7283
2280
2283
2284
2286
2291
2294
2310
2321
2326
2327
2328
2331
2340
2341
2349
2358
2369
6737
4290
2372
2373
6479
2378
2381
2387
2388
2392
2399
2400
2404
2410
2416
2417
2420
2429
2430
2431
2435
2437
2438
2440
2444
2448
4014
3606
6845
2453
2454
2457
2460
2470
2471
2474
2475
2476
2479
4012
2483
2484
5189
2486
2490
2493
2496
2497
2500
2501
2504
5759
2510
2511
2514
2525
2526
2527
2529
2534
2536
2782
2540
2542
2543
2546
8590
2550
2551
2552
2553
7244
2562
2564
2565
2571
6206
2579
2586
2587
2589
2590
2591
2594
2595
2596
2603
2605
2608
2618
6926
2622
2623
2624
2625
2626
2629
2641
2646
2649
4456
2654
2659
2790
2662
2667
2668
2669
2672
9381
2673
2684
2686
2687
2690
2693
2696
2698
2700
2702
2705
2706
2707
2708
2709
2711
3909
2712
2715
2721
2716
2717
5582
2724
2726
2728
2732
2733
2737
2739
2742
2744
2745
2749
2750
2752
2754
2755
2758
9456
3098
7581
2760
4106
2761
2766
2770
2772
2773
4378
2779
2780
2787
2788
2792
2794
6876
2795
2796
2807
2814
2815
2816
2821
2825
2828
2830
11516
10505
2833
2834
2838
2840
2841
2842
2843
2847
5642
2852
2853
2856
2862
2863
2868
2869
2873
2874
2877
2883
2885
2886
2888
2889
2890
5049
2891
2893
2894
2897
2907
2908
2910
5482
2913
2915
2916
2919
2920
2923
2926
2927
2929
2931
2943
2947
6286
2951
2953
2956
2958
2959
2965
2966
6466
2967
2969
2971
2982
2985
2987
2988
2989
2990
2991
2992
2998
2999
3000
3001
3013
3014
3022
10268
3026
3027
3034
3035
3037
3038
3039
3041
3044
3047
3048
3050
3054
3057
3058
3064
3065
3067
3072
3077
3078
3080
3082
3083
3086
3091
3093
3099
3116
3121
3125
3130
3134
3137
3138
3139
3141
3143
3145
3150
3152
3154
3158
3162
3163
3164
10543
3167
3169
3171
3172
3175
3178
3181
3184
3194
3198
3210
3215
3226
3227
9407
3236
3243
3246
3249
3251
3257
3259
3260
3261
3263
3265
3267
3269
3272
3273
3274
3276
3280
3281
3283
3284
3287
3289
3290
3291
3292
3301
9537
9482
6001
4604
3307
3308
3309
7968
3311
3312
3313
3314
3322
3324
3327
3331
3334
3336
3337
3338
3339
3341
3344
3345
3347
3348
3350
3354
3361
5455
3362
4307
3368
3369
3370
3371
3372
3373
3374
3375
3376
3379
3381
3383
3384
3386
3389
3397
3402
4639
3403
3404
3405
3410
3412
3419
3420
3425
3428
3430
3437
3439
3440
3441
3443
7860
3445
5800
3449
3450
3451
3458
3459
3466
3473
3475
3478
3479
3491
3498
3500
3508
3509
3511
3512
3518
3522
3527
3534
3561
3540
3543
3555
3559
3567
3568
3571
3573
7137
3574
3575
3576
3577
3581
3584
4807
3586
3589
3590
3597
3738
10170
3614
3624
3630
3634
3637
3638
3642
3644
3645
3649
3650
3651
3653
3654
3657
3661
3662
3663
3666
3668
3671
3679
5522
3685
3691
3692
3694
3701
6896
3702
3703
9984
3718
3721
3725
3727
3734
7050
3740
3743
3745
3747
4981
3749
3751
3757
3758
3759
3760
3761
4902
3762
3763
3768
3769
3771
3784
3786
3787
3795
3799
3800
4853
3802
3807
5264
3808
3809
3810
3812
3816
3818
3819
6362
3820
3821
3828
3832
3833
3834
3836
3842
3845
3851
3852
3854
3857
3858
3859
3861
3863
3864
3865
3867
3868
3870
3871
3872
3874
3875
3882
3885
3887
3895
3896
3901
3904
3906
3907
3908
3912
3919
3922
3926
3930
3932
3936
3938
3940
3945
3946
3949
3951
3959
3963
5702
3969
3970
3971
3978
3980
3981
3984
3985
3987
3989
3993
3997
4003
4006
4011
4013
4015
4017
4021
4023
8900
4025
4026
4035
4036
4037
4038
4040
4042
4043
4045
4046
4048
4049
8071
4050
6612
4055
4056
4057
4064
4072
4076
4079
4081
4082
4087
4090
4092
4093
4261
4102
4103
4104
4107
4108
4109
4111
4113
4115
4116
4119
4121
4126
4136
4138
4141
4144
4148
4149
4155
4156
4159
4160
4161
4162
9336
10810
4172
4173
4175
4176
4177
4178
4179
4183
4187
4191
4192
4194
4196
4199
4200
4202
4204
4205
4207
4213
4215
4216
4218
4220
4221
4224
4231
4233
4240
4241
4242
4243
4244
4250
4252
4255
4267
5577
4273
4274
4276
4278
4280
4284
4285
4287
4288
4289
9802
4291
4778
5324
4292
4582
6035
6263
4297
4298
4299
4300
4302
4304
4942
4306
4309
4312
4313
4317
4318
4320
4321
4329
4333
4334
4338
4345
4346
4349
4351
4354
4355
4477
4357
4359
4360
4363
4365
4366
4367
4368
4369
4370
4371
4372
4375
4376
4377
4379
4380
4382
4383
4384
4387
4388
4389
4390
4393
4394
4395
4396
4397
4400
4401
4402
4406
4407
4408
4409
4414
4419
4420
4423
4424
4425
4428
4429
4430
4431
4432
4434
4436
4437
4441
4442
4443
4444
4445
4446
4447
4450
4452
4453
4458
4459
4462
5070
5727
4464
4465
4468
4469
4474
4478
4481
4482
4483
5699
4484
4485
4486
4487
4493
4494
4503
4504
4505
4519
4520
4523
4525
4532
4533
4534
7836
4536
4537
4542
4544
4547
4548
4549
4829
4551
4552
4553
4554
4557
4558
4559
4560
4561
4562
4563
4565
4566
4567
4568
4570
4571
4572
4573
4574
4575
4576
4577
4579
4581
4583
4585
4588
4590
4591
4592
4594
4595
4597
5356
4598
4599
4600
4601
4603
4605
4606
4608
9037
4613
4614
4620
4621
4625
4628
4630
4634
4635
4636
4637
4638
4640
4641
4642
4643
4644
4645
4646
4648
4649
4650
4651
4652
4653
4654
4655
4656
4657
4658
4659
4660
4661
4664
4665
4666
5594
4667
4668
4669
4670
4671
4672
4673
4674
4675
4676
4677
4678
4679
4680
4681
4682
4683
4684
4685
4686
4687
4688
4689
4690
4691
4692
4694
4695
4696
4697
4698
4699
4700
4701
4702
4703
4704
4705
4707
4708
4709
4710
4711
4712
4713
4714
4716
4717
4719
4721
4722
4723
4724
4725
4726
4727
4731
4732
4733
4735
4736
4737
4738
4739
4740
5777
4741
4742
4743
4744
4745
4747
4748
4749
4750
4751
4752
4753
4754
4755
4756
4758
4759
4760
4761
4762
4763
4764
4765
4766
4767
4768
4769
4770
4772
4773
4774
4775
4776
4777
6846
4779
4780
4781
4782
4783
4784
4785
4786
8075
4788
4789
4790
4791
4792
4793
4794
4796
4798
4799
4800
4803
4804
4805
4806
4809
4810
4811
4812
4813
4815
4816
4817
4818
4819
4820
4821
4823
4824
4826
4827
4830
4835
4836
8147
4837
4838
4839
4840
4842
4848
4849
4850
4851
4852
4854
10854
4855
5691
4856
4857
6755
8649
5847
4859
4860
4861
4863
4864
4866
4867
4870
4872
4873
4874
4875
4878
4879
4880
4882
4883
4884
4887
4888
4889
4890
4893
4895
4899
4901
4903
4904
4905
4906
4907
4908
4909
4911
4913
4914
4915
4916
4917
4918
4919
4920
4922
4923
4924
4925
4926
4928
4930
4931
4933
4934
4935
4936
4937
4939
4940
4943
4946
4947
4948
4949
4951
4952
4953
4954
4955
4958
4960
4961
4963
4964
4965
4966
4967
4969
4972
4973
4976
4977
4978
4980
4982
4983
4984
4985
4986
4987
4990
4992
4993
4994
4995
4996
4997
4998
5000
5001
5003
5004
5005
5008
5009
5010
5011
5012
5013
5015
5017
5018
5019
5020
5021
5023
5024
5025
5026
5939
5027
5029
5030
5031
5032
5033
5034
5036
5037
5039
5043
5044
5046
5047
5048
5050
5053
5055
5056
5058
5059
5063
5064
5065
5066
5068
5071
5072
5073
5074
5075
5076
5077
5078
5082
5085
5088
5089
5092
5093
5095
9612
5098
5099
5100
5101
5104
5108
5109
5111
5112
5118
5119
5120
5121
5123
5124
5125
5127
5128
5129
5132
5133
5134
5135
5136
5137
5138
5139
5140
5141
5142
5146
5147
5149
5150
5152
5153
5154
5155
5158
5159
5160
5161
5162
5163
5164
5165
5166
5167
5168
5173
5174
5177
5178
5179
5181
5183
5184
5185
5186
5187
5188
5191
5192
5193
5194
5195
5196
5197
5198
5199
5200
5201
5202
5203
5204
5205
5208
5209
5211
5212
5214
5215
5216
5217
5220
5221
5222
5224
5225
5228
5229
5230
5231
5920
5232
5233
5234
5235
5237
5243
5245
5247
5249
5250
5251
5253
5254
5255
5256
5257
5258
5259
5263
5265
5267
5268
5269
5270
5271
5274
5277
5278
5279
5281
5282
5285
5289
5290
5294
5295
5298
5299
5300
5301
5306
5308
5314
5315
5317
5319
5320
5325
5326
7873
5327
5329
5331
5333
5335
5341
5342
10995
5343
5344
5350
5352
5353
5354
5357
5358
5360
5361
5363
5364
5365
5366
5367
5368
5370
5372
5375
5377
10016
6731
6547
5379
5751
5381
5383
5384
5389
5392
5394
5396
5397
5399
5400
5405
5406
5407
5409
5414
5416
5418
5419
5420
5421
5422
5423
5424
5425
5431
5433
5435
5436
5437
5439
5441
5443
6038
5444
5445
5448
5450
5452
5453
5457
5458
5460
5461
5462
5465
5466
5467
5469
5474
5475
5477
5478
5479
5481
5484
5485
5487
5488
5491
5492
5495
5496
5498
5499
5500
5501
5502
5505
5506
5507
5508
5510
5511
5512
5515
5516
5517
5519
5520
5521
6201
5525
5526
5527
5528
5529
5531
5536
5537
5538
5539
5542
5543
5546
5547
5550
5551
5552
5555
5557
5568
5570
5572
5573
7590
5578
5581
5583
5585
5587
5588
5593
5595
5597
5598
5599
5600
5601
5603
5604
5607
5613
5615
5618
5620
5623
5624
5731
5634
5638
5639
5644
5645
5650
5651
5652
5653
5657
5658
5659
5660
5662
5663
5665
5666
5667
5668
5670
5671
5672
5674
5675
5677
5678
5679
5680
5681
5685
5687
5688
5690
5692
5694
5695
5696
5700
5701
5703
5705
5706
5711
5713
5714
5715
5716
5717
5718
5719
5720
5722
5340
5723
5724
7995
5725
5726
5729
5730
5732
5735
5736
5737
5738
5739
5740
5741
5742
5745
5746
5747
5748
5750
5754
5755
5756
5757
5758
7654
5760
5762
5763
5766
5768
5772
5773
5774
5776
7854
7799
5778
5779
5781
5785
5787
5789
5791
5795
5796
5801
5803
5804
5809
5810
5812
5814
5815
5816
5818
5819
5820
5824
5825
5826
5828
5830
5831
5832
5833
5834
5835
5840
5841
5843
5845
5848
5849
5850
5852
5853
5854
5855
5856
5860
5862
5863
5865
5866
5868
5870
5873
5875
5877
5878
5879
5880
5881
5883
5884
5887
5892
5894
5898
5900
5902
5905
5906
5907
5908
10662
5911
5914
5917
5918
5921
5923
5927
5929
5931
5932
5933
5935
5936
5940
5941
5942
5944
5945
5946
5949
5950
5952
5953
5955
5958
5959
5960
5961
5963
5964
5965
5967
5968
5971
5972
5973
5974
5976
5977
5978
5980
5981
5982
5983
5984
5988
5992
5995
5998
5999
6000
6002
6007
6009
6013
6014
6015
6018
6019
6023
6024
6025
6031
6033
6366
6036
6037
6039
6040
6041
6042
6043
6044
6045
6047
6051
6052
6054
6056
6058
6059
6060
6062
6063
6064
6065
6066
6068
6070
6071
6072
6073
6075
6077
6078
6079
6082
6083
6084
6085
6086
6087
6088
6089
6090
6091
6093
6095
6096
6097
6100
6101
6102
6104
6105
6107
6109
6110
6112
6113
6114
6115
6117
6119
6120
6122
6125
6127
6128
6131
6133
8112
6134
6135
6136
6137
6138
6139
6140
6142
6143
6144
6145
6146
6147
6148
6149
6154
6155
6157
6158
6159
6168
6160
6161
6162
6163
6165
6166
6169
6170
6174
6175
6176
6178
6182
6184
6186
6187
6188
6189
6190
6191
6192
6197
6198
6199
6204
6205
6234
6207
6208
6209
6210
6211
6212
6213
6214
6215
6216
6217
6219
6220
6221
6222
6223
6225
6226
6228
6230
6231
6232
6235
8093
6236
6237
6239
6240
6241
6243
6244
6247
6248
6250
6251
6252
6255
6257
6260
6261
6262
6264
6265
6271
6272
6273
6274
6276
6277
6278
6279
6280
6281
6282
6283
6284
6285
6287
6289
6290
6291
6292
6293
6294
6295
6297
6299
6300
6301
6302
6303
6304
6305
6306
6307
6308
6309
6310
6311
6313
6315
6316
6317
6318
6319
6320
6321
6322
6323
6324
6325
6326
6327
6328
6329
6330
6331
6332
6333
6334
6335
6336
6337
6338
6339
6341
6342
6343
6344
6345
6346
6347
6348
6349
6351
6352
6353
6354
6356
6357
6358
6359
6360
6361
6363
6364
6365
6367
6368
6369
6370
6371
6372
6373
6375
6376
6377
6378
6380
6382
6383
6384
6386
6387
6388
6389
6392
6393
6394
6395
6396
6397
6398
6400
6401
6402
6403
6404
6405
6407
6408
6409
6410
6411
6412
6413
6414
6415
6418
6419
6420
6421
6423
6424
6425
6426
6428
6429
6430
6431
6432
6433
6434
6435
6436
6437
6438
6440
6441
6442
6443
6445
6447
6448
6449
6450
6451
6452
10199
6453
6454
6455
6456
6457
6458
6459
6460
6461
6462
6463
6465
6467
6470
6472
6473
6476
6478
6480
6481
6484
6485
6486
6489
6492
6494
6496
6497
6499
6501
6504
6505
6506
6507
6508
6895
6509
8468
6512
6526
6513
6516
6517
6518
6520
6522
6523
6524
6525
8029
8022
6591
6528
6530
6531
6532
6533
6655
6534
6535
6537
6539
6540
6541
6543
6546
6548
6549
6550
6551
6552
6554
6555
6556
6559
6560
6561
6562
6563
6564
6567
6568
6570
6571
6573
6574
6575
6576
8422
6577
6578
6579
6580
6581
6582
6583
6584
6585
6586
6587
6588
6589
6590
6592
6593
6594
6596
6597
6598
6599
6600
6601
6629
6602
6606
6607
6608
6613
6614
6615
6616
6618
6619
6620
6622
6623
6624
6626
6627
6628
6631
6632
6633
6634
6635
6636
6637
6642
6643
6644
6645
6647
6649
6650
6652
6653
6656
6657
6658
6659
6660
6662
6664
6665
6666
6667
6668
6669
6670
6672
6673
6676
6677
6679
6680
6681
6682
6683
6684
6685
6686
6687
6688
6690
6691
6694
6695
6698
6699
6701
7688
6702
6703
6704
6705
6706
6708
6709
6710
6714
6715
6716
6719
6720
6721
6722
6723
6727
6728
6729
6730
6733
6736
6739
6740
6742
6743
6747
6751
6752
6753
6754
6756
6758
6760
6763
6765
6766
6767
6769
6770
6772
6776
6778
6785
6787
6788
6789
6796
6797
6798
6802
6806
6807
6808
6809
6810
6816
6818
6819
6821
6822
6823
6826
6828
6830
6832
6834
6836
6837
6838
6839
6843
6844
6847
6848
6849
6851
6852
6855
6856
6858
6860
6863
6864
6865
6867
6870
6872
6874
6875
6880
6881
6884
6887
6891
6894
6898
6899
6902
6903
6904
6905
6906
6909
6910
6911
6917
6918
6920
6921
6922
6925
6929
6933
6934
6935
6939
6940
6942
6943
6944
6945
6947
6948
6952
6953
6954
6955
6961
6963
6970
6975
6977
6978
6981
6983
6991
6992
6995
6997
7003
7008
7014
7016
7019
7021
7022
7024
7028
7029
7030
7032
7033
7034
7035
7036
7038
7040
7044
7051
7054
7055
7057
7059
7060
7061
7064
7065
7068
7069
7070
7075
7076
8241
7077
7078
7082
7084
7085
7088
7089
7090
7094
7097
7445
7098
7101
7102
7103
7105
7106
7107
7110
7111
7113
7114
7116
7121
7122
7123
7127
7130
7132
7134
7135
7136
7139
7141
7142
7143
7146
7154
7155
7156
7159
7166
7168
7170
7171
7172
7173
7176
7178
7179
7180
7181
7182
7184
7188
7190
7194
7199
7200
7204
7205
7208
7210
7211
7215
7216
7217
7219
7221
7222
7226
7229
7232
7234
7237
7238
7240
7247
7251
7252
7253
7254
7257
7258
7259
7261
7262
7270
7271
7272
7273
7275
7276
7277
7278
7285
7287
7292
7293
7295
7301
7303
7304
7305
7309
7312
7317
7320
7323
7325
7327
7331
7338
7340
7341
7342
7349
7350
7356
7357
7363
7365
7366
7369
7372
7378
7380
7382
7383
7384
7385
7387
7388
7389
7390
7391
7392
7393
7395
7396
7398
7400
7401
7402
7403
7404
7408
7411
7412
7413
7416
7417
7418
7420
7421
7424
7426
7430
7432
7434
7435
7439
7441
7442
7444
7448
7449
7453
7454
7456
7460
7461
7465
7466
7467
7468
7469
7470
7471
7473
7475
7476
7481
7482
7483
7485
7486
7487
7491
7494
7495
7496
7500
7501
7503
7504
7508
7511
7513
7520
7521
7523
7525
7527
7530
7532
7537
7538
7616
7539
7540
7543
7544
8217
7546
7547
7548
7549
7550
7551
7552
7554
7556
7562
7563
7568
7569
7575
7576
7577
7578
7579
7580
7582
7583
7584
7585
7586
7587
7588
7589
7591
7593
7594
7596
7598
7599
7601
7602
7603
7604
7606
7607
7609
7610
7611
7613
7614
7617
7618
7619
7620
7622
7623
7624
7625
8390
7629
7630
7631
7633
7634
7636
7637
7638
7639
7640
7641
7642
7643
7644
7645
7646
7647
7795
7649
7653
8014
8017
7988
8031
7655
7657
7662
7664
7665
7666
7668
7669
7670
7671
7672
7673
7674
7675
7676
7677
7678
7679
7681
7683
7685
7687
7689
7690
7692
7694
7700
7701
7702
7706
7707
7709
7712
7714
7715
7717
7718
7719
7721
7723
7724
7725
7726
7727
7728
7730
7731
7732
7733
7735
7736
7738
7740
7741
7744
7745
7747
7748
7750
7751
7752
7753
7754
7755
7756
7757
7758
7761
7764
7767
7769
7770
7772
7773
7774
7775
11372
7777
7778
7781
7782
7783
7784
7788
7789
7790
7792
7793
7797
7798
7800
7802
7804
7805
7807
7808
7811
7812
7814
7816
7818
7820
7822
7825
7828
7830
7831
7834
7835
7837
7838
7839
7840
7842
7844
7847
7849
7850
7853
7855
7857
7858
7859
7861
7863
7864
7869
7871
7874
7875
7876
7877
7879
7880
7882
7883
7884
7885
7887
7889
7890
7891
7892
7893
7894
7895
7902
7903
7904
7906
7907
7908
7909
7913
7914
7915
7916
7917
7922
7927
7931
7936
7937
7938
7939
7941
7942
7944
7949
7952
7956
7957
7958
7959
7961
7963
7964
7967
7971
7974
7975
7976
7978
7980
7981
7987
7992
7993
7996
7997
7999
8000
8005
8007
8008
8009
8011
8012
8013
8016
8019
8024
8026
8028
8030
8032
8033
8034
8035
8037
8038
8039
8040
8041
8046
8047
9994
8048
8050
8051
8052
8053
8068
8054
8056
8058
8059
8063
8064
8065
8070
8072
8073
8074
8076
8077
8079
8081
8082
8083
8084
8085
8086
8087
8088
8089
8095
8097
8098
8100
8101
8102
8103
8104
8105
8107
8109
8113
8114
8116
8117
8122
8125
8126
8128
8136
8137
8138
8143
8144
8146
8150
8151
8153
8154
8157
8158
8160
8169
8171
8172
8175
8176
8179
8182
8184
8188
8192
8909
8193
8194
8196
8197
8199
8201
8202
8203
8204
8205
8206
8208
8209
8214
8215
8218
8220
8222
8224
8225
8226
8229
8231
8232
8234
8237
8239
8240
8245
8246
8248
8249
8253
8254
8256
8257
8259
8261
8264
8265
8266
8267
8268
8269
8270
8271
8272
8275
8276
8277
8278
8279
8280
8282
8283
8285
8286
8290
8294
8295
8302
8303
8309
8310
8314
8315
8317
8319
8321
8322
8323
8324
8329
8330
8331
8334
8335
8336
8337
8339
8340
8341
8343
8345
8346
8347
8348
8350
8352
8357
8358
8359
8361
8365
8366
8367
8368
8369
8371
8372
8374
8375
8377
8378
8379
8380
8384
8385
8387
8389
8392
8400
8402
8404
8406
8407
8408
8409
8411
8412
8418
8419
8420
8423
8426
8427
8431
8433
8436
8442
8443
8444
8445
8447
8448
8449
8454
8455
8457
8458
8459
8460
8461
8463
8465
8467
8470
8471
8472
8473
8474
8475
8476
8478
8479
8480
8482
8483
8488
8492
8494
8495
8499
8500
8501
8503
8504
8506
8508
8509
8511
8513
8514
8515
8516
8517
8519
8520
8521
8522
8523
8525
8526
8528
8529
8530
8534
8536
8538
8539
8540
8541
8543
8545
8546
8548
8550
8552
8553
8554
8555
8556
8558
8559
8560
8561
8562
8564
8566
8568
8569
8570
8571
8572
8573
8574
8575
8576
8577
8578
8580
8582
8584
8585
8586
8587
8588
8589
8591
8592
8594
8595
8597
8598
8600
8601
8602
8603
8604
8605
8606
8607
8608
8609
8611
8612
8613
8616
8617
8622
8624
8625
8686
8630
8632
8633
8634
8635
8636
8637
8638
8639
8640
8641
8643
8645
8646
8650
8651
8652
8653
8654
8656
8657
8661
8662
8663
8666
8667
8668
8669
8670
8671
8672
8673
8674
8675
8676
8678
8679
8680
8681
8682
8683
8684
8685
8687
8690
8691
8693
8697
8698
8699
8700
8701
8702
8703
8704
8705
8706
8707
8708
8709
8711
8713
8714
8715
8716
8717
8775
8719
8721
8723
8726
8727
8728
8729
8730
8731
8732
8733
8734
8735
8736
8739
8740
8741
8742
8743
8746
8748
8749
8753
8754
8756
8757
8759
8762
8764
8766
8767
8768
8771
8772
8773
8778
8780
8783
8784
8788
8791
8796
8797
8799
8800
8801
8802
8803
8804
8806
8810
8812
8816
8818
8819
8820
8821
8823
8824
8825
8826
8827
8830
8833
8837
8839
8842
8843
8844
8845
8847
8848
8849
8852
8853
8854
8856
8857
8858
8859
8860
8861
8867
8870
8871
8874
8875
8876
8877
8879
8881
8883
8884
8885
8886
8888
8889
8891
8894
8898
8904
8907
8910
8913
8914
8915
8916
8917
8919
8920
8922
8924
8926
9338
8933
8935
8936
8940
8942
8944
8945
8957
8958
8960
8962
8963
8964
8965
8966
8967
8968
8969
8970
8976
8978
8979
8981
8983
8986
8988
8989
8991
8992
8993
8994
8996
9000
9002
9004
9007
9018
9019
9020
9023
9025
9027
9028
9031
9032
9033
9034
9035
9036
9039
9040
9042
9043
9046
9047
9048
9050
9051
9052
9053
9056
9058
9059
9060
9061
9067
9069
9073
9077
9082
9100
9102
9105
9106
9108
9110
9112
9127
9142
9143
9149
9150
9154
9162
9167
9169
9170
9171
9172
9189
9190
9199
9201
9206
9208
9209
9212
9215
9218
9220
9228
9230
9231
9232
9238
9239
9240
9241
9244
9245
9249
9250
9251
9256
9259
9260
9263
9272
9273
9275
9280
9281
9282
9285
9290
9292
9293
9299
9300
9301
9305
9309
9310
9311
9313
9316
9318
9319
9324
9325
9327
9329
9330
9331
9333
11375
9339
9344
9347
9351
9353
9355
9356
9357
9360
9361
9362
9368
9372
9374
9376
9377
9384
9390
9392
9394
9396
9399
9400
9402
9403
9406
9408
9409
9410
9411
9412
9413
9414
9415
9416
9417
9418
9419
9420
9421
9422
9423
9425
9426
9428
9430
9431
9432
9436
9437
9438
9439
9441
9442
9443
9444
9445
9454
9455
9457
9459
9460
9462
9463
9464
9467
9469
9470
9471
9473
9474
9475
9477
9479
9480
9481
9483
9485
9486
9487
9488
9489
9495
9490
9491
9492
9494
9498
9500
9501
9502
9504
9505
9507
9509
9510
9511
9512
9513
9514
9516
9517
9520
9523
9525
9527
9529
9530
9531
9532
9534
9535
10323
9538
9540
9542
9543
9544
9547
9548
9549
9551
9554
9555
9557
9558
9560
9561
9562
9564
9566
9568
9569
9570
9572
9576
9577
9578
9579
9581
9583
9585
9586
9588
9591
9592
9594
9595
9599
9601
10201
9603
9606
9607
9608
9610
9613
9614
9615
9620
9626
9627
9628
9629
9630
9631
9632
9633
9636
9637
9638
9639
9643
9644
9646
9647
9649
9653
9658
9660
9662
9666
9667
9669
9670
9671
9672
9674
9675
9677
9678
9680
9682
9683
9684
9685
9686
9687
9691
9693
9694
9698
9699
9700
9701
9702
9706
9708
9711
9712
9714
9717
9727
9731
9733
9736
9744
9749
9752
9755
9757
9758
9759
9761
9762
9763
9764
9770
9773
9776
9777
9778
9782
9786
9787
9789
9790
9791
9792
9793
9794
9796
9798
9799
9800
9801
9804
9807
9812
9814
9815
9816
9817
9818
9819
9821
9822
9824
9827
9828
9829
9833
9834
9836
9838
9839
9840
9841
9842
9843
9844
9846
9847
9848
9849
9851
9855
9859
9860
9861
9864
9865
9866
9867
9868
9871
9880
9881
9882
9883
9884
9886
9887
9888
9890
9892
9896
9899
9900
9903
9906
9907
9909
9910
9911
9912
9915
9916
9919
9920
9921
9922
9923
9924
9925
9926
9927
9928
9930
9933
9935
9936
9938
9939
9941
9944
9945
9947
9949
9951
9952
9953
9954
9956
9957
9958
9959
9960
9961
9962
9963
9967
9971
9973
9974
9976
9978
9979
9980
9982
9983
9985
9987
9988
9989
9990
9992
9995
9996
9997
9998
9999
10001
10002
10003
10005
10008
10009
10010
10011
10012
10015
10017
10019
10020
10021
10022
10026
10027
10030
10031
10035
10036
10037
10038
10039
10040
10041
10043
10045
10046
10047
10048
10049
10051
10052
10053
10054
10056
10059
10060
10063
10064
10067
10068
10073
10075
10076
10077
10078
10079
10080
10082
10085
10088
10090
10091
10092
10095
10096
10099
10100
10104
10105
10107
10109
10110
10111
10115
10116
10117
10120
10121
10122
10125
10129
10130
10132
10134
10136
10138
10142
10143
10144
10145
10148
10149
10152
10153
10155
10156
10162
10164
10166
10169
10172
10173
10174
10175
10178
10180
10184
10186
10187
10193
10194
10195
10196
10198
10200
10203
10204
10205
10206
10207
10210
10212
10214
10219
10220
10223
10224
10227
10228
10229
10231
10232
10237
10240
10243
10245
10246
10247
10248
10251
10257
10259
10262
10266
10267
10269
10272
10273
10274
10277
10278
10280
10282
10283
10284
10285
10286
10289
10291
10292
10293
10294
10295
10298
10303
10306
10308
10311
10314
10316
10320
10321
10322
10326
10327
10329
10332
10335
10337
10339
10340
10341
10342
10353
10355
10356
10357
10359
10361
10362
10363
10366
10372
10378
10380
10383
10386
10388
10389
10390
10392
10393
10394
10395
10397
10400
10401
10402
10404
10405
10406
10407
10416
10418
10420
10421
10422
10424
10425
10426
10427
10428
10430
10432
10433
10435
10439
10441
10442
10443
10449
10452
10453
10454
10455
10457
10458
10459
10460
10461
10462
10463
10466
10467
10468
10474
10476
10478
10479
10481
10486
10487
10488
10489
10491
10492
10494
10495
10497
10498
10499
10500
10501
10502
10503
10509
10510
10511
10512
10514
10516
10522
10523
10524
10525
10526
10527
10532
10536
10538
10539
10545
10546
10548
10550
10551
10552
10557
10558
10559
10564
10567
10569
10570
10573
10574
10575
10578
10580
10581
10590
10591
10592
10594
10595
10596
10597
10598
10599
10600
10602
10605
10608
10612
10613
10614
10615
10617
10621
10622
10623
10624
10625
10626
10627
10629
10633
10636
10637
10640
10645
10655
10663
10667
10668
10669
10671
10672
10676
10677
10678
10679
10685
10688
10690
10691
10692
10693
10694
10695
10697
10700
10701
10702
10705
10706
10707
10708
10709
10712
10713
10716
10717
10718
10719
10722
10725
10727
10728
10731
10732
10734
10735
10737
10741
10746
10747
10748
10751
10752
10753
10756
10759
10761
10766
10770
10771
10776
10778
10781
10783
10785
10786
10787
10788
10791
10793
10794
10798
10799
10801
10802
10803
10806
10811
10814
10815
10816
10821
10823
10824
10825
10831
10832
10833
10834
10835
10836
10838
10839
10840
10842
10843
10844
10845
10849
10852
10853
10855
10856
10860
10862
10863
10864
10865
10866
10867
10870
10871
10872
10874
10875
10877
10879
10880
10881
10882
10883
10884
10889
10890
10893
10897
10901
10904
10905
10908
10911
10912
10913
10916
10918
10919
10920
10921
10922
10923
10925
10927
10931
10933
10938
10939
10940
10944
10945
10949
10950
10952
10953
10955
10959
10961
10962
10966
10969
10970
10971
10974
10985
10986
10988
10991
11004
11005
11006
11010
11015
11019
11020
11022
11024
11026
11028
11029
11030
11032
11033
11037
11038
11039
11043
11045
11048
11049
11052
11055
11056
11057
11058
11060
11062
11067
11069
11070
11071
11072
11073
11075
11076
11079
11085
11091
11094
11097
11098
11099
11101
11114
11116
11121
11126
11127
11130
11131
11134
11136
11137
11138
11139
11140
11141
11142
11143
11144
11147
11148
11149
11150
11154
11155
11158
11159
11165
11167
11168
11170
11174
11177
11178
11182
11184
11185
11187
11188
11189
11193
11194
11195
11196
11198
11199
11210
11221
11222
11223
11224
11226
11227
11228
11230
11231
11232
11233
11234
11236
11238
11242
11243
11244
11249
11250
11251
11252
11253
11260
11264
11267
11268
11269
11270
11271
11272
11273
11274
11275
11276
11278
11279
11280
11281
11284
11285
11287
11288
11289
11291
11293
11295
11296
11298
11299
11301
11302
11304
11305
11306
11307
11308
11310
11314
11315
11316
11319
11321
11322
11324
11325
11326
11329
11331
11334
11337
11338
11342
11344
11345
11347
11349
11350
11353
11354
11355
11356
11357
11359
11360
11362
11364
11366
11367
11368
11369
11370
11371
11373
11376
11377
11378
11379
11381
11382
11383
11384
11386
11387
11388
11389
11390
11392
11393
11394
11395
11396
11399
11401
11403
11404
11406
11407
11409
11410
11412
11413
11416
11419
11426
11434
11436
11438
11440
11447
11448
11449
11451
11452
11453
11457
11459
11460
11461
11463
11464
11465
11470
11471
11472
11475
11478
11479
11482
11484
11485
11489
11493
11494
11496
11498
11501
11506
11510
11511
11514
11520
11521
11525
11526
11527
11528
11532
11533
11534
11535
11536
11538
11542
11543
11546
11547
11549
11550
11551
11553
11554
11555
11557
11561
11562
11563
11564
11565
11566
11567
11569
11571
11573
11574
11576
11577
11578
11581
11582
11584
11585
11586
11587
11589
11590
11591
11593
11595
11597
11601
11602
11604
11606
11607
11609
11611
11612
11613
11615
11620
11622
11623
11627
11630
11637
11639
11641
11646
11647
11657
11664
11669
11674
11677
11680
11683
11694
11695
11702
11703
11705
11706
11709
11710
11711
11714
11718
11723
11724
11727
11732
11733
11734
11739
11749
11758
11764
11773
11781
11796
11799
11805
11807
11810
11811
11817
11826
11828
11830
11831
11832
11836
11838
11844
11846
11847
11849
11850
11851
11852
11856
11857
11858
11859
11860
11862
11863
11864
11867
11869
11874
11875
11878
11882
