2
5152
3
5030
56
11
9
75
10
12
13
16
21
25
26
133
28
2708
147
4500
29
1022
36
415
38
39
46
6745
47
48
3314
3693
734
53
54
55
57
1802
58
60
65
67
68
99
3932
69
128
8435
189
72
73
74
79
1467
76
77
78
83
84
86
87
4758
88
90
91
2116
1171
92
93
95
97
98
101
102
104
129
108
110
539
111
648
2532
113
115
116
117
810
118
119
120
5586
2868
121
225
122
123
507
126
127
131
132
135
9040
1212
1637
495
140
146
7201
148
149
150
152
153
154
159
162
167
168
170
171
172
399
174
176
177
181
5018
182
183
186
188
190
195
196
200
201
8937
204
205
206
207
211
212
213
215
216
218
219
224
4938
226
227
1715
805
3398
231
232
233
840
925
234
237
238
239
1178
240
241
1257
2295
242
245
278
243
244
246
247
248
249
250
251
252
253
257
258
1522
263
266
267
270
272
273
274
275
786
9550
461
277
398
400
402
403
404
405
407
409
410
411
412
413
414
416
418
436
420
2432
2341
652
3253
7388
424
425
427
429
431
432
4674
435
1051
438
445
448
449
452
634
453
455
456
457
459
1301
478
462
463
464
465
466
467
468
469
470
471
472
473
475
477
4642
10695
479
480
481
482
483
484
2369
487
488
489
1930
7440
490
491
620
4085
10390
496
497
498
499
501
502
503
504
505
506
509
511
512
513
514
519
520
521
522
523
524
526
527
528
529
530
532
533
534
536
537
538
3194
540
543
544
750
546
549
550
551
553
554
555
556
557
559
560
561
563
564
565
566
6109
567
569
8925
570
1619
572
573
577
578
579
580
582
583
584
587
588
590
3462
2128
3287
1979
3103
591
594
595
596
597
729
598
600
601
603
604
605
606
608
609
610
612
613
616
617
618
10976
621
622
623
625
626
627
628
629
630
632
10990
633
636
637
640
641
643
644
647
650
651
7119
653
654
655
778
657
661
663
664
665
666
669
670
672
674
676
678
679
681
682
684
686
687
688
689
690
691
694
695
696
697
698
701
702
705
714
715
717
720
721
723
724
725
727
728
730
733
4997
1403
735
736
737
738
741
743
744
745
747
748
752
753
754
755
756
757
759
5009
760
5674
762
763
1037
764
766
767
768
769
770
771
772
774
775
8521
10894
779
780
782
783
784
785
1231
788
790
791
792
793
794
795
796
797
798
799
800
801
804
2425
806
6048
7311
6202
5916
6013
813
815
816
818
819
820
821
822
825
826
2099
827
832
835
1197
841
845
846
10619
4971
848
850
10518
858
859
865
866
868
870
872
875
878
881
882
883
884
885
888
890
891
897
898
899
902
904
905
909
911
912
916
917
918
919
920
6572
921
922
923
926
927
930
931
932
934
935
938
946
950
951
952
954
955
3124
961
962
1062
6084
963
966
974
976
977
3834
981
983
2759
984
2997
986
987
5504
988
989
990
991
4993
5935
995
998
999
2466
1001
1391
1002
1008
1009
1010
1012
10393
1013
1014
1015
1021
1023
1024
1028
1029
1031
1033
1034
1036
1039
1041
1043
1044
1045
1047
3305
9917
1049
1050
1052
1053
1054
1055
10829
1056
1057
1059
1547
3566
1063
1065
1066
1067
1068
1070
1072
1073
1075
1076
1077
1078
1080
1082
1083
1084
1085
1087
1093
1095
1096
1098
1099
1101
1102
1103
1105
1106
1107
1108
1112
1114
1115
1116
1120
1123
1125
1127
1128
1130
1133
1138
1139
1141
1144
1145
1146
1147
1152
1153
1154
1155
1160
1161
1164
1165
1167
1168
1169
1170
1172
1177
3760
1179
1180
1181
1182
1183
1185
1187
1188
1189
1190
1191
1192
1193
1194
1195
1196
1198
1199
1200
1201
1202
1204
1206
1207
1208
1210
1211
1213
1214
1217
1219
1220
1221
1223
1224
1225
1227
1228
1230
1236
1239
1240
1241
1243
1244
1245
1246
1247
1251
1253
1254
1256
1258
1260
1262
1263
1264
1265
1266
1267
1268
1269
1270
1271
1274
1428
1277
1278
1279
1281
1388
1282
1283
1284
1285
1288
1289
1290
1291
1293
1295
1298
1299
1303
1304
1306
1312
1313
1314
1315
1316
1320
1321
1323
2335
1325
1330
1332
1333
1335
1337
1338
1339
1341
1342
1343
1344
1345
1346
1347
1349
1350
1351
1353
1354
1355
1356
1358
3870
1359
1360
1363
3029
1364
1365
1369
1370
1371
1372
1376
1377
1378
1379
1380
3731
1381
1384
1385
1389
1390
1394
1398
1399
1400
1401
1402
1404
1405
1406
1407
1410
1412
1414
1415
1416
1418
1420
1421
1422
1425
1426
1430
1431
4969
1432
1433
1435
1436
1437
1440
1441
1442
1445
1447
1448
1449
1452
1455
1456
1457
1458
1459
1461
1463
1466
1468
1469
1472
1473
1474
1475
1476
1477
1479
1480
1481
1482
1483
1485
1487
1488
1489
1490
1492
1493
1494
1496
1497
1499
1500
1501
1502
1504
1505
1508
1510
1511
1512
1513
1514
1515
1516
1519
1520
1521
1523
1524
1526
1527
1528
1530
1531
1532
1533
1535
1536
1537
1538
1539
1540
1541
1542
1543
1544
1545
1546
1548
1549
1550
1551
1552
1553
1555
1556
1557
1558
1559
1560
1562
1564
1566
1567
1572
1573
1576
1579
1580
1581
1582
1585
1586
1587
1590
1591
1593
1594
1595
1596
1599
1601
1602
1603
1604
1605
1608
1609
1610
1611
1612
1613
1615
1616
1617
1618
1621
1622
1623
1624
1625
1626
1628
1629
1630
1633
1634
1635
1636
1639
1641
5310
1643
1644
1645
1646
1648
1650
1652
7068
1653
1654
1658
1659
1660
1661
1663
1664
1665
1667
1669
1670
1672
1673
1674
1676
1677
1678
1679
1680
1681
1682
1683
1685
1686
1687
1688
1690
6197
3350
1691
1692
1693
1694
1696
1697
1698
2154
1699
1700
1701
1779
1703
1704
1706
1707
1709
1710
1712
1713
1714
1717
1724
1730
1733
1735
1737
1738
1739
1740
1742
1743
1748
1749
1750
1753
1754
1757
1758
1759
1760
2386
1761
1762
1765
7638
1766
1768
1769
1770
1771
1772
1775
1776
1778
6741
1781
1782
1785
1788
1789
1790
1793
1801
1806
1807
1808
1811
1816
1818
1819
1820
1824
1825
1826
1827
1828
1829
1830
1834
1835
1836
1839
1840
1841
1843
1844
10588
1849
1850
3401
1853
1854
5116
1857
1860
1861
1862
1864
1869
1871
1872
1876
1889
5843
1891
1893
1896
1897
1898
1899
5936
3618
1900
1901
9604
9174
1902
1904
1907
1911
1912
1913
1914
1918
1920
1922
1923
1924
1929
1933
11190
1935
1936
1937
1939
1941
1943
1944
1945
1949
1951
1955
1956
1961
1966
1969
1970
1971
1972
1973
1974
1976
1977
9167
1978
1980
1983
1984
1985
1986
1987
1988
1991
1993
4952
1997
1998
1999
2000
2001
2002
2003
2005
2007
2008
2009
2011
2012
2013
2014
2016
2017
2019
2020
2025
2026
2027
2033
2034
2036
2037
2038
2040
2043
2045
2047
2048
2051
2055
2060
2062
2063
2064
2066
2067
2068
2069
2071
2073
2076
2079
2080
2081
2086
2088
2090
2093
2095
2096
2098
2105
2106
2109
9618
2111
2113
2115
2119
2121
2123
2124
2125
2126
2130
2131
2132
2133
2134
2135
2137
2139
2140
2142
2143
2144
2148
2149
2151
2152
2153
2155
2160
2161
2162
2163
2166
2168
2169
2170
2173
2174
2176
2177
2178
2179
2180
2181
2183
2188
2189
2190
2198
2203
2204
2205
2206
2207
2208
2209
2211
2212
2214
2217
2219
2222
2223
2227
2229
2230
2231
2234
2235
2236
2237
2238
2239
2241
2244
2245
2246
2249
2251
2252
2254
2256
2257
2258
6042
2259
2263
2264
2265
4269
2268
2269
2270
2271
2272
2273
2275
2276
2277
2278
2279
2280
2281
2284
2285
2286
2287
2288
2289
2293
2298
2299
2301
2303
2304
2306
2307
2309
2311
2313
2315
2316
2317
2319
2321
2322
2323
2324
2328
2333
2334
2338
2340
2343
2344
2345
2347
2350
2351
2355
2357
2358
2359
2360
2361
2364
2368
2373
2374
2375
2377
2379
2381
2384
2385
2388
2389
2390
2391
2393
2394
2397
2398
2400
2404
2405
2410
2411
2412
2416
2418
2419
2420
2421
2423
2424
2426
2427
2433
2437
2438
2439
2440
2441
2442
2445
2446
2448
2449
2451
2452
2455
2458
2460
2462
2468
2471
2473
2476
2477
2479
2481
5391
2482
2483
2484
2485
2486
2489
2492
2496
2497
2498
2501
2502
2503
2505
2507
2509
2511
2512
2513
2516
2674
2517
2520
2521
2522
2528
2529
2531
2535
2536
2537
2538
2539
2540
2541
2545
2547
2548
2549
2550
2551
2552
2554
2555
2557
2558
2562
2563
2564
2565
2566
2571
2572
2573
2574
2575
2576
2580
2581
2584
2587
2588
2590
2592
2594
2596
2599
2600
2602
2603
2604
2606
2607
3097
2608
2609
2611
2612
2613
2614
2617
2621
2624
2626
2627
2628
2630
2633
2634
2636
2642
2643
2646
2647
2648
2649
2656
2657
2659
2664
2665
2666
2668
2669
2670
2671
2672
2673
2678
2680
2681
2684
2685
2686
2687
2691
2696
2697
2700
2702
2706
2710
2712
2713
2714
2715
2716
2718
2721
2722
2723
2726
2727
2730
11123
2731
2732
2734
2736
2737
2738
2740
2741
2744
2745
2746
2747
2748
2749
2751
2752
2753
2754
2755
2756
2757
2758
2760
2761
2762
2763
2765
2766
2767
3008
2821
2768
2769
2773
2774
2775
2776
2777
2778
2779
2780
2781
2783
2784
2785
2788
2789
5544
2791
2793
2794
2795
2796
2797
2798
2799
2801
2802
2803
2805
2808
2809
2811
2812
2813
2815
2816
2817
2818
2819
2822
2823
2824
2825
2826
2827
2829
2830
2832
2833
2836
2837
2838
2839
2840
2842
2845
2846
2847
2848
2849
2850
2851
2853
2854
2855
2858
2859
2860
2861
2862
2863
2864
2865
2866
2867
2869
2870
2871
2872
2985
2873
2874
2877
2878
2880
2881
2882
2883
2884
2885
2888
2889
2890
2891
2892
2893
2894
2895
2897
2898
2901
2902
2904
10286
2906
2908
2911
2913
5011
2914
2917
2918
2919
2920
2924
2925
2926
2927
2928
2930
2931
2933
2934
2937
2940
2942
2943
2944
2946
2947
2949
2950
2955
2957
7594
2958
2959
2960
2961
2962
2963
2965
2966
2103
2967
2974
8745
2976
2979
2981
2982
2983
2986
2989
2991
2992
2994
2995
2996
2998
3000
3002
3006
3007
3011
3015
3016
3018
3019
3021
3022
3024
3125
3030
3031
3032
3033
3034
3035
3036
3037
3038
3039
3040
3041
3042
3046
3047
3049
3051
3052
3054
3057
3062
3066
3070
3071
3072
3888
3076
3077
3078
3080
3082
3083
3084
3086
3087
3088
3089
3090
3092
3093
3098
3104
3106
3108
3109
3110
3113
3117
3118
3119
3120
3123
3131
3132
3133
3134
3136
3137
3140
3141
3144
3147
3149
3150
3152
3153
3154
3156
3157
3158
3159
3165
3168
3169
3172
3173
3174
3175
3177
3178
3179
3180
3181
3183
3186
3187
3190
3191
3195
3197
3200
3201
3202
3204
3205
3206
3208
3209
3210
3211
3212
3213
3214
3215
3216
3217
3218
3221
3222
3223
3224
3226
3227
3228
3229
3230
3231
3232
3236
3237
3239
3240
3241
3242
3244
3245
3246
3250
3252
3255
3256
3258
3259
3261
3262
3263
3264
3265
3266
3269
7848
3270
3272
3273
3276
3277
3279
3280
3284
3285
3286
3288
3289
3291
3292
3294
3295
3296
3297
3298
3299
3300
3301
3302
3303
3304
3306
3307
3309
3311
5175
3312
3315
3317
3319
3320
3321
3322
3323
3324
3325
3326
3327
3328
3332
3334
3335
3337
3338
3342
3343
3344
3345
3347
3348
3349
3352
3353
3354
3363
3364
3365
3368
3369
3371
3372
3374
3375
3376
3382
3383
3384
3385
3386
3387
3389
3390
3391
3392
3395
3396
3399
3400
3402
3405
3406
3407
3410
3411
3412
3415
3416
3420
3421
3422
3423
3424
3425
3426
3429
3430
3431
3433
3434
3435
3436
3437
3439
3441
3442
3443
3444
3445
3446
3447
3448
3450
3451
3453
3454
3455
3457
3458
3459
3460
3461
3463
3464
3466
3472
3473
3475
3476
3477
3481
3483
3485
3486
3487
3488
3491
3493
3497
3499
3500
3501
3503
3504
3507
3510
3511
3512
3514
3515
3516
3517
3518
3519
3522
3526
3527
10131
3529
3530
3532
3535
3539
3541
3542
3544
3551
3552
3553
3554
3555
3557
3560
3564
3569
3570
3571
3572
6330
3573
3576
3577
3582
3585
3586
3587
3589
3590
3592
3594
3595
3596
3599
3602
3603
3609
3611
3614
3617
3620
3621
3622
3623
3625
3628
3633
3634
3636
3642
3646
3648
3649
3651
3653
3656
3657
3658
3661
3662
3663
3664
3666
3667
3668
3673
3681
3683
3684
3686
3687
3688
3690
3696
3697
3698
3703
3704
3708
3710
3712
3713
3716
3719
3720
3721
3723
3726
3728
5087
3733
3734
3735
3736
3737
3738
3739
9732
3744
3746
3748
3750
3751
3752
3753
3755
3761
3763
3790
3764
3777
3782
3783
3785
3788
3791
3793
3795
3801
3803
3804
3808
3809
3811
3812
3818
3820
3823
3826
3829
3831
3832
3835
3836
3838
3845
3847
3849
3853
3855
3856
3859
3860
3862
3863
3864
3865
3879
3884
3885
3886
3887
3890
3891
3892
3893
3898
3899
3900
3903
3904
3906
3915
3917
3918
3919
3920
3923
3930
3931
3935
3938
3943
3947
3948
3949
3952
3955
3956
3957
3958
3961
3962
3963
3965
3966
3968
3971
3973
3975
3977
3978
3981
3983
3986
3988
3989
3992
3993
3995
3997
3999
4000
4001
4004
4005
4006
4009
4011
4012
4014
4015
4017
4018
4021
4022
4023
4024
4025
4026
4027
4028
4031
4032
4034
4035
4036
4037
4040
4041
4042
4047
4048
4051
4055
4056
4057
4059
4060
4061
4062
4065
4066
4070
4073
4074
4075
4079
7198
7094
7095
4080
4083
4084
4090
4092
4099
4102
4104
4106
4108
4109
4112
4113
4121
4124
4126
4127
4128
4132
4135
4138
4140
4142
4152
4153
4156
4158
4195
4207
4216
4228
4235
4240
4243
4247
4249
4260
6047
4265
4275
4276
4278
4291
4299
4300
4303
4317
4323
4330
4341
4345
4370
4376
4381
4383
4386
4389
4396
4399
4414
4415
9901
4417
4421
4435
4472
4475
4480
4481
4486
4488
4491
4492
4493
4498
4499
4502
4507
4509
4512
4514
4520
4522
4529
4530
7320
7392
4545
4546
4553
4561
4562
4564
4572
4574
4576
6482
4580
4584
4585
4587
4589
4593
4601
4604
4614
4621
4631
4640
4652
4656
4662
4667
4670
4671
4676
4677
4679
4682
4683
4684
4690
4693
4699
4715
4723
4724
4727
4729
4741
4745
4749
4752
4756
4775
4777
4778
4780
4797
4806
4808
4813
4818
4821
4825
4827
4836
4841
4844
4863
4866
4869
4870
4880
4891
4893
4894
4895
4904
4910
4911
4912
4913
4914
4915
4916
4917
4920
4925
4926
4927
4939
4940
4941
11359
4944
4947
4949
4953
4987
4955
4959
4962
4963
4964
4966
4967
4968
4973
4982
4985
4986
4990
4992
4994
4995
4998
5004
5008
5015
5016
5021
5028
5031
5039
5043
5047
5048
5053
5055
5056
5057
5058
5063
5064
5066
5068
5069
5071
5076
5077
5078
5081
5082
5085
5088
5091
5093
5095
5096
5097
5098
5100
5101
5103
5104
5105
5110
5111
5112
5114
5115
5119
5121
5122
5124
5125
5126
5128
5129
5130
5132
5133
5135
5136
5137
5138
5139
5140
5141
5143
5147
5148
5153
5157
5161
5163
5168
5170
5172
5173
5174
6769
5177
5183
5186
5188
5189
5190
5191
5192
5194
5195
5196
5198
5201
5202
9394
5203
5205
5206
5207
5209
5212
5213
5215
5218
5220
5221
5226
5227
5230
5232
5233
5234
5240
5241
5247
5255
5259
5262
5264
5267
5269
5273
5276
5277
5280
5281
5283
5284
5285
5286
5287
5290
5291
5294
5295
5296
5303
5311
5312
5315
5321
5326
5330
5331
5334
5336
5347
5349
5354
5367
5369
5371
5387
5388
5390
5392
5395
5401
5409
5415
5416
5419
5421
5424
5427
5431
5432
5433
5434
5438
5440
5445
5447
5449
5450
5452
5453
5454
5456
5458
5459
5460
5461
5463
5464
5467
5468
5469
8746
5470
5476
5477
5478
5479
5483
5484
5485
5487
5488
5489
5490
5491
5493
5494
5495
5496
5497
5498
5501
5502
5505
5509
5511
5515
5516
5519
5520
5521
5523
5525
5526
5530
5531
5532
5533
5536
5537
5542
5543
5548
5549
5550
5551
5552
5553
5554
5557
5566
5567
5570
5571
5573
5575
5576
5578
5581
5582
5584
5585
8504
5587
5588
5590
5591
5593
5596
5599
5602
5603
5605
10964
5606
5607
5611
5612
5613
5615
5616
5620
5624
5625
5626
5628
5629
5630
5631
5632
5633
5634
5635
5646
5648
5649
5653
5654
5656
5657
5659
5661
5662
5663
5666
5669
5671
5673
5676
5679
5680
5682
5685
5690
5691
5692
5693
5695
5696
5697
5698
5702
5703
5705
5706
5708
5711
5712
5713
5714
5716
5718
5721
5723
5726
5727
5729
5730
5731
5732
5733
5735
5737
5742
5744
5745
5746
5747
5749
5750
5751
5753
5754
5755
5756
5758
5762
5763
5764
5765
5767
5768
5770
5771
5773
5775
5776
5778
5780
5783
5784
5786
5787
5788
5789
5791
5793
5794
5795
5796
5797
5798
5800
5802
5803
5806
5807
5808
5809
5810
5811
5813
5814
5816
5818
5819
5820
5821
5824
5825
5827
5828
5830
5831
5834
5835
5836
5837
5838
5839
5841
5842
5844
5847
5850
5854
5920
5856
5857
5859
5863
5864
5869
5870
5871
5876
5877
5880
5884
5888
5889
5891
5894
5897
5898
5899
5900
5901
5903
5905
5909
5911
5912
5917
5918
5919
5921
5922
5923
5924
5926
5928
5929
5930
5932
5933
5934
5937
5938
5939
5941
5942
5945
5947
5949
5950
5952
5954
5955
5956
5957
5960
5962
5964
5965
5967
5969
5970
5972
5974
5975
5976
5978
5980
10555
5981
5982
5983
5984
5985
5986
5987
5988
5990
5992
5993
5994
6002
6003
6005
6010
6012
6016
6017
6018
6021
6024
6025
6026
6027
6028
6029
6031
6032
6035
6037
6038
6040
6046
6049
6051
6055
6058
6061
6062
6064
6068
6069
6070
6072
6075
6076
6078
6079
6080
6081
6082
6085
7222
6087
6088
6089
6091
6092
6093
6097
6099
6100
6101
6103
6106
6107
6108
6110
6111
6112
6114
6115
6116
6120
6122
6124
6125
6126
6127
6128
6129
6130
6133
6135
6136
6139
6142
6144
6145
6148
6149
6150
6151
6152
6156
6157
6158
6159
6161
6162
6163
6165
6166
6169
6172
6175
6176
6178
6179
6181
6183
6184
6185
6186
6187
6190
6191
6192
6194
6195
6196
6199
6200
6201
6203
6204
6207
6208
6209
6211
6212
6213
6214
6216
6218
6219
6220
6221
6223
6225
6226
6227
6228
6229
6230
6233
6237
6239
6241
6243
6245
6246
6247
6250
6252
6255
6256
6258
6259
6260
6261
6263
6264
6266
6267
6269
6270
6271
6272
6275
6278
6279
6285
6288
6290
6296
6297
6298
6302
6308
6310
6315
6317
6319
6321
6323
6325
6326
6327
6328
6329
6331
6332
6333
6334
6335
6336
6337
6340
6341
6343
6344
6345
6346
6347
6349
6351
6352
6354
6356
6362
6363
6364
6365
6366
6367
6368
6369
6370
6372
6374
6378
6379
6380
6382
6388
6389
6390
6393
6400
6401
6402
6405
6408
6410
6411
6412
6413
6416
6417
6419
6420
6421
6423
6424
6427
6428
6431
6432
6433
6435
10119
6436
6437
6438
6439
6440
6441
6442
6446
6447
6449
6451
6453
6454
6456
6459
6460
6461
6462
10247
6463
6464
6468
6469
6470
6471
6474
6477
6478
6479
6480
6484
6485
6487
6488
6489
6493
6494
6501
6502
6503
6504
6507
6509
6510
6511
6512
6513
6515
6516
6517
6518
6519
6521
6522
6524
6528
6529
6530
6534
6537
6538
6544
6545
6546
6548
6549
6550
6552
6554
6555
6556
6557
6558
6560
6562
6563
6564
6566
6567
6568
6569
6570
6571
6574
6576
6580
6583
6585
6587
6594
6596
6597
6599
6603
6605
6608
6609
6610
6611
6612
6616
6620
6621
6622
6623
6626
11053
6629
6630
6634
6641
6642
6643
6645
6647
6648
6649
6653
6655
6657
6658
6659
6663
6664
6665
6667
6669
6670
6672
6675
6676
6677
6678
6679
6683
6685
6687
6688
6691
6699
6701
6702
6704
6707
6710
6712
6714
6715
6721
6722
6724
6726
6732
6734
6738
6740
6744
6749
6750
6751
6752
6753
6754
6755
6758
6760
6761
6762
6763
6771
6772
6773
6774
6775
6779
6781
6789
6793
6796
6797
6799
6800
6801
6805
6811
6814
6819
6820
6828
6829
6834
6836
6837
6839
6843
6845
6846
6847
6853
6854
6856
6858
6859
6862
6868
6872
6876
6878
6881
6884
6886
6889
6892
6897
6901
6902
6904
6906
11057
6908
6910
6917
6919
6923
6924
6925
6926
6929
6933
6934
6937
6938
6941
6951
6952
6955
6958
6960
6962
6963
6965
6966
6967
6968
6969
6972
6973
6974
6975
6976
6977
6979
6981
6982
6984
6987
6988
6989
6990
6991
6992
6995
6996
6997
6998
7001
7002
7005
7006
7008
7010
7014
7015
7016
7017
7021
7024
7028
7029
7035
7038
7041
7042
7047
7049
7050
7054
7056
7058
7060
7062
7064
7067
7069
7070
7073
7075
7076
7077
7079
7080
7083
7084
7087
7088
7089
7092
7102
7103
7104
7106
7108
7110
7112
7117
7118
7120
7121
7122
7125
7126
7127
7128
7131
7132
7133
7134
7137
7138
7140
7141
7143
7144
7145
7146
7147
7148
7149
7150
7152
7154
7155
7157
7158
7159
7165
7166
7167
7168
7169
7172
7174
7175
7177
7179
7183
7185
7186
7187
7188
7189
7190
7191
7193
7194
7195
7199
7200
7202
7203
7204
7205
7206
7207
7213
7219
7220
7221
7225
7226
7228
7231
7232
7233
7234
7239
7240
7241
7244
7245
7248
7251
7254
7257
7263
7265
7266
7270
7271
7272
7275
7276
7277
7278
7280
7282
7285
7287
7288
7290
7292
7296
7298
7300
7303
7304
7701
7307
7309
7310
7313
7318
7322
7324
7325
7326
7327
7328
7330
7334
7335
7336
7337
7338
7340
7341
7343
7344
7346
7354
7355
7359
7363
7365
7366
7367
7368
7371
7373
7375
7376
7378
7379
7380
7383
7386
7389
7390
7395
7396
7398
7401
7404
7408
7409
7415
7418
7420
8063
7421
7422
7423
7436
7437
7442
7444
7445
7447
7449
7450
7452
7454
7458
7464
7465
7467
7469
7471
7472
7474
7475
7476
7479
7482
7489
7497
7498
7499
7501
7502
7503
7504
7506
7507
7508
7513
7518
11611
7519
7520
7523
7527
7532
7536
7543
7545
7548
7551
7552
7554
7555
7556
7557
7560
7561
7563
7565
7570
7573
7574
7582
7585
7589
7591
7596
7597
7599
7605
7612
7619
7620
7621
7622
7623
7624
7625
7628
7629
7633
7636
7639
7640
7641
7642
7643
7644
7645
7647
7652
7653
7658
7659
7660
7661
7662
7663
7665
7668
7669
7670
7672
7673
7674
7676
7677
7678
7683
7684
7689
7691
7693
7694
7695
7698
7699
7700
7702
7705
7706
7709
7710
7712
7715
7719
7736
7743
7765
7767
7775
7778
7780
7781
7783
7787
7792
7793
7797
7798
7799
7801
7805
7806
7807
7808
7815
7817
7820
7821
7822
7829
7830
7831
7832
7834
7835
7837
7841
7847
7849
7852
7856
7857
7859
7865
7868
7869
7871
7872
7873
7875
7878
7879
7887
7892
7896
7897
7901
7903
7904
7905
7906
7908
7911
7912
7913
7914
7915
7918
7920
7921
7926
7927
7928
7931
7933
7938
7964
7976
8014
8016
8018
8032
8042
8062
8073
8092
8103
8119
8143
8147
8208
8222
8243
8244
8248
8249
8250
8253
8260
8261
8262
8264
8267
8268
8273
8275
8277
8278
8279
8280
8281
8283
8285
8286
8287
8288
8293
8294
8298
8299
8300
8301
8302
8303
8304
8305
8306
8307
8308
8309
8310
8313
8315
8316
8318
8319
8320
8322
8323
8324
8326
8327
8328
8329
8330
8339
8342
8344
8345
8346
8347
8348
8355
8356
8357
8359
8360
8362
11049
8363
8368
8370
8373
8374
8377
8379
8380
8388
8391
8395
8396
8397
8399
8400
8402
8403
8404
8405
8407
8408
8410
8413
8414
8417
8418
8423
8424
8427
8428
8429
8432
8433
8440
8445
8446
8447
8449
8451
8454
8456
8458
8459
8460
8461
8465
8468
8469
8471
8475
8476
8479
8481
8482
8483
8491
8492
8494
8495
8496
8497
8498
8501
8502
8503
8505
8506
8507
8508
8511
8514
8524
8525
8527
8529
8532
8535
8539
8540
8541
8544
8546
8547
8548
8549
8551
8552
8553
8554
8555
8556
8557
8558
8559
8560
8561
8562
8563
8565
8566
8569
8570
8571
8573
8574
8575
8577
8578
8582
8583
8586
8587
8588
8589
8590
8593
8594
8596
8598
8600
8602
8604
8605
8606
8607
8609
8611
8612
8617
8620
8621
8623
8626
8628
8633
8634
8635
8638
8641
8642
8646
8651
8652
8653
8655
8656
8658
8659
8661
8663
8664
8669
8670
8674
8675
8679
8680
8681
8689
8690
8691
8693
8698
8699
8701
8703
8704
8705
8706
8707
8816
8708
8712
8715
8721
8722
8723
8724
8725
8726
8727
8728
8729
8730
8731
8735
8737
8739
8740
8742
8743
8744
8747
8751
8754
8756
8757
8767
8768
8771
8773
8774
8776
8778
8782
8783
8784
8786
8787
8791
8793
8794
8796
8797
8799
8800
8801
8802
8803
8804
8805
8806
8807
8810
8811
8812
8813
8814
8818
8819
8820
8822
8823
8824
8825
8826
8827
8828
8830
8831
8833
8834
8835
8836
8839
8841
8842
8843
8844
8845
8847
8848
8849
8852
8853
8854
8855
8856
8859
8861
8862
8864
8865
8866
8867
8869
8873
8874
8877
8878
8879
8880
8881
8883
8885
8886
8887
8888
8889
8890
8891
8895
8898
8899
8901
8902
8903
8905
8907
8909
8910
8911
8912
8913
8914
8915
8916
8918
8919
8924
8933
8939
8942
8943
8949
8953
8960
8961
8962
8965
8966
8970
8974
8975
8979
8983
8987
8991
8993
8999
9002
9009
9010
9014
9018
9019
9021
9022
9029
9032
9039
9042
9043
9047
9049
9052
9057
9062
9070
9079
9081
9084
9090
9091
9095
9098
9100
9101
9104
9105
9106
9109
9110
9111
9113
9116
9117
9119
9120
9123
9124
9126
9127
9128
9130
9131
9132
9134
9137
9139
9140
9141
9143
9146
9155
9156
9157
9160
9161
9163
9166
9171
9178
9179
9180
9182
9184
9185
9186
9188
9191
9192
9193
9194
9196
9199
9206
9208
9210
9211
9217
9218
9221
9223
9225
9226
9231
9239
9240
9242
9245
9246
9248
9250
9256
9257
9259
9262
9266
9267
9268
9271
9272
9274
9275
9276
9277
9278
9279
9280
9282
9286
9288
9290
9293
9297
9298
9299
9300
9302
9303
9307
9310
9312
9315
9317
9318
9320
9322
9324
9325
9328
9329
9330
9333
9334
9335
9336
9337
9339
9340
10490
9343
9346
9347
9350
9352
9355
9358
9360
9364
9365
9367
9368
9369
9371
9374
9376
9380
9381
9384
9385
9895
9386
9389
9390
9391
9395
9397
9398
9399
9400
9402
9403
9405
9408
9409
9410
9412
9413
9416
9417
9420
9423
9424
9425
9426
9427
9432
9435
9438
9440
9444
9446
9447
9450
9454
9455
9456
9458
9461
9464
9465
9467
9469
9471
9472
9475
9476
9477
9478
9480
9482
9483
9484
9487
9490
9495
9501
9503
9504
9505
9509
9510
9511
9513
9515
9516
9518
9521
9522
9523
9524
9527
9528
9531
9533
9534
9536
9539
9544
9546
9547
9549
9551
9559
9561
9562
9566
9569
9572
9578
9581
9582
9588
9589
9594
9596
9597
9598
9599
9600
9605
9608
9611
9612
9613
9615
9621
9623
9624
9625
9626
9627
9628
9630
9631
9632
9633
9634
9635
9636
9638
9639
9641
9643
9644
9645
9646
9649
9655
9656
9657
9659
9662
9664
9665
9666
9671
9673
9674
9676
9680
9682
9684
9686
9687
9689
9691
9694
9695
9698
9699
9700
9710
9712
9713
9714
9715
9716
9718
9720
9721
9724
9725
9727
9730
9731
9734
9737
9738
9739
9740
9741
9745
9746
9747
9750
9751
9752
9754
9755
9756
9761
9763
9764
9766
9767
9768
9770
9771
9773
9775
9779
9780
9782
9783
9784
9785
9786
9788
9796
9801
9802
9803
9804
9805
9806
9807
9810
9812
9813
9815
9816
9819
9820
9822
9825
9826
9828
9831
9834
9835
9836
9841
9844
9845
9850
9851
9854
9855
9856
9857
9858
9864
9865
9866
9867
9871
9873
9874
9875
9877
9879
9880
9881
9882
9886
9890
9893
9894
9898
9899
9900
9902
9905
9907
9913
9916
9918
9919
9920
9921
9922
9923
9924
9926
9928
9931
9932
9933
9935
9936
9937
9939
9940
9941
9942
9945
9946
9947
9949
9950
9951
9952
9953
9954
9955
9956
9957
9958
9959
9960
9961
9962
9963
9964
9965
9967
9968
9969
9970
9972
9974
9975
9977
9978
9980
9981
9983
9984
9985
9989
9990
9991
9992
9994
9995
9997
9998
9999
10000
10001
10002
10004
10005
10007
10008
10009
10010
10011
10013
10014
10015
10016
10017
10018
10019
10020
10021
10022
10024
10025
10028
10029
10030
10031
10033
10034
10035
10036
10039
10040
10041
10042
10043
10044
10045
10047
10049
10050
10051
10052
10053
10054
10055
10057
10058
10060
10062
10063
10064
10065
10067
10069
10071
10073
10074
10076
10077
10078
10080
10082
10084
10085
10086
10087
10089
10091
10096
10097
10099
10101
10102
10103
10104
10105
10108
10110
10111
10112
10113
10115
10116
10118
10123
10124
10125
10126
10127
10128
10129
10132
10133
10134
10135
10136
10137
10138
10139
10140
10141
10142
10143
10144
10145
10146
10147
10148
10149
10150
10151
10152
10153
10155
10156
10159
10160
10161
10165
10166
10168
10169
10170
10172
10174
10175
10178
10180
10181
10182
10184
10185
10187
10188
10189
10190
10192
10194
10198
10199
10200
10205
10206
10208
10210
10211
10212
10213
10215
10216
10218
10219
10220
10221
10223
10226
10227
10230
10231
10232
10233
10234
10235
10237
10238
10239
10240
10241
10242
10243
10244
10245
10246
10248
10249
10250
10251
10253
10254
10255
10256
10258
10259
10260
10262
10263
10264
10265
10266
10267
10269
10270
10272
10273
10274
10275
10276
10277
10409
10279
10280
10281
10282
10285
10292
10293
10294
10295
10296
10297
10298
10299
10300
10301
10302
10304
10305
10306
10308
10309
10310
10312
10315
10316
10317
10320
10325
10326
10328
10329
10330
10331
10332
10333
10334
10336
10337
10339
10340
10342
10343
10345
10349
10350
10351
10353
10355
10356
10357
10358
10360
10361
10362
10363
10365
10366
10367
10368
10369
10370
10372
10373
10374
10376
10377
10378
10380
10381
10382
10385
10386
10387
10444
10391
10394
10396
10397
10398
10399
10401
10402
10404
10405
10406
10407
10410
10411
10412
10413
10414
10415
10419
10421
10422
10423
10424
10425
10426
10427
10428
10429
10430
10431
10432
10433
10435
10436
10437
10438
10439
10440
10441
10442
10443
10445
10446
10447
10448
10450
10451
10452
10453
10456
10457
10458
10459
10460
10461
10462
10463
10464
10465
10466
10467
10468
10469
10470
10471
10472
10474
10475
10477
10478
10479
10480
10481
10483
10484
10487
10488
10489
10491
10492
10493
10497
10498
10500
10501
10502
10503
10504
10505
10506
10507
10508
10509
10510
10512
10515
10516
10517
10520
10522
10523
10525
10526
10527
10529
10530
10531
10533
10534
10535
10537
10538
10540
10542
10543
10547
10548
10549
10551
10552
10553
10554
10556
10557
10558
10559
10561
10563
10564
10565
10567
10571
10574
10577
10578
10579
10580
10582
10584
10585
10587
10590
10591
10592
10593
10594
10595
10596
10598
10599
10601
10607
10608
10609
10610
10611
10612
10737
10613
10614
10615
10616
10617
10618
10620
10621
10622
10623
10624
10625
10627
10630
10631
10632
10634
10635
10637
10638
10640
10642
10643
10645
10647
10648
10649
10650
10651
10652
10658
10659
10660
10661
10663
10664
10666
10667
10669
10670
10671
10672
10673
10674
10676
10678
10680
10681
10682
10683
10684
10685
10687
10688
10689
10690
10691
10692
10693
10694
10697
10699
10701
10703
10704
10705
10708
10709
10711
10715
10717
10719
10721
10722
10723
10724
10725
10727
10728
10729
10731
10732
10733
10734
10736
10738
10739
10740
10741
10744
10747
10749
10751
10752
10753
10756
10758
10760
10761
10762
10766
10767
10768
10771
10772
10774
10775
10777
10779
10780
10781
10782
10786
10787
10789
10790
10793
10796
10797
10799
10801
10802
10803
10804
10806
10807
10808
10811
10814
10816
10817
10818
10819
10820
10822
10826
10827
10828
10831
10834
10836
10837
10838
10839
10840
10841
10843
10844
10845
10848
10849
10851
10852
10854
10858
10860
10864
10865
10866
10867
10870
10873
10874
10878
10881
10883
10885
10886
10887
10888
10889
10890
10891
10893
10895
10897
10899
10902
10905
10906
10907
10908
10909
10913
10914
10915
10916
10917
10918
10919
10921
10922
10923
10924
10925
10926
10927
10929
10930
10931
10932
10934
10936
10938
10939
10941
10942
10944
10945
10947
10948
10950
10952
10956
10957
10958
10962
10963
10965
10966
10967
10969
10971
10975
11247
10977
10982
10983
10984
10986
10987
11191
10991
10992
10994
10996
10997
10998
10999
11000
11002
11003
11004
11006
11008
11014
11015
11016
11017
11018
11019
11020
11021
11022
11024
11027
11028
11031
11035
11036
11037
11038
11039
11041
11042
11043
11047
11051
11054
11058
11061
11063
11068
11071
11072
11073
11075
11076
11078
11079
11081
11082
11083
11084
11085
11088
11089
11090
11094
11095
11096
11097
11098
11099
11100
11102
11104
11105
11107
11108
11111
11112
11113
11114
11116
11117
11118
11119
11120
11122
11126
11128
11129
11130
11131
11132
11133
11134
11135
11136
11137
11138
11140
11141
11142
11144
11145
11146
11147
11148
11149
11150
11151
11153
11154
11158
11159
11160
11161
11163
11164
11166
11167
11168
11169
11170
11172
11173
11175
11176
11177
11178
11179
11180
11181
11182
11183
11184
11242
11185
11186
11187
11188
11189
11192
11195
11196
11198
11199
11200
11201
11202
11205
11206
11208
11210
11211
11212
11213
11214
11215
11216
11217
11218
11221
11223
11224
11225
11226
11229
11231
11234
11235
11236
11239
11240
11241
11243
11244
11245
11248
11249
11250
11251
11252
11256
11257
11258
11260
11262
11263
11264
11265
11342
11267
11268
11269
11271
11272
11276
11277
11278
11279
11280
11283
11284
11286
11287
11288
11291
11293
11294
11295
11297
11299
11301
11302
11304
11305
11306
11307
11308
11310
11314
11315
11317
11318
11319
11320
11322
11324
11325
11330
11331
11332
11334
11335
11337
11340
11341
11343
11345
11346
11348
11349
11350
11351
11353
11354
11355
11356
11358
11361
11362
11363
11364
11365
11366
11367
11368
11370
11371
11373
11375
11376
11377
11378
11379
11380
11382
11385
11392
11394
11396
11399
11402
11406
11407
11408
11409
11410
11411
11412
11413
11414
11416
11418
11419
11420
11421
11422
11424
11425
11426
11427
11428
11429
11430
11431
11432
11434
11435
11437
11439
11441
11443
11444
11445
11446
11448
11452
11453
11454
11455
11456
11457
11458
11460
11461
11462
11464
11465
11466
11467
11470
11472
11473
11474
11476
11477
11478
11479
11480
11481
11482
11483
11485
11486
11487
11488
11489
11490
11492
11494
11495
11496
11497
11500
11501
11502
11503
11505
11507
11508
11509
11510
11515
11516
11518
11519
11520
11525
11526
11528
11529
11530
11531
11533
11537
11538
11539
11540
11542
11543
11545
11546
11547
11552
11553
11554
11556
11558
11560
11561
11563
11565
11567
11568
11569
11570
11574
11575
11576
11577
11579
11582
11585
11586
11587
11588
11591
11594
11596
11597
11598
11600
11602
11603
11604
11605
11607
11610
11613
11615
11616
11617
11619
11621
11625
11626
11627
11629
11630
11633
11634
11637
11638
11639
11640
11645
11646
11648
11650
11651
11652
11653
11654
11655
11658
11659
11661
11662
11663
11664
11666
11667
11668
11669
11671
11673
11675
11677
11678
11680
11681
11682
11683
11684
11685
11686
11687
11689
11690
11691
11692
11693
11694
11696
11697
11698
11700
11701
11705
11706
11707
11708
11709
11710
11711
11713
11714
11715
11716
11717
11718
11719
11720
11721
11722
11724
11725
11726
11727
11728
11730
11731
11734
11735
11736
11741
11742
11743
11744
11747
11748
11749
11750
11752
11753
11754
11755
11756
11759
11761
11762
11764
11766
11767
11768
11770
11771
11773
11776
11777
11778
11779
11780
11782
11783
11785
11786
11787
11789
11797
11799
11800
11801
11802
11803
11804
11806
11807
11809
11813
11817
11819
11821
11824
11826
11829
11832
11833
11835
11836
11840
11841
11844
11845
11850
11851
11852
11853
11854
11855
11856
11859
11861
11862
11863
11864
11869
11870
11871
11873
11876
11877
11878
11882
11883
11884
11887
11889
11891
11892
11893
11894
11896
11897
11900
11902
11903
11904
11905
11906
11907
11909
11910
11911
11912
11913
11915
11919
11920
11923
11925
11928
11929
11930
11931
11934
11935
11936
11937
11940
11941
11942
11943
11945
11946
11947
11949
11950
11951
11953
11954
11956
11959
11961
11962
11965
11967
11971
11972
11975
11976
11977
11978
11980
11981
11982
11983
11985
11986
11988
11989
11990
11991
11994
11998
11999
12001
12009
12012
12013
12015
12016
12017
12018
12021
12022
12024
12025
12029
12033
12034
12036
12038
12041
12043
12044
12045
12047
12048
12049
12050
12051
12055
12056
12058
12060
12061
12062
12063
12065
12066
12067
12070
12071
12073
12074
12075
