0
1
306
4
6
13
213
21
22
23
24
740
27
67
28
38
45
46
49
117
59
65
161
70
72
71
74
76
241
77
82
83
87
88
90
94
119
127
129
131
289
142
151
152
153
159
160
541
164
165
168
169
173
176
177
1162
179
180
181
182
183
192
193
194
203
205
207
208
209
212
317
214
215
216
224
225
226
229
230
231
232
235
236
238
240
242
312
243
245
246
247
248
270
249
251
123
252
254
260
263
817
273
424
582
279
281
288
294
295
296
300
302
305
311
626
316
318
319
320
321
322
323
324
325
326
327
329
330
331
332
333
334
335
337
338
339
340
341
342
343
344
345
346
347
348
349
350
352
354
355
357
358
359
360
362
363
364
365
366
367
465
370
372
373
375
376
379
380
381
576
382
384
385
386
387
388
390
391
392
395
396
399
400
401
402
403
404
405
406
407
410
411
657
505
413
415
416
417
418
420
421
423
1073
593
425
426
427
428
429
430
431
432
433
434
435
436
439
440
441
442
443
444
446
447
448
449
450
451
452
454
456
457
458
459
462
464
466
467
972
469
470
471
473
475
476
477
480
481
482
483
484
485
486
487
488
489
491
492
493
494
495
496
497
498
499
500
501
502
503
504
506
507
510
596
511
513
515
516
517
518
519
520
521
523
526
527
528
529
530
532
533
534
535
536
538
539
540
542
544
545
613
546
549
553
558
559
560
561
562
912
564
565
567
569
571
575
577
579
580
581
583
584
585
587
588
590
592
595
597
598
599
600
601
602
604
605
606
608
609
611
612
615
617
721
746
618
111
619
622
648
624
628
629
630
631
632
633
634
638
641
642
647
652
655
656
658
659
660
661
663
665
666
669
674
675
676
677
681
683
686
687
688
690
691
693
695
696
697
698
699
700
701
703
704
706
707
708
710
716
717
719
720
722
725
726
729
734
737
739
748
749
750
752
753
755
756
757
760
761
762
763
764
765
766
767
769
771
772
773
774
776
777
780
782
783
787
793
794
795
796
797
798
799
801
802
803
804
805
806
807
808
809
810
811
813
814
816
822
825
826
827
828
829
830
833
835
836
837
839
840
841
843
844
846
847
848
849
850
851
1400
852
853
854
855
856
858
859
863
864
865
868
870
871
872
876
878
881
883
886
887
888
889
1005
890
891
892
893
895
896
898
900
902
904
905
906
909
911
913
914
916
918
919
920
921
1083
922
923
926
928
930
931
932
934
935
936
937
939
940
942
944
945
946
947
948
950
951
952
953
955
956
958
959
960
961
962
963
965
966
969
970
971
973
974
1803
975
976
978
979
981
983
984
985
986
987
990
991
992
993
996
998
999
1000
1002
1003
1004
1009
1013
1014
1015
1017
1020
1022
1028
1744
1029
1030
1031
1034
1036
1038
1040
1041
1042
1043
1045
1049
1050
1052
1056
1057
1059
1067
1554
1070
1071
1072
1077
1079
1080
1084
1085
1086
1087
1088
1089
1093
1094
1095
1096
1099
1104
1105
1108
1110
1111
1115
1117
1118
1120
1124
1130
1161
1415
1168
1179
1202
1204
1205
1211
1229
1277
1289
1300
1301
1302
1311
1315
1316
1318
1325
1326
1330
1331
1332
1336
1337
1342
1344
1348
1351
1358
1368
1370
1371
1372
1376
1377
1380
1381
1384
1385
1390
1391
1393
1394
1395
1399
1405
1406
1408
1416
1418
1419
1423
1424
1425
1426
1428
1429
1430
1431
1448
1452
1455
1456
1463
1466
1468
1472
1476
1477
1479
1480
1481
1482
1483
1487
1491
1492
1493
1496
1499
1500
1508
1512
1515
1517
1524
1526
1528
1531
1532
1537
1533
1535
1541
1542
1543
1544
1547
1550
1553
1556
1557
1558
1559
1563
1564
1565
1569
1570
1572
1573
1574
1575
1579
1581
1582
1583
1584
1585
1590
1595
1597
1598
1599
1602
1841
1609
1610
1614
1615
1616
1617
1619
1620
1621
1622
1623
1624
1629
1630
1631
1633
1634
1635
1636
1637
1638
1639
1641
1642
1649
1655
1660
1661
1663
1664
1665
1666
1667
1670
1671
1672
1673
1676
1677
1679
1682
1683
1686
1687
1689
1690
1691
1692
1693
1694
1701
1703
1707
1708
1709
1711
1712
1714
1717
1731
1733
1734
1735
1739
1741
1742
1743
1745
1746
1747
1748
1749
1750
1751
1752
1753
1754
1755
1756
1757
1758
1759
1761
1762
1763
1764
1765
1766
1767
1768
1769
1770
1771
1772
1773
1774
1775
1776
1777
1778
1780
1781
1782
1783
1784
1785
1786
1787
1788
1789
1791
1792
1793
1794
1795
1796
1797
1798
1800
1804
1810
1812
1815
1819
1820
1823
1825
1826
1829
1892
1831
1835
1836
1842
1843
1845
1847
1850
1851
1852
1853
1859
1861
1862
1865
1866
1868
1871
1874
1876
1888
1890
1891
1897
1898
1903
1904
1905
1906
1907
1908
1909
1910
1911
1914
1918
1919
1921
1922
1924
2018
1925
1926
1929
1938
1943
1945
1946
1948
1950
1953
1954
1956
1957
1958
1959
1961
1962
1963
1965
1967
1969
1970
1971
1974
1976
1977
1978
1979
1980
1981
1983
1984
1986
1988
1990
1991
1992
1995
2000
2001
2006
2011
2019
2020
2022
2023
2024
2025
2026
2028
2029
2030
2032
2033
2034
2036
2037
2038
2039
2041
2042
2043
2044
2045
2046
2049
2050
2051
2052
2053
2055
2057
2061
2062
2063
2065
2066
2067
2071
2073
2074
2075
2078
2079
2080
2081
2082
2084
2086
2089
2092
2093
2094
2095
2096
2098
2099
2101
2102
2103
2104
2105
2106
2107
2108
2109
2110
2112
2113
2114
2115
2116
2117
2119
2120
2121
2124
2125
2126
2127
2128
2129
2130
2131
2132
2135
2138
2139
2140
2141
2142
2143
2144
2145
2146
