0
41
9
1
2
3
32
15570
679
12058
135
8
5794
18
150
13
14
15
16
17
163
4213
21
22
23
24
25
26
27
28
29
30
31
33
34
36
38
39
40
4410
42
43
17352
17510
44
45
184
2490
47
48
49
50
17284
51
52
53
232
63
55
57
59
60
62
65
66
67
68
69
70
2258
73
76
77
79
81
83
85
86
89
91
94
188
100
101
103
104
107
108
109
110
2938
10479
111
2201
112
115
117
120
125
127
128
129
130
131
132
133
134
136
138
139
140
141
142
144
145
146
147
148
149
151
152
10264
1119
153
154
155
156
157
158
159
160
161
162
1856
6245
6246
2799
164
165
3009
167
168
169
171
172
174
175
176
181
182
12968
183
185
3263
189
194
195
196
197
198
199
200
201
202
205
209
212
213
214
216
218
220
221
5645
1750
222
223
225
226
229
230
7926
233
234
235
236
239
240
241
243
244
245
246
248
249
250
251
253
254
255
256
257
258
260
261
264
265
266
267
274
277
275
278
363
312
8437
376
314
382
281
285
286
2155
287
290
291
293
295
298
5276
3842
301
307
309
310
317
319
320
323
324
325
326
329
330
331
336
500
337
338
339
340
343
344
345
348
349
352
354
355
356
358
359
360
361
364
365
366
367
370
380
1822
381
384
385
386
484
1260
2509
389
393
394
396
3237
397
17808
473
572
3438
401
406
407
408
410
3117
413
414
416
768
417
420
421
422
7617
423
425
428
429
430
431
432
433
436
440
441
442
443
446
449
451
452
454
455
458
460
464
465
470
472
3293
475
478
479
480
481
483
1754
1515
9235
485
5048
5627
4864
487
489
490
491
492
493
494
495
496
497
499
4378
8894
16441
505
506
11892
510
13605
512
3187
17175
513
514
516
517
519
520
522
523
3579
7422
526
528
531
535
536
541
547
553
554
555
556
561
562
565
569
571
577
579
581
583
584
2881
3186
2197
588
589
598
600
601
602
604
605
606
607
609
610
611
614
619
625
627
7356
1677
629
1408
631
633
634
637
638
640
641
644
645
647
655
659
1968
662
665
667
669
670
674
676
678
680
681
685
686
687
689
690
691
692
694
695
696
5574
697
702
704
705
710
711
795
712
713
714
720
721
724
725
12252
727
732
733
734
737
740
746
748
5448
3994
749
751
752
2760
753
754
756
757
763
764
765
770
771
4991
772
774
775
779
781
782
783
784
786
787
789
790
791
793
794
2892
800
803
2682
808
810
812
813
815
816
818
821
824
831
833
5715
840
846
848
921
858
865
867
868
932
1288
1614
912
1006
1526
1467
870
878
880
881
888
891
894
895
898
900
901
902
905
906
908
1100
933
915
916
917
918
919
923
928
929
931
3909
3630
1038
2708
934
935
936
937
939
940
941
947
948
949
951
952
954
958
959
961
963
964
966
968
970
971
972
974
976
977
978
979
983
984
986
987
988
989
992
993
994
996
997
998
999
1000
1003
1008
1009
1010
1013
1017
1020
1023
1024
1025
1026
1027
1028
1034
1035
1036
1041
1044
1047
1048
1050
1052
1053
1054
1055
1058
1059
1061
6482
1065
1070
1072
2411
1076
1078
1080
1086
1089
1090
1095
7466
5272
4154
3434
2846
1104
1106
1109
1111
1114
1118
1120
1131
1132
1135
1137
1139
1142
1143
1144
1146
1148
1149
1151
1152
1153
1154
1155
1156
1161
4247
1171
1172
1174
7004
10995
1177
17543
6760
17106
16792
17720
1179
1183
1186
1188
1191
1192
1193
1194
1196
1197
1206
4240
11448
1207
1210
1215
1216
1217
1225
1227
1228
1230
1231
1234
1235
1236
1240
1242
1243
1247
1248
1249
1250
17610
1256
1257
12143
1258
1259
1264
1265
1270
1274
1277
1278
11857
1281
1282
3669
1290
1291
1294
1297
1300
1303
1304
1307
1308
1310
1313
8960
1317
1319
1322
1330
1332
1335
1340
1341
1343
1346
1350
1351
1355
1361
1362
1364
1368
1371
1374
1376
1377
1378
1380
1382
1383
1384
1385
1387
1388
1389
1391
1397
1399
1400
8468
1405
1406
1407
1409
1410
1411
3035
3791
1412
1413
1414
1416
1417
1420
1421
1422
1423
1424
1425
1426
1429
1430
1431
1433
1434
1437
1438
1441
1443
1445
1447
1448
1449
1450
1451
1458
1460
1463
1465
9339
1471
3733
1474
1475
1479
1480
1483
1484
1485
1486
1487
1488
1490
1491
1493
1496
1497
1498
1501
1502
1503
1507
1512
1513
1514
1517
1518
1520
1523
5752
1530
1532
1538
1539
1540
1542
13318
1548
1549
2271
1552
1553
1554
1556
1557
1560
1561
1562
1566
1569
1570
1571
1572
1574
1577
1578
1579
1582
1583
1584
1585
1594
1604
1606
1608
1609
15041
16282
1610
1611
1612
1617
7245
1621
1622
1624
1630
1634
1636
1637
1638
1642
1647
1650
1653
1659
1660
1665
1666
1668
1670
1672
1673
1674
1675
2618
1676
1679
1680
1681
1682
1683
1684
1685
1687
1689
1693
1699
1702
1703
3185
1704
1708
1711
1713
1715
1720
1723
1724
1725
1726
1732
1735
1736
1737
1738
1739
1740
1744
3658
1791
1745
1747
1749
1751
1752
1755
1757
1758
8977
1761
1767
1769
9354
14099
6266
1770
1771
1774
1775
1776
2077
1777
1779
1780
1781
1975
1785
1792
1793
1795
1796
1797
1798
1800
1801
1803
1806
1807
1808
1810
1811
1813
1814
1815
1816
1817
1820
1821
1824
1825
1826
1833
1836
1839
1841
1847
1848
1852
1854
1855
1858
1861
1862
1863
1864
1865
1867
1868
1870
1871
5832
1873
1875
1876
1886
1888
1889
1893
1894
7657
1896
1898
1902
1911
1912
1913
1915
1918
2015
1919
1924
1925
1926
1927
1928
1930
4605
1935
1937
1940
1942
1945
1949
1950
1955
1956
1957
1958
1963
1965
1967
1970
1972
1973
1974
1977
1978
1979
1980
3710
1983
1987
1988
1989
1996
1997
1998
2001
2003
2007
2008
2009
2011
2013
5251
2016
2017
2018
2956
2814
2022
3585
2024
2027
2067
2173
2623
2031
2032
2034
2035
2038
2039
2040
2043
2048
2053
2054
2056
6290
3447
5369
6235
2057
2059
2060
2063
2068
2071
15122
2073
2074
2078
2079
2080
2081
2082
2087
2090
2217
2215
2091
2092
2094
2095
2097
2098
2100
2104
2105
2106
2110
2112
2113
2116
2117
2120
2124
2125
2126
2128
2131
2132
2135
2136
2137
2138
2142
2143
2144
2145
2148
2149
2151
2152
3490
2154
2156
2157
2158
2159
2163
2169
2170
2172
2180
2181
2182
2189
2191
2193
2194
2204
2206
2210
2213
2214
4015
3163
14900
2219
2221
2222
2223
2224
2225
2233
2234
14185
2238
2239
2244
2245
2247
2252
2256
2257
2262
2264
2266
2269
2276
2279
2280
2283
2288
2291
2298
2303
2314
2315
2316
2318
2319
2326
2333
2338
2344
2353
2354
2355
2360
2361
2362
2366
2372
2374
2377
2378
2380
2381
2385
2387
4149
5045
2388
2390
2395
2397
2399
2400
9636
2405
2406
2408
2410
2415
2416
2421
2425
2432
10124
2435
2441
2446
2451
2456
2463
2465
2470
2471
2472
2476
2479
3954
4127
2481
2488
2489
2492
2493
2496
2498
2525
2501
2516
2518
2522
2526
2527
2529
2533
2540
2541
2546
2550
2552
5527
2557
2558
2560
11954
10755
2562
2563
2565
2566
2574
3933
2578
2582
2583
2584
10472
5416
2595
2599
2606
2615
2617
6859
9044
9173
14007
6223
2628
2632
2636
2637
2638
2640
2641
2643
2645
2650
2655
2656
2657
2670
2672
2673
3215
5268
2676
4518
2679
2680
2684
2686
2693
2694
2695
2697
2700
2703
4976
2707
5393
2715
6002
2720
2725
2733
2746
2747
2749
6039
2750
9770
2756
2757
2759
2762
2763
2764
2776
2777
2778
2779
2780
12360
11731
2781
2783
2784
2788
2790
2791
2792
2794
2795
2796
6826
2801
2810
2812
3568
8358
2815
2816
2817
2818
2821
2824
2825
2827
2828
2830
2831
2834
2836
2837
2841
2845
10486
2847
2850
2851
2852
2856
5238
2858
2859
2862
2863
2865
2869
2871
2875
2877
2879
3588
4952
15128
3332
13819
2882
2884
2885
2888
2891
2893
2894
2895
2898
2899
2902
2903
2906
2907
2909
2910
2911
2912
2913
2915
2916
2917
2919
2921
2923
2924
2925
2926
2932
2934
2937
14270
2939
2942
2945
2946
2947
2948
2952
2954
2955
11923
8343
2960
2964
2965
5541
2967
2968
2973
2974
2978
2980
2982
2983
2984
2985
2988
2989
2991
2995
2999
3002
3005
3006
3007
3008
3016
5125
3017
3018
3021
3022
3023
3025
3027
3030
3031
3033
3034
3520
3587
3721
3928
3514
3039
3040
3042
3044
3052
3054
3057
3058
3059
3060
3062
3064
3065
3066
3069
3610
3070
3073
3076
3078
3083
3084
3085
3086
3088
3090
3094
3096
3097
3098
3099
3101
3103
3104
3105
3106
3108
3110
3113
3114
3116
3119
3122
3125
3126
3128
3129
3130
3131
3132
3133
3137
3138
3139
13509
12151
3140
9344
3141
3143
3144
3146
3147
3148
3149
3151
3152
3153
3154
3155
3156
3157
3158
3159
3160
3161
3162
5441
3164
3165
3166
3167
3168
3170
3171
3173
3174
3175
3176
3179
3180
3191
3197
3200
3201
3203
4214
3204
5248
3205
3207
3209
3210
3211
3212
3213
3214
3216
3218
3219
3220
3221
3223
3225
3227
3230
3232
3234
3238
3240
3241
3243
3244
3250
3499
3252
3253
3255
3256
7193
3257
3258
3259
3260
3262
3265
3268
3269
3271
3274
3275
3276
3277
3278
3282
3283
8311
3284
3290
3292
3295
3297
3298
3299
3303
3304
3306
3315
3666
3321
3324
3330
3331
3333
3463
3334
3336
3337
3342
3344
3345
3346
3347
3349
3350
3351
3353
3354
3355
3356
3357
3363
3372
3373
14745
3376
7750
3379
3381
3385
3388
3393
3395
3398
3399
3400
3408
3410
3412
3414
3416
3420
3421
3423
5864
3430
3431
3432
8865
8955
8964
8870
3720
8858
5916
3436
3437
3439
3442
3443
3444
3445
6115
3449
3450
3455
3457
3459
3461
3462
3464
3466
3467
3473
3474
3476
3478
3482
3483
3486
3488
3489
3491
3496
5288
6578
6493
3500
3505
3506
3507
3511
3517
3518
3521
3522
5659
6075
3523
3524
3527
3531
3532
9758
3536
3539
3540
3541
3544
3546
3549
3550
3553
3554
3558
3559
3561
3565
3567
7794
3569
3571
3574
3578
3581
3582
3583
3584
3745
13263
3586
3589
10956
3591
3593
3594
4333
3595
3596
3597
3598
3600
3601
3603
3609
3611
3612
3613
3614
3616
3619
3621
3623
3629
3631
3632
14348
3643
3644
3646
3648
3650
3661
3662
3663
3664
3665
3667
3668
3670
3671
3673
3674
3675
3680
3681
3682
3683
3686
3687
3688
3689
3690
3693
3695
3696
3697
3699
3702
3704
3707
13376
3711
3712
3715
3716
3717
3718
3719
8396
3726
3727
3728
3729
3730
3735
3736
3738
3741
3746
15093
3749
3750
3751
3752
3753
3754
3755
4031
3756
3759
3762
3765
3767
3770
3773
3774
3781
4451
8716
14558
3784
3787
3789
3790
3792
3890
3793
3796
3798
3799
3800
3803
3807
3808
3810
3811
3813
3814
3815
3817
3820
3822
3826
3828
3830
3831
3832
3833
3834
3835
3843
3845
3846
3847
3849
3855
3859
3862
3868
3873
3874
3875
3876
3880
3881
3883
3884
3885
3891
3892
3894
3897
3903
3904
3905
3907
3911
3913
3915
3916
3917
3921
3924
3926
3929
6133
3931
3932
5461
3935
3936
3937
3938
3940
3942
3948
3949
3951
3952
3959
3960
3962
3963
14109
3964
3965
3968
3969
3971
3976
3980
3983
3988
3989
3990
5912
15710
3996
3997
4001
4004
4005
4006
4007
4009
4011
4012
4013
16975
4014
4016
4017
4020
4021
4027
4028
4030
9388
8460
4032
4037
4041
4043
4045
4047
4050
4058
4060
4062
4063
4065
4066
4067
4070
4071
4075
4077
4080
4084
4085
4087
4090
4091
4092
4093
4094
4095
4097
4098
4099
4103
4104
4105
4106
4107
4109
4110
4113
4114
4115
4117
4118
4121
4122
4123
4124
4125
4126
16786
4129
4133
4134
4139
4140
13104
4142
4145
4147
4148
4153
4158
4161
5124
8552
4162
4163
4165
4166
4170
4172
4173
4175
4176
4177
4179
4181
4183
4185
4189
4190
4192
4194
4195
4197
4199
9001
4200
4201
4203
4207
4208
4211
4216
4218
4219
4222
4223
4224
4225
4226
4227
4228
4229
4230
4231
4232
4234
4239
6455
4242
4243
4244
4245
4249
4250
4251
4252
4253
4255
4257
4258
7351
4259
4262
4263
4264
4265
4267
4269
4270
4274
4276
4277
4279
4280
4281
4282
4283
4284
4285
4286
4287
4288
4289
4290
4292
4293
4294
4296
4297
4299
4301
4302
4303
4307
4309
4310
4312
4315
4319
4324
4325
4356
4328
4330
16007
4335
4342
4344
4347
4351
4352
4357
4358
4360
4365
4367
4368
4372
4373
4377
4387
4391
4394
4400
4401
4405
4407
4411
4416
4419
4420
4422
4424
4425
4426
4429
4430
4431
4435
4436
4438
4441
4442
4443
5711
4444
4445
17984
4447
4452
4453
4457
4463
4466
4467
4473
4474
4475
4477
4478
4480
4481
4485
4488
4489
4490
4493
4495
4496
4497
4500
4502
4503
4504
4621
4508
4510
4511
4512
4513
4514
4515
4519
4520
4521
4523
4529
4530
4533
4538
4541
4542
4544
4545
4547
4548
4549
4553
4555
4567
4570
4575
4584
4588
4597
4599
4600
4604
4612
4613
4614
4617
4618
4619
4624
4625
4626
4627
4628
4629
4633
4634
16665
4635
4636
4637
4638
4640
4641
4642
4646
4651
4652
4653
4656
4657
4658
11777
4667
4669
4673
4678
4685
4686
4687
4688
4690
4691
4695
4696
4697
4699
4702
4703
12816
4705
4706
4709
4710
4712
4713
4716
4717
4719
4720
17731
4725
4726
4727
4728
4729
4731
4733
4735
4736
4737
4739
4742
4743
4757
4759
4765
4768
4771
4774
4776
4780
4781
4782
4784
4785
4786
4787
4788
4789
4793
4794
4795
4797
4798
4800
4801
4802
4803
4808
4811
4813
4815
10299
4817
4818
4819
4823
4824
4826
4827
4832
4835
4839
4848
4849
4850
4856
4858
4860
4861
4867
4874
4880
4882
4884
4885
4886
4888
4890
4891
4892
4894
4898
4899
4900
4904
4905
4906
4908
4916
4917
4919
4922
4923
4925
4930
4931
4932
4934
4939
4940
4943
4947
4949
4951
4955
4959
4966
4967
4968
4969
4973
4974
4975
4977
4978
4979
4980
4981
4985
4987
4988
16249
4989
4990
12555
4994
4996
4999
5000
5007
5009
5014
5017
5018
5019
5020
5024
5025
5027
5030
5032
5035
11255
5041
5042
5043
5047
5049
5050
5053
5057
5058
5059
5065
5069
5072
5074
5077
5079
5081
5084
5085
5086
5087
5088
5089
5094
5099
11673
16125
5101
5104
5112
5114
5115
5116
5119
5926
5122
5127
5147
16183
5641
5128
5129
5132
5137
5138
5141
5148
5149
5152
5156
5157
5158
5161
5162
5165
5166
5167
5168
5172
5173
5175
5176
5179
7708
5182
5183
5185
5187
5190
5192
5194
5196
5206
5207
5208
5209
5210
5212
5215
5223
5224
5226
5227
5228
5235
5239
5240
5241
5242
5249
5254
5255
5256
5263
5264
16247
5266
5267
5271
5274
5275
5277
5282
5284
5289
5290
5291
5292
5294
5296
5297
5298
5299
5301
5304
5309
5310
5312
5318
5320
5321
5327
5328
5331
5332
5334
5336
5339
5340
5341
5343
5344
5346
5348
5349
5350
5351
5352
5353
5354
5355
5356
5357
5358
5360
5362
5363
5365
5368
5371
5372
5375
5376
5377
5383
5384
5385
5386
5388
5481
5389
5391
5392
10544
13242
5395
5398
5400
5401
5402
5405
5408
5409
5411
5412
5413
5414
5415
5417
5418
5420
5422
5423
5425
5426
5427
5429
5430
5431
5432
6218
5433
5438
5439
5442
5444
5446
5449
5450
5451
5452
5453
5455
5456
5458
5460
5464
5465
5467
5470
18110
5474
5475
5476
5482
5483
5487
5490
5493
5497
5503
5504
5509
5510
5511
5512
5513
5526
5528
5529
5531
5532
5535
5538
5542
5543
5547
5548
5550
5554
5559
5561
5562
5563
5565
5568
5573
5581
9408
17601
5642
5583
5585
5588
5594
5597
5598
5599
5601
5602
5607
5608
5609
5620
5621
5623
5626
5629
5633
5635
5637
5638
5643
5650
5653
5660
5661
5666
5668
5669
8957
5671
5674
5677
5678
5679
5680
5681
5682
5686
5692
5693
5694
5699
5706
16304
5708
5709
5713
5714
5720
5721
5724
5726
5727
5728
5729
5731
5732
5733
5734
5735
5736
5737
5738
5739
5742
5744
5747
5748
5749
5754
5755
5760
5763
5766
5770
5774
5775
5784
5785
5786
5787
6019
5793
5795
5797
5800
5802
5803
5805
5810
5812
5814
5815
5816
5818
5821
5825
5828
5829
5830
5831
5833
5837
5838
9851
5847
5850
5857
5860
5863
5867
5868
5870
5871
5875
5878
5879
5881
5882
5883
5885
5887
5892
5893
5894
5895
5898
5899
5900
5902
5904
14778
5905
8513
5911
9346
5922
5923
5924
5928
5929
5931
5932
5933
5936
5939
5941
5945
5946
5948
5949
5955
5956
5959
5961
5962
5964
5966
5313
5968
5971
5975
12275
5976
5977
5978
5983
5986
5991
5995
6000
6001
6008
6009
6010
6011
6012
6015
6017
16197
6020
6021
6022
6023
6029
6031
6036
12674
6038
6040
6041
6042
6044
6050
6051
6052
6053
6055
6056
6059
6063
6065
6067
6069
6070
6071
6073
6074
6078
6081
6082
6083
6084
6085
6086
9376
9314
9375
6090
6091
6093
6094
6096
6098
6099
6101
6105
6107
6109
6111
6112
6117
6119
6122
6130
6132
6134
6135
6136
6137
6138
6139
6141
12335
6144
6146
6147
6148
6153
6155
6158
6160
6162
7679
6164
6170
6174
6175
6176
6177
6178
6180
6182
6184
6188
6189
6190
6191
6193
7021
12305
6195
6197
6199
6201
6203
6204
6207
6209
6213
6215
6220
6224
6225
6226
6227
6228
6229
6230
6231
6232
6239
6240
6241
6248
6250
6251
6252
18002
6253
6255
6259
6261
6263
6264
6267
6268
6270
6271
6276
6278
6281
6282
6283
6284
6285
6286
6289
13287
8392
6292
6293
6694
6297
6299
6302
6304
6305
6306
6308
13840
6309
6310
6311
6312
6313
6316
6318
6319
6320
6829
6322
6323
6324
6327
6332
6335
6336
6338
6339
6342
6345
6348
6349
6350
6355
6356
6359
6361
6362
6363
6364
6365
6367
6368
6499
6369
6372
6373
6377
6379
6383
6384
6389
6391
6392
6394
6395
6396
6397
6401
6403
6404
6405
6406
6407
6413
6418
6420
6421
6424
6425
6426
6427
6428
17437
6429
6430
6432
6433
6434
6436
6437
6438
6439
6440
6441
6442
6443
6445
6447
6448
6449
6450
6452
6454
6459
6461
6463
6468
6469
6470
6476
6477
6479
6481
6483
6485
6486
6489
6490
6491
6494
6495
6497
6498
6500
6501
6502
6503
6507
6509
6510
6511
6514
6517
6518
6519
6522
6523
6525
6527
6530
6531
6532
6533
6534
14430
6535
6536
6537
6538
6539
6542
6543
6545
6546
6547
6549
6554
6555
6557
6819
6559
6560
6563
6564
6569
6570
6571
6572
6573
6575
6576
6577
6579
6580
6583
6587
6588
6592
6593
6599
6600
6601
6602
6603
6605
6607
6610
6615
6616
6621
6622
7233
6624
6626
6628
6629
6630
6631
6635
6637
6638
6640
6642
6643
6646
6653
6654
6655
6660
6661
6665
6666
6667
6668
6669
6671
6673
6674
6675
6682
6683
6685
6686
6689
6691
6693
6695
6698
6700
6701
6702
6710
6711
6712
6713
6717
6718
6719
6724
6725
6727
6728
6730
17360
6732
6733
6737
8027
6738
6742
6743
6746
6748
6753
6755
6757
6759
6761
6765
6766
6767
6768
6870
6769
6774
6775
6776
6777
6782
6783
6786
6787
6788
6790
6792
6797
6798
6801
6802
6804
6806
6807
6808
6814
6816
6817
6820
6821
6822
6823
6824
6825
6827
6828
6831
6832
6834
6836
8173
6839
6841
6846
6848
6854
6855
6856
6858
6860
6865
6866
6867
6868
6869
6872
6873
6874
6877
6879
6886
6887
6888
6890
6891
6893
6894
6895
6898
6899
6901
6902
6906
6908
6911
6912
6913
6915
6916
6919
6924
6926
6927
6930
6931
6932
6933
6935
6937
6938
6939
6940
16179
6941
6946
6949
6951
10507
6954
6955
6956
6958
6959
6962
6963
6966
6969
6973
6975
6977
6979
6984
6993
6994
6997
6998
6999
7008
7009
7014
7015
7016
7017
7019
7024
7026
7027
7028
7029
7031
7032
7033
7036
7037
7038
7039
7040
7041
7045
7047
7048
7054
7060
7061
7062
7064
7065
7068
7069
7072
7074
7076
7077
7080
7081
7082
7085
7086
7092
7093
7094
7095
7097
7100
10580
7101
7102
7104
7105
7106
7107
7108
7109
7110
7111
7114
7115
7116
7117
7118
7119
7120
7122
7123
7124
7125
7126
7127
7128
7129
7133
7134
7135
7136
7137
7138
7140
7141
8819
7144
7147
7149
7150
7154
7155
7158
7159
7160
7161
7162
7163
7165
7166
7167
7169
7170
7171
7172
7174
7179
7180
7181
7184
7185
7186
7187
7189
7191
7192
7195
7197
7199
7201
7202
7211
7213
7214
7219
7220
7223
7226
7227
9797
7231
7236
7239
7242
15968
7247
7248
7249
7251
7252
7253
7254
7255
7256
7257
7259
7263
7266
7271
7273
7274
7277
7278
7281
7285
7286
7290
7292
7293
7294
7296
7297
7298
7299
7301
7302
7303
7304
7305
7306
7307
7308
7309
7313
7315
7316
7318
7319
7320
7322
7323
7325
7327
7328
7333
7334
7336
7337
7339
7342
7343
7346
7347
7349
7352
7353
7355
7357
7358
7360
7361
7363
7364
7365
7366
7367
7369
7371
7373
7374
7376
7377
7378
7382
7383
7384
7385
7386
7387
7388
7389
7391
7392
7393
7397
7398
7402
7404
7405
7406
7410
7412
7413
7421
7423
7425
7426
7427
7428
7433
7434
7435
7437
7438
7439
7440
7441
7444
7445
7446
7447
7451
7452
7453
7454
7458
7465
7469
7471
7476
14076
7479
7482
7483
7486
7489
7491
7495
7511
7513
7514
7516
7517
7519
7522
7523
7528
7533
7537
7538
7539
7544
14150
7545
7551
7553
7555
7556
7557
8587
7558
7562
7565
7567
7569
8844
7570
7573
7574
7576
7577
7580
7582
7583
7587
7588
7589
7591
7594
7595
7602
7605
7607
7608
7609
7610
7611
7613
7614
7616
7619
7628
7631
7632
7633
7637
7638
7639
7641
7642
7643
7644
7645
7648
7650
7653
7654
7656
7658
7660
7664
7667
7669
7670
7671
7672
7673
7675
7681
7683
7685
7686
7692
8593
7693
7696
7698
7699
7701
7702
7703
7705
7712
7713
7716
7718
7719
7720
7721
7722
7723
7724
7725
7726
7730
7733
7740
7741
7742
7743
7747
7751
7752
7755
7756
7757
7758
7761
7765
7767
7768
7769
7771
7772
7775
7778
7780
7785
7786
7791
7792
7793
7795
7800
7804
7805
7810
7811
7816
7817
7818
7819
7820
7821
7828
7831
7832
7833
7837
7838
7843
7846
7850
7852
7855
7857
7859
7863
7865
7866
7868
7870
7873
7874
7877
7878
7879
7882
7885
7886
7887
7888
7890
7892
7894
7895
7900
7901
7904
7914
7917
7921
7923
7929
7932
7935
7937
7938
7939
7951
7953
7954
7955
7958
7961
7962
7970
7971
7978
7981
7984
7986
7987
7989
7995
8004
8007
8008
8014
8016
8017
8019
8020
8024
8026
8029
8030
8031
8032
8033
8034
8036
8037
8038
8039
8040
8041
8042
8043
8044
8045
8046
8047
8048
8050
8052
8053
8054
8056
8057
8058
8059
8060
8061
8062
8063
8064
8065
8066
8067
8070
8071
8072
8073
8074
8075
8076
8077
8078
8079
8080
8081
8082
8083
8084
8085
8086
8087
8088
8089
8090
8091
8092
8093
8094
8095
8096
8097
8098
8099
8101
8103
8104
8105
8106
8107
8108
8110
8112
8114
8115
8116
8117
8118
8119
8120
8121
8122
8123
8124
8125
8126
8131
8133
8134
8135
8136
8137
8139
8140
8144
8146
8147
8153
8155
8161
8164
8165
8169
8170
8172
8174
8176
8177
8180
8184
8185
8186
8191
8192
8193
8195
8196
8199
8200
11349
8202
8204
8210
8217
8220
8225
8228
8230
8231
8233
8234
8236
8237
8238
8240
8241
8242
8243
8244
8247
8249
8250
8251
8253
8254
8256
8262
8266
8270
8272
8273
8274
8275
8276
8281
8283
8285
8287
8292
8293
8295
8297
8302
8305
8306
8309
8310
8312
8315
8316
8317
8329
8330
8331
8332
8334
8335
8336
8339
8340
8344
8345
8346
8348
8350
8351
8352
9084
8359
8362
8363
8364
8365
8367
8369
8372
8373
8374
9168
8380
8381
8383
8386
8391
13551
8393
8395
8400
8402
8403
8404
8405
8409
8411
8412
8416
8417
8419
8421
8422
8423
8425
8426
8427
8428
8431
8434
8436
8438
8440
8441
8442
8444
8446
8447
8450
8451
8453
8455
8456
8457
8458
8459
8462
8463
8464
8470
8471
8476
8479
8480
8486
8488
8489
8493
8494
8495
12426
8498
8499
8501
8503
8507
8510
8511
8514
8515
8519
8520
8521
8524
8526
8528
8531
8535
8537
8542
8545
8549
8550
8551
8554
8556
8558
8564
8566
8568
8571
8573
8575
8578
8581
8583
8584
8591
8592
8594
8595
8596
8597
8599
8603
8605
8606
8610
8611
8612
8616
8620
8623
8625
8627
8628
8630
8632
8634
8635
8636
8638
8639
8640
8643
8646
8647
8648
8649
8650
8651
8653
8654
8655
8656
8657
8659
8660
8661
8666
8668
8671
8676
8677
8683
8684
8685
8687
8689
8690
8692
8694
8695
8698
8699
8700
8701
8704
8707
8708
8709
8712
8713
8714
8717
8719
8720
8722
8723
8724
8725
8727
8730
8731
8732
8733
8734
8736
8737
8739
8741
8743
8744
8746
8747
8751
8752
8753
8754
8755
8756
8757
8758
8759
8761
8762
8763
8764
8765
8767
8768
8769
8771
8774
8775
8776
8779
8782
8783
8785
8788
8789
8793
8794
8795
8796
8797
8803
8804
8806
8807
8809
8816
8817
8818
8821
8825
8826
8828
8829
8830
9353
8832
8835
8837
8839
8841
8842
8843
8847
8852
8856
8861
8862
8863
8866
8867
8868
8869
8871
8872
8873
8876
8877
8879
8880
8882
8883
8884
8885
8886
8887
8888
8891
8895
8896
8897
8901
8902
8903
8905
8906
8909
8911
8912
8914
8915
8919
8922
8923
8924
8925
8926
8927
8928
8929
8932
8935
8936
8937
8938
8940
8943
8946
8947
8948
8949
8951
8952
8953
8954
8958
8962
8963
8966
8968
8970
8971
8972
8975
16704
8980
8981
8982
8983
8987
8988
8990
15815
8992
8993
8994
8996
8998
9000
9002
9003
9004
9005
9007
9008
9011
9012
9014
9015
9016
9017
9019
9022
9023
9026
9027
9029
9031
9033
17890
14196
9036
9039
9041
9042
9043
9045
9048
9050
9052
9056
9058
9061
9062
9063
9065
9067
9071
9072
9074
14634
9075
9078
9079
9081
9082
9085
9086
9091
9094
9095
9097
9099
9102
9104
9107
9109
9115
9120
9122
9123
9124
9127
9128
9130
9132
9134
9139
9141
9143
9147
9149
9150
9154
9155
9158
9159
9161
9163
9164
9165
9169
9176
9177
9182
9183
9187
9188
9190
9191
9192
9194
9204
9205
9209
9210
9211
9212
9214
9217
9222
9226
9229
9231
9233
9241
9242
9246
9248
9250
9252
9253
9254
9256
9258
9259
9260
9262
9263
9264
9267
9269
9271
9275
9276
9277
9278
9279
9280
9281
9285
9286
9287
9289
9291
9293
9296
9297
9298
9301
9302
9304
9307
9309
9310
9311
9312
11166
9315
9316
9320
9321
9322
9323
9324
9327
9328
9329
9330
9331
9332
9333
9334
9335
9336
9338
9340
9342
9347
9348
9351
10630
9357
9359
9361
9364
9365
9367
9370
9371
9373
9374
17208
9377
9378
9380
9384
9386
9389
9390
9392
9394
9395
9396
9397
9398
9399
9400
9401
9409
9410
9411
9413
9414
9415
9416
9417
9420
9423
9424
9425
9427
9429
9430
9431
9435
9436
9437
9438
9442
9443
9444
9445
9446
9452
9453
9456
9457
9461
9462
9463
9465
9470
9472
9473
9475
9478
9484
9486
9487
9488
9489
9490
9491
9493
9494
9495
9499
9501
9502
9504
9505
9506
9508
9509
9511
9512
9513
9515
9516
9517
9518
9523
9527
9531
9534
9536
9537
9538
9543
9545
9547
9549
9670
9550
9552
9555
9556
9557
9560
9565
9566
9567
9570
9571
9574
9575
9576
9577
9579
9580
9581
9584
9585
9586
9588
9589
9592
9596
9598
9602
9604
9607
9608
9609
9612
9614
9616
9618
9619
9622
9623
9625
9626
9627
9628
9632
9634
9635
9639
9642
9644
9645
9647
9648
9651
9652
9653
9654
9655
9656
9658
9659
9660
9662
9664
9665
9667
9672
9675
9676
9680
9681
9682
9683
9684
9686
9687
9688
9693
9694
9700
9703
9705
9706
9707
9708
9709
9728
9731
9734
9736
9738
9740
9741
9743
9745
9747
9751
9752
9756
9757
9759
9762
9769
9771
9776
9777
9778
9780
9781
9789
9790
9793
9794
9795
9798
9799
9800
9801
9802
9803
9812
9817
9818
9825
9836
9838
9839
9842
9850
9853
9854
9855
9856
9857
9858
9862
9864
9865
9866
9868
9870
9872
9873
9874
9876
9878
9879
9880
9881
9883
9884
9885
9887
9889
9890
9891
9896
9897
9898
9900
9901
9903
9904
9906
9907
9911
9913
9914
9918
9920
9921
9922
9923
9924
9925
9926
9927
9929
9931
9933
9935
9938
9940
9944
9945
9946
9949
9952
9954
9957
9960
9963
9964
9966
9967
9968
9969
9970
9971
9972
9976
9977
9978
9981
9985
9986
9987
9990
9992
9993
9995
9996
15066
9997
9998
10002
10006
10007
10008
10009
10010
10013
10014
10017
10021
10023
10026
10033
10034
10038
10039
10040
10042
10043
10046
10048
10049
10050
10053
10057
10061
10062
10064
10065
10068
10070
10071
10072
10077
10078
10079
10080
10081
10082
10083
10088
10089
10091
10093
10094
10095
10098
10099
10103
10104
10106
10107
10110
10112
10116
10118
10119
10122
10126
10127
10129
10131
10132
10133
10134
10135
10137
10138
10139
10141
10143
10145
10146
10149
10151
10155
10158
10161
10162
10165
10168
10171
10173
10174
10175
10180
10182
10185
10188
10189
10190
10192
10193
10194
10198
10199
10200
10201
10207
10208
10215
10216
10218
10222
10223
10224
10225
10226
10229
10231
10232
10234
10236
10238
10246
10247
10248
10249
10250
10256
10257
10259
10260
10263
10265
10267
10268
10271
10272
10276
10277
10278
10279
10280
10283
10284
10285
10287
10289
10290
10291
10293
10294
10297
10298
10300
10301
10304
10305
10307
10308
10309
10311
10312
10313
10315
10316
10319
10324
10327
10329
10330
10331
10334
10335
10337
10338
10339
10340
10342
10343
10344
10345
10347
10348
10349
10351
10352
10353
10354
10355
10357
10358
10360
10361
10362
10363
10364
10365
10366
10368
10370
10371
10373
10374
10376
10377
10380
10381
10383
10384
10385
10386
10389
10390
10391
10394
10395
10400
10401
10403
10404
10405
10406
10407
10409
10410
10413
10414
10415
10417
10421
10422
10423
10424
10425
10427
10431
10432
10433
13439
10434
10435
10436
10437
10439
10440
10441
10442
10443
10445
16622
10449
10453
10454
10456
10461
10462
10465
10467
10470
10473
10476
10480
10481
10483
10484
10485
10487
10488
10489
10491
10492
10493
10495
10496
10500
10501
10502
10505
10506
10510
10511
10512
10513
10514
10518
10519
10526
10527
10529
10530
10532
10533
10535
10536
10537
10539
10541
10545
10546
10547
10551
10552
10554
10555
11687
10558
10559
10563
10568
10570
10571
10572
10573
10574
10577
10578
10579
10581
10583
10584
10585
10588
10590
10591
10592
10593
16603
10601
10604
10605
10606
10607
10609
10612
10613
10614
10615
10616
10618
10620
10623
10624
10625
10626
10627
10628
10629
10631
10635
10636
10637
10638
10640
10644
10646
10648
10651
10652
10653
10656
10657
10658
10659
10660
10661
10662
10663
10664
10665
10666
10667
10668
10671
10673
10674
10677
10679
10683
10684
10685
10686
10687
10688
10689
10691
10692
10693
10694
10697
10698
10700
10701
10702
10703
10704
10707
10708
10710
10712
10714
10716
10717
10719
10721
10723
10724
10725
10727
10728
10732
10736
10738
10739
10743
10744
10747
10748
10749
10751
10752
10753
10757
10762
10767
10772
10774
10776
10778
10781
10784
10785
10800
10801
10805
10806
10810
10811
10817
10819
10821
10828
10829
10830
10832
10833
10834
10835
10838
10840
10841
10842
10843
10847
10849
10850
10851
10854
10855
10856
10857
10858
10863
10864
10865
10866
10867
10870
10871
10872
10873
10876
10877
10878
10879
10882
10886
10887
10888
10891
10892
10896
10899
10900
10901
10902
10904
10905
10906
10907
10908
10910
10911
10912
10913
10914
10915
10918
10919
10920
10922
10926
10931
10932
10935
10938
10939
10942
10943
10944
10945
10946
10948
10950
10958
10959
10960
10962
10964
10965
10966
10971
10985
10987
10989
10996
11004
11008
11009
11010
11014
11015
11016
11020
11026
11029
11031
11037
11040
11042
11047
11050
11052
11055
11058
11060
11067
11069
11070
11080
11082
11086
11092
11093
11096
11098
11101
11106
11111
11114
11119
11121
11123
11126
11131
11132
11137
11139
11140
11141
11146
11147
11148
11159
11161
11165
11167
11172
11174
11175
11176
11178
11181
11182
11184
11187
11188
11190
11193
11194
11195
11197
11199
11200
11203
11204
11205
11207
11208
11209
11211
11212
11215
11216
11218
11219
11220
11223
11224
11225
11227
11228
11231
11232
11249
11258
11275
11277
11279
11280
11282
11284
11286
11289
11296
11297
11298
11303
11306
11311
11313
11315
11316
11317
11321
11324
11326
11328
11329
11330
11333
11334
11337
11340
11343
11347
11351
11354
11358
11359
11361
11362
11365
11367
11370
11374
11375
11377
11380
11382
11383
11385
11390
11392
11394
11398
11400
11401
11404
11405
11407
11408
11412
11414
11417
11418
11421
11422
11426
11429
11430
11432
11433
11434
11435
11436
11437
11438
11439
11441
11444
11446
11449
11452
11453
11455
11456
11457
11460
11461
11463
11464
11465
11469
11470
11471
11473
11474
11477
11478
11481
11483
11486
11490
11491
11493
11496
11499
11501
11503
11504
11505
11507
11509
11514
11515
11516
11520
11523
11525
11530
11531
11537
11538
11540
11545
11546
11547
11548
11551
11552
11555
11558
11562
11563
11564
11567
11570
11571
11573
11575
11576
11578
11584
11585
11592
11593
11597
11599
11600
11601
11609
11610
11611
11614
11615
11617
11618
11622
11627
11628
11635
11636
11637
11638
11640
11642
13706
11649
11650
11652
11653
11657
11662
11664
11669
11670
11671
11674
11677
11685
18360
11694
11695
11699
11701
11702
11704
11705
11706
11707
11713
11715
11718
11719
11721
11726
11728
11729
11732
11734
11735
11737
11738
11742
11743
11746
11749
11751
11754
11755
11758
11761
11763
11764
11765
11766
11768
11771
11772
11779
11781
11785
11788
11789
11794
11795
11796
11802
11803
11809
11816
11818
11819
11821
11822
11823
11825
11827
11828
11829
11830
11831
11832
11833
11834
11835
11839
11841
11843
11846
11849
11851
11854
11856
11860
11861
11865
11866
11867
11868
11870
11872
11873
11875
11877
11878
11880
11881
11882
11885
11888
11890
11897
11898
11900
11906
11908
11909
11913
11920
11921
11922
11925
11930
11936
11938
11939
11940
11943
11945
11946
11948
11955
18561
11958
11959
11970
11973
11977
11979
11980
11986
11987
11992
11993
11996
11997
11999
12000
12001
12002
12010
12011
12013
12014
12018
12021
12022
12023
12024
12025
12027
12030
17215
12036
12041
12047
12050
12052
12055
12059
12060
12061
12063
12067
12073
12075
12076
12078
12080
12083
12086
12089
12091
12096
12098
12105
12106
12109
12110
12112
12113
12114
12115
12122
12123
12129
12132
12133
12134
12142
12146
12150
12152
12154
12158
12163
12164
12165
12167
12172
12174
12179
12180
12182
12184
12185
15282
12186
12187
12188
12189
12190
12192
12194
12195
12198
12200
12205
12208
12209
12210
12214
12215
12218
12219
12225
12220
12221
12223
12224
12229
12230
12234
12236
12238
12239
12240
12241
12242
12244
12246
12248
12255
12256
12262
12263
12265
12267
12272
12273
12277
12280
12281
12283
12285
12286
12287
12288
12289
12290
12291
12296
12298
12300
12301
12302
12303
12304
12309
12310
12316
12317
12318
12319
12320
12321
12322
12328
12333
12337
12339
12340
12341
12342
12343
12346
12348
12353
13099
12358
12361
12365
12366
12376
12386
12388
12389
12398
12413
12429
12458
12463
12465
12466
12491
12496
12507
12517
12520
12524
12526
12535
12536
12539
12545
12547
12553
12556
12558
12562
12563
12565
12566
12570
12573
12574
12575
12584
12590
12628
12635
12636
12645
12666
12667
12675
12679
12688
12694
12701
12702
12706
12723
12729
12747
12755
12756
12770
12774
12776
12779
12793
12795
14264
12799
12800
12805
12809
12813
12814
12820
12821
12832
12841
12849
12859
12861
12871
12876
12879
12884
12888
12891
12911
12913
12918
12924
12934
12946
12963
12977
12980
12983
12985
12995
13002
13005
13018
13020
13026
13027
13028
13031
13040
13044
13048
13057
13058
13064
13074
13079
13103
13108
13125
13140
13141
13147
13149
13151
13159
13178
13188
13194
13195
13196
13210
13214
13220
13222
13224
13233
13239
13241
13251
13253
13265
13269
13273
13275
13279
13285
13286
13291
13292
13295
13298
13301
13303
13304
13305
13311
13312
13313
13315
13316
13319
13320
13321
13326
13328
13330
13332
13342
13337
13339
13340
13344
13345
13351
13371
13372
13375
13377
13379
13381
13382
13384
13385
13395
13404
13405
13410
13415
13417
13419
13425
13426
13427
13445
13448
13449
13451
13453
13454
13455
13459
13461
13464
13466
13474
13478
13490
13491
13493
13502
13504
13510
13511
13512
13513
13519
13521
13525
13527
13529
13530
13531
13532
13534
13535
13536
13543
13545
13546
13548
13550
13555
13560
13562
13564
13565
13566
13568
13569
13571
13577
13583
13586
13588
13592
13594
13595
13598
13600
13601
13604
13606
13607
13614
13615
13619
13626
13627
13628
13629
13636
13641
13642
13649
15976
13650
13651
13653
13660
13661
13663
13667
13669
13670
13671
13673
13674
13681
13684
13686
13687
13689
13691
13692
13696
13697
13703
15842
13707
13709
13710
13711
13715
13716
13717
13720
13721
13726
13728
13731
13732
13733
13734
13736
13737
13741
13742
13744
13745
13747
13749
13750
13751
13752
13754
13756
13757
13761
13762
13768
13769
13770
13771
13772
13774
13780
13782
13784
13785
13797
13799
13800
13805
13807
13815
13820
13822
13823
13826
13828
13835
13836
13837
13841
13845
13847
13858
13860
13861
13866
13871
13872
13876
13877
13881
13883
13884
13889
13890
13891
13892
13899
13901
13902
13903
13904
13905
13907
13908
13911
13912
13915
13916
13918
13922
13927
13931
13933
13941
13942
13951
13953
13955
13958
13959
13960
13961
13963
13967
13969
13971
13973
13977
13979
13983
13993
13999
14000
14001
14002
14003
14004
14008
14013
14015
14016
14018
14019
14020
14025
14027
14029
14030
14033
14035
14036
14037
14040
14043
14044
14045
14061
14062
14066
14068
14069
14071
14072
14074
14078
14082
14085
14087
14096
14097
14098
14897
15655
14101
14108
14113
14116
14117
14118
14119
14120
14122
14128
14133
14137
14387
14356
14138
14139
14141
14145
14146
14154
14155
14159
14167
14169
14172
14176
14178
14180
14182
14186
14190
14200
14201
14206
14207
14208
14209
14210
14211
14213
14215
14216
14217
14218
14219
14221
14222
14223
14225
14227
14228
14231
14232
14233
14234
14235
14236
14237
14240
14241
14242
14243
14244
14245
14246
14247
14249
14250
14251
14252
14253
14254
14255
14256
14257
14258
14259
14260
14261
14262
14263
14265
14266
14267
14268
14269
14271
14272
14273
14275
14276
14277
14278
14279
14298
14280
14281
14282
14285
14287
14291
14292
14293
14294
14295
14296
18026
14297
14299
14301
14302
14303
14304
14305
14306
14308
14312
14313
14314
14315
14317
14318
14319
14321
14323
14324
14325
14326
14327
14328
14332
14335
14336
14337
14338
14339
14340
14341
14342
14343
14344
14345
14346
14349
14350
14352
14354
14357
14359
14364
14365
14366
14367
14369
14370
14371
14372
14373
14374
14375
14376
14377
14378
14379
14380
14384
14385
14388
14389
14391
14396
14400
14402
14403
14404
14405
14406
14408
14410
14412
14413
14414
14415
14416
14417
14418
14422
14424
14425
14426
14427
14428
14431
14432
14434
14435
14436
14439
14442
14443
14444
14445
14447
14448
14449
14450
14452
14453
14454
14455
14456
14458
14459
14460
14461
14463
14464
14465
14467
14469
14471
14472
14475
14476
14477
14481
14482
14486
14487
14490
14495
14497
14500
14501
14505
14506
14507
14511
14514
14519
14520
14522
14525
14526
14527
14528
14529
14530
14531
14532
14534
14535
14537
14539
14540
14541
14542
14544
14545
14546
14550
14551
14552
14553
14554
14556
14557
14559
14562
16154
14563
14564
17482
14569
14571
14573
14574
14577
14579
14580
14581
14583
14584
14585
14586
14590
14591
14593
14594
14595
14599
14600
14602
14607
14608
14613
14615
14616
14620
14621
14622
14625
14627
14628
14629
14631
14635
14638
14640
14641
14642
14643
14644
14646
14651
14657
14661
14668
14669
14677
14678
14681
14683
14684
14689
14696
15548
14701
14703
14704
14705
14707
14708
14711
14712
14715
14716
14718
14720
14721
14723
14725
14731
14736
14737
14738
14747
14748
14751
14752
14753
14755
14756
14759
14764
14768
14774
14779
14781
14784
14785
14786
14787
14788
14793
14795
14798
14799
14800
14801
14806
14807
14808
14811
14816
14818
14821
14822
14823
14824
14827
14828
14829
14830
14832
14835
14836
14838
14840
14843
14852
14856
14857
14858
14862
14864
14866
14869
14874
14875
14876
14877
14879
14880
14885
14887
14889
14890
14891
14892
14893
14894
14895
14898
14899
14902
14903
14904
14905
14913
14914
14916
14918
14919
14921
14923
14924
14925
14931
14932
14933
14937
14942
14943
14949
14953
14955
14964
14967
14968
14969
14970
14974
14977
14980
14981
14982
14984
14985
14986
14988
14990
14992
14993
14994
14995
14996
14998
15003
15004
15005
15009
15010
15011
15012
15013
15014
15015
15020
15021
15024
15025
15027
15028
15030
15032
15034
15035
15038
15042
15051
15052
15053
15054
15056
15057
15059
15060
15062
15064
15067
15070
15071
15074
15075
15076
15077
15078
15079
15080
15081
15082
15084
15085
15087
15088
15090
15097
15101
15102
15105
15106
15110
15111
15115
15117
15120
15124
15125
15129
15130
15131
15133
15136
15137
15433
15140
15141
15142
15144
15145
15147
15148
15149
15153
15154
15155
15159
15160
15162
15169
15171
15173
15174
15176
15178
15180
15182
15183
15186
15187
15188
15189
15190
15191
15192
15193
15194
15195
15197
16144
15198
15199
15200
15201
15202
15204
15205
15206
15208
15209
15211
15220
15221
15223
15225
15226
15231
15232
15233
15234
15236
15237
15239
15242
15243
15245
15248
15249
15252
15253
15254
15255
15257
15259
15260
15261
15263
15265
15266
15269
15270
15274
15275
15277
15278
15279
15280
15281
15283
15288
15290
15292
15293
15299
15301
15303
15307
15308
15310
15313
15315
15317
15318
15319
15320
15321
15326
15327
15328
15332
15333
15335
15340
15341
15343
15344
15346
15347
15348
15353
15354
15355
15356
15357
15358
15359
15362
15368
15372
15373
15374
15375
15376
15379
15381
15383
15386
15390
15391
15393
15394
15395
15396
15397
15398
15399
15400
15401
15402
15403
15404
15405
15406
15407
15409
15410
15413
15414
15417
15422
15423
15425
15427
15429
15430
15431
15435
15436
15437
15439
15440
15446
15447
15449
15451
15453
15454
15456
15457
15462
15464
15465
15466
15467
15469
15470
15472
15473
15475
15478
15479
15480
15495
15496
15497
15499
15500
15502
15503
15506
15507
15509
15510
15511
15513
15516
15517
15518
15519
15520
15521
15523
15526
15529
15530
15534
15535
15536
15537
15539
15541
15555
15557
15559
15563
15567
15568
15572
15576
15577
15579
15580
15581
15582
15584
15585
15587
15588
15589
15590
15593
15595
15596
15598
15601
15603
15604
15608
15609
15614
15616
15617
15619
15621
15622
15624
15625
15627
15631
15633
15634
15636
15637
15638
15640
15641
15642
15643
15645
15649
15656
15657
15659
15669
15670
15671
15675
15676
15677
15688
15689
15690
15692
15693
15695
15696
15698
15700
15701
15703
15705
15706
15711
15714
15715
15718
15719
15720
15723
15724
15725
15726
15727
15728
15732
15734
15735
15738
15740
15741
15747
15748
15751
15753
15754
15755
15756
15759
15761
15763
15764
15766
15767
15769
15770
15771
15773
15775
15776
15779
15780
15781
15783
15785
15786
15787
15788
15789
15791
15792
15793
15794
15795
15798
15799
15806
15808
15810
15811
15814
15818
15819
15821
15824
15825
15828
15829
15831
15832
15833
15835
15836
15837
15838
15839
15841
15843
15845
15846
15848
15849
15851
15852
15854
15856
15863
15864
15865
15866
15868
15869
15871
15872
15874
15880
15881
15882
15885
15888
15891
15892
15893
15894
15895
15896
15897
15898
15899
15900
15901
15906
15907
15912
15914
15918
15920
15921
15926
15927
15928
15929
15931
15932
15935
15936
15943
15945
15946
15947
15948
15949
15950
15951
15952
15953
15954
15955
15956
15957
15959
15960
15962
15963
15964
15965
15966
15967
15970
15972
15974
15975
15977
15979
15980
15981
15982
15985
15989
15990
15991
15993
15994
15996
15997
15998
15999
16000
16001
16002
16003
16006
16008
16009
16011
16013
16014
16015
16016
16017
16018
16019
16021
16023
16024
16026
16027
16028
16033
16036
16037
16391
16040
16043
16044
16047
16049
16050
16051
16052
16055
16057
16058
16059
16060
16061
16062
16063
16064
16071
16073
16076
16078
16079
16084
16085
16090
16092
16093
16094
16095
16098
16099
16101
16102
16103
16105
16108
16109
16110
16112
16115
16116
16117
16118
16122
16123
16126
16132
16133
16134
16135
16137
16139
16145
16146
16147
16148
16149
16151
16153
16156
16157
16159
16162
16163
16164
16165
16167
16169
16170
16171
16172
16173
16174
16175
16176
16177
16178
16180
16182
16184
16186
16187
16188
16189
16191
16192
16193
16195
16198
16199
16201
16202
16203
16204
16205
16206
16207
16208
16209
16210
16211
16212
16214
16215
16216
16217
16218
16219
18280
16220
16221
16222
16223
16224
16225
16226
16227
16228
16230
16231
16232
16233
16234
16235
16238
16239
16240
16241
16244
16245
16246
16248
16250
16251
16252
16253
16254
16255
16256
16257
16258
16259
16260
16261
16262
16263
16264
16265
16266
16267
16268
16269
16270
16272
16273
16274
16275
16276
16277
16278
16280
16281
16283
16284
16285
16287
16289
16290
16292
16294
16296
16297
16299
16300
16302
16303
16305
16306
16307
16308
16310
16311
16313
16314
16316
16317
16318
16320
16321
16324
16325
16329
16330
16332
16333
16334
16335
16338
16339
16340
16342
16343
16344
16346
16347
16348
16350
16351
16353
16356
16357
16358
16360
16361
16362
16363
16366
16367
16368
16369
16371
16372
16374
16375
16376
16379
16381
16383
16384
16385
16386
16388
16389
16392
16393
16395
16397
16399
16400
16402
16403
16404
16405
16406
16408
16409
16410
16413
16414
16416
16417
16421
16423
16425
16426
16428
16431
16433
16436
16439
16442
16443
16444
16445
16446
16449
16451
16453
16454
16456
16457
16458
16461
16463
16464
16469
16470
16473
16478
16479
16480
16484
16485
16488
16489
16492
16495
16496
16498
16499
16500
16501
16504
16507
16512
16526
16528
16531
16536
16539
16540
16541
16542
16543
16545
16550
16551
16552
16554
16558
16562
16566
16568
16569
16570
16571
16572
16580
16585
16587
16588
16589
16590
16591
16592
16594
16595
16596
16597
16598
16599
16601
17056
16604
16607
16609
16610
16611
16613
16614
16616
16617
16618
16619
16620
16621
16623
16626
16627
16628
16629
16630
16631
16634
16636
16643
16644
16645
16651
16653
16654
16655
16657
16660
16661
16662
16663
16664
16668
16669
16670
16672
16674
16678
16681
16685
16686
16687
16689
16693
16694
16698
16699
16702
16703
16705
16708
16710
16711
16714
16715
16716
16719
16721
16723
16725
16729
16731
16732
16733
16734
16735
16736
16737
16739
16742
16746
16749
16750
16751
16752
16753
16754
16756
16757
16758
16759
16762
16763
16765
16768
16770
16772
16778
16779
16782
16783
16788
16789
16790
16794
16797
16799
16800
16801
16802
16803
16804
16805
16806
16807
16808
16809
16811
16812
16815
16817
16820
16822
16824
16826
16828
16830
16831
16835
16836
16837
16838
16841
16844
16845
16849
16850
16851
16852
16853
16855
16857
16858
16859
16860
16863
16864
16865
16866
16867
16868
16870
16871
16872
16874
16875
16876
16877
16879
16880
16882
16884
16887
16890
16891
16894
16895
16896
16897
16901
16902
16903
16904
16905
16906
16907
16909
16910
16911
16913
16920
16922
16923
16927
16928
16930
16931
16932
16934
16935
16936
16937
16938
16939
16940
16941
16942
16944
16946
16948
16949
16951
16952
16954
16955
16956
16957
16958
16959
16961
16963
16966
16969
16970
16972
16973
16977
16979
16983
16984
16985
16986
16989
16991
16993
16994
16995
16998
17000
17076
17001
17004
17005
17007
17008
17011
17013
17014
17015
17017
17018
17020
17022
17024
17025
17026
17028
17029
17034
17035
17036
17039
17041
17043
17044
17046
17048
17053
17054
17057
17058
17059
17068
17069
17070
17071
17072
17073
17075
17078
17079
17080
17082
17084
17085
17088
17089
17092
17094
17095
17099
17102
17103
17105
17108
17109
17110
17111
17112
17114
17115
17116
17117
17119
17121
17122
17123
17124
17126
17127
17128
17133
17134
17135
17136
17138
17141
17143
17147
17148
17149
17150
17151
17152
17154
17155
17156
17158
17159
17160
17161
17164
17166
17167
17168
17169
17170
17171
17172
17174
17176
17177
17180
17182
17184
17185
17186
17189
17190
17191
17192
17194
17195
17196
18010
17199
17200
17202
17203
17204
17207
17209
17210
17211
17213
17214
17216
17217
17218
17219
17220
17221
17222
17223
17224
17225
17227
17228
17229
17230
17232
17233
17234
17235
17236
17238
17240
17242
17244
17247
17248
17250
17251
17252
17253
17254
17255
17257
17258
17259
17261
17264
17265
17267
17268
17270
17272
17274
17275
17277
17281
17286
17287
17288
17289
17292
17293
17295
17296
17298
17299
17300
17301
17302
17303
17305
17306
17307
17308
17309
17312
17313
17315
17316
17317
17318
17319
17322
17323
17324
17328
17330
17331
17332
17333
17337
17339
17341
17346
17347
17349
17350
17354
17358
17362
17363
17364
17365
17366
17367
17368
17369
17370
17372
17373
17375
17376
17378
17379
17380
17381
17382
17383
17384
17385
17388
17389
17390
17391
17392
17395
17396
17397
17398
17399
17400
17683
17401
17402
17404
17405
17406
17409
17410
17411
17413
17414
17415
17417
17418
17420
17421
17422
17423
17425
17426
17427
17428
17429
17430
17431
17432
17433
17435
17436
17438
17439
17441
17443
17444
17445
17446
17448
17449
17450
17451
17452
17453
17454
17455
17456
17457
17458
17459
17460
17461
17462
17464
17465
17466
17468
17470
17471
17472
17473
17474
17475
17477
17478
17479
17480
17481
17483
17484
17485
17486
17487
17488
17489
17682
17915
17491
17493
17494
17495
17498
17499
17500
17502
17503
17504
17505
17509
17513
17514
17515
17726
17516
17517
17518
17519
17520
17523
17525
17526
17527
17528
17531
17532
17534
17535
17537
17538
17541
17545
17546
17547
17550
17552
17554
17555
17556
17557
17558
17560
17562
17563
17564
17565
17566
17567
17568
17569
17572
17573
17575
17576
17577
17578
17579
17580
17581
17583
17584
17585
17586
17587
17588
17589
17590
17591
17592
17593
17594
17595
17596
17600
17602
17603
17604
17605
17607
17609
17611
17612
17614
17615
17616
17618
17619
17620
17621
17622
17625
17627
17628
17629
17630
17631
17632
17633
17634
17635
17638
17639
17640
17641
17642
17643
17644
17645
17647
17648
17649
17651
17652
17653
17654
17655
17656
17657
17658
17659
17660
17661
17666
17667
17902
17669
17670
17671
17672
17673
17674
17675
17677
17678
17679
17680
17685
17686
17688
17689
17691
17692
17693
17694
17697
17698
17699
17701
17702
17705
17706
17707
17708
17709
17710
17711
17712
17713
17714
17715
17716
17717
17719
17723
17724
17725
17728
17729
17730
18225
17732
17734
17735
17736
17737
17738
17740
17742
17743
17745
17746
17747
17748
17749
17750
17752
17753
17754
17756
17757
17758
17759
17762
17763
17768
17769
17770
17771
17772
17774
17775
17776
17777
17778
17779
17780
17782
17783
17785
17786
17787
17789
17790
17791
17792
17793
17794
17795
17796
17797
17798
17799
17800
17801
17802
17803
17805
17806
17807
17809
17810
17811
17812
17813
17814
17815
17817
17818
17819
17820
17821
17822
17823
17824
17825
17827
17828
17829
17831
17832
17833
17834
17835
17836
17837
17838
17839
17840
17841
17842
17845
17847
17848
17849
17850
17852
17853
17854
17855
17856
17857
17859
17861
17862
17865
17866
17867
17869
17870
17871
17872
17873
17875
17876
17878
17880
17882
17883
17884
17885
17886
17887
17888
17891
17892
17893
17894
17895
17896
17898
17899
17900
17901
17903
17907
17908
17909
17910
17912
17914
17916
17917
17920
17921
17924
17925
17926
17929
17930
17931
17932
17933
17934
17935
17936
17937
17938
17939
17940
17941
17942
17944
17945
17946
17947
17951
17952
17953
17954
17955
17957
17960
17961
18021
17962
17963
17964
17965
17966
17967
17970
17971
17972
17974
17975
17976
17977
17978
17979
17980
17981
17983
17985
17986
17987
17989
17990
17991
17992
17993
17994
17996
17997
17998
17999
18000
18001
18003
18004
18005
18006
18008
18009
18013
18014
18015
18016
18017
18018
18019
18020
18022
18023
18024
18028
18029
18030
18031
18032
18033
18035
18037
18040
18041
18042
18045
18046
18047
18048
18049
18050
18051
18052
18053
18056
18058
18059
18060
18061
18062
18064
18065
18066
18067
18068
18069
18070
18072
18073
18075
18077
18078
18079
18081
18082
18083
18084
18085
18086
18087
18088
18089
18090
18091
18093
18094
18095
18096
18097
18098
18101
18102
18103
18105
18106
18107
18108
18109
18111
18112
18115
18117
18118
18119
18120
18121
18122
18124
18125
18127
18128
18129
18130
18131
18132
18133
18135
18137
18138
18139
18141
18142
18143
18144
18145
18146
18148
18150
18151
18152
18153
18154
18157
18158
18159
18160
18161
18162
18163
18164
18167
18169
18170
18172
18173
18174
18175
18176
18177
18178
18180
18181
18182
18183
18184
18185
18186
18187
18188
18189
18190
18191
18192
18194
18195
18196
18197
18199
18200
18202
18204
18206
18208
18209
18210
18211
18212
18213
18214
18215
18217
18218
18219
18221
18223
18224
18227
18228
18229
18231
18232
18233
18234
18235
18236
18237
18238
18239
18240
18243
18245
18246
18249
18251
18252
18253
18254
18255
18257
18258
18260
18261
18264
18266
18267
18268
18269
18270
18272
18274
18275
18276
18279
18281
18282
18283
18285
18286
18287
18288
18289
18290
18291
18292
18294
18295
18296
18297
18298
18299
18300
18301
18302
18303
18304
18305
18306
18307
18308
18309
18310
18311
18312
18314
18315
18316
18317
18319
18320
18321
18322
18323
18325
18326
18329
18333
18334
18335
18339
18341
18343
18344
18345
18347
18348
18349
18350
18351
18352
18353
18355
18357
18358
18361
18362
18363
18364
18367
18368
18370
18371
18373
18374
18375
18376
18378
18380
18381
18382
18384
18385
18387
18388
18390
18392
18394
18395
18396
18397
18398
18399
18400
18401
18403
18405
18406
18409
18412
18418
18414
18415
18416
18419
18422
18424
18425
18426
18427
18429
18432
18433
18434
18435
18436
18437
18439
18440
18441
18442
18443
18444
18445
18446
18447
18448
18449
18450
18451
18452
18453
18454
18455
18457
18458
18460
18461
18462
18463
18465
18466
18467
18470
18471
18472
18473
18475
18476
18477
18478
18479
18481
18483
18485
18486
18487
18488
18489
18490
18491
18493
18494
18496
18497
18498
18499
18500
18501
18502
18503
18505
18508
18510
18511
18513
18515
18517
18518
18521
18522
18523
18524
18525
18526
18527
18530
18531
18532
18533
18534
18535
18536
18537
18538
18539
18540
18541
18543
18544
18545
18547
18548
18549
18550
18551
18552
18553
18554
18555
18559
18560
18562
18563
18564
18565
18566
18567
18568
18569
18570
18571
18572
18573
18574
18575
18576
18577
18578
18579
18580
18581
18582
18583
18584
18585
18586
18587
18588
18589
18590
18591
18592
18593
18594
18595
18596
18597
18598
18599
18600
18601
18602
18603
18604
18605
18606
18607
18608
18609
18610
18611
18613
18615
18616
18617
18619
18620
18621
18622
18623
18624
18625
18626
18627
18628
18629
18630
18631
18632
18633
18638
18644
18645
18646
18647
18648
18650
18651
18653
18654
18655
18657
18658
18659
18660
18661
18662
18663
18665
18666
18668
18670
18671
18672
18673
18675
18676
18677
18678
18679
18682
18683
18686
18689
18691
18692
18693
18694
18696
18701
18703
18706
18720
18721
18722
18723
18724
18725
18726
18727
18730
18731
18732
18733
18734
18735
18736
18738
18739
18740
18741
18742
18744
18745
18746
18747
18748
18749
18750
18751
18752
18753
18754
18756
