3
4
7
12
9
56
17
74
69
10
81
187
140
11
13
105
138
15
22
23
27
28
36
37
6728
41
46
47
731
15908
389
3944
3787
378
11323
48
4738
7632
10714
1755
53
57
59
60
64
65
67
70
1499
82
7145
4122
12204
83
249
86
88
89
90
92
93
101
2010
580
103
104
108
7561
7899
109
111
113
114
115
489
118
122
849
126
127
128
15932
14391
129
130
132
133
134
137
139
872
142
143
144
149
150
152
153
227
154
156
1557
157
162
167
173
177
179
180
3836
181
328
189
182
183
184
12092
10438
185
186
188
701
2183
9385
6219
1405
307
3443
7422
14259
1796
196
197
198
609
9129
201
202
290
265
203
204
206
207
217
220
4286
221
223
3961
907
1171
224
418
508
226
6283
228
229
232
233
11953
234
235
13854
236
237
238
239
244
247
250
252
10498
10132
253
261
264
660
269
271
273
723
559
274
276
286
287
288
291
901
4266
3883
11980
367
9177
292
296
298
299
301
8395
302
365
303
304
2036
310
2145
312
313
314
3054
315
316
7331
318
319
320
6499
321
323
324
327
2305
329
330
11373
332
333
334
335
337
344
338
341
12523
342
13391
343
346
351
349
350
352
1407
353
354
355
356
359
360
362
363
364
366
368
370
371
374
375
4485
377
379
381
4816
383
385
388
424
4634
492
614
391
393
5643
6742
394
395
397
398
399
400
401
402
11110
806
403
405
408
412
1244
419
420
425
427
9284
428
1906
4519
429
430
433
589
435
2231
9495
436
439
440
444
448
449
452
455
458
459
461
4151
464
472
475
476
1720
3805
477
478
1160
480
481
703
482
483
484
485
490
491
494
6860
14789
495
496
497
498
499
502
505
506
2603
509
4662
514
515
8750
5170
516
517
520
522
523
526
527
528
529
530
531
532
994
533
536
537
538
541
542
544
547
549
1866
550
551
554
555
557
558
561
562
564
566
568
569
570
572
574
575
576
577
579
581
2567
582
584
585
587
588
5831
5682
590
591
595
597
598
600
601
602
604
605
606
607
608
610
14854
611
612
615
3688
616
617
618
619
620
621
622
624
626
627
8435
631
633
634
636
640
642
643
644
646
647
648
649
650
655
657
656
11702
658
659
665
667
673
676
678
680
682
683
684
686
690
691
692
696
699
705
707
709
12899
712
713
714
718
720
722
768
746
724
726
727
1172
728
1402
729
730
732
733
734
737
738
742
743
744
745
747
748
749
750
752
754
757
758
760
762
763
765
766
769
770
775
777
780
781
782
784
788
790
791
794
795
796
797
803
805
807
809
811
5337
1621
812
813
815
818
820
821
822
823
828
829
832
833
835
836
842
843
846
847
848
9224
2732
850
851
852
853
854
9510
855
972
859
932
862
863
865
866
868
870
871
876
877
881
882
884
885
886
888
891
892
893
894
898
899
904
905
906
3024
1227
908
909
910
911
912
913
914
988
915
917
2654
919
920
921
923
924
926
927
929
933
935
936
937
956
938
939
940
999
944
945
949
951
954
955
958
959
960
961
964
966
968
970
971
973
2240
4028
976
977
978
980
982
1366
983
984
986
987
15048
990
995
8345
996
997
998
1000
1002
1003
1004
1005
1006
1007
1008
1010
1011
1014
1015
1018
1019
1020
1021
1022
1023
1024
1025
1027
4882
7821
1028
1030
1031
1032
1033
1034
1035
1036
1038
1039
1041
1042
1043
1044
4630
1045
1046
1048
1049
1050
1051
1052
1053
1054
1055
1056
7829
1057
1059
1060
1061
1066
1067
1068
1069
1070
1071
1076
1077
1078
1079
1080
1082
1083
1084
1085
1086
1087
1088
1094
1095
1097
1098
4112
1099
1100
1101
1103
1105
1106
1107
1111
1113
1117
1118
1119
1121
1122
1124
1125
6877
1126
1130
1131
1135
1136
1137
1139
1140
1141
1143
1144
1148
1149
1151
1152
1155
1158
1161
1165
1168
1169
1173
1175
1176
10114
1181
1182
1183
1186
1187
1190
1191
1192
1195
1197
1198
1199
1200
1201
1203
1204
4787
1205
1211
1214
1215
1220
1223
1224
1225
1226
1229
1231
1232
1234
1236
1239
1241
1243
1245
1246
1248
1249
1250
1251
1252
1253
1254
1255
1256
1257
1258
1259
1260
1261
1262
1263
1264
1265
1266
1267
1268
1269
1270
1271
1272
1273
1274
1275
1276
1277
12445
6990
1278
1279
1280
1281
1282
1283
1286
1287
1289
3353
1290
1291
1293
1294
1295
1296
1297
1299
1300
1301
1302
1303
6735
1304
1306
1307
1308
1310
1311
1312
1313
1314
1315
1316
1317
1318
1319
1320
1321
1322
1323
1324
1326
1328
1330
1331
1332
1333
1337
1338
1339
1340
1341
1342
1344
1349
1350
1351
1353
1354
1356
1357
1358
9131
1360
1361
1362
1364
1365
1367
1368
1369
1370
1371
1372
1373
1374
1375
1376
1377
1378
1379
1380
1381
1382
1383
1384
1385
1386
1387
1389
1390
1392
1394
1395
1397
1398
1399
1401
1403
1406
1408
1409
1410
1411
1412
1413
1414
1415
1416
1417
1419
1420
1421
1422
1423
1424
1425
1426
1427
1428
1432
1433
1434
1436
1437
1439
9863
1440
1441
4986
1442
1443
1444
1445
1446
1448
1449
1450
1451
1453
1454
1455
1456
1457
1458
1460
1461
7710
1462
1464
1465
1466
1467
1468
1470
1473
1474
1477
1480
1482
1483
1484
1485
1486
1487
8359
1488
1489
1490
1491
1492
1494
1495
1496
1500
1501
4282
1502
1503
1504
1505
1507
1508
1509
1510
1511
1512
1513
1514
1517
1518
1519
1520
1521
1522
1523
1524
1525
1526
1527
1528
1529
1530
1532
1535
1540
1541
1542
1544
1545
4710
1546
1547
1549
1551
1552
1553
1555
1556
1558
1559
1560
1561
1563
1565
1566
1567
1568
1569
1571
1572
1573
1576
1578
1579
1580
1581
1584
1585
1586
1588
1589
1590
1591
1592
1593
6001
1594
1597
1598
1599
1600
1601
1602
1603
1604
1606
1609
1610
1612
1613
1614
1615
1616
1617
1618
1619
11590
12205
1622
1623
1624
1626
1628
1629
1630
1631
1634
1635
1637
1639
1640
1644
1645
1646
1647
1650
1651
1652
1653
1654
1656
1657
1660
1661
1662
1663
1664
1665
1667
1669
1670
1672
1673
1675
1676
1677
1680
1681
1682
3973
1683
1685
1686
1687
1688
1689
1691
12045
9425
4284
1692
1693
1694
1696
1697
1698
1699
1700
1702
1704
6779
1705
1706
1707
1708
1710
1711
1713
1715
1716
1717
8848
1718
1721
1722
1724
1726
1727
1728
1731
1736
1737
1738
1743
1750
10415
1752
1754
5428
1759
1760
1761
1762
1763
1765
1766
1769
1770
1774
1785
1795
1800
1806
1807
1811
1813
1815
1817
1820
1821
1823
1824
1825
1831
1832
1837
1841
1842
1844
1845
1847
1849
1852
1853
1860
1861
4397
1868
1869
1870
8030
1872
1876
1877
5759
1881
1882
1885
1888
1890
1893
1895
1900
1902
1903
1904
1905
1913
1914
1917
1918
1923
1925
1927
1929
1931
1934
1938
1940
1942
1945
1949
1950
1955
1958
1959
1961
1962
1964
1967
1968
1970
1972
1974
1976
1979
1980
1983
1984
1986
1988
1989
8976
5938
1990
1991
1995
1998
1999
2000
2002
2003
2004
2007
2009
2011
2019
2020
2021
2022
2023
2027
2029
2033
2035
2037
2039
2042
2046
2047
2048
2049
2050
2052
2055
2057
2059
2062
2063
2065
2068
2071
2072
2073
2075
2076
2077
2081
2082
2083
2084
2085
2087
2092
7584
8841
14068
11241
2093
2098
2103
2104
2107
2109
2115
2118
2120
2122
2125
2127
3802
2128
8384
2130
2133
2137
2140
2141
2142
2146
2147
2148
2149
2153
2158
2159
2160
2162
2165
2172
2173
2175
2180
2181
2182
2186
2188
2189
2191
2194
2203
2205
2207
2211
2212
2218
2219
2220
2229
2233
2236
2237
2238
2239
2241
2243
2247
2248
2250
2252
2260
12151
2261
2263
2264
2267
2270
2274
2276
2277
2281
2282
2283
2286
2289
2290
2291
2292
2300
2301
8822
2302
2304
2306
2307
2308
2310
2314
2315
2319
2325
2328
2333
2334
2336
2338
2341
2344
2346
2348
2349
2353
2355
2358
2359
2360
2361
2365
2366
2370
11252
2372
2374
2377
2378
2380
2385
2386
2387
2389
2392
2393
2394
2395
2396
2399
2401
2403
2404
2405
2406
2407
2408
2411
2413
2415
2417
2418
2421
2424
2427
2430
2435
2436
2438
2439
2440
2443
2444
2446
2447
2448
2449
2451
2452
2453
2454
2455
2459
2460
2463
2464
2466
2467
2469
2471
2472
2473
2474
2477
2479
2480
2482
5474
10319
2484
2485
2486
2488
2490
2492
2497
2500
2501
2503
2504
2505
2506
2509
2511
2512
4654
3167
2513
2516
2517
2518
7661
2519
2520
2521
8296
8403
2522
2523
2525
2530
2535
2536
2537
2538
2539
2543
2547
2548
2552
7804
2554
2558
2561
2563
2564
2566
2569
2570
2571
2573
2576
2577
2583
2584
2585
2587
2589
2590
2591
2592
2598
2600
2601
2602
2605
2606
14978
14903
2610
2611
2612
2614
2619
2620
2623
2626
2857
2631
2633
2637
2638
2641
2642
2644
2648
2651
2652
2653
2659
2661
2662
3536
2666
2674
2676
2678
2681
2682
2683
2684
2685
2688
2689
2690
2692
2693
2697
2698
2699
2703
2704
2705
2706
2707
2708
2710
2712
2715
2717
2720
2721
2722
2724
2728
2730
2731
2733
2734
7794
2738
2739
2740
2741
2742
2744
2746
2747
2749
2755
2757
2758
2759
2760
2761
2762
2765
2766
2768
2771
2773
2774
2776
2777
2778
2780
2781
2783
2784
2786
2788
2789
6960
2790
2792
2794
2795
2802
2803
2804
2807
2808
2809
2810
2814
2821
2822
2823
2824
2825
2826
2828
2829
2830
2831
2832
2833
2835
2837
2839
2841
2842
2843
2844
2849
2850
2854
2855
2856
5671
2859
2860
2861
2863
2865
2867
2868
2870
2874
2877
2878
2879
2881
2888
2889
2890
2891
2892
2895
2896
10794
12114
2899
2902
2904
2906
2909
2913
2916
2917
2918
2919
2920
2921
2922
2923
2927
2931
2933
2934
2936
9720
2937
2944
2946
2951
2952
2953
2954
2957
2959
2968
2975
2976
2977
2982
2985
2987
9741
2991
2993
3545
2995
2999
3000
3001
3008
3010
3011
3015
4797
3028
3034
3037
3038
3044
3045
3046
10851
3050
3052
3053
3650
3056
3062
3063
3065
3068
3070
3073
3074
3075
3079
3081
3085
3086
3088
3089
3092
3105
3106
3110
3116
3118
3122
3125
3126
3127
3128
3134
3143
3144
3145
3147
7339
3151
3152
3156
3157
14531
11631
3160
3161
3166
3168
3171
3172
3176
3178
3181
3185
3187
3191
3193
3194
3197
3198
3203
3205
3206
3208
3210
3218
3230
3234
3235
3238
3239
3240
3243
6498
3244
3254
3264
3271
14103
3274
3279
5959
3288
3292
3296
3299
3300
3312
3313
3314
3316
3319
3320
3321
3322
3323
3324
3326
3329
3330
3333
3335
3336
3338
3910
3339
3341
14507
3342
3345
3346
3347
3350
3351
3352
3356
3357
3359
3360
3363
3366
3367
3370
3371
3373
3374
3375
3379
3382
3386
3389
3392
3393
3395
7942
3397
3401
3402
3403
3407
3410
3424
3425
3427
3428
3430
3432
3433
3440
3442
7481
3447
3448
3450
3456
3460
3463
3465
3466
3467
3469
3470
3471
3475
3477
3479
3481
3485
13702
3486
3487
3489
3490
3492
3493
3495
3496
3497
5124
3498
3499
3500
3502
3503
3504
3507
3509
3510
3511
3513
3515
3519
3520
3524
3525
3529
3530
3535
3537
3538
3539
3543
4643
3546
3547
3549
3550
3553
3554
3558
3559
3560
3563
3565
3566
3568
3569
3570
3571
3572
3573
3576
3577
3578
10603
3580
3582
3584
3586
3590
3593
3598
3599
3600
3602
3603
3604
3605
3606
3607
3610
3613
3615
3617
3618
3619
3623
3624
3625
3626
3635
3638
3639
3640
3642
3643
3644
3648
3649
3653
3654
3655
3658
3659
3660
3663
3678
3679
3681
3682
3683
3692
3696
3698
3699
3700
3703
3705
3708
3711
3713
3714
3715
15806
3723
3725
3729
3731
3732
3735
3742
3743
3744
3746
3748
3750
3751
3754
3756
3759
3763
3765
3766
3772
3773
3776
3779
3780
3781
5198
3784
3785
3786
3788
3792
3795
3796
3804
3806
3807
3809
3812
3814
3816
3824
3826
3832
3833
3834
3835
3839
3841
3843
3845
3848
3850
3852
3853
3857
3858
3859
3860
3861
9700
3864
3867
3868
3870
3871
3872
3873
3877
3878
5062
3879
3880
3881
8107
3884
3888
3892
3900
3901
3904
3907
3908
3913
3916
3918
3919
3920
3921
3922
3923
3924
3925
3929
3932
3934
3935
3937
15570
3942
5118
3943
3945
3946
3948
3949
3952
3953
3955
3962
3969
3970
3971
3972
3975
3976
3978
3979
3980
3983
3988
3989
3990
3993
3997
3999
4001
4002
4008
4009
4013
4014
4018
4357
4031
4038
4043
4053
4054
4055
4056
4057
4058
4071
4073
4077
4089
10958
4092
4093
4096
4100
4103
13994
4118
4121
4133
4136
4853
4137
4140
4144
4146
4150
4155
4159
4161
4162
4166
4173
4175
4177
4179
4180
4182
4186
4875
4187
4191
4196
4197
4199
4201
5677
4206
4210
5984
8993
8280
4212
4213
4216
4220
4221
4223
4224
4226
6887
4235
4236
4250
4251
4255
4265
5219
4272
4273
4276
4277
4278
4283
4289
4295
4296
4298
4299
4300
4304
4308
4309
4312
4313
4315
4316
4319
4320
4321
4323
5694
9439
4328
4331
4332
4333
4334
4338
4340
4342
4344
4346
4348
4349
4351
4352
4355
4358
4360
4361
4363
4367
4368
4372
4373
4375
4378
4379
8595
4380
4381
4383
4384
4387
4388
4389
4390
4391
4392
4395
4396
4403
4405
4408
4410
4411
4414
4415
4416
4422
4423
4429
4433
4434
4435
4439
4443
4447
4448
4451
4453
4456
4457
4459
4463
4464
4466
4470
4474
4477
4479
4480
4482
4484
4487
4489
4491
4492
4493
4494
4495
4499
4500
4501
4504
4511
4512
4515
4521
4525
4532
4533
4536
4537
4538
4539
4540
4542
4544
4545
4547
4549
4553
9669
4556
4561
4562
4567
4568
4572
4578
4579
4584
5066
4585
4586
4593
4602
4604
4609
4612
4615
4616
4617
4618
4619
4621
4624
4626
4628
4629
4633
4638
4639
4640
4641
4645
4653
4655
4657
4659
4660
4661
4664
4665
4670
4672
4673
4675
4676
4684
4685
4691
4693
4696
4697
4700
7787
4701
4703
4704
4706
4709
4737
4711
4715
4722
4728
4729
4732
7819
4733
4736
4741
4743
4747
4748
4750
4754
4760
4777
4780
4782
4783
4784
4786
4789
4791
4793
4802
4806
4807
4808
4815
4818
4819
4823
4826
4830
4833
4837
4840
4843
7398
4844
4845
4846
4847
4848
4863
4864
4870
4874
4881
4883
4884
4889
4890
4891
4892
13912
10739
4893
4897
4902
4903
4909
4910
8563
4911
4912
7264
4917
4918
4919
4921
11139
7767
4922
4929
4930
4932
4934
4936
4937
4939
4943
4946
4948
4952
4953
4954
4958
4963
4966
4969
4970
4971
4975
4977
13732
4978
4980
4982
4985
4987
4998
5000
5002
15062
5004
5008
5009
5015
5017
5018
5024
5027
5028
5030
5032
5036
5047
5049
5051
5053
5061
5065
5068
5072
5073
5075
5077
5078
5084
5089
5092
5108
5116
5117
5127
5128
5131
5132
5228
5133
5134
5136
5137
5140
5141
5142
5144
5145
5147
5149
5151
5153
5175
5176
5183
5185
5186
5187
5191
5192
5196
5197
5206
11359
5200
5205
6368
5209
5211
5212
5214
5216
5221
5222
5226
5231
5232
5235
5236
5237
5239
5241
5242
5245
5247
5248
5256
5257
5260
5262
5263
5268
5280
5281
5285
5288
5289
5291
5292
5294
5298
5300
5302
5303
5305
5309
5310
5312
5314
5316
5324
5327
5331
5889
5332
5333
5334
5339
5340
5341
5342
5343
5345
5346
5347
5348
5351
5352
11101
5353
5354
5355
5356
6420
5357
5359
5361
5365
5367
9597
7694
5369
5371
5372
5374
5375
5376
5382
5384
5388
5389
5394
5395
5397
5398
5399
5401
5402
5403
5406
5408
5409
5410
5411
5412
5413
5414
5416
5418
9382
5419
5421
5423
5424
5425
5426
5429
5430
5432
5434
5435
5619
5436
5437
9468
5441
5442
5443
5445
5446
5447
5448
5449
5451
5452
5454
14456
5455
5460
5461
5462
5463
5465
5466
5467
5470
5476
5478
5480
5483
5485
5488
10298
5489
5492
5494
5495
5496
5497
5499
5500
5501
5504
5507
5508
5512
5513
5515
5517
5519
5520
5521
5526
5528
5529
5532
5535
5536
5545
5547
5957
5548
5549
5553
5556
5562
5563
5564
5565
5566
13926
5567
5568
5569
5573
5575
5577
5578
5579
5580
5581
5582
5583
5584
5585
5586
5587
5588
5591
5592
5593
5594
5595
5596
5597
5599
5600
5601
5602
5604
5605
5607
5616
5621
5623
5624
5625
5626
5627
5628
5629
5631
5633
5634
5635
5636
5637
5641
5642
5644
5646
5647
5648
5649
5650
5651
5654
5656
5657
5658
5660
5663
5664
5665
5666
5667
5668
5669
5670
5672
5673
5674
5675
5676
5725
9173
5679
5684
5686
5687
5688
5689
5691
5692
5695
5696
5697
5699
5701
5702
5704
5706
5707
5708
5709
5710
5711
5712
5719
5722
5724
5726
5727
5730
5733
5735
5737
5739
5741
5743
10389
5744
5745
5746
5750
5751
5757
8707
5763
5764
5766
5767
5771
5774
5777
5778
5784
5785
5787
5788
5790
5795
5796
5800
5804
5812
5813
5814
5816
5817
5818
5819
5820
5826
5828
5829
5830
5832
5833
5834
5835
5836
5839
5842
5846
5849
5851
5853
5862
5863
5864
5868
5869
5872
5874
5877
5878
5879
5881
5887
5890
5891
5893
5895
5898
5900
5902
5904
5905
5908
5912
5915
5917
5918
5920
5921
5922
5924
5927
5928
5929
5931
5932
5933
5934
5937
5941
5942
5947
5948
5951
5952
5954
5955
5956
5962
5966
5968
5969
5970
5971
5975
5976
5977
5979
5983
5985
9358
5989
5993
5994
5996
5997
5999
6007
6008
6011
6012
6013
6015
9325
6016
6017
6018
6020
6021
6023
6025
6027
6028
6030
6032
6036
6038
6040
6041
6044
6045
6048
6049
6052
6053
6058
6059
6061
6063
6064
6067
6070
6072
6073
6076
6077
6080
6083
6085
6090
6091
6093
6096
6097
6098
6099
6101
6102
6104
6105
6108
6109
6111
6114
6119
6121
6123
6125
6127
6129
6130
6131
6132
6135
6137
6141
6143
6144
6146
6147
6150
6151
6153
6157
6159
6162
6163
6164
6169
6170
6172
6174
6175
6176
6181
6184
6186
6187
6188
6189
6192
6195
6196
6197
6198
6200
10306
6202
6206
6208
6209
6213
6214
6215
6216
10106
6221
6222
6224
6225
6227
6230
6232
6234
6236
6237
6240
6241
6244
6247
6248
6250
6251
6253
6254
6256
6257
6260
6262
6264
6265
6266
6271
6274
6275
6276
6277
6279
6282
8512
10236
6284
6285
6286
6287
6288
6289
6290
6291
6292
6293
6295
6296
6297
6298
6299
6300
6302
6303
6307
6309
6310
6314
6315
6319
6321
6327
6328
6329
6336
6339
6342
6343
6345
6346
6347
6348
6349
6350
6351
6356
6359
6360
6362
6364
6366
6367
6374
6375
6376
6379
6381
6382
6384
13830
6388
6391
6392
6394
6397
6398
6400
6401
6405
6406
6407
6408
10890
6411
6413
6416
6417
6418
6421
6422
6423
6424
6426
6427
6429
6430
6431
6433
6434
6435
6436
6437
6438
6440
6443
7963
6446
6447
6448
6449
6453
6456
6457
6460
6462
6463
6464
6465
6466
6467
6468
6469
6470
6474
6476
6479
6481
6486
6487
6488
6496
6497
6502
6504
6507
6509
6510
6512
6513
6514
6515
6517
6518
12455
6519
6520
6522
6523
6524
6525
6528
6529
6530
6531
6532
6533
6538
6543
6545
6547
6551
6554
6556
6558
6559
6560
6562
6563
6564
6565
6566
6568
6569
6570
6571
6572
6574
6578
6584
6585
6587
6590
6591
6593
6594
6596
6597
6599
6602
6603
6604
6608
6611
6613
6617
6618
6622
6627
6628
6629
6631
6634
6635
6636
6638
6640
12576
6643
6647
6648
6651
11277
6652
6655
6656
6657
6659
6660
6661
6663
6664
6665
6667
6668
6669
6670
6673
6674
6675
6677
6678
6680
6681
6682
6684
6685
6686
6691
6692
6694
6699
6700
6701
6708
6709
6711
6715
6716
6717
6720
6722
6724
6726
6727
10032
6729
6731
6732
6733
6736
6737
6738
6743
6745
6746
6747
6749
6752
6753
6755
6756
6759
6760
6761
6763
6764
6765
6767
6769
6770
6773
6775
6776
6777
6778
6785
6786
6787
6788
6789
6790
6791
6793
6794
6795
6796
6798
6799
6800
6801
6805
6807
6808
6809
6814
6815
6816
6818
6819
6820
6821
6822
6823
6824
6825
6827
6828
6829
6832
6833
6835
6836
6838
6840
6841
6842
9359
6843
6844
6845
6846
6847
6848
6849
6851
6853
6854
6857
6859
6866
6869
6871
6872
6873
6876
9634
6879
6881
6883
6885
6886
6889
6890
6892
6893
6895
6899
6900
6901
6902
6904
6906
6907
6908
6910
6911
6913
6915
6917
6918
6919
6922
6924
6927
6928
6930
6932
6933
6935
6936
6940
6941
6943
6944
6945
6946
6947
6948
6949
6950
6952
6954
6955
6966
6968
6969
6970
6972
6979
6980
6986
6987
6994
6995
6998
7005
7006
7009
7011
7012
7014
7016
7017
7018
7019
7021
7022
7023
7024
7026
7029
7031
7033
7034
7035
7039
7044
7050
7054
7055
7057
7058
7059
7061
7063
7064
7066
7067
7070
7071
7074
7077
7078
7080
7084
7089
7091
7095
7096
7099
7101
7105
7108
7111
7112
7113
7118
7119
7120
7125
7128
7131
7132
7136
7137
7141
7146
7147
7148
7150
7155
7156
7157
7158
7164
7165
7166
7167
7169
7171
7172
7175
7176
7179
7181
7182
7186
7189
7193
10715
7194
7196
7197
7201
7203
7204
7206
7207
7208
7209
7213
7215
7216
7220
7223
7226
7228
7230
7233
7234
7236
7237
7238
7240
7245
7247
7252
7253
7260
7263
7265
7266
7269
7278
7284
7288
7289
7298
7300
7301
7303
10966
7304
7309
7310
7311
7312
7315
7316
7317
7320
7321
7322
7324
7326
7327
7328
7333
7334
7336
7340
7343
7344
7345
7346
7347
7350
7353
7357
7359
7360
7362
7363
7365
7366
7369
7370
7371
7372
7374
7376
7377
7378
7382
7385
7388
7389
7390
7393
7395
7397
7399
7400
7401
7402
7403
7404
7405
7406
7407
7408
7409
7410
7411
7412
7414
7415
7416
7418
7420
7421
7425
9001
7426
7427
7428
7429
7430
7431
7432
7433
7434
7435
7436
7437
7438
7441
7442
7444
7447
7449
7451
7453
7456
7457
7458
7459
7460
7461
7462
7463
7468
7469
7471
7472
7473
7476
7477
7479
7480
7484
7486
7487
7488
7489
7492
7494
7497
7499
7500
7501
7502
7503
7508
7509
7510
7511
7512
7513
7514
7516
7517
7518
7519
7520
7522
7523
7525
7526
7527
7530
7531
7538
7539
7540
7541
8337
7544
7545
7547
7548
7550
7553
7556
7557
7559
7562
7564
7566
7568
7575
7578
7589
7595
7596
7598
7599
7601
7613
7614
9054
7615
7617
7618
7620
9882
7621
7625
7626
7630
11032
7637
7638
7639
7640
7642
7643
7646
7648
7650
7651
7652
7653
7656
7658
7659
7660
7662
7664
7666
7668
7669
7670
7671
7672
7673
7674
7677
7680
7682
7685
7688
7689
7696
7697
7700
7702
7704
7706
7707
7709
7712
7713
7714
7715
7719
7720
7721
7722
7728
7732
7733
7734
7737
7739
7740
7743
7744
7745
7746
7755
7756
7759
7763
7764
7765
7766
7769
8769
7771
7776
7778
7779
7781
7782
7783
7785
7788
7789
7791
7792
7793
7795
7796
7797
7800
7801
7806
7808
7809
7810
7814
7815
7816
7820
7822
7826
7827
7828
7831
7834
7835
7838
7845
7847
7849
7851
7860
7861
7862
7863
7864
7865
7870
7871
7873
7874
7875
7876
7877
7878
7879
7881
7883
7884
7889
7898
7900
7901
7904
7905
7908
7912
8929
7913
7918
7922
7923
7933
7934
7937
7947
7951
7952
7953
7954
7958
7964
7965
7967
7969
7971
7974
7976
7977
7979
7980
7982
7984
7985
7988
7989
7991
7992
7993
7994
7995
7997
7998
8000
8002
8332
8004
8006
8007
8008
8009
8010
8011
8012
8013
8014
8015
8016
8017
8018
8020
8021
8023
8024
8025
8026
8027
8028
8029
8031
8033
8035
8037
8039
8040
8042
8043
8045
8046
8048
8049
8050
8051
8052
8053
8054
8055
8056
8057
8058
8059
8060
8061
8063
8064
8065
8066
8067
8068
8069
8070
8072
8073
8074
8075
8076
8077
8078
8079
8080
8081
8082
8083
8084
8085
8086
8087
8088
8089
8090
8091
8092
8093
8096
8098
8099
8100
8101
8102
8103
8105
8106
8108
8109
8110
8111
8115
8116
8117
8118
8119
8120
8121
8122
8123
8125
8128
8129
8130
8131
8132
8133
8136
8138
8140
8141
13087
8142
8143
8144
8145
8146
8147
8148
8149
8150
8153
8155
8156
8158
8159
8160
8163
8164
8165
8167
8168
8171
8172
8175
8177
8178
8181
8182
8183
8186
8187
8190
8191
8192
8193
8194
8195
8196
8197
8198
8200
8202
8203
8204
8205
8206
8207
8208
8211
8212
8213
8215
8216
8217
8218
8219
8221
8222
8223
8224
8226
8227
8228
8229
8231
8232
8234
8235
8237
8238
8240
8242
8243
8245
8246
8247
8249
8251
8252
8253
8254
8255
8256
8257
8258
8261
8262
8265
8267
8269
8270
8271
8272
8273
8274
8275
8276
8277
8278
8279
8281
8282
8283
8285
8286
8287
8289
8290
8291
8292
8294
8295
8297
8298
8299
8300
8301
8302
8306
8307
8308
8310
8312
8313
8316
8317
8318
8319
8320
8321
8322
8323
8324
8325
8328
8329
8330
8331
8333
8336
8339
8340
8341
8342
14185
8343
8344
8346
8347
8348
8350
8351
8352
8354
8355
8356
8358
8360
8361
8364
8366
8367
8368
8369
8370
8371
8372
8373
8375
8376
8377
8378
8379
8382
8385
8387
8388
8390
8391
8393
8394
8399
8400
8401
8404
8405
8407
8408
8409
8410
8412
8413
8415
8416
8417
8418
8420
8421
8422
14632
8423
8424
8425
8426
8427
8428
8429
8430
8431
8432
8433
8434
8436
8439
8440
8441
8442
8443
8445
8447
8448
8449
8452
8453
10864
8455
8457
8458
8459
8460
8462
8463
8464
8465
8467
8468
8469
8470
8471
8472
8474
8476
8478
8479
8480
8481
8482
8484
8485
8488
8492
8493
8495
8497
8498
8499
8500
8501
8502
8503
8504
8506
8507
8509
8510
8511
8513
8514
8516
8517
8518
8520
8521
8522
8524
8525
8527
8528
8529
8531
8533
8535
8538
8540
8544
8545
8546
8548
8549
8551
8552
8553
8554
8555
8556
8558
8560
8562
8566
8567
8569
8570
8574
8576
8579
8586
8589
8591
8593
8596
8598
8599
8600
8601
8604
8607
8612
8614
8616
8617
8623
8624
8636
8643
8644
8645
8646
8647
8651
8652
8654
8658
8661
8664
8665
8666
8668
8670
8671
8672
8674
8675
8676
8678
8682
8683
8684
8686
8688
8690
8692
8698
8699
8704
8706
8710
8711
8712
8717
8718
8720
8722
8724
8726
8728
8729
8732
8740
8743
8744
8745
8746
8753
8759
8765
8770
8771
8773
8774
8776
8779
8780
8781
8783
8784
8786
8789
8790
8793
8794
8797
8798
8802
8804
8806
8811
8814
8815
8818
8820
8821
8823
8824
8827
8832
8833
8834
8835
8838
8840
8843
9122
8846
8850
8852
8854
8857
8858
8861
8863
8864
8865
8866
8869
8871
8872
8874
8875
8877
8878
8879
8884
8885
8887
8888
8889
8890
8891
8892
8905
8906
8912
8915
8917
8919
8922
8923
8925
8928
8931
8933
8934
8936
8937
8938
8940
8942
8944
8946
8947
8948
8949
8951
8952
8953
8954
8955
8956
8957
8961
8962
8966
8968
8969
8970
8972
8973
8975
8977
8978
8979
8980
8981
8982
8983
8984
8985
8986
8987
8988
8990
8991
8994
8995
8996
8997
8998
8999
9000
14882
14883
9002
9003
9004
9006
9008
9009
9010
9011
9012
9013
9014
9015
9016
9017
9019
9020
9022
9023
9024
9025
9026
9027
9029
9030
9031
9033
9034
9037
9038
9040
9041
9042
9043
9045
9049
9050
9052
9053
9055
9056
9057
9059
9061
9062
9064
9065
9067
9068
9072
9073
9074
9077
9078
9081
9084
9086
10838
9087
9088
9089
9091
9093
9094
9096
9102
9106
9108
9110
9112
9114
9115
9117
9119
9120
9123
9124
9125
9128
9130
9134
9135
9136
9137
9138
9140
9143
9146
9147
9149
9152
9154
9155
9156
9158
9160
9161
9162
9165
9166
9168
9169
9170
9172
9175
9176
9178
9179
9180
9183
9187
9189
9190
9191
9192
9195
9199
9200
9201
9202
9204
9205
14059
9206
9207
9209
9210
9211
9212
9213
9216
9217
9220
9221
9225
10155
9226
9229
9230
9233
9234
9237
9238
9239
9242
9244
9245
9246
9247
9248
9249
9250
9252
9253
9254
9255
9256
9258
9259
9260
9261
9262
9263
9264
9265
9266
9267
9268
9269
9270
9271
9274
9276
9278
9279
9281
9282
9286
9292
9293
9294
9296
9297
9299
9303
9304
9305
9307
9308
9310
9311
9313
9317
9318
9320
9321
9326
9327
9329
9332
9333
9334
9336
9337
9338
9340
9342
9343
9344
9345
9348
9350
9355
9360
9363
9366
9367
9369
9370
9371
9373
9377
9379
9380
9381
9383
9384
10789
9386
9389
9391
9392
9394
9397
9399
9401
9402
9403
9404
9407
9408
9411
9413
9414
9416
9417
9418
9419
9420
9423
9424
9427
9430
9434
9436
9437
9438
9440
9442
9443
9444
9445
9446
9447
9448
9454
9459
9460
9461
9462
9463
9464
9466
9467
9471
9474
9475
9476
9477
9478
9482
9485
9486
9487
9489
9492
9493
9494
9497
9498
9499
9500
9504
9505
9506
9507
9508
9509
9513
9514
9516
9517
9518
9519
9520
9524
9525
9526
9528
9530
9531
9532
9533
9534
9535
9536
9537
9539
9541
9542
9543
9544
9546
9547
9548
9550
9551
9552
9555
9559
9560
9561
9562
9563
9564
9572
9575
9577
9578
9580
9582
9583
9584
9585
9587
9590
9593
9596
9598
9600
9603
9604
9605
9607
9609
9611
9615
9616
9618
9620
9624
9699
9627
9629
9635
9636
9637
9639
9641
9645
9647
9649
9651
9652
9653
9654
9655
9656
9659
9661
9662
9663
9666
9668
9670
9671
9673
9674
9675
9676
9677
9679
9681
9683
9684
9686
9688
9689
9690
9695
9696
9698
9939
9703
9705
9706
9709
9711
9712
9713
9716
9718
9719
9721
9722
9725
9726
9727
9728
9729
9730
9731
9732
9733
9735
9739
9740
9743
9744
9745
9746
9747
9750
9752
9754
9762
9764
9765
9766
9768
9771
9772
9775
9777
9778
9779
9780
9782
9783
9784
9786
9787
9788
9789
9791
9797
9798
9799
9801
9805
9806
9808
9812
9814
9816
9820
9821
9824
9826
9827
9830
9831
9841
9843
9845
9847
9849
9850
9851
9854
9860
9861
9864
9867
9868
9870
9871
9872
9875
9876
9880
9883
9885
9886
9888
9890
9892
9894
9895
9897
9899
9900
9906
9907
9910
13417
9911
9912
9918
9919
9923
9928
9929
9930
9931
9936
9937
9940
9941
9943
9946
9947
9948
9949
9951
9952
9954
9956
9957
9958
9963
9964
9965
9969
9970
9973
13570
9976
9978
9979
9980
9982
9983
9984
9985
9988
9989
9990
9991
9992
9993
9994
9995
9996
9997
9999
10000
10001
10002
10003
10004
10005
10006
10007
10008
10010
10011
10012
10014
10015
10016
10017
10018
10019
10020
10021
10022
10023
10024
10026
10027
10029
10030
10031
10035
10037
10039
10041
10042
10043
10044
10046
10047
10048
10049
10050
10052
10053
10054
10055
10058
10060
10065
10066
10068
10070
10071
10073
10075
10077
10078
10079
10080
10082
10083
10084
10086
10087
10088
10091
10094
10095
10096
10097
10098
10099
10100
10101
10102
10103
10104
10105
10107
10108
10109
10110
10111
10112
10113
10115
10116
10117
10122
10123
10127
10128
10129
10130
10131
10133
10134
10135
10136
10137
10139
10141
10143
10144
10145
10148
10149
10150
10151
10153
10154
10156
10158
10160
10161
10162
10165
10166
10168
10170
10174
10175
10176
10177
10178
10179
10185
10188
10192
10193
10194
10196
10197
10199
10200
10201
10203
10204
10208
10212
10217
10220
10221
10222
10228
10231
10238
10239
10241
10242
10243
10245
10248
10249
10258
10259
10260
10268
10270
10272
10276
10277
10279
10287
10290
10291
10292
10295
10300
10305
10315
10317
10318
10320
10325
10326
10328
10331
10332
10333
10335
10336
10337
10338
10340
10341
10349
10351
10352
10361
10363
10364
10365
10366
10367
10368
10370
10372
10373
10374
10377
10380
10381
10382
10384
10390
10391
10394
10395
10396
10397
10400
10402
10405
10407
10410
10412
10413
10417
10418
10420
10423
10424
10428
10429
10430
10440
10444
10445
10448
10452
10460
10464
10469
10472
10474
10475
10478
10481
10482
10485
10489
10493
10494
10497
10504
10505
10506
10513
10514
10515
10516
10527
10534
10539
10541
10543
10544
10547
10548
10550
10552
10561
10562
10563
10566
10568
10574
10578
10579
10583
10585
10593
10594
10601
10602
10607
10608
10614
10622
10624
10625
10626
10633
10636
10637
10640
10646
10647
10650
10653
10662
10663
10668
10669
10670
10674
10677
10679
10680
10683
10684
10689
10690
10691
10696
10698
10700
10701
10703
10709
10712
10713
10723
10724
10733
10737
10749
10750
10751
10752
10756
10761
10762
10769
10770
10775
10776
10779
10781
10796
10799
10801
10809
10818
10822
10823
10827
10828
10832
10833
10835
10836
10837
10839
10840
10843
10844
10855
10856
10862
10865
10868
10869
10877
10880
10883
10891
10892
10896
10898
10904
10916
10917
10922
10923
10927
10930
10931
10933
10934
10935
10940
10941
10942
10943
10947
10948
10955
10959
10963
10968
10970
10971
10975
10976
10978
10979
10982
10984
10990
10985
10987
10988
10992
10994
10995
11002
11010
11012
11014
11018
11020
11022
11024
11025
11026
11027
11028
11029
11033
11034
11038
11039
11040
11041
11043
11045
11047
11050
11051
11055
11058
11061
11063
11071
11073
11082
11083
11086
11089
11093
11095
11096
12390
11099
11100
11106
11111
11112
11116
11117
11118
11119
11120
11124
11128
11130
11131
11132
11135
11136
11138
11142
11146
11147
11148
11149
11151
11161
11166
11168
11169
11172
11173
11176
11177
11178
11179
11180
11186
11191
11192
11193
11196
11198
11200
11202
11204
11213
11219
11222
11230
11233
11234
11236
11239
11240
11242
11243
11244
11245
11246
11248
11249
11251
11255
11262
11264
11265
11266
11267
11268
11269
11270
11272
11273
11275
11276
11280
11281
11285
11288
11289
11292
11293
11296
11297
11299
11300
11307
11308
11312
11315
11316
11317
11319
11321
11322
11326
11329
11332
11336
11337
11345
11347
11348
11349
11350
11355
11360
11361
11362
11365
11366
11368
11371
11372
11375
11378
11388
11391
11396
11397
11410
11416
11417
11426
11429
11430
11432
11439
11440
11441
11444
11447
11450
11456
11459
11469
11471
11473
11474
11481
11483
11487
11488
11491
11492
11493
11494
11495
11496
11497
11499
11503
11505
11507
11508
11509
11510
11512
11513
11514
11516
11517
11521
11522
11523
11524
11525
11527
11528
11529
11530
11531
11533
11535
11538
11539
11540
11541
11542
11543
11544
11546
11548
11551
11553
11555
11557
11558
11559
11560
11561
11562
11563
11564
11565
11566
11567
11568
11569
11570
11572
11573
11574
11575
11577
11580
11581
11588
11589
11592
11595
11597
11599
11601
11603
11604
11605
11606
11608
11609
11610
11612
11614
11615
11617
11618
11621
11623
11628
11629
11630
11632
11633
11634
11635
11636
11638
11641
11642
11643
11644
11647
11648
11650
11652
11653
11654
11655
11656
11659
11660
11661
11662
11663
11664
11665
11668
11669
11670
11671
11673
11675
11677
11678
11679
11680
11681
11682
11685
11687
11689
11691
11694
11696
11698
11700
11703
11704
11705
11706
11707
11709
11710
11712
11714
11715
11716
11717
11718
11719
14808
11720
11721
11723
11725
11728
11731
11732
11733
11734
11736
11737
11741
11742
11743
11744
11745
11746
11747
11749
11750
11756
11759
11761
11766
11767
11770
11771
11772
11774
11776
11778
11779
11781
11782
11783
11784
11785
11787
11788
11790
11791
11793
11794
11795
11796
11797
11798
11800
11801
11802
11804
11806
11807
11809
11810
11811
11814
11815
11816
11817
11818
11820
11821
11822
11823
11824
11825
11826
11827
11828
11829
11830
11831
11832
11833
11834
11835
11836
11837
11838
11839
11840
11841
11842
11845
11847
11853
11854
11855
11856
11858
11859
11860
11862
11863
11865
11866
11867
11868
11871
11873
11876
11877
11878
11880
11881
11885
11886
11889
11891
11893
11894
11895
11898
11899
11900
11901
11902
11903
11904
11905
11906
11907
11908
11910
11911
11912
11913
11914
11915
11916
11920
11921
11922
11926
11927
11929
11933
11934
11935
11936
11938
11939
11940
11941
11942
11943
11945
11947
11949
11951
11952
11957
11959
11960
11961
11962
11966
11967
11969
11970
11972
11977
11981
11982
11983
11984
11985
11987
11990
11995
11998
12000
12001
12002
12003
12004
12005
12006
12010
12012
12014
12015
12016
12017
12019
12022
12023
12025
12027
12028
12033
12039
12040
12044
12046
12047
12049
12050
12055
12057
12059
12060
12061
12062
12064
12067
12069
12070
12072
12073
12075
12076
12078
12080
12081
12082
12084
12087
12088
12089
12090
12091
12093
12094
12095
12096
12097
12099
12100
12103
12104
12105
12106
12108
12109
12110
12112
12115
12116
12118
12120
12122
12123
12126
12127
12130
12132
12133
12139
12140
12141
12142
12143
12144
12145
12146
12148
12149
12152
12153
12156
12157
12158
12160
12161
12163
12165
12168
12171
12173
12174
12176
12177
12179
12180
12182
12184
12185
12187
12188
12189
12190
12192
12196
12197
12198
12199
12200
12201
12203
12207
12208
12209
12212
12215
12216
12218
12219
12220
12221
12225
12226
12227
12233
12237
12238
12241
12244
12247
12248
12249
12250
12251
12255
12256
12258
12260
12261
12263
12264
12265
12353
12269
12272
12273
12274
12275
12278
12280
12281
12282
12285
12286
12288
12289
12291
12292
12294
12300
12301
12302
12304
12306
12308
12309
12310
12313
12315
12317
12323
12324
12325
12326
12327
12328
12329
12331
12334
12335
12336
12339
12341
12342
12343
12346
12347
12351
12352
12354
12356
12357
12359
12360
12362
12363
12364
12366
12369
12370
12371
12372
12373
12376
12379
12381
12382
12385
12388
12389
12391
12394
12396
12397
12398
12399
12400
12403
12404
12406
12407
12409
12410
12411
12414
12415
12416
12417
12418
12419
12420
12422
12423
12427
12433
12435
12438
12440
12441
12442
12443
12444
12447
12448
12449
12451
12452
12454
12457
12458
12459
12464
12465
12466
12467
12468
12469
12470
12472
12473
12476
12477
12478
12479
12482
12483
12487
12491
12493
12496
12497
12498
12505
12506
12508
12511
12514
12516
12518
12519
12520
12524
12525
12527
12529
12531
12534
12535
12536
12537
12540
12542
12543
12544
12545
12547
12549
12550
12552
12554
12556
12557
12559
12560
12561
12562
12564
12565
12566
12567
12568
12570
12571
12573
12575
12578
12580
12581
12584
12585
12586
12588
12589
12591
12593
12594
12595
12596
12597
12598
12599
12600
12601
12602
12603
12604
12605
12606
12607
12611
12612
12613
12614
12616
12618
12620
12623
12625
12626
12628
12630
12632
12634
12635
12637
12639
12641
12642
12644
12647
12648
12649
12650
12652
12655
12656
12659
12660
12662
12663
12665
12666
12667
12668
12670
12671
12673
12674
12676
12677
12678
12679
12682
12683
12685
12687
12688
12689
12693
12695
12696
12697
12703
12704
12705
12706
12707
12708
12709
12710
12713
12714
12715
12717
12718
12719
12721
12722
12724
12725
12726
12728
12729
12730
12731
12732
12733
12734
12735
12736
12737
12738
12739
12741
12742
12744
12745
12747
12750
12751
12754
12760
12763
12766
12768
12770
12771
12772
12773
12774
12775
12776
12782
12783
12784
12785
12786
12787
12788
12789
12790
12791
12796
12797
12799
12800
12801
12806
12807
12808
12811
12812
12815
12816
12817
12818
12819
12820
12823
12825
12827
12828
12829
12830
12831
12833
14949
12834
12835
12836
12838
12839
12840
12842
12843
12846
12847
12848
12849
12851
12853
12854
12856
12858
12863
12866
12868
12869
12870
12871
12873
12875
12877
12878
12879
12881
12882
12883
12889
12897
12898
12902
12907
12909
12912
12918
12919
12920
12921
12923
12924
12925
12927
12928
12932
12936
12937
12939
12941
12943
12944
12946
12947
12949
12951
12952
12953
12954
12955
12956
12957
12959
12960
12963
12965
12966
12968
12970
12976
12977
12979
12981
12983
12984
12988
12990
12991
12992
12993
12995
12996
12999
13000
13003
13006
13013
13014
13017
13019
13020
13021
13023
13024
13025
13027
13030
13032
13033
13036
13039
13040
13043
13047
13049
13050
13053
13054
13055
13056
13057
13059
13060
13063
13064
13065
13066
13067
13069
13070
13072
13073
13076
13077
13082
13083
13084
13085
13090
13091
13092
13093
13094
13097
13098
13100
13101
13102
13104
13106
13107
13109
13111
13112
13113
13114
13115
13117
13119
13120
13122
13123
13125
13128
13129
13130
13131
13132
13133
13134
13137
13139
13141
13142
13143
13144
13145
13146
13148
13149
13150
13151
13152
13154
13155
13158
13159
13162
13163
13165
13167
13171
13174
13176
13177
13179
13180
13181
13183
13184
13185
13189
13191
13195
13197
13199
13200
13201
13202
13205
13206
13207
13208
13209
13211
13215
13216
13217
13218
13220
13221
13222
13223
13224
13225
13226
13227
13229
13230
13232
13233
13234
13236
13237
13243
13244
13246
13247
13248
13249
13250
13251
13254
13258
13259
13262
13265
13266
13267
13268
13269
13270
13271
13273
13274
13276
13278
13279
13281
13282
13284
13286
13287
13288
13289
13291
13292
13293
13294
13296
13301
13303
13304
13305
13306
13308
13309
13311
13312
13314
13317
13318
13319
13322
13323
13324
13325
13326
13327
13329
13331
13332
13334
13335
13341
13342
13344
13346
13347
13348
13349
13353
13355
13356
13357
13362
13366
13368
13371
13373
13374
13376
13377
13379
13380
13381
13385
13386
13388
13389
13588
13393
13394
13398
13399
13400
13403
13404
13405
13406
13407
13409
13411
13413
13414
13415
13419
13420
13421
13425
13426
13428
13430
13431
13432
13433
13435
13444
13446
13447
13449
13452
13455
13461
13464
13465
13466
13472
13476
13477
13483
13487
13488
13489
13491
13493
13501
13504
13505
13506
13507
13510
13514
13515
13518
13519
13523
13524
13526
13528
13529
13530
13537
13538
13539
13541
13545
13547
13548
13549
13551
13552
13553
13557
13558
13559
13560
13561
13563
13565
13571
13572
13573
13574
13576
13577
13580
13581
13584
13587
13592
13593
13595
13599
13601
13602
13606
13607
13610
13611
13616
13619
13620
13626
13628
13630
13641
13642
13643
13646
13649
13654
13656
13657
13658
13665
13671
13672
13673
13674
13678
13680
13682
13691
13692
13693
13694
13696
13697
13698
13700
13701
13703
13707
13710
13714
13716
13718
13719
13720
13721
13722
13724
13725
13726
13728
13729
13887
13730
13733
13734
13737
13739
13744
13751
13756
13759
13765
13766
13769
13771
13777
13780
13782
13784
13791
14236
13794
13799
13800
13802
13803
13806
13811
13814
13815
13817
13826
13827
13829
13838
13843
13844
13849
13852
13857
13859
13864
13865
13867
13868
13869
13870
13871
13879
13881
13885
13886
13890
13894
13895
13896
13897
13902
13904
13906
13907
13908
13909
13910
13914
13920
14220
13927
13928
13932
13934
13935
13939
13949
13954
13958
13962
13965
13970
13971
13972
13973
13979
13980
13981
13983
13985
13987
13988
13990
13991
13992
13995
14001
14009
14011
14013
14015
14017
14018
14019
14020
14021
14022
14030
14034
14036
14037
14039
14040
14042
14043
14044
14045
14048
14049
14050
14051
14053
14057
14060
14061
14063
14064
14065
14066
14067
14074
14078
14079
14085
14086
14089
14092
14093
14094
14096
14104
14105
14106
14107
14108
14109
14111
14112
14114
14115
14118
14120
14121
14124
14126
14128
14129
14130
14131
14132
14138
14140
14141
14142
14145
14146
14147
14149
14150
14153
14157
14164
14165
14170
14174
14179
14183
14186
14188
14190
14191
14193
14195
14196
14200
14201
14202
14208
14210
14211
14215
14218
14221
14228
14231
14237
14240
14241
14244
14246
14247
14248
14251
14252
14253
14262
14263
14272
14274
14275
14276
14277
14279
14281
14282
14283
14284
14285
14286
14288
14289
14290
14291
14292
14294
14296
14297
14298
14299
14302
14303
14304
14305
14306
14307
14308
14310
14311
14312
14315
14318
14319
14320
14321
14323
14324
14326
14327
14332
14337
14338
14339
14341
14344
14345
14349
14351
14352
14353
14354
14357
14359
14360
14364
14367
14368
14369
14370
14374
14377
14378
14379
14382
14383
14385
14386
14387
14388
14393
14394
14395
14396
14397
14398
14401
14406
14407
14410
14411
14414
14415
14421
14424
14425
14427
14429
14430
14431
14432
14433
14434
14436
14437
14438
14440
14441
14443
14444
14445
14450
14455
14458
14459
14461
14462
14463
14464
14465
14466
14468
14473
14480
14481
14483
14484
14485
14486
14487
14489
14493
14495
14496
14497
14498
14499
14500
14501
14502
14504
14506
14510
14511
14515
14517
14522
14523
14525
14526
14528
14529
14530
14533
14535
14536
14537
14545
14546
14549
14550
14551
14553
14555
14556
14557
14560
14562
14563
14565
14567
14574
14575
14579
14581
14582
14586
14587
14589
14591
14593
14595
14596
14597
14598
14600
14601
14607
14608
14609
14610
14612
14614
14615
14616
14617
14619
14620
14621
14622
14623
14625
14626
14628
14630
14631
14633
14634
14635
14636
14639
14642
14645
14646
14648
14649
14650
14651
14653
14654
14656
14659
14661
14663
14666
14668
14669
14672
14674
14675
14677
14678
14679
14680
14681
14682
14684
14685
14687
14690
14692
14694
14701
14702
14707
14708
14709
14710
14712
14714
14715
14716
14717
14719
14721
14722
14724
14725
14726
14727
14730
14731
14732
14733
14735
14738
14739
14740
14741
14742
14743
14745
14746
14750
14752
14753
14754
14756
14759
14762
14764
14766
14769
14770
14774
14775
14776
14777
14779
14784
14786
14787
14788
14791
14792
14793
14794
14796
14797
14798
14799
14800
14801
14803
14804
14805
14806
14807
14809
14811
14812
14815
14817
14819
14821
14822
14825
14826
14829
14830
14831
14832
14833
14835
14837
14839
14840
14846
14849
14850
14858
14859
14862
14864
14875
14876
14877
14879
14885
14889
14890
14893
14896
14897
14901
14906
14923
14926
14927
14930
14933
14935
14936
14937
14938
14940
14941
14947
14952
14954
14956
14961
14962
14963
14965
14966
14968
14971
14974
14975
14976
14977
14985
14988
14989
14994
14995
14999
15007
15009
15012
15014
15018
15019
15021
15022
15025
15026
15027
15032
15033
15038
15040
15041
15042
15043
15045
15051
15052
15053
15067
15068
15070
15077
15080
15083
15084
15085
15086
15092
15094
15095
15096
15100
15102
15108
15110
15111
15112
15115
15118
15119
15120
15122
15123
15125
15127
15128
15130
15135
15138
15143
15151
15152
15153
15156
15158
15160
15163
15165
15168
15171
15172
15173
15175
15176
15177
15179
15180
15181
15182
15183
15185
15189
15191
15192
15193
15194
15196
15199
15203
15206
15208
15209
15210
15212
15214
15217
15218
15219
15220
15221
15222
15224
15226
15228
15229
15230
15233
15234
15235
15311
15239
15240
15241
15243
15245
15246
15248
15249
15250
15251
15252
15254
15255
15256
15258
15259
15261
15262
15263
15266
15267
15268
15272
15276
15277
15278
15279
15281
15283
15284
15285
15290
15292
15293
15294
15295
15296
15297
15298
15299
15300
15304
15305
15306
15308
15309
15310
15312
15313
15314
15315
15317
15319
15322
15324
15325
15327
15328
15329
15330
15331
15332
15333
15335
15337
15338
15340
15348
15349
15350
15353
15354
15355
15356
15357
15359
15362
15364
15371
15373
15386
15389
15390
15391
15402
15403
15406
15407
15410
15413
15414
15416
15419
15428
15430
15431
15432
15433
15434
15436
15437
15439
15442
15443
15445
15446
15448
15450
15452
15458
15459
15462
15463
15464
15466
15469
15470
15473
15474
15475
15477
15479
15483
15485
15486
15492
15493
15494
15495
15497
15499
15502
15503
15510
15514
15515
15517
15532
15533
15534
15535
15537
15538
15542
15544
15545
15546
15548
15550
15551
15552
15555
15556
15559
15560
15561
15565
15566
15569
15571
15572
15573
15574
15576
15577
15586
15588
15589
15591
15593
15598
15599
15600
15601
15603
15604
15605
15606
15607
15608
15609
15610
15611
15613
15621
15622
15623
15624
15628
15629
15634
15636
15638
15640
15641
15642
15645
15647
15648
15649
15650
15651
15653
15655
15656
15663
15667
15668
15670
15671
15672
15673
15675
15680
15681
15684
15687
15689
15691
15693
15698
15702
15704
15708
15709
15710
15712
15715
15719
15721
15723
15726
15728
15729
15730
15732
15735
15737
15738
15739
15742
15743
15744
15748
15751
15753
15754
15755
15756
15757
15758
15759
15760
15761
15762
15763
15764
15765
15766
15769
15771
15772
15773
15774
15778
15779
15780
15785
15787
15788
15791
15792
15794
15798
15801
15802
15804
15807
15808
15809
15810
15811
15812
15814
15815
15816
15817
15818
15820
15821
15822
15823
15824
15825
15827
15828
15830
15831
15832
15833
15834
15835
15836
15838
15839
15840
15842
15843
15844
15845
15847
15849
15850
15853
15854
15857
15858
15862
15863
15865
15868
15870
15872
15873
15874
15876
15877
15878
15881
15884
15885
15888
15890
15894
15898
15901
15902
15905
15909
15910
15912
15913
15915
15916
15917
15918
15919
15920
15921
15923
15926
15927
15928
15929
15931
15933
15934
15935
15936
15937
15938
15939
15940
15941
15942
15943
15945
15948
15949
15950
15952
15953
15954
15955
15956
15957
15959
15960
15961
15962
15963
15967
15969
15971
15972
15973
15975
15977
15979
15980
15981
15982
15984
15986
15987
15989
15992
15993
15997
15998
16001
16004
16007
16009
16010
16014
16015
16016
