1
22
4
5
6
7
8
9
10
1977
11
14
15
16
17
18
19
21
23
24
472
3338
27
30
31
32
33
36
37
38
39
40
42
45
47
50
54
55
56
57
58
62
63
64
65
67
253
70
72
73
74
75
76
77
78
79
80
81
85
87
88
91
92
93
94
95
688
98
100
101
102
103
108
109
111
112
113
114
117
119
120
121
122
123
124
126
127
128
1026
130
131
132
134
135
137
138
141
142
1904
145
147
367
148
151
152
156
162
165
450
167
168
172
177
179
180
181
182
183
184
187
189
190
193
195
196
199
201
204
209
210
212
1467
219
222
224
225
227
231
232
234
240
243
244
245
246
252
257
266
262
269
274
275
276
281
295
303
311
324
313
326
333
1922
335
336
347
4746
3827
348
3918
356
362
366
872
2296
368
1082
374
375
376
379
385
387
389
394
467
395
396
401
681
403
512
404
405
408
3202
2982
413
435
470
441
445
452
456
462
466
469
4711
600
4538
3931
479
481
775
493
494
496
516
519
521
522
1660
1749
527
532
537
539
540
541
543
548
549
550
551
552
553
555
556
557
558
563
596
564
566
567
569
571
574
575
576
578
581
585
589
592
594
598
602
608
609
610
615
618
620
5710
621
626
628
633
635
636
2932
638
639
641
642
644
645
646
647
654
655
657
659
663
666
667
3282
674
680
4704
1969
3821
682
684
686
687
3862
689
691
692
693
695
701
703
708
718
719
720
721
723
724
736
3797
737
740
745
746
750
754
759
760
2812
773
943
774
778
781
792
793
795
800
802
812
826
831
835
844
850
852
854
861
863
864
868
871
2366
883
895
902
904
914
917
924
927
934
935
938
942
950
951
957
958
962
966
969
970
971
3372
976
978
982
984
991
993
5907
3852
1005
1011
1022
1025
1030
1067
1031
1035
1040
1043
1046
1047
4540
1054
1065
3144
1066
1075
1081
1089
1113
1122
2786
1132
1134
1137
1142
1144
1150
1151
1158
1164
1165
1168
1170
1171
1172
1173
1174
1182
1184
1186
1188
1190
1191
1193
1195
1198
1199
1201
1202
1205
1206
1209
1213
1215
1217
1219
1223
1226
1229
1230
1234
1235
1237
1239
1241
1243
1244
1246
1247
1249
1251
1256
1260
1261
1264
1265
1270
1271
1278
5252
1280
1285
1288
1289
1290
1294
1296
1297
1300
1301
1302
1305
1307
1308
1315
3263
1320
1322
1326
1327
1335
1337
1340
1345
1349
1351
1352
1353
1356
1359
1363
1365
1612
1370
1377
1378
1381
1384
1386
1388
1389
1390
1394
1395
1401
1408
1415
1416
1418
1421
1422
1426
1431
1439
1441
1544
1442
1446
1447
1448
1451
1452
1453
1454
1461
1465
1466
1481
1485
1486
1488
1490
1498
1503
1506
1512
1523
1525
1528
1530
1533
1538
1542
1543
1546
1549
1553
1555
1556
1558
1559
1560
1561
5272
1562
1565
1568
1575
1576
1579
1580
1586
1588
1590
1597
1599
1600
1602
1622
1630
1631
1636
1641
1644
1648
1649
1651
1657
1658
1659
1664
1665
1668
1669
1673
2969
1675
1678
1680
1681
1682
5883
1687
1703
1704
1717
1721
1728
1729
1732
1733
1735
1736
1738
1742
1745
1753
1758
1759
1760
1765
1767
1768
1772
1781
1782
1785
1790
1792
1794
1795
1796
1799
1802
1806
5270
1808
1816
1817
1819
1821
1822
1823
1824
1826
1828
1829
2473
1830
1833
1835
1836
5741
1842
1843
1858
1863
3223
1864
6373
1872
1875
1878
1880
1881
1883
1888
1889
1892
1893
1894
1895
1905
1908
1909
1913
1914
1915
1916
1920
1921
5026
1924
1925
1927
1930
1938
1939
1944
1947
1956
1957
1961
1963
1964
1966
3800
6175
1979
1980
1981
1985
2496
1988
1989
1990
1991
1992
1994
1995
1998
1999
2002
2003
2004
2006
2007
2008
2009
2010
2012
2013
4642
2015
2016
2017
2019
2021
2023
2024
2025
2026
2027
2028
2032
2037
2039
2040
2041
2042
2043
2046
2047
2048
2051
2052
2054
2055
2056
2057
2058
2059
2060
2061
2062
2063
2064
2065
2066
2068
2069
2070
2071
2072
2074
2075
2076
2078
2079
2080
2081
2082
2083
2084
2085
2086
2087
2088
2090
2091
2092
2093
2096
2097
2099
2100
2101
2102
2103
2104
2107
2108
2109
2111
2112
2113
2115
2116
2119
2120
2121
2122
2123
2126
2128
2129
2811
2131
2132
2133
2134
2135
2136
2138
2140
2141
2144
2146
2148
2150
2152
2153
2154
2156
2158
2160
2161
2162
2164
2165
2166
2168
2171
2172
2174
2176
2177
2178
2179
2180
2181
2182
2183
2184
2185
2187
2190
2191
2193
2196
2197
2198
2200
2202
2203
2204
2205
2206
2207
2208
2212
2213
2214
2215
2217
2219
2221
2225
2227
2228
2229
2230
2234
2236
2238
2239
2240
2241
2242
2245
2246
2247
2250
2251
2252
2253
2254
2256
2258
2260
2261
2263
2264
2265
2267
3611
2268
2269
2270
2271
2273
2275
2276
2277
2278
2279
2280
2282
2283
2284
2290
2292
2294
2297
2298
2302
2303
2304
2305
2308
2313
2314
2315
2316
2318
2320
2321
2322
2324
2326
2327
2328
2329
2330
2332
2334
2336
2337
2338
2339
2343
2345
2346
2347
2348
2350
2351
2352
2353
2354
2360
2362
2363
2364
2365
2368
2369
2370
2376
2377
2378
2379
2380
2381
2382
2384
2386
2388
2389
2390
2391
2397
2398
2400
2401
2867
2402
2403
2404
2405
2408
2412
2413
2414
2415
2416
2418
2419
2423
2424
2425
2426
2427
2428
2429
2430
2434
2437
2439
2443
2444
2445
2446
2447
2449
2450
2453
2456
2460
2461
2462
2463
2464
2466
2467
2470
2471
2474
2479
2480
2481
2484
2485
2486
2488
2489
2494
2495
2497
2498
2499
2500
2503
2505
2509
2512
2513
2517
2520
2521
2523
2525
2527
2531
2533
2534
2535
2537
2540
2541
2544
2546
2549
2550
2554
2562
2566
2571
2574
2575
2578
2579
2583
2589
2590
2591
2592
2594
2596
2600
2601
2602
2605
2607
2609
2610
2616
2618
2619
2624
2625
2627
2628
2630
2631
2637
2643
2644
2646
2647
2648
2649
2650
2651
2652
2800
2655
2658
2659
2660
2663
2665
2669
2670
2671
2672
2673
2674
2675
2676
2677
2678
2679
2681
2682
2684
2685
2687
2689
2691
2692
2693
2695
2696
2697
2698
2699
2700
2701
2702
2703
2704
2706
2707
2709
2710
2711
2712
2713
2714
2715
2716
2717
2718
2721
2722
2726
2727
2728
2729
2730
2732
2733
2734
2735
2737
2741
2742
2743
2744
2745
2746
2747
2748
2749
2750
2751
2753
2756
2758
2759
2761
2762
2763
2764
2766
2767
2769
2770
2773
2775
2776
2778
2780
2781
2782
2785
2787
2790
2791
2792
2793
2796
2799
2801
2806
2807
2808
2813
2814
2819
2820
2823
2825
2826
2827
2828
2830
2831
2833
2835
2836
2837
2839
2840
2842
2843
2844
2845
2846
2847
2848
2849
2850
2852
2853
2856
2857
2859
2860
2861
2863
2864
2865
2868
2870
2871
2874
2878
2879
2880
2881
2882
2883
2887
2889
2891
2893
2894
2895
2896
2897
2898
2902
2904
2906
2907
2911
2912
2914
2916
2918
2919
2920
2922
2924
2925
2928
2929
2930
2931
2933
2934
2935
2936
2938
2940
2943
2946
2947
2948
2952
2953
2954
2958
2964
2965
2966
2967
2968
2970
2972
2976
2977
2984
2985
2988
2990
2992
2996
2998
3000
3001
3003
3004
3005
3007
3009
3010
3012
3014
3015
3016
3018
3024
3025
3028
3029
3031
3033
3034
3035
3036
3040
3043
3045
3047
3049
3051
3055
3057
3058
3137
3059
3060
3061
3062
3063
3064
3065
3067
3069
3070
3071
3146
3072
3074
3075
3077
3078
3079
3080
3081
3083
3084
3087
3091
3093
3094
3095
3098
3100
3107
3112
3113
3118
3120
4573
3121
3123
3125
3126
3127
3129
3131
3132
3133
3134
3135
3145
3138
3429
4422
3140
3141
3147
3149
3151
3152
3153
3154
3161
3162
3167
3170
3173
3179
3182
3191
3194
3196
3197
3201
3206
3209
3213
3215
3216
3218
3220
3221
3222
3227
3229
3232
3243
3252
3253
3255
3261
3265
3266
3271
3279
3281
3284
3285
3288
3290
3291
3294
3302
3303
3304
3307
3308
3309
3310
3312
3315
3317
3318
3319
3321
3323
3324
3329
3330
3340
3341
3343
3344
3347
3348
3349
3350
3351
3352
3353
3354
3359
3362
3363
3369
3371
3375
3379
3380
3384
3390
3392
3401
3402
3403
3409
3416
3421
3423
3431
3432
3434
3435
3442
3444
3446
3448
3449
3451
3456
3461
3462
3465
3470
3474
3475
3476
3477
3478
3479
3484
3490
3491
3492
3493
3495
3497
3498
3499
3500
3503
3504
3505
3510
3511
3512
3515
3516
3517
3522
3523
3525
3526
3527
3532
3533
3537
3538
3539
3545
3546
3548
3549
3551
3552
3554
3557
3559
3560
3567
3569
3570
3572
3574
3575
3576
3578
3995
3579
3583
3584
3587
3588
3589
3598
3602
3606
3608
3609
3610
3613
3615
3616
3618
3619
3644
3620
3621
3628
3630
3632
3633
3635
3636
3640
3645
3646
3647
3648
3649
3651
3654
3655
3656
3658
3661
3663
3664
3669
3671
3672
3674
3675
3676
3677
3678
3679
3680
3681
3685
3686
3694
3697
3698
3699
3700
3701
3702
3703
3706
3707
3708
3709
3711
6306
3713
3715
3716
3719
3722
3723
3724
3725
3726
3727
3728
3730
3731
3733
3734
3737
3740
3742
3744
3745
3746
3747
3748
3749
3750
3751
3756
3757
3758
3760
3763
3767
3768
3770
3772
3773
3774
3776
3830
3777
3779
3781
3782
3784
3785
3788
3789
3790
3792
3799
3801
3803
3804
3806
3807
3808
3810
3811
3812
3814
3815
3816
3817
3820
3822
3823
3824
3825
3826
4247
3829
3831
3832
6045
3837
3840
3841
3843
3845
3847
3848
5894
3849
3851
3853
3857
3858
3859
3861
3863
3865
3866
3867
3868
3872
3874
3877
3878
3880
3882
3884
3885
3886
3887
3888
3889
3892
3893
3894
3895
3896
3897
3898
5534
3899
3901
3902
3905
3907
3908
3909
3910
3911
3913
3917
4616
3919
3924
3926
3927
3928
3929
3930
3932
3934
3935
3936
3939
3941
3942
3943
3944
3945
3947
3949
3952
3956
3957
3958
3959
3960
3962
3964
3966
3968
3969
3970
3972
3975
3976
3978
3979
3981
3984
3990
3992
3998
4000
4002
4003
4004
4005
4013
4015
4017
4018
4021
4023
4024
4026
4027
4028
4034
4038
4051
4054
4055
4056
4058
4059
4060
4061
4062
4063
4064
4066
4067
4068
4069
4070
4071
4072
4074
4075
4076
4078
4079
4080
4081
4082
4083
4084
4085
4086
4087
4088
4089
4091
4092
4093
4094
4095
4096
4097
4098
4099
4100
4101
4102
4103
4105
4106
4107
4108
4110
4111
4112
4113
4114
4115
4117
4118
4120
4121
4122
4123
4124
4125
4126
4127
4128
4129
4130
4131
4132
4134
4135
4136
4138
4139
4140
4142
4143
4144
4147
4148
4149
4150
4151
4153
4154
4155
4156
4157
4160
4161
4162
4163
4164
4165
4166
4168
4169
4170
4172
4173
4174
4176
4177
4178
4180
4181
4182
4183
4184
4187
4188
4191
4192
4193
4195
4197
4198
4199
4200
4201
4203
4204
4205
4206
4207
4208
4209
4213
4215
4216
4218
4219
4222
4223
4225
4226
4228
4229
4230
4231
4232
4233
4234
4235
4237
4238
4239
4240
4246
4248
4249
4250
4251
4252
4256
4257
4258
4261
4263
4264
4266
4271
4272
4273
4274
4275
4276
4277
4278
4279
4281
4284
4286
4287
4290
4291
4293
4294
4296
4297
4298
4299
4303
4306
4308
4310
4314
4315
4317
4318
4320
4321
4323
4324
4325
4326
4327
4328
4329
4330
4331
4334
4335
4336
4337
4338
4340
4341
4342
4344
4345
4346
4347
4348
4349
4350
4353
4354
4355
4356
4357
4358
4359
4361
4363
4364
4365
4366
4367
4369
4370
4373
4375
4376
4377
4379
4381
4382
4383
4386
4387
4388
4389
4390
4392
4393
4396
4397
4398
4400
4404
4408
4410
4411
4412
4413
4416
4417
4418
4420
4421
4423
4424
4425
4427
4429
4430
4432
4433
4434
4435
4437
4438
4441
4442
4444
4446
4448
4449
4451
4452
4458
4459
4460
4461
4463
4464
4465
4470
4474
4476
4477
4486
4488
4489
4497
4498
4499
4501
4503
4504
4505
4507
4510
4514
4515
4516
4517
4518
4521
4524
4526
4528
4529
4530
4531
4533
4535
4539
4541
4543
4544
4545
4547
4549
4550
4957
4551
4555
4556
4557
4559
4560
4562
4563
4565
4567
4571
4572
4574
4577
4581
4586
4587
4588
4589
4594
4596
4612
4619
4621
4629
4632
4633
4634
4635
4636
4641
4643
4644
4646
4650
4653
4656
4659
4663
4664
4668
4670
4672
4674
4675
4677
4680
4682
4692
4693
4694
4699
4700
4701
4702
4703
4706
4708
4713
4715
4717
4720
4721
4722
4725
4726
4727
4730
4731
4732
4733
4734
4735
4736
4737
4740
4741
4742
4744
4745
4764
4747
4748
4750
4751
4752
4755
4756
4760
4761
4762
4765
4766
4767
4770
4771
4772
4775
4777
4778
4780
4781
4782
4783
4784
4787
4788
6985
4789
4790
4791
4792
4793
4795
4796
4798
4799
4802
4803
4805
4807
4810
4817
4819
4821
4824
4826
4829
4831
4832
4833
4834
4835
4836
4837
4838
4841
4843
4844
4845
4846
4847
4848
4850
4851
4854
4857
4859
4860
4861
4863
4865
4869
4870
4871
4872
4873
4874
4878
4881
4882
4883
4884
4886
4888
4889
4890
4891
4894
4895
4897
4901
4902
4903
4905
4907
4908
4910
4911
4912
4913
4915
4916
4917
4919
4921
4922
4923
4924
4925
4926
4928
4929
4930
4932
4933
4934
4937
4938
4939
4940
4941
4942
4944
4946
4948
4949
4950
4951
4952
4953
4954
4955
4956
4958
4962
4963
4965
4966
4967
4968
4969
4970
4972
4973
4974
4975
4976
4978
4979
4980
4981
4982
4983
4984
4985
4986
4987
4989
4990
4991
4992
4993
4994
4995
4996
4998
4999
5000
5001
5003
5004
5005
5006
5007
5008
5009
5010
5011
5014
5015
5016
5019
5020
5023
5024
5025
5027
5029
5031
5032
5034
5035
5036
5038
5039
5041
5047
5050
5051
5052
5053
5054
5055
5059
5060
5061
5065
5067
5068
5069
5071
5072
5073
5074
5076
5079
5080
5081
5083
5084
5086
5093
5097
5098
5101
5102
5108
5113
5120
5122
5123
5125
5126
5130
5133
5134
5135
5136
5137
5138
5141
5144
5147
5151
5156
5169
5170
5175
5176
5177
5182
5185
5188
5196
5200
5212
5214
5223
5228
5229
5231
5232
5233
5237
5241
5242
5243
5244
5245
5246
5247
5250
5253
5255
5257
5262
5263
5265
5269
5274
5277
5278
5279
5280
5281
5285
5286
5288
5290
5297
5300
5301
5303
5305
5307
5313
5315
5316
5318
5319
5322
5323
5325
5328
5329
5330
5331
5332
5334
5335
5336
5337
5340
5342
5343
5346
5349
5353
5355
5357
5362
5366
5368
5369
5370
5374
5375
5376
5379
5380
5381
5382
5384
5385
5386
5392
5393
5395
5396
5398
5400
5399
5314
5406
5409
5410
5416
5419
5420
5425
5428
5429
5430
5433
5434
5436
5437
5438
5439
5440
5442
5446
5447
5449
5450
5458
5460
5462
5463
5464
5466
5469
5470
5471
5472
5473
5474
5476
5477
5479
5480
6458
5481
5486
5487
5488
5490
5491
5492
5493
5495
5496
5499
5501
5504
5506
5507
5508
5510
5511
5512
5514
5515
5516
5517
5519
5520
5521
5523
5525
5526
5528
5529
5531
5532
5535
5536
5537
5538
5539
5541
5543
5544
5545
5547
5548
5552
5553
5554
5556
5559
5565
5567
5568
5569
5572
5575
5579
5580
5584
5589
5590
5593
5595
5596
5599
5601
5605
5606
5607
5608
5609
5610
5611
5612
5613
5614
5615
5618
5619
5621
5622
5624
5627
5628
5630
5633
5634
5635
5637
5638
5639
5641
5643
5644
5645
5646
5647
5649
5650
5651
5652
5653
5654
5655
5656
5657
5658
5659
5662
5665
5666
5667
5668
5670
5671
5673
5675
5676
5677
5679
5680
5681
5682
5684
5685
5686
5687
5690
5691
5692
5694
5695
5703
5705
5706
5707
5708
5711
5722
5725
5727
5729
5738
5744
5745
5750
5751
5752
5755
5757
5758
5759
5762
5765
5772
5776
5777
5779
5781
5787
5789
5790
5792
5794
5795
5796
5798
5799
5800
5801
5802
5803
5805
5806
5807
5809
5810
5811
5812
5813
5818
5819
5820
5822
5823
5824
5825
5826
5827
5828
5830
5832
5833
5835
5836
5837
5840
5841
5843
5845
5846
5847
5848
5849
5850
5852
5853
5854
5856
5860
5862
5863
5864
5865
5867
5868
5869
5870
5871
5872
5873
5877
5878
5880
5881
5882
5884
5886
5887
5888
5890
5891
5892
5893
5896
5897
5898
5901
5902
5904
5906
5909
5912
5913
5914
5915
5917
5919
5920
5921
5922
5924
5926
5928
5929
5930
5931
5932
5934
5935
5938
5939
5944
5945
5946
5948
5949
5951
5954
5955
5956
5957
5962
5964
5965
5966
5973
5975
5979
5980
5981
5982
5983
5985
5986
5989
5990
5991
5992
5994
5995
5996
5997
5998
6000
6001
6002
6007
6008
6010
6011
6015
6017
6023
6025
6026
6028
6030
6034
6037
6038
6044
6047
6058
6060
6061
6062
6063
6064
6065
6067
6069
6070
6071
6072
6073
6074
6075
6076
6077
6078
6079
6080
6082
6083
6085
6087
6088
6089
6090
6092
6093
6094
6096
6097
6098
6100
6101
6459
6103
6106
6107
6108
6111
6112
6113
6115
6116
6117
6118
6119
6120
6125
6129
6132
6133
6134
6135
6136
6139
6140
6141
6142
6143
6144
6145
6147
6149
6153
6155
6159
6160
6161
6173
6174
6177
6180
6181
6184
6187
6188
6189
6190
6191
6192
6193
6196
6197
6198
6199
6205
6206
6207
6208
6213
6214
6215
6217
6219
6220
6221
6222
6223
6224
6225
6226
6229
6231
6235
6241
6244
6247
6249
6251
6252
6253
6254
6255
6260
6261
6265
6266
6267
6268
6271
6272
6273
6274
6275
6277
6279
6280
6281
6282
6285
6286
6288
6290
6292
6294
6295
6296
6298
6299
6300
6305
6310
6311
6314
6315
6316
6318
6319
6320
6322
6324
6326
6328
6333
6334
6337
6340
6349
6358
6361
6366
6367
6372
6377
6378
6379
6380
6383
6387
6388
6389
6390
6394
6396
6397
6398
6399
6400
6401
6402
6403
6404
6405
6406
6407
6408
6409
6410
6411
6412
6413
6414
6415
6416
6417
6418
6419
6420
6421
6422
6423
6424
6425
6426
6428
6430
6431
6432
6433
6434
6435
6436
6437
6438
6439
6440
6441
6442
6443
6444
6445
6446
6447
6448
6449
6450
6451
6452
6453
6454
6456
6457
6460
6462
6463
6465
6466
6467
6468
6469
6470
6471
6472
6473
6474
6475
6476
6477
6478
6479
6480
6481
6482
6484
6485
6487
6489
6492
6496
6497
6500
6502
6503
6504
6505
6506
6508
6509
6510
6511
6513
6514
6515
6517
6518
6520
6521
6522
6524
6525
6527
6528
6531
6532
6533
6536
6537
6538
6539
6540
6543
6546
6547
6548
6549
6550
6551
6552
6553
6554
6556
6557
6559
6560
6562
6564
6567
6569
6570
6571
6572
6573
6574
6575
6577
6578
6579
6581
6583
6584
6585
6586
6587
6588
6589
6590
6591
6593
6594
6595
6596
6597
6598
6601
6602
6603
6604
6606
6609
6610
6613
6614
6616
6617
6618
6620
6623
6626
6627
6628
6629
6630
6631
6632
6633
6635
6636
6637
6639
6640
6641
6644
6645
6649
6652
6653
6657
6660
6661
6663
6665
6667
6668
6670
6671
6672
6673
6674
6675
6676
6677
6678
6679
6681
6682
6683
6684
6685
6686
6687
6688
6689
6690
6692
6693
6694
6696
6698
6699
6700
6702
6705
6706
6707
6708
6710
6711
6712
6714
6715
6716
6718
6722
6724
6725
6730
6733
6735
6736
6737
6738
6739
6743
6744
6745
6746
6747
6748
6751
6753
6754
6756
6757
6758
6764
6766
6767
6768
6772
6773
6775
6777
6780
6785
6786
6788
6789
6790
6791
6792
6793
6794
6797
6800
6802
6804
6806
6807
6808
6810
6811
6812
6813
6815
6816
6819
6820
6821
6822
6823
6825
6827
6830
6831
6834
6836
6837
6838
6839
6840
6841
6843
6847
6848
6849
6850
6851
6852
6854
6855
6856
6857
6858
6859
6863
6864
6867
6868
6869
6870
6876
6877
6879
6880
6881
6883
6884
6886
6889
6896
6898
6903
6904
6905
6906
6907
6909
6910
6911
6912
6913
6914
6915
6916
6918
6922
6923
6924
6930
6931
6933
6937
6938
6939
6940
6942
6943
6944
6945
6948
6949
6950
6952
6953
6954
6955
6957
6958
6959
6960
6961
6962
6963
6964
6965
6966
6967
6969
6970
6971
6972
6973
6974
6976
6978
6979
6980
6981
6983
6986
6987
6988
6989
6991
6992
6994
6995
6996
6997
6998
6999
7001
7002
7003
7004
7005
7006
7008
7009
7010
7011
7012
7013
7017
7018
7019
7020
7023
7024
7025
7026
7027
7028
7030
7033
7035
7036
7037
7043
7044
7049
7052
7053
7054
7055
7058
7060
7063
7065
7067
7068
7069
