0
2835
20
1005
3
4
6
3463
5
12
17
19
22
23
37
36
39
43
45
48
49
50
51
54
56
61
62
63
64
67
69
70
71
72
75
76
77
78
585
1723
80
81
83
92
85
567
90
95
98
240
103
104
105
106
107
109
112
114
116
117
119
120
123
125
128
133
134
136
148
149
150
151
164
661
173
181
182
186
187
313
189
257
3362
2300
1487
1500
194
197
200
201
204
205
207
214
215
216
217
220
223
466
235
236
239
241
242
243
247
248
252
253
258
1002
262
263
2143
265
266
1092
271
273
1578
274
2207
275
282
1824
946
285
294
296
297
302
305
306
309
498
357
319
311
2570
1006
671
314
316
320
322
325
326
327
328
330
332
334
337
341
343
344
4580
346
347
348
349
351
352
354
355
356
358
359
360
361
363
366
367
440
368
369
370
373
374
375
376
377
378
1462
379
1021
380
381
386
387
388
389
390
392
393
396
404
406
2582
2436
409
411
412
413
425
414
415
416
417
418
419
420
421
422
423
464
625
1553
1271
428
432
435
5114
917
436
437
438
441
442
443
445
446
447
449
450
451
452
455
458
462
463
465
470
471
472
477
478
479
481
484
488
490
491
492
493
497
499
501
502
504
505
507
508
686
509
510
515
516
517
1008
518
520
530
538
542
546
550
551
554
557
558
562
565
566
569
571
573
582
583
584
453
586
1036
1842
588
594
1551
604
608
610
613
617
618
619
1087
622
623
624
627
1197
631
635
638
640
643
2355
644
649
651
653
658
659
662
663
664
665
1023
669
670
672
673
674
675
676
2534
678
680
681
682
691
693
694
695
698
701
713
714
717
720
725
728
730
732
734
735
2756
2325
736
737
738
739
740
749
763
768
770
771
772
778
1562
782
783
787
788
1047
789
798
799
800
801
804
811
813
816
817
823
828
829
831
832
834
835
838
840
841
844
848
849
851
861
862
866
1347
873
875
876
879
1355
890
891
898
899
901
904
907
916
931
934
937
940
941
942
944
945
2338
1893
1618
949
951
952
953
954
955
962
965
966
968
969
970
971
972
975
977
978
982
985
986
987
988
992
993
994
996
997
998
999
1000
2480
3570
2511
1001
1004
1989
1009
1012
1013
1018
1019
1020
1024
1025
1026
1029
1030
1033
1034
1035
1275
1040
1041
1044
1046
1049
1050
1051
1052
1053
1054
1055
1164
1058
1568
1059
1063
1064
1065
3251
1067
1069
1453
1070
1071
1074
1075
1076
1077
2668
1079
1082
1084
1085
1680
2611
1692
1088
1091
1095
1097
1098
1100
1104
1106
1110
1111
1112
1117
1119
1120
1121
1122
1123
1125
1126
1127
1129
1133
1135
1137
1139
1148
1152
1155
1158
1160
1161
1163
1168
1169
1170
1172
1173
1174
1175
1176
1177
1178
1179
1180
1182
1183
1184
1185
1187
1188
1189
1190
1191
1192
1193
1194
1195
1196
1198
1199
1200
1201
1202
1203
1204
1205
1206
1207
1208
1209
1211
1212
1213
1214
1215
1216
1217
1219
1220
1221
1222
1223
1224
1226
1229
1230
1231
1233
1234
1235
1236
1238
1240
1241
1538
1245
1247
1248
1249
1250
1251
1253
1254
1255
1256
1257
1258
1259
1260
1262
1263
1264
1266
1267
1268
1276
1277
1278
1281
1282
1283
1284
1285
1287
1288
1289
1292
1294
1295
1296
1301
1303
1304
1307
1308
1309
1310
1311
1312
1313
1314
1315
1316
1317
1321
1323
1324
1330
1332
1333
1334
1335
1337
1338
1341
1778
1343
1345
1346
1350
1351
1352
1354
1356
1357
1362
1363
1364
1365
1367
1368
1370
1372
1376
1377
1380
1382
1383
1384
1388
1389
1395
1402
1404
1405
1406
1410
1412
1413
1414
1417
1419
1421
2826
1422
1423
1424
1425
1427
1429
1430
1432
1628
1433
1434
1436
1437
1438
1439
1440
1441
1443
1445
1446
1447
1448
1449
1450
1451
1454
1456
1458
1463
3481
1465
1469
1470
1476
1478
1480
1482
1483
1486
3205
1489
1490
1492
1494
1495
1496
1501
1503
1504
1510
1511
1513
1514
1515
1516
1518
1520
1521
1524
1530
1532
1534
1539
4070
1541
1544
1547
1549
1550
1552
1555
1828
1839
1554
1556
1559
1560
1561
1564
1565
1566
1567
1570
1571
1572
1576
1577
1579
1582
1584
1585
1586
1587
1588
1591
1595
1596
1599
1601
1603
1605
1607
1608
1609
1610
1841
1611
1613
1614
1615
1617
1620
1621
1622
1624
1625
1627
1629
1630
1633
1635
1636
1637
1638
1639
1640
1788
1641
1647
1649
1652
1654
1655
1656
1657
1658
1659
1661
1662
1664
1665
1668
1669
1670
1673
1675
1676
1677
1679
1681
1682
1683
1684
1689
1690
1691
1694
1695
1696
1698
1703
1704
1705
1912
1911
1706
1710
1711
1717
1720
1721
2166
1724
1725
1726
1727
1728
1729
1730
1731
1732
1733
1734
1735
1737
1740
1741
1743
1747
1751
1752
1753
1756
1757
1760
1761
1763
1766
1768
1769
1770
1771
1774
1775
1776
1777
1780
1781
1783
1784
1785
1786
1787
1794
1796
1797
1798
1799
796
1800
1801
1805
1806
1807
1808
1809
1810
1814
1818
1820
1821
1822
1825
1827
1829
1832
1835
1838
1840
1845
1846
2714
2715
1847
1848
1849
1850
1851
1852
1854
1855
1856
1857
1859
1860
1861
1862
1863
1865
1866
1867
1868
1869
1872
1873
1874
1875
1876
1877
1878
1879
1880
1881
1882
1883
1885
1887
1888
1891
1892
2541
1895
1896
1897
1898
1901
1904
1905
1906
1907
1910
1913
1914
1920
1921
1922
1923
1924
1927
1928
1930
1932
1934
1935
1937
1938
1939
1940
1944
1945
1950
1956
1957
1958
1959
1968
1978
1984
1985
4003
1996
2000
2002
2007
2010
2016
2018
2021
2023
2026
2028
2029
2034
2037
2039
2040
2047
2048
2050
2051
2052
2054
2055
2062
2063
2067
2068
2071
2072
2074
2075
2077
2078
2079
2080
2082
2086
2088
2089
2092
2093
2096
2098
2099
2101
2102
2103
2104
2105
2106
2107
2112
2113
2114
2120
2121
2122
2124
2125
2126
2128
2129
2130
2131
2132
2133
2134
2136
2138
2140
2141
2142
2144
2145
2146
2147
2149
2150
2151
2152
2155
2157
2158
2159
2160
2161
2162
2163
2164
2165
2371
2167
2168
2169
2170
2171
2172
2173
2174
2176
2177
2181
2182
2183
2184
2185
2186
2187
2188
2189
2190
2191
2192
2193
2194
2195
2196
2197
2198
2200
2201
2202
2203
2204
2205
2206
3498
2209
2210
2215
2216
2219
2222
2224
2225
2227
2228
2230
2232
2233
2235
2236
2239
2241
2242
2243
2244
2245
2246
2247
2248
2249
2250
2253
2254
2256
2257
2258
2259
2260
2261
2262
2264
2265
2268
2269
2271
2272
2273
2274
2276
2277
2280
2283
2284
2285
2286
2287
2288
2289
2290
2293
2294
2299
2318
2301
2302
2303
2304
2305
2306
2310
2311
2313
2315
2316
2317
2319
2320
2322
2323
2326
2327
2330
2332
2334
2335
2336
2337
2340
2341
2343
2344
2345
2347
2348
2349
2353
2354
2356
2357
2360
2362
2730
2366
3302
2368
2372
2374
2376
2377
2378
2379
2380
2381
2382
2383
2390
2391
2392
2395
2396
2397
2398
2399
2400
2402
2404
2405
2406
2407
2411
2414
2418
2423
2426
2433
2434
2435
2438
2439
2442
2443
2447
2453
2454
2456
2458
2459
2460
2462
2463
2464
2465
2466
2470
2471
2472
2473
2474
2476
2477
2478
2481
2482
2483
2484
4917
2486
2487
2489
2491
2492
2493
2495
2496
2498
2499
2501
2502
2504
2507
3832
2509
2510
2512
2514
2515
2516
2519
2520
2526
2527
2528
2529
2530
2531
2532
2533
2535
4792
2538
2539
2544
2546
2547
2548
2549
2552
2555
2556
2557
2564
2565
2566
2567
2568
2571
2572
2574
2575
2578
4066
2583
4848
2584
2585
2587
2588
2589
2592
2593
2594
2596
2598
2599
2601
2602
2603
2608
2610
2612
2613
2614
2615
2618
2619
2620
2628
2631
2634
2635
2637
2639
2640
2641
2644
2645
2646
2647
2649
2650
2651
2652
2655
2656
2657
2658
2659
2660
2661
2662
2664
2665
2666
2670
2671
2673
3344
2674
2676
2677
2678
2681
2684
2689
2691
2694
2697
2698
2699
2702
2703
2704
2706
2707
2708
2709
2710
2711
2713
2717
2718
2720
2721
2722
2725
2727
2728
2734
2735
2739
2740
2743
2744
2749
2758
2761
2762
2764
2776
2777
2778
2782
2783
2784
2786
2788
2789
2791
2792
2794
2796
2799
2801
2802
2803
2804
2805
2810
2813
2815
2817
2818
2820
2821
2825
2827
2828
2829
2831
2832
2834
2836
2839
2840
2841
2842
2843
2844
2845
2846
2847
2848
2849
2850
2851
2852
2853
2854
2856
2857
2858
2859
2860
2861
2862
2863
2865
2866
2870
2871
2875
2876
2877
2878
2881
2883
2885
2886
2887
2888
2889
2890
2892
2896
2898
2899
2900
2902
2903
2908
2909
2910
2911
2912
2913
2914
2915
2917
2918
2919
2920
2921
2922
2923
2928
2931
2932
2933
2934
2936
2939
2940
2943
2944
2945
2946
2947
2948
2949
2950
2951
2952
2953
2955
2956
2957
2958
2960
2961
2962
2964
2965
2968
2969
2970
2971
2972
2973
2974
2975
2978
2979
2980
2982
2984
2985
2986
2990
2991
2992
2993
2994
2995
2997
2999
3002
3003
3009
3010
3011
3012
3013
3014
3015
3016
3018
3020
3022
3023
3024
3025
3026
3030
3031
3033
3034
3038
3040
3042
3044
3045
3046
3047
3050
3052
3054
3055
3060
3062
3063
3064
3065
3074
3077
3079
3081
3083
3085
3087
3091
3092
3094
3095
3096
3099
3101
3102
3103
3104
3105
3108
3109
3110
3111
3112
3113
3115
3116
3117
3119
3120
3121
3122
3123
3124
3125
3127
3128
3129
3130
3131
3132
3133
3137
3140
3141
3142
3143
3144
3145
3148
3149
3150
3151
3152
3153
3154
3155
3156
3157
3158
3159
3163
3165
3167
3170
3173
3175
3177
3179
3180
3185
3188
3189
3193
3194
3195
3196
4591
3198
3200
3201
3204
3206
3208
3209
3210
3211
3212
3213
3214
3217
3218
3219
3223
3225
3228
3229
3231
3234
3236
3241
3252
3253
3255
3256
3257
3259
3260
3262
3263
3264
3265
3266
3268
3269
3271
3273
3277
3278
3279
3280
3281
3282
3283
3286
3287
3288
3289
3290
3291
3293
3295
3296
3297
3298
3300
3301
3304
3305
3306
3307
3309
3310
3312
3313
3316
3317
3319
3320
3321
3322
3323
3324
3326
3328
3330
3334
3336
3337
3339
3342
3343
3345
3346
3347
3349
3351
3353
3354
3357
3358
3359
3364
3368
3372
3378
3382
3384
3387
3389
3390
3393
3398
3400
3402
3404
3405
3410
3416
3418
3419
3423
3424
3425
3427
3428
3430
3431
3432
3434
3435
3436
3438
3440
3442
3444
3445
3446
3447
3448
3451
3453
3454
3455
3457
3458
3459
3462
3464
3465
3466
3467
3471
3472
3473
3475
3476
3477
3478
3479
3480
3482
3483
3485
3487
3488
3491
3496
3502
3504
3505
3506
3509
3510
3513
3514
3516
3518
3521
3522
3524
3525
3526
3527
3529
3533
3534
3538
3539
3540
3543
3544
3545
3546
3547
3548
3550
3555
3556
3559
3560
3565
3568
3569
3571
3572
3573
3574
3575
3576
3577
3578
3579
3581
3582
3583
3585
3588
3589
3590
3591
3592
3593
3594
3595
3596
3599
3600
3603
3605
3606
3612
3614
3622
3631
3634
3637
3639
3640
3641
3644
3647
3651
3656
3657
3664
3666
3667
3670
3674
3681
3683
3693
3697
3700
3703
3704
3706
3708
3716
3718
3723
3730
3733
3734
3737
3738
3740
3741
3750
3754
3756
3764
3769
3771
3773
3776
3777
3786
3789
3798
3800
3801
3804
3805
3809
3811
3812
3817
3818
3835
3841
3843
3845
3848
3853
3854
3855
3856
3859
3862
3867
3871
3873
3876
3881
3883
3891
3892
3893
3894
3895
3899
3900
3901
3904
3905
3906
3908
3911
3915
3916
3923
3929
3933
3940
3948
3949
3956
3958
3970
3971
3977
3978
3980
3983
3987
3988
3989
3994
4007
4013
4018
4019
4028
4030
4035
4036
4039
4042
4045
4048
4053
4055
4058
4059
4063
4065
4068
4069
4071
4075
4076
4077
4080
4081
4083
4084
4085
4089
4092
4093
4099
4100
4102
4103
4104
4108
4111
4113
4115
4117
4122
4123
4124
4125
4126
4127
4128
4129
4130
4131
4132
4134
4137
4138
4139
4140
4142
4145
4146
4147
4152
4153
4154
4156
4157
4158
4159
4162
4163
4168
4169
4171
4172
4175
4176
4177
4178
4179
4181
4182
4186
4187
4191
4192
4193
4195
4196
4197
4198
4199
4200
4202
4205
4208
4209
4210
4211
4212
4213
4215
4216
4217
4218
4219
4220
4221
4223
4224
4227
4228
4231
4232
4233
4235
4236
4237
4267
4270
4278
4287
4292
4299
4306
4328
4332
4351
4363
4367
4371
4374
4375
4387
4390
4394
4403
4405
4406
4408
4421
4426
4427
4428
4436
4444
4445
4447
4449
4450
4452
4453
4455
4456
4458
4459
4460
4462
4464
4465
4467
4468
4469
4471
4472
4474
4475
4479
4483
4484
4485
4488
4489
4491
4492
4493
4497
4503
4508
4512
4514
4524
4528
4533
4535
4538
4539
4540
4542
4553
4554
4558
4565
4566
4570
4572
4574
4577
4581
4586
4588
4589
4595
4596
4597
4601
4603
4605
4608
4610
4611
4614
4615
4617
4619
4623
4625
4627
4628
4629
4630
4633
4636
4640
4641
4642
4649
4654
4656
4658
4660
4662
4664
4665
4667
4672
4675
4678
4685
4688
4692
4698
4700
4702
4703
4706
4709
4710
4711
4712
4713
4716
4718
4720
4721
4722
4725
4726
4728
4729
4731
4733
4736
4737
4738
4740
4743
4745
4747
4750
4751
4752
4754
4755
4756
4757
4758
4759
4760
4762
4768
4770
4771
4772
4774
4778
4779
4780
4781
4782
4783
4786
4787
4790
4795
4797
4800
4801
4805
4820
4828
4829
4830
4833
4838
4843
4846
4851
4853
4855
4856
4861
4863
4865
4870
4872
4873
4874
4882
4883
4885
4887
4888
4891
4892
4897
4903
4904
4909
4913
4916
4919
4920
4921
4922
4924
4927
4931
4932
4935
4939
4940
4941
4946
4947
4949
4952
4955
4957
4960
4963
4964
4965
4966
4970
4973
4974
4978
4981
4983
4984
4985
4986
4988
4990
4992
4996
4997
5000
5007
5010
5011
5015
5019
5020
5025
5028
5029
5030
5031
5037
5039
5040
5041
5042
5043
5048
5050
5051
5054
5056
5057
5058
5060
5062
5066
5069
5071
5076
5080
5081
5082
5084
5086
5089
5090
5091
5092
5094
5096
5102
5103
5105
5107
5112
5113
5116
5119
5135
5137
5141
5143
5155
5157
5158
5159
5161
5162
5174
5175
5179
5180
5181
5182
5183
5184
5188
5189
5190
5191
5193
5194
5195
5196
5197
5198
5199
5200
5201
5202
5203
5204
5205
5206
5207
5208
5209
5210
5211
5214
5215
5216
5217
5218
5219
5220
5221
5223
5224
5225
5226
5227
5228
5229
5230
5231
5232
5233
5234
5235
5236
5237
5238
5239
5240
5242
5243
5244
5245
5246
5247
5248
5249
5250
5251
5252
5253
5254
5255
5256
5257
5258
5259
5260
5261
5262
5264
5265
5266
5267
5268
5269
5270
5271
5272
5273
5274
5275
5276
5277
5279
5280
5281
5282
5283
5285
5287
5288
5289
5290
5291
5292
5294
5295
5296
5297
5301
5302
5303
5304
5305
5306
5308
5311
5312
5313
5315
5316
