0
256
2
3
12
13
1818
59
20
89
25
4809
26
1147
28
29
838
35
34
448
41
43
49
44
2757
46
48
51
52
53
60
2468
61
513
66
68
69
71
82
83
84
86
90
96
97
99
3328
2438
715
5030
104
105
125
106
107
809
110
115
1677
410
116
118
129
133
136
139
140
143
144
146
149
2622
150
160
153
154
155
157
158
238
159
161
163
164
166
169
170
171
3625
173
174
175
4768
176
323
643
3006
178
185
1057
1058
186
188
191
192
4036
717
3844
194
197
198
359
200
202
203
205
206
207
208
291
211
213
214
215
216
217
218
475
4494
823
220
221
223
226
228
229
230
6600
233
235
236
237
810
282
510
1951
239
241
242
1014
953
5723
247
248
249
250
251
254
255
258
259
260
261
263
264
562
265
267
268
270
271
272
273
277
3283
278
330
2971
279
280
309
4415
283
284
285
286
287
288
289
2960
290
292
900
2662
1917
293
294
296
297
319
298
299
300
301
302
304
305
306
307
308
310
312
365
314
315
316
317
318
1473
4419
1162
320
321
559
322
2307
3467
664
437
4697
478
5217
755
889
890
1403
325
327
328
329
679
331
332
5715
334
337
338
339
340
1652
4716
341
342
343
344
345
346
349
350
351
2118
352
353
354
355
357
358
360
361
363
364
369
370
371
372
373
377
378
380
381
5364
382
383
384
386
388
390
391
392
393
788
397
398
399
400
402
406
407
6975
409
411
412
414
415
416
417
751
573
418
419
420
421
422
423
424
425
426
427
428
429
430
431
432
433
434
436
438
439
440
442
443
444
451
446
447
4569
804
449
453
454
455
457
458
459
460
461
463
464
465
468
471
473
474
3643
996
476
477
4875
4309
480
482
483
484
485
486
487
488
2274
489
490
491
492
5338
859
1212
495
497
498
499
500
501
502
4931
503
504
505
506
507
508
509
511
514
515
1805
517
518
520
523
524
525
526
528
529
530
531
533
1412
534
535
536
538
542
677
544
545
546
547
554
560
794
561
565
568
570
572
1632
577
579
580
582
583
584
586
587
588
590
591
593
595
597
599
601
603
604
605
606
607
5736
611
612
613
614
616
617
961
619
622
623
624
625
627
629
630
631
632
634
637
640
648
649
650
651
652
653
656
658
660
661
662
665
668
669
670
671
1225
1175
672
673
675
676
678
683
685
690
694
696
697
3603
698
699
700
702
704
705
706
707
709
710
711
1642
712
713
714
716
2504
722
725
726
727
728
729
730
731
732
733
734
735
738
739
741
742
743
744
1254
747
748
749
752
753
2599
1103
756
757
758
761
762
763
764
765
766
767
768
769
770
771
772
776
777
779
780
782
783
784
785
786
787
796
3002
789
790
791
2570
6727
797
798
799
801
803
805
806
807
808
811
813
814
815
816
4585
817
818
819
820
821
822
824
825
827
828
829
830
832
833
5193
885
834
836
837
839
840
841
842
843
845
846
847
848
849
851
1911
853
855
856
857
858
860
862
865
866
867
869
870
873
874
875
876
877
878
879
880
881
882
884
886
887
888
1053
1919
891
892
893
894
896
897
898
899
901
903
905
906
907
908
909
910
911
912
913
2117
2038
915
916
918
919
920
921
922
923
925
926
928
929
930
931
932
933
936
937
939
940
941
944
945
946
947
948
949
952
4705
1762
954
955
956
959
960
963
1048
964
965
967
968
972
973
974
975
977
979
980
981
983
985
986
987
988
989
990
992
994
995
997
998
999
1000
1001
1002
1003
1004
1006
1007
1008
1009
1010
1012
1013
1015
1016
1017
1018
1019
1020
1021
1023
1024
1027
1028
1029
1032
1033
1034
1036
1037
1038
1039
1041
1042
1044
1045
1049
1050
1051
1052
1055
1056
1059
1060
1061
1062
1063
1064
1696
1068
1069
1070
1071
1072
1073
1074
1076
1077
1078
1079
1080
1083
1084
1085
1086
1087
1088
1090
1091
1092
1093
1094
1095
1096
1097
1098
1099
1100
1101
1102
1104
1105
1647
1567
1106
1107
1108
1109
1110
1111
1112
1114
1115
1116
1117
4647
1118
1119
1120
1121
1123
1124
1125
1126
1127
1128
1129
3473
1130
1131
3200
1133
1135
1136
1138
1139
1140
1141
1143
1145
1146
1148
1149
1152
1153
1154
1155
1156
1157
1159
1160
1161
1163
1166
1167
1169
2361
1176
1177
1178
1179
1180
1181
1662
1295
1183
1185
1187
1189
1192
1194
1196
1197
1200
1203
1204
1207
1208
1210
3631
1211
1214
1216
2779
1218
1220
3692
3276
1221
1222
1224
1227
1228
1231
1232
1233
1236
1238
1240
1242
1245
1248
1250
1252
1253
1255
1257
1258
1259
1262
1263
1266
1267
1268
1269
1272
1273
1274
1275
1276
1277
1279
1281
1282
1283
1284
1286
1287
1291
1292
1293
1298
1299
1303
1304
1306
1309
1310
1311
1312
1313
1314
1316
1317
1318
1319
1321
1323
1324
1325
1328
1329
1330
1331
1332
1333
1334
1336
1338
1339
1341
1342
1343
1344
1346
1347
1348
1350
1354
4607
1355
1357
1358
1360
1361
1362
1364
1366
1367
1368
1369
1371
1372
1373
1374
1375
1376
1379
1380
1382
1383
1385
1387
1391
1392
1393
1396
2295
1397
1398
1399
1400
1402
1404
1405
1406
1407
1409
1410
1411
1413
1414
1417
1419
1420
1423
1424
1425
1427
1428
1429
1430
1432
1433
1434
1435
1436
1437
1891
1438
1440
1443
1444
1445
1449
1450
1455
1456
1457
1458
1459
1460
1462
1463
1464
1468
1469
1470
1471
1472
1474
1475
1476
1477
1478
1479
1480
1482
1483
1484
1487
1489
1491
1492
1493
1494
1495
1496
1497
1499
1500
1501
1502
1504
1505
3617
1507
1508
1509
1510
1511
1513
1514
1515
1516
1517
1518
1519
1520
1521
1522
1524
4568
1526
1527
1529
1531
1532
1534
1535
1536
1537
1539
5172
2487
1540
1541
1545
1547
1548
1550
1551
1552
1554
1557
1563
1564
1566
1569
1570
1571
1572
2232
1573
2050
1574
1577
1578
1581
1582
1583
1584
1585
1587
1589
1591
1592
1593
1594
1595
1596
1598
1601
1603
1604
1605
1606
1607
1608
1609
1610
1611
1613
1614
1615
1616
1617
1618
1619
1620
1621
1623
1624
1625
1626
1627
1628
1629
2475
1633
1634
1635
1637
1638
2448
1639
1640
1643
1645
1646
3954
1650
1653
1654
1655
1656
1661
2632
1663
1666
1667
1670
1671
1672
1674
1676
1679
1683
1684
1685
1686
1688
1689
1690
1691
1692
1693
1694
1695
1697
1698
1699
1700
1701
1702
1705
1706
1707
1708
1709
1710
1711
1712
1713
1714
1715
1716
1718
1719
1720
1722
1723
1724
1725
1726
1727
1730
1731
1734
1737
1739
1740
1741
4553
1743
1744
1746
1747
1748
1750
1751
1752
1754
1755
1756
1757
1761
1763
1764
1766
1769
1770
1771
1773
1774
1775
1776
1777
1778
1779
1780
1783
1784
1786
1787
1788
1789
1791
1793
1797
1798
1800
1801
4403
4190
1803
1804
1807
1809
1810
1811
1812
1813
1814
1815
3653
1820
1825
1827
1831
1832
1834
1837
1838
1839
1840
1841
1844
1845
1846
1847
1848
1849
1850
1851
1852
1853
1854
1855
1856
1857
1859
1860
1861
1862
1865
1866
3482
1867
1868
1869
1870
1871
1873
1874
1876
1877
1879
1882
1884
1885
1886
1887
1890
1896
1897
1898
1899
1900
1901
1902
1903
1906
1907
1910
1912
3234
1974
1918
1923
1926
1928
1929
1931
1932
1933
1934
1935
1936
1937
6659
1940
1941
1942
1943
1945
1946
1948
1949
1950
1952
1953
1954
5456
1955
1958
1959
1960
1962
1965
1967
1968
1970
1971
1972
1973
1975
1976
1978
1982
6169
1983
1984
1986
1987
1993
1996
1997
2000
2001
2005
2011
3536
2014
2018
2020
2022
2029
2030
2031
2033
2034
2035
2036
2044
2045
2049
2053
2067
2073
2077
4227
2089
2094
2095
2098
2105
2106
2110
2114
2124
2125
2127
2130
2137
2139
2142
2143
2145
2147
2149
2151
2155
2157
2159
2163
2167
2169
2170
2173
2175
2186
2188
2189
2192
2194
2195
2199
2201
2209
2210
2211
2216
2218
2220
2222
2223
2224
2226
2231
2233
2235
2237
2243
2244
2436
2248
2249
2255
2257
2259
2262
2266
2272
2281
2285
2286
2287
2288
2289
2291
2293
2299
2300
2301
2306
2309
2310
2311
2312
2317
2319
2323
2325
2331
2333
2335
2340
2341
2342
2344
2356
2349
2355
2357
2358
2359
2367
2371
2372
2373
2374
2375
5740
2383
2385
2387
2392
2393
2394
2395
2396
2399
2406
2407
2409
2410
2411
2417
2420
2421
2422
3961
2431
2432
2433
2435
2440
2441
2442
2451
2452
2454
2455
2457
2458
2459
2465
2469
2472
2476
2477
2478
2482
2483
2490
2491
2492
2493
2501
2502
2506
2507
2508
2510
2511
2514
2515
2516
2518
2519
2522
2524
2526
2528
2529
2530
2532
2536
2538
2539
2542
2543
2545
2547
3427
2548
2551
2552
2553
2555
2556
2557
2558
2559
2560
2561
2563
2564
2565
2567
2568
2569
5043
2572
2573
2576
2577
2580
2890
2581
2582
2584
2585
2586
2587
2588
2593
2595
2597
2598
2603
5709
2604
2606
2608
2611
2612
2613
2614
2615
2617
2620
2621
2623
2626
2629
2633
2634
2635
2636
2638
2639
2640
2641
2642
2645
2653
2654
2656
2657
2661
4893
2664
2666
2667
2668
2680
2683
2686
2688
2690
2694
2705
2708
2719
2720
2886
2723
2724
2725
2731
2736
2738
2739
2740
2752
2754
2755
2760
2765
2768
2771
2772
2774
2777
2783
2784
2788
2789
2794
2795
2797
2798
2802
2803
2804
2805
2809
2810
2815
2816
2817
2818
2821
2822
2824
2829
2832
2834
2838
2841
2851
2854
2855
2858
2862
2866
2869
2872
2873
2875
2876
2877
2884
2885
2888
2892
2899
2900
2901
2903
2905
2908
2909
2910
2913
2915
3573
2917
2921
2923
2926
2927
2937
2939
2941
2942
2944
2945
2949
2950
2951
2955
2956
2957
2959
2961
2962
2963
2973
2974
2975
2978
2979
2980
2981
2983
2986
2987
2989
2991
2993
2994
2995
2997
2999
3008
3011
3013
3017
3019
3020
3021
3022
3023
3026
3027
3030
3032
3037
3038
3039
3041
3042
3044
3046
3048
3050
3052
3053
3054
3056
3066
3068
3073
3076
3082
3085
3086
3088
3089
3090
3092
3096
3097
3099
3101
3102
3103
3104
3105
3106
3108
3109
3110
3111
3114
3115
3116
3117
3119
3122
3124
3128
3130
3136
3139
3142
3143
3148
3150
3155
3156
3157
3158
3159
3160
3163
3164
3165
3166
3168
3169
3171
3172
3174
3175
4508
3176
3177
3178
3180
3181
3183
3184
3185
3186
3187
3188
3189
3190
3192
3193
3195
3198
3199
3203
3204
3205
3207
3208
3210
3211
3212
3214
3217
3219
3224
3225
3226
3228
3230
3231
3233
3235
3236
3237
3238
3239
3240
3241
3242
3244
3245
3246
3247
3248
3249
3250
3251
3254
3256
3257
3258
3259
3260
3262
3264
3267
3268
3269
3270
5583
3272
3273
3274
3275
3277
3278
3280
3286
3287
3289
3292
3293
3295
3296
3297
3298
3299
3300
3558
3301
4887
3305
3306
3311
3313
3314
3316
3320
3322
3325
3326
3327
3331
3332
3333
3334
3335
3336
3337
3339
3342
3345
3346
3355
3356
3357
3358
3360
3361
3364
3365
5963
3366
3367
3368
3370
3373
3374
3376
3377
3378
3381
3382
3383
3385
3386
3387
3388
3389
3391
3393
3394
3395
3396
3397
3398
3399
3400
3404
3405
3406
3407
3408
3410
3411
3412
3417
3413
3414
3415
3418
3419
3420
3422
3424
3425
3426
3428
3430
3433
3436
3437
3438
3439
3440
3441
3443
3445
3447
3450
3452
3453
3454
3455
3457
3458
3459
3460
3463
3464
3466
3468
3469
3471
3472
4040
3743
3903
3480
3481
3483
3485
3486
3487
3488
3489
3494
3496
3501
3502
3506
3507
3508
3509
3513
3514
3518
3519
3520
3521
3524
3528
3529
3530
3531
3534
3535
3540
3541
3542
3543
6211
3544
3547
3550
3553
3555
3556
3561
3562
3563
3564
3565
3566
3568
3571
3577
3580
3581
3582
3585
3586
3590
3591
3592
3593
3594
3595
3596
3597
3599
3600
3601
3639
3604
3605
3607
3612
3614
3622
3623
3624
3626
3627
3629
3634
3637
3638
3641
3642
3650
3652
3657
3659
3660
3662
3665
3666
3667
3668
3670
3673
3682
3683
3684
3687
3688
3689
3690
3691
3693
3695
3696
3704
3705
3710
3712
3714
3717
3718
3720
3721
3729
3732
3735
3736
3738
3739
3741
3752
3753
3754
3755
3759
3761
3762
3764
3765
3766
4283
3769
3771
3775
3778
3780
3783
3786
3787
3791
3793
3794
3875
3795
3796
3798
3802
3805
3809
3813
3818
3819
3828
3833
3834
3835
3836
3838
3839
3842
3846
3850
3854
3855
3856
3860
3864
3869
3870
3871
3873
3876
3879
3881
5049
3883
3890
3891
3900
3904
3906
3912
3914
3915
3916
3920
3921
3922
3923
3925
3933
3937
3938
3940
3946
3948
3950
3951
3953
3955
3963
3965
6826
3967
3971
3973
4500
3974
3977
3980
3982
3983
3985
3986
3987
3988
3989
3991
3993
3994
3996
3997
3999
4001
4006
4007
4008
4009
4010
4011
4012
4014
4016
4019
4020
4022
4025
4029
4030
4031
4032
4033
4035
4037
4039
4145
4046
4041
4042
4043
4044
4045
4047
4048
4049
4050
4052
4053
4057
4065
4073
4302
4077
4090
4104
4109
4116
4119
4133
4137
4141
4146
4152
4158
4159
4167
4171
4175
4179
4185
4186
4189
4194
4196
4202
4210
4211
4212
4214
4217
4220
4221
4224
4236
4241
4242
4243
4244
4245
4253
4254
4255
4259
4260
4262
4265
4267
4268
4269
4270
4280
4282
4285
4288
4289
4292
4295
4300
4301
4304
4305
4307
4311
4312
4313
4316
4319
4322
4332
4333
4339
4343
4351
4352
4360
4362
4368
4371
4372
4374
4378
4380
4384
4385
4391
4394
4395
4399
4401
4402
4405
4406
4407
4409
4414
5149
4426
4428
4431
4436
4439
4440
4443
4445
4447
4450
4453
4454
4455
4456
4457
4462
4466
4467
4468
4469
4471
4472
4473
4475
4478
4479
4480
4481
4482
4483
4484
4485
4487
4490
4491
4492
4493
4495
4496
4502
4506
4509
4511
4512
4513
4519
4520
4522
4523
4525
4527
4532
4534
4536
4537
4542
4546
4548
4552
4554
4558
4561
4564
4566
4570
4575
4576
4578
4579
4580
4582
4583
4584
4590
4591
4592
4593
4595
4597
4598
4599
4600
4605
4601
4602
4603
4604
4606
4608
4609
4610
4611
4613
4614
4615
4617
4618
4620
4622
4623
4624
4625
4626
4627
4628
4630
4631
4637
4638
4639
4640
4645
4648
4649
4651
4652
4654
4655
4657
4658
4660
4661
4662
4665
4666
4667
5042
4669
4671
4673
4676
4678
4679
4681
4683
4684
4685
4686
4687
4688
4689
4690
4691
4695
4696
4698
4707
4709
4710
4712
4714
4718
4719
4723
4724
4728
4729
4738
4739
4743
4749
4753
4754
4757
4758
4759
4763
5085
4769
4773
4774
4776
4779
5482
4785
4786
4794
4797
4800
4801
4804
4806
4808
4811
4812
4813
4814
4815
4816
4818
4820
4822
4823
4825
4827
4828
4830
4839
4840
4842
4849
4852
4853
4855
4856
4858
4862
4864
4866
4867
4868
4876
4877
4879
4880
4885
4892
4896
4898
4899
4900
4904
4906
4909
4914
4918
4920
4927
4935
4936
4943
4945
4947
4959
4960
4961
4964
4971
4977
4988
4997
5002
5012
5013
5017
5018
5021
5022
5028
5033
5037
5040
5044
5045
5046
5048
5056
5057
5058
5062
5063
5064
5066
5070
5075
5077
5078
5082
5087
5088
5089
5090
5091
5092
5094
5095
5096
5099
5100
5103
5104
5105
5106
5107
5109
5110
5111
5112
5114
5115
5116
5117
5118
5119
5121
5124
5127
5128
5129
5131
5132
5139
5140
5546
5142
5143
5145
5146
5148
5150
5152
5153
5154
5155
5157
5158
5159
5160
5161
5162
5163
5164
5165
5166
5167
5168
5171
5173
5174
5178
5179
5180
5181
5183
5184
5186
5187
5189
5190
5191
5192
5194
5195
5197
5198
5199
5201
5202
5203
5204
5205
5206
5207
5208
5209
5210
5211
5213
5215
5216
5218
5219
5220
5221
5222
5224
5225
5226
5227
5230
5234
5235
5236
5238
5239
5240
5248
5249
5251
5254
5256
5258
5259
5260
5261
5264
5266
5267
5268
5271
5273
5275
5276
5282
5283
5284
5287
5289
5291
5292
5293
5294
5295
5296
5298
5299
5302
5304
5306
5308
5309
5310
5311
5312
5317
5320
5321
5324
5326
5327
5333
5339
5341
5344
5345
5347
5348
5350
5351
5352
5354
5356
5358
5359
5360
5361
5363
5365
5367
5371
5372
5373
5377
5378
5383
5387
5388
5389
5390
5391
5394
5397
5401
5402
5403
5404
5405
5407
5408
5411
5412
5413
5414
5415
5417
5418
5421
5422
5423
5424
5426
5427
5431
5432
5435
5441
5443
5444
5445
5448
5451
5452
5453
5454
5455
5457
5459
5461
5465
5467
5468
5475
5478
5483
5484
5485
5489
5494
5497
5498
5500
5502
5503
5505
5509
5513
5518
5522
5524
5527
5530
5533
5540
5542
5549
5550
5551
5555
5557
5558
5560
5561
5562
5563
5564
5566
5570
5571
5573
5574
5576
5577
5578
5581
5582
5585
5586
5587
5588
5591
5592
5594
5597
5598
5600
5602
5603
5604
5616
5617
5620
5623
5625
5626
5629
5631
5632
5636
5640
5642
5648
5660
5661
5663
5664
5669
5672
5674
5678
5683
5688
5689
5693
5696
5697
5698
5699
5700
5701
5702
5704
5712
5713
5714
5716
5717
5718
5719
5720
5721
5724
5726
5728
5730
5731
5732
5733
5734
5735
5737
5739
5742
5743
5746
5747
5748
5749
5753
5754
5756
5760
5761
5763
5764
5766
5767
5768
5769
5770
5771
5773
5774
5775
5778
5780
5782
5783
5784
5785
5786
5788
5791
5793
5797
5804
5808
5814
5815
5816
5817
5821
5829
5831
5834
5838
5839
5842
5844
5851
5855
5857
5858
5859
5861
5866
5874
5875
5876
5879
5885
5889
5895
5899
5900
5903
5905
5908
5910
5911
5916
5918
5923
5925
5927
5933
5936
5937
5940
5941
5942
5943
5947
5950
5952
5953
5958
5959
5960
5961
5967
5968
5969
5970
5971
5972
5974
5976
5977
5978
5984
5987
5988
5993
5999
6003
6004
6005
6006
6009
6012
6013
6014
6016
6018
6019
6020
6021
6022
6024
6027
6029
6031
6032
6033
6035
6036
6039
6040
6041
6042
6043
6046
6048
6049
6050
6051
6052
6053
6054
6055
6056
6057
6059
6066
6068
6081
6084
6086
6091
6095
6099
6102
6104
6105
6109
6110
6114
6121
6122
6123
6124
6126
6127
6128
6130
6131
6137
6138
6146
6148
6150
6151
6152
6202
6154
6156
6157
6158
6162
6163
6164
6165
6166
6167
6168
6170
6171
6172
6176
6178
6179
6182
6183
6185
6186
6194
6195
6200
6201
6203
6204
6209
6210
6212
6216
6218
6227
6228
6230
6232
6233
6234
6236
6237
6238
6239
6240
6242
6243
6245
6246
6248
6250
6256
6257
6258
6259
6262
6263
6264
6269
6270
6276
6278
6283
6284
6287
6289
6291
6293
6297
6301
6302
6303
6304
6307
6308
6309
6312
6313
6427
6317
6321
6323
6325
6327
6329
6330
6331
6332
6335
6336
6338
6339
6341
6342
6343
6344
6345
6346
6347
6348
6350
6351
6352
6353
6354
6355
6356
6357
6359
6360
6362
6363
6364
6365
6368
6369
6370
6371
6374
6375
6376
6381
6382
6384
6385
6386
6391
6392
6393
6395
6429
6455
6461
6464
6483
6486
6488
6490
6491
6493
6494
6495
6498
6499
6501
6507
6512
6516
6519
6523
6526
6529
6530
6534
6535
6541
6542
6544
6545
6555
6558
6561
6563
6565
6566
6568
6576
6580
6582
6592
6599
6605
6607
6608
6611
6612
6615
6619
6621
6622
6624
6625
6634
6638
6642
6643
6646
6647
6648
6650
6651
6654
6655
6656
6658
6662
6664
6666
6669
6680
6691
6695
6697
6701
6703
6704
6709
6713
6717
6719
6720
6721
6723
6726
6728
6729
6731
6732
6734
6740
6741
6742
6749
6750
6752
6755
6759
6760
6761
6762
6763
6765
6769
6770
6771
6774
6776
6778
6779
6781
6782
6783
6784
6787
6795
6796
6798
6799
6801
6803
6805
6809
6814
6817
6818
6824
6828
6829
6832
6833
6835
6842
6844
6845
6846
6853
6860
6861
6862
6865
6866
6871
6872
6873
6874
6875
6878
6882
6885
6887
6888
6890
6891
6892
6893
6894
6895
6897
6899
6900
6901
6902
6908
6917
6919
6920
6921
6925
6926
6927
6928
6929
6932
6934
6935
6936
6941
6946
6947
6951
6956
6968
6977
6982
6984
6990
6993
7000
7007
7014
7015
7016
7021
7022
7029
7031
7032
7034
7038
7039
7040
7041
7042
7045
7046
7047
7048
7050
7051
7056
7057
7059
7061
7062
7064
7066
