0
1
187
1348
829
7149
9
12
13
49
14
17
18
859
272
21
22
14716
14782
23
24
25
26
27
30
36
37
401
1478
38
39
40
41
42
334
43
48
52
86
228
3847
3503
57
1111
59
3298
61
5090
6310
12683
64
65
5164
66
67
68
69
72
73
74
77
96
10043
78
79
136
80
173
13700
81
82
84
85
87
88
90
97
1537
99
102
104
668
105
106
107
167
1520
1908
2036
12006
1471
108
110
111
113
116
119
120
121
122
124
126
127
130
131
20397
132
133
134
135
1380
137
138
139
140
141
142
143
144
147
6126
151
153
154
155
156
157
159
160
2506
25238
7231
4318
1639
2032
163
164
281
382
165
166
222
168
169
170
176
177
178
179
433
3370
2615
180
181
3865
184
185
186
189
190
191
9779
192
193
194
195
196
197
198
199
203
204
209
210
211
16268
212
213
215
216
219
317
223
226
227
229
230
232
1298
5873
233
241
244
9115
347
246
250
251
253
254
255
258
259
260
261
263
265
266
267
959
268
273
275
278
279
280
283
284
285
286
287
289
291
292
293
294
295
299
301
305
311
313
4229
3814
11338
811
13854
14021
314
316
318
319
323
325
461
326
329
330
332
336
339
340
343
345
346
6504
349
350
797
354
2588
355
356
357
361
2069
362
365
366
367
369
370
371
5812
372
423
374
377
5665
383
9248
388
389
391
392
393
395
397
398
10252
399
400
3652
402
403
407
435
410
483
411
7767
420
421
422
424
425
429
432
438
439
440
447
458
451
452
453
454
455
457
2897
460
527
464
465
468
469
472
475
479
480
3760
484
1013
486
488
495
501
504
505
508
509
511
519
521
12736
523
524
526
531
533
540
2518
542
544
551
552
553
557
559
560
11059
1276
561
562
563
13231
564
565
11889
4997
567
568
570
1490
573
574
575
578
9821
579
580
583
584
788
586
587
591
592
599
601
602
604
1124
1062
606
608
609
614
2566
617
623
625
627
629
635
13426
3159
637
638
15988
639
642
646
648
15664
649
5935
650
651
652
654
655
657
658
659
660
663
13574
13320
1225
23503
16785
4630
762
667
7472
669
676
2137
677
678
3094
679
680
682
19493
685
687
688
690
693
696
4886
700
701
702
8410
8537
703
704
705
3349
706
5828
715
20213
7963
709
712
716
717
720
721
722
724
725
726
728
729
730
731
5635
732
6094
733
15936
1491
735
737
741
742
743
744
746
747
748
9593
750
756
759
760
761
864
3519
765
767
768
795
772
12570
773
775
784
786
787
4705
12645
789
2539
796
801
803
804
3666
807
17751
808
810
814
818
13557
10118
821
822
827
828
830
831
834
836
837
838
839
841
843
844
846
847
6691
11485
848
849
850
852
853
854
856
858
14548
860
1668
17744
2261
861
862
1267
863
865
866
869
870
871
875
877
878
879
202
880
881
882
884
886
888
890
893
895
896
897
901
903
904
905
906
907
3509
908
909
910
911
913
914
915
916
918
919
920
923
927
930
931
932
933
15740
934
935
937
939
940
943
944
945
946
947
948
950
951
953
954
3991
4766
955
956
957
4266
19532
9816
4315
958
21101
960
961
962
963
966
968
970
971
972
975
977
979
980
981
984
985
987
988
989
990
991
992
994
996
998
1000
1001
1002
1007
1008
1009
1010
1012
1014
1016
1017
1018
1019
1020
1022
1024
1269
1025
1026
2412
1028
8980
3348
1029
1030
1031
1032
1033
1786
1034
1038
1039
1041
1042
1043
1044
1045
1047
1050
1053
1054
1056
1059
1060
1063
1065
1066
1067
1069
1074
1076
1077
1078
1079
6920
3725
17325
4306
1081
1082
1085
1086
1087
4212
5725
1088
1089
1090
1091
1093
1094
1095
1103
1104
1105
1107
1108
1109
1110
2575
1114
1117
1987
15546
1118
1119
11190
1123
1125
1127
1129
1131
1136
6880
5332
1138
1145
1146
1148
1149
5325
1151
1152
1153
3589
1154
9681
1157
1158
1159
1163
1164
1166
2555
1167
1168
1169
1170
1171
1173
1174
1175
1177
1179
1180
1181
1183
1184
1186
1187
1188
1190
1191
1194
1195
1196
1197
1199
1201
1202
1203
1205
1206
1208
1209
1210
1212
1213
1217
1219
1220
1221
1224
1228
1229
1235
1239
1240
1241
2072
1243
1246
1247
1250
7350
1253
1256
1257
1259
1260
21689
1262
1263
1264
1698
7909
1318
5005
1619
10132
5817
10309
1268
1271
1272
1275
1278
7408
1279
1280
1282
1283
1284
1286
1287
1291
3893
1293
1294
1295
1297
4155
4220
1300
1301
1304
1305
1306
1309
1310
1311
1315
1317
1319
1321
1324
1325
1326
1327
6388
8005
1328
1333
1337
1339
24283
1341
1344
1345
1347
1352
1356
1357
1360
1361
1363
1365
1366
1367
1368
1369
1370
1371
1373
1374
1379
1381
1382
1385
1386
4853
1388
1389
1390
1391
1393
1395
1397
1398
1399
1401
1402
1403
1405
1407
1410
1413
1414
1415
1417
1420
1421
1422
1423
1424
1426
1429
1430
1436
1439
1440
1442
1858
5318
1443
1445
1451
1455
1458
1459
13148
1461
2161
1462
1463
1466
1468
1469
1472
1476
1477
1481
1485
1486
1487
1488
1489
3021
15388
1493
1495
1496
1497
1499
1500
1501
1502
1505
1511
1515
1517
10647
1522
1523
1528
1531
1532
1533
1535
1536
1538
1549
1543
1545
1546
1547
1552
1553
21356
2865
1554
1555
10477
1556
1557
1558
1559
1920
1561
1564
1565
1566
1568
1569
1570
1571
1573
1576
1577
1578
1579
1580
1582
1583
1585
1587
1588
1589
1590
14451
1591
1592
1593
1598
1602
12832
15618
7570
5433
1605
1607
1609
1610
1611
1614
1616
1617
1618
1620
1622
1624
1625
1626
1628
1629
1630
1631
1633
1635
1636
1637
1638
1640
1641
1642
1643
1647
13193
13071
4851
8894
1649
1650
1651
1653
1654
1656
1657
1658
1659
1660
1661
1662
1663
1664
1665
1666
15937
3254
1669
1670
1673
1675
1676
1677
1679
1683
1685
1686
1688
1692
1693
1694
1695
1696
1697
16648
10124
11471
1700
1701
1702
1703
1704
1705
1709
1710
1711
1712
1713
1715
9190
1716
1717
1718
1719
1720
1721
1723
1724
1725
1726
1727
1728
1729
1730
1731
1732
1735
1736
1737
1740
3424
1742
18643
1744
1746
1747
1748
1749
1751
1755
1756
1759
1768
1773
1774
1777
1782
1783
1789
1790
1791
1800
1805
1807
7140
1809
1811
1814
1816
1817
1819
1820
1826
1831
1832
11216
1834
1835
1836
1838
1840
1841
1842
1844
1845
4251
1846
3076
714
4925
1847
1849
1851
1852
1853
1857
1859
1861
2494
1862
1863
1864
1866
1868
1869
1870
1871
1872
1873
1916
1874
1877
1878
1879
1880
1881
1882
1883
1888
1890
1891
1893
1895
1897
1898
1899
1900
1904
1905
1906
1907
6899
1909
1910
1912
1913
1914
1918
1919
1921
1923
1924
1925
1926
1927
1928
1929
1930
1931
1932
1933
1935
1936
1937
1939
1940
1941
1942
1943
20781
1948
1949
6528
1951
1952
1955
1956
1958
1960
1961
1962
1963
1964
1965
1966
1967
1968
1969
1970
1971
1972
1975
1980
1981
1982
1983
1984
1985
1986
1988
1989
2000
1990
1992
1993
17619
1994
1995
1996
1997
1998
1999
2001
2002
2003
2004
2005
2006
2007
2008
2012
2013
2014
2016
2018
2020
2021
2023
2024
2025
2026
2027
2028
2030
2033
2034
14628
2035
2038
2039
2040
2041
2042
2043
2044
2045
2046
2047
2048
2049
2051
2052
2053
2054
2056
2057
2060
2061
13382
2062
2064
2068
9780
4765
2074
2075
2076
2077
2078
2079
2080
2081
2083
2084
2086
2088
2089
2091
2092
2094
2095
2096
2097
2098
2099
2100
2102
2103
2105
2106
2107
2109
2110
2111
2112
2113
2114
2115
2116
2117
2119
2120
2122
16160
20299
19223
2123
2124
2125
2126
2127
2128
2129
2131
2132
2133
2134
2135
2136
5483
11430
2138
14658
20268
2139
2140
2141
2142
2143
2145
2146
2149
2150
2151
2152
2153
2155
2158
2159
2160
2162
2164
2165
2166
2167
2168
2170
2171
2172
2174
2176
2177
2178
2179
2180
2181
2182
2184
2186
2187
2189
2190
7189
2191
2192
2193
2194
2195
2196
2197
2198
2199
2200
12906
2362
2201
2202
2203
2204
2205
2206
2207
2210
2211
2212
2213
2215
2217
19723
10508
2218
2219
2221
2222
2223
8614
2224
2226
2227
2228
2229
2230
2232
2233
2235
2236
2237
2238
2239
2240
2242
2243
2244
2245
2246
2247
2248
2249
2250
2251
2252
2254
2255
8624
2256
2257
2259
2260
2262
2263
2264
2265
2266
2268
2271
7683
2272
2273
2274
2277
2278
2279
2280
2282
2283
2284
2285
2286
2287
2288
2289
2290
2291
2292
2294
2295
2297
2299
2300
2301
2302
2303
2304
2306
2308
2309
2310
2311
2312
2313
2315
2318
2319
2320
5682
2321
2322
2323
2324
2326
2327
2328
2329
2333
2334
2335
2336
15201
2337
2339
2340
2341
2342
2344
2346
2347
2348
2970
2350
2351
2352
2353
2354
2356
2357
2359
2360
2361
2363
2365
2366
2367
2369
2370
2372
2373
2374
2375
2376
2378
2380
2381
2382
2383
14115
2384
2385
2386
2387
2391
2392
2394
2398
2400
2401
2404
2407
2408
2409
2410
2411
2413
2414
2415
2416
2419
2420
2421
2422
2423
2424
2425
2426
2427
2428
4107
2429
2431
2432
2433
2436
2438
2442
2443
2444
2445
2446
2447
2448
2450
2452
2453
2454
2456
2457
2458
2459
2461
2469
2471
2472
2475
2476
2477
2478
2479
2480
2482
2483
2485
23411
2487
2488
2490
2491
2492
2493
12403
2495
2496
3405
2498
2499
2502
2503
2504
2505
2508
2509
2510
2511
2512
2517
2520
2522
2523
2524
2527
7719
2528
2529
2530
2533
2534
2535
2537
11326
2540
16782
16406
4327
2543
2544
2545
2547
2548
2550
2551
2552
2554
2557
2559
2560
3488
2561
2562
2563
2564
2565
15939
2567
16636
2568
2569
11771
2570
2571
7887
2572
2573
2980
2576
2579
2582
2583
2585
2586
2589
2590
5068
2591
2595
2596
2597
2598
2599
2602
2603
2604
2605
2606
2609
2610
2612
2613
2614
2616
2618
2619
2623
2624
2627
2629
2630
2631
2632
2634
2635
7108
2637
2638
2639
2642
2643
2644
2645
4848
2646
2647
2648
2652
2655
2656
2657
2663
2664
2666
2667
2669
2673
2675
2677
2678
2679
2680
2681
2682
2684
2685
2688
2689
2690
2692
2693
2694
2696
2698
2701
3129
2702
2703
2704
2707
2708
2711
2713
2714
2716
6914
2719
2721
2723
2724
2726
2727
2728
2729
2731
2732
2733
2734
2735
2736
2739
2740
2741
2745
2747
2748
2749
2750
2751
2752
2754
2755
2757
2760
2762
2763
2764
2766
2767
2773
2775
2778
2780
2781
2783
2784
2785
2786
2787
2788
2789
2790
2791
2793
2794
2796
2798
2799
2800
2802
2803
2804
2805
2806
6676
2807
2808
2809
2810
2812
13958
2813
2814
2816
2817
2818
2819
13916
2820
2821
4963
2822
2823
2824
2825
2830
2832
2833
2834
2836
2838
2839
2841
2843
2845
2846
2847
2850
2851
2855
2856
2858
2859
2860
2861
2863
2864
2866
2867
2869
2870
2873
2875
2877
2878
2879
2880
2881
2882
2883
2884
2885
2886
2889
2892
2895
2896
2898
2899
2900
2902
2905
2906
2908
2909
2911
9772
16376
2912
17938
2913
2915
2916
2918
2920
2923
2927
10313
2929
2930
2931
2934
2935
2939
2940
2941
2944
2946
2947
2948
2949
2950
2951
2952
2953
2954
2958
3249
3250
2959
10596
7637
2960
2961
2966
2967
2968
2969
2971
2972
2973
2974
2976
2978
2979
2981
2983
2984
2985
2986
2987
2989
2992
2993
2994
2995
2997
2998
2999
3001
3002
3003
3004
3005
3008
3009
3010
3011
3012
3014
3015
3016
3017
3022
3023
3027
3029
3032
21617
3033
3035
3036
3037
3038
3046
3047
3048
3266
3051
3052
3053
3055
3057
3058
3061
3064
3067
3068
3070
3071
3072
3073
4265
3074
3090
15812
3075
3077
4973
3078
3079
3080
3081
3082
3084
3085
3086
3088
3089
3092
3093
3095
3096
3098
3100
3102
3104
3105
3106
3107
3108
3113
3115
3116
3117
3118
3119
3120
3121
3122
3126
3127
3131
3132
3133
3134
3135
3136
3137
3139
3142
3151
3152
3153
3157
3158
14788
3160
3163
3166
3167
3168
3169
3170
15668
3175
3177
3181
3182
3183
3184
3185
3186
3188
3189
3190
3193
3196
3198
3200
3203
3204
3205
3206
3208
3209
3210
3211
3212
3213
3214
3218
3219
3220
3221
3222
3223
3224
3225
3227
3228
3229
3232
3233
3234
3235
3236
3237
3238
3242
3243
3244
3245
3246
3247
3728
3253
3255
3258
3259
3265
19221
3267
3271
3272
3273
3275
3277
3278
3280
3283
3285
3288
3291
3292
3293
3294
3295
3296
3297
3299
3300
3301
3302
3303
3304
3305
3306
3310
3311
3312
3315
3316
3317
3319
3320
3322
3325
3326
3327
26027
3330
3331
3332
3333
3334
3337
3338
3343
3344
3345
3346
3347
3352
3353
3354
3355
3357
3358
3359
3363
3364
3365
3366
3369
3371
3372
3373
3374
3375
3377
3378
3379
3380
3381
3382
3383
16581
13531
3386
3387
3388
3391
3392
3394
3396
3399
3400
3401
3402
3403
3404
3407
3409
3410
3413
3414
15525
3415
3416
3418
3423
3427
3428
3429
3430
3431
3432
3434
3436
3439
3440
3441
3442
3443
3446
3453
3454
3457
3458
3461
3462
8590
3464
3465
3466
3467
3468
3469
3471
3472
3473
3475
3476
3479
3481
13006
3485
3486
3487
3490
3491
3493
3494
3497
3500
3501
3506
3507
3508
3510
7895
3513
3514
3516
3517
3522
3523
3526
3527
3529
3531
3532
3533
3535
3536
3537
3539
3541
3543
3547
3549
3557
3559
3560
3563
3564
3565
3566
3567
3568
3570
3572
3573
3575
3577
3578
3579
3585
3586
3587
3588
3590
3591
3592
3594
3595
3596
3597
3599
3601
9279
3603
3604
3606
9463
3607
3608
3610
3611
3613
3615
3616
3621
3622
3624
3625
3626
3630
3632
3633
3634
3636
3642
3643
3646
3982
3651
6088
3653
3657
3660
3661
3664
3665
3672
3675
3677
3680
3682
3684
3687
3691
3693
3697
3704
3706
3709
3710
3712
3715
3716
3718
3722
3723
3724
15327
15919
3727
3729
3730
3733
3737
3742
3746
3747
3748
5863
3751
3752
3754
3765
3767
3775
3776
3779
3781
5996
3782
3783
3784
3795
3799
3801
3804
11789
3805
3807
3808
3809
3810
3811
3812
3819
3820
3822
3827
3828
3829
3830
3831
3834
3835
3839
3841
3842
3846
3849
3850
3852
3854
3855
3858
3860
3862
3863
3868
3869
3870
3871
3873
3877
3879
3882
3883
3887
3889
3890
3892
3894
3895
3897
3903
3905
3906
3907
3908
3909
3910
3912
3915
3916
3917
3920
3922
3923
3924
3927
3932
3933
3937
3941
3942
3943
3944
3947
3948
3949
3950
3961
10533
21142
18711
3969
3972
3974
3977
3980
3983
3985
3986
3989
3990
3994
3997
5765
3999
4001
4002
4004
4009
4010
4011
4012
4015
4017
4023
4025
4026
4027
4030
4034
4035
4044
4045
4048
4049
4062
4063
4069
4070
4071
4072
4075
4076
22174
4077
4083
4084
4085
4086
4087
4088
4093
4094
4095
4096
4098
4100
4101
4102
4104
4108
4110
4113
4115
4120
4122
4123
4128
4130
4132
13082
4135
4136
4138
4142
4145
4147
4150
4151
4154
15041
4162
4163
4166
4167
4168
4174
4176
4178
4182
4183
4185
4186
4189
4192
4193
4196
7640
4197
4199
4201
4203
4204
4205
4208
4209
20716
4210
4211
6883
4215
4218
4223
4224
7979
5702
14069
4230
4241
4235
4238
4239
4240
4242
4246
4250
4252
4253
4254
4258
4259
4263
4264
5383
4268
4271
4272
4274
4275
4278
4279
4280
4281
4283
19587
4284
4285
4286
4291
4292
4293
4295
4300
4301
4303
4305
4308
4311
4312
4313
10274
4319
4323
4328
4331
4342
4343
4351
4352
4354
4355
4356
4360
4361
4363
4365
4366
4367
4369
4371
4374
4375
4376
4378
4383
4386
4388
4389
4394
4397
4398
4400
4403
4404
4406
4407
4410
4412
4415
4417
4419
4423
4425
4426
4427
4432
4437
4438
4440
4446
4448
4449
4450
4451
4452
4453
4457
4458
4460
4463
4464
4466
4474
4476
4479
4481
4483
4485
4486
5715
4487
4488
4489
11741
4493
4494
4501
4503
4507
4508
4512
4514
4515
4516
4519
4520
4522
4525
4526
4528
4531
4539
4542
4545
4546
4552
4560
4564
4565
4566
4574
4575
4576
4578
4580
20506
4587
4588
4591
4593
4596
4597
4598
4599
4602
4604
4610
4613
4616
4618
4619
4620
4624
4626
4629
4633
4634
4638
4641
4642
4644
4645
4646
4647
4649
4650
4651
4652
4656
4657
4658
4659
4660
4662
4664
11365
4665
4666
4668
4670
4671
4675
4676
4679
4680
4681
4683
4685
4686
4687
4689
4690
4691
4693
4699
4702
4703
4704
15889
4707
16114
4712
4713
4714
4715
4716
4718
4720
4721
4722
4723
4726
4728
4729
4730
4736
4737
4738
12774
4747
4748
4751
4752
19012
14298
4759
4763
4769
4774
4775
4776
4777
4778
4779
4780
4781
4783
6386
4785
4786
4789
4794
4795
4798
4799
4800
4802
4803
4804
4806
4807
4812
4813
15861
4815
4816
4817
4819
4824
4828
4829
4833
4834
4836
4837
4838
4839
4841
4844
4845
4846
4847
14105
4849
4850
4852
4942
4854
4855
4921
4856
4860
4861
4862
4864
4868
4869
4871
1815
4872
4873
4878
4879
4880
4881
4883
4885
4887
4891
4892
4893
4894
4896
4898
4901
4904
4905
4906
4908
4909
4910
4913
4914
4915
4918
4920
4924
4926
4931
4934
4935
4941
4943
4946
4949
4951
4955
4956
4957
4958
4961
4962
4964
4965
4966
4967
4971
4972
4979
4985
4990
4993
4994
4995
16638
4996
4999
5000
5001
5002
5006
5007
5008
5017
5019
6905
5023
5025
5027
5030
5031
5033
5034
26024
5035
5038
5041
5042
5044
5048
5051
5063
5065
5066
5069
5070
5072
5075
5077
5080
5081
5082
5085
5086
5089
5092
5093
5098
5102
5103
5104
5105
5113
5114
5115
5116
5118
5120
5121
5124
5128
5129
5132
5134
23418
5764
5137
5141
5142
5143
5146
5148
5150
5151
5153
5154
10389
5162
5170
5172
5173
5175
5177
5178
5179
5180
5183
5185
16383
5187
5197
5198
5200
5202
5206
5208
5211
5215
5218
5221
5223
5226
5227
5236
5237
11468
5238
5245
5248
5250
5252
5254
5259
5261
5904
5266
5267
5271
5275
5276
5277
5279
5280
5281
5287
5288
5291
5295
5297
5300
5302
5306
5309
5310
5312
5315
5319
5322
5326
5327
5330
5333
5334
5335
5339
5341
5343
5345
12607
5346
5348
5349
5350
5353
5356
5364
5365
5368
5369
5372
5373
5376
5378
5382
5384
20922
5391
5392
5393
5395
5399
5407
5409
5410
17544
5411
5413
5414
5417
5422
11838
5427
5430
5431
5432
5434
5435
5438
5439
5444
5446
19645
16183
20477
5447
5449
5452
5453
19750
7287
5456
5457
5459
5460
5461
5464
5466
5468
5469
5473
5474
5476
5477
5478
5479
5484
5486
5487
5490
5492
5493
5494
5500
5501
5502
5505
5506
5507
5508
5509
5510
5516
5517
5518
5520
5522
5523
5524
5525
5526
5527
5528
5529
5530
5533
5535
13594
22557
5538
5539
5540
5548
5551
5552
5553
5554
5555
5556
5557
5558
5559
5560
5563
5564
5566
5567
5568
5569
5570
5571
5575
5576
5577
5578
5583
5586
5588
5593
5594
5596
5599
5600
5601
5603
5605
5611
5613
5615
5618
5619
5620
5621
5622
5623
5627
5628
5630
5631
5633
5634
5640
5641
5643
5646
5647
5650
5658
5661
5664
5668
5672
5675
5676
5677
5680
5681
5684
5689
5690
5694
5696
5698
5705
5707
10481
5708
5709
5712
5713
5714
5717
5718
5720
5723
5724
5726
5730
5733
5734
5735
5736
5737
5740
5741
5742
5745
5747
5748
5749
5750
5752
5754
5757
5759
5760
5761
5762
5766
5772
5773
5776
5780
5783
5784
5785
5787
5788
5790
5793
5796
5799
5800
16664
5801
5802
5804
5805
5806
5809
5814
5816
5820
5821
5830
5832
5833
5837
5838
5840
5841
5842
5843
5844
5845
5848
5849
5850
5853
5855
5858
5860
5862
5864
5867
5868
5870
5871
5879
5881
5882
5883
5886
5889
5891
5895
5898
5905
5906
5909
5911
5912
5914
5915
5916
5917
5918
5920
5921
5923
5924
5925
5928
5929
5930
5932
5933
5934
5936
5944
5948
5949
5955
5956
5959
5960
5961
5962
5964
8607
5966
5971
5973
5976
5980
5984
5985
5986
5987
5988
5991
5998
5999
6000
6004
6006
6008
6009
6010
6011
6012
6016
6019
6020
6021
6024
16298
6026
6029
6032
16710
6033
6037
6038
6042
6045
6048
6050
6052
6054
6059
6061
6066
6071
6074
6075
6077
6078
6081
6086
6087
6089
6091
6093
6096
6102
6103
6104
6111
6115
6119
6120
6121
6122
6127
6130
6131
6135
6139
6140
6142
6145
6148
6151
6152
6153
6162
6163
6164
6166
6168
6173
6175
6176
6177
6179
9431
6181
6187
6188
6190
6196
6198
6200
6203
6207
6213
6214
6215
6216
6217
6219
6228
8451
6235
6236
6238
8770
6240
6241
6248
6249
6250
6252
6255
6256
6259
6262
6264
6265
6266
6271
6272
6275
6281
6287
6289
6296
6297
6299
6300
6304
6305
6306
9833
6307
6308
6311
6314
6315
6321
6331
6343
6345
6346
6348
6350
6352
6356
6363
6365
6368
6372
6373
6374
6377
6378
6381
6384
6385
6387
6392
6393
6395
6398
6405
6406
6407
6408
6411
6413
6414
6418
6423
6424
6425
6426
6428
6429
6430
6431
6432
6433
6434
6438
6439
6440
6447
6449
6458
6460
6461
6463
6465
6466
6468
6470
6475
6476
6478
6480
6482
6484
6485
6488
6489
6491
6494
6496
6497
6500
6501
6502
6503
6506
6508
6509
6510
6511
6512
6513
6514
6518
6519
6520
6521
6524
6525
6526
6530
6531
6533
6534
6535
6536
6538
6539
6540
6995
6541
6542
6543
6544
6546
6547
6548
6552
6553
6554
6556
6557
6558
6560
6563
6564
6566
6571
6572
6575
6581
6582
6584
6586
6589
6590
6591
6593
6594
6595
6602
6604
6605
6606
6607
6608
6612
6616
6617
6619
6620
6621
6622
6623
6626
6627
6652
6628
6630
6632
6636
6638
6639
6643
6644
6645
6648
6649
6650
6651
6653
6654
6655
6656
6657
6983
6658
6660
6661
6662
6663
6668
6670
6671
6674
6677
6679
6682
6683
6688
6690
6693
6696
6698
6699
6700
6702
6703
6704
6708
6712
6713
6714
6715
6717
6718
6720
6724
6727
6728
6730
6733
6736
6737
6738
6740
6741
6742
6743
6745
6746
6747
6750
6751
6753
6754
6755
6758
6759
6760
6762
6767
6768
6769
6770
6771
6773
6774
6775
6776
6777
6778
6781
6782
6784
6787
6788
6790
6793
6794
6796
6798
6799
6802
6803
6805
6811
6814
6816
6817
6819
6821
6824
6825
6827
6829
6830
6832
6834
6835
6836
6837
6838
6839
6841
6842
6843
6844
6846
6848
8081
6850
6853
6854
6855
23865
6859
6860
6862
6863
6864
6866
6867
6868
6869
6872
6873
6875
6876
6878
6879
6881
6882
6884
6886
6887
6889
6890
6891
6893
6894
6895
6896
6902
6903
6904
14912
6906
6907
6909
6910
6911
6912
6917
6918
6919
6921
6922
6923
6924
6927
6929
6930
6931
6932
6933
6937
13763
6939
6940
6941
6943
6945
6946
6949
6953
6955
6956
6958
6959
6960
6961
6962
6964
6965
6967
6968
6970
6972
6975
6978
6979
18937
22442
6980
6981
6982
6985
6986
6987
6988
6989
6990
6991
6992
7001
7003
7006
7010
7011
7012
7016
7020
7021
7028
7030
7048
7050
7051
7597
7052
11864
7054
7055
7067
13372
7068
7071
7072
7074
7078
7080
7081
7084
7085
7087
7088
7089
7097
7098
7099
7103
7109
7113
7114
7116
7117
7118
7567
7120
7122
13183
7124
7128
7129
7130
7132
7133
7135
17584
7137
7138
14514
7141
7143
7146
7148
7158
7159
7160
7167
7169
7171
7176
7178
7179
7180
7184
7186
7190
7198
7199
7200
7203
7204
7208
7211
7212
7213
7214
7218
7220
7223
7226
7232
7234
7235
7236
7238
7241
7249
7250
7252
7254
7259
7260
7266
7268
7270
7275
7277
7278
7280
13118
7281
7282
7283
7284
7285
7291
7292
7293
7295
7296
7301
7305
7307
7312
7315
7318
7321
7323
7326
7329
7330
7331
7332
7334
7340
16978
19302
7341
7344
7349
7351
7352
7353
7356
7357
8096
7359
7361
7363
7364
7366
7374
7376
7378
7381
7384
7385
7386
7388
7391
7393
7397
7398
12495
7399
7402
7403
7404
7406
7410
7413
7414
7415
7416
7417
7421
7422
7423
7424
13209
7426
7428
7434
7438
7439
7445
7446
7448
7452
7455
7456
7457
7462
7465
7467
7469
7471
7475
7477
7478
7481
7483
7485
7486
7490
7491
7494
7495
7498
7499
7500
7504
7506
7507
7508
7509
7510
7511
7513
7516
7518
7519
7520
7521
7522
7523
20228
7524
7526
7527
7529
7531
7534
7535
7537
7540
7542
7543
7544
7545
7546
7551
7552
7557
7561
18031
7573
11246
7576
7577
7578
7580
7581
7582
7583
7584
7587
9078
8634
7592
7593
7594
7598
20222
7599
7600
7604
7606
7608
7611
7613
7615
7616
7619
7620
7621
7626
7627
10194
7629
7630
18887
7631
7634
7635
7638
7643
7645
7648
7652
7654
7657
7661
7665
7666
7670
7671
7672
7673
7675
7676
7677
7678
7679
10166
7681
7682
7685
7686
7687
7689
7690
7691
7692
16039
7695
7699
7700
7706
7710
7711
7712
7715
7716
7720
7725
7726
7727
7732
7733
7736
7739
7740
7741
7742
7744
7745
7746
7747
7750
7755
7756
7757
7763
7766
7771
7773
7774
7775
7779
7784
7785
7787
9920
7789
7790
7792
7796
7802
7803
7805
7806
7809
7811
7813
7816
7827
7817
7821
7824
8616
7826
7828
7831
7832
7834
7837
7838
7839
7844
7845
7848
7850
7852
7853
12418
8463
7857
7858
7860
7861
7862
7863
7867
7868
7869
7873
7874
7875
7876
7878
7880
7883
7886
14276
7892
7897
7902
7905
7906
7910
7912
7915
7917
7920
7923
16148
7928
7929
7930
7931
7932
7934
7937
7940
7944
7946
7947
7948
7949
7950
7954
7955
7956
7958
7959
7960
18008
7962
7965
7967
7969
7971
7975
15469
7976
7977
20423
7996
7998
7999
8000
8002
8006
8008
8012
8014
8017
8021
8022
8026
8029
8033
17066
16938
8035
8038
8039
8042
8044
8047
8050
8060
8061
8062
8068
8069
8082
8088
8098
8099
8101
8104
8105
8108
8109
8113
8115
8116
8130
8132
8137
8139
8141
8147
8152
8178
8179
8186
8196
8200
8210
8211
8213
8226
8259
8261
8262
8273
8285
8290
8328
8329
8365
8398
8416
8419
8420
8436
8440
8449
8460
8470
8473
8503
8517
8522
8526
8529
8535
8536
8538
8540
8541
8543
8550
8553
8557
8563
8566
8571
8577
8586
8593
14270
8597
8600
8606
10185
8609
8612
8627
8628
8636
8638
8639
8640
8641
8642
8645
8653
8657
8658
8663
8664
8668
8679
8683
8696
8701
8708
8711
8714
8717
8727
8728
8734
8736
8739
8743
8745
8747
8748
8751
8752
8762
8763
8764
8768
8773
8777
8778
8780
8785
8786
8792
16899
8797
8799
8801
8810
8815
8816
8819
8821
8822
8824
8825
8827
8830
8836
8837
8839
8840
8842
8844
8845
8847
8851
8862
8869
8874
8881
8883
8884
8896
8900
8903
8911
8918
8919
8929
8935
9588
8937
8938
15557
8940
8941
8944
8945
8947
8950
8955
16037
8963
8965
8967
8970
8971
8972
16490
8974
8976
8978
8984
8988
16736
8993
8997
9003
9015
9018
9020
9021
9022
9026
9028
9029
17445
9036
9695
9040
9043
9046
9049
9053
9061
9064
9069
9076
9084
9089
9096
9097
9098
9100
9101
9104
9108
9110
9112
9113
16048
9114
9116
9122
9127
9132
9133
9137
9141
9146
9147
9148
9153
9162
9165
9166
9168
9170
9171
9175
9179
9181
9182
9183
9189
13844
9191
9195
9199
9203
9206
9207
9209
9210
9211
9212
9216
9218
9223
9224
9225
9226
9229
9235
9240
16486
9244
9245
9251
20256
9907
16791
9253
9255
9258
9263
9264
9266
9267
9274
9277
9278
9283
9288
9291
9296
9298
9299
9300
9313
9319
9320
9324
9325
9326
9327
9328
9331
9336
9337
9340
9341
9342
9345
9349
9351
9352
9354
9357
9363
9371
9372
12859
9373
9374
9376
11946
9377
9378
9379
9390
9392
9393
9398
9404
9408
9412
9418
9420
9424
9426
9434
9436
9437
9445
9450
9451
9452
9453
9455
9457
9460
9465
9472
9477
9478
9487
9496
9498
9504
9506
9512
9513
9514
9526
9528
9531
9532
9540
9541
9544
16235
9551
9555
9558
9562
9566
9570
9572
9576
9580
9585
9589
9590
9591
9592
14777
9611
9617
9635
9639
9646
9652
9663
9664
9778
9670
9675
12349
9682
9684
9686
9691
9693
9694
9696
9702
9708
9709
9722
21027
9723
9730
9733
9737
9738
9739
9741
9744
9751
9752
9755
9757
9758
9759
9760
9762
9764
9774
10504
10028
9781
9792
9801
9806
9807
9812
9815
9818
9819
9820
9823
9825
9829
9839
9843
9848
9853
9855
9856
9859
9860
9867
9868
10058
9878
9880
9889
9900
9916
9917
9918
9921
9943
9946
9949
9953
9956
9958
9962
9963
9976
9977
9983
9989
9990
9991
9992
9997
22499
10002
10008
10015
10025
10026
10032
10040
10042
16176
10044
10048
10049
10052
10054
10055
10062
10063
10064
14316
10065
10066
10071
10073
10076
10077
10079
10080
10081
10085
10086
11717
10087
10091
10092
10093
10095
10100
10101
10102
10103
10104
10105
10106
10107
10109
10113
10114
10115
10116
10117
10119
10121
10122
10123
10126
10127
10130
10137
10138
10141
10143
10144
10147
10148
10149
10150
10151
10155
10156
10157
10167
10168
10169
10172
17208
10175
10176
10178
10179
10180
10181
10182
10184
10187
10190
10193
10195
10197
10199
10203
10204
10205
10207
10208
10209
10214
10217
14185
10221
10222
10226
10230
10231
10232
10233
10236
10239
10240
10242
10243
10245
10250
10251
10256
10257
10260
10262
10264
10265
10266
10267
10268
10270
10273
10275
10278
10288
10291
10293
10295
10298
10299
10300
10301
10302
10304
10308
10310
10312
10315
10316
10317
10318
10319
10321
10324
10326
10330
10335
10337
10344
10346
10348
10354
10355
10359
10364
10366
10367
10368
10369
10372
10376
10379
10380
10384
10385
10390
10392
10393
10400
10401
10404
10406
10409
10412
10413
10415
10417
10418
10419
10420
10421
10422
10423
10424
10425
10431
10432
10436
10437
10438
10440
10441
10442
10445
10446
10448
10449
10450
10452
10460
10461
10464
10465
10466
10468
10472
10475
10478
10480
10482
10485
10486
10487
10493
10494
10496
10497
10498
10499
14556
10502
10507
10510
10511
10513
10523
10524
10528
10532
10536
10539
10618
10540
10546
10547
10549
10551
10553
10556
10558
10559
10562
10566
10567
10569
10570
10571
10572
10574
10578
10584
10587
10588
10590
10594
10598
10603
10605
10607
10608
10609
10611
10612
10613
10614
10615
10616
10623
10624
10625
10626
10627
10628
10631
10635
10637
10640
10642
10643
10644
10646
10651
10652
10653
10654
10657
10659
10662
10664
10665
10666
10667
10668
10670
10671
10673
10674
10676
10677
10679
10681
10684
10686
10687
10688
10691
10693
10696
10697
10698
10699
10701
10718
10729
12737
10730
10735
10741
10749
10753
10761
10762
10765
10769
10777
10780
10788
10800
10813
10821
10830
10833
10837
10842
10932
10935
10936
15364
10939
10941
10945
10946
10950
10951
10961
10962
10974
10975
10982
10983
10987
10995
11001
11008
11009
11013
11015
11033
11039
11046
11050
11051
11052
11055
11056
11058
11062
11069
11072
11078
11080
11085
11089
11090
11095
11096
11264
11101
11102
11103
11105
11106
11109
11111
11114
11115
11116
11117
11126
11127
14854
13737
14807
14003
13783
11128
11130
11133
11135
11136
11138
11139
11140
11142
11143
11144
11145
11153
11155
11156
11157
11161
11163
11164
11166
11167
11168
11171
11172
11173
11174
11175
11176
11177
11183
11187
11189
11191
11193
11194
11195
11196
11198
11199
11207
11208
11210
11211
11212
11213
11215
11219
11223
11231
11224
11225
11227
11230
13577
11233
11235
11240
11244
11245
11249
11251
11254
11256
11257
11258
11259
11260
11263
11266
11267
11268
11269
11270
11276
11278
11279
11280
11282
11284
11286
11287
11291
11292
11294
11296
11298
11299
11302
11303
11305
11310
11312
11317
11318
11319
11320
11321
18420
11324
11325
11330
11334
11335
11336
11340
11344
11349
11358
11363
11369
11370
11373
11375
11376
11380
11381
11396
11398
11403
11406
11410
11412
11415
11416
11419
11423
11425
11426
11431
11438
11443
11446
11447
11448
11451
11453
11454
11455
11457
11459
11460
11464
11469
11470
14561
11760
11473
11474
11476
11477
11483
11484
11486
11489
11490
11491
11493
11495
11497
11499
11500
11503
11504
11505
11506
11507
11512
11513
11518
11522
11524
11525
11527
11532
11535
11537
11551
11552
11555
11558
11559
11560
11561
11565
11566
11568
11574
11591
11596
11597
11599
11600
11601
11604
11612
11613
11615
11619
11624
11627
11628
11634
11635
11637
11639
11640
11657
11660
11665
11666
11673
11674
11679
11682
11683
11687
11689
11690
15395
11692
11698
11699
11703
11704
11708
11710
11711
11715
20791
11716
11719
11720
11722
11723
11727
11735
11737
11740
11748
11749
11751
11753
11754
11755
11758
11759
11764
11766
11770
11773
11775
11776
11783
11785
20328
13823
11794
11796
11798
11799
11800
11802
11804
11816
11818
11832
11835
11840
11841
11842
11846
11853
11858
11860
11861
11862
11873
15354
11891
11903
11906
11909
11911
11914
11915
11918
11939
11941
11954
11955
11957
11969
11978
11980
11983
11985
11987
11988
11997
11999
18430
12001
12004
13351
12007
12011
12012
12013
12015
12016
12025
12033
12034
12036
12037
12038
12040
12042
12045
12051
12054
12056
12057
12058
12060
12061
12062
12063
12064
12065
12068
12069
12081
12084
12087
12088
12089
12092
12341
12097
12098
12102
12103
12105
12106
12108
12110
12111
12113
12115
12116
12117
12121
12123
12125
12126
12130
12131
12137
12138
12147
12150
12152
12158
12162
12163
12168
12169
12176
12177
12178
12181
12186
12187
12188
12193
12197
12198
12199
12200
12201
12202
12203
12205
12207
12208
12212
12214
12216
12218
12220
12222
12225
12228
12232
12236
12237
12244
12245
12247
12250
12253
12256
12261
12262
12263
12264
12265
12266
12267
19809
12270
12276
12279
12280
12282
12285
12289
12290
12291
12294
12300
12303
12304
12307
12309
12312
12314
12317
12319
12322
12323
12325
12326
12327
12328
12329
12330
12333
12340
12347
12348
12352
12353
12355
20491
15507
12358
12360
12363
12365
12366
12369
12370
12376
12379
12380
12381
12382
12383
12385
12387
12388
12390
12391
12394
12395
12399
12402
12405
12406
12407
12413
15506
12415
12420
12421
12423
12424
12426
12428
12429
12433
12435
12436
12439
12441
12448
12449
12452
12459
12460
12468
12471
14495
12475
12481
12486
12488
12489
12490
12491
12493
12494
12496
12497
12498
12500
12506
12507
12510
12520
12521
12522
12523
12524
12531
12532
12533
12537
12541
12543
12546
12547
12549
12551
12552
12557
12558
12563
12564
12565
12567
12568
12569
12580
12584
12586
12588
12589
12590
12591
12592
12594
12595
12596
12597
12599
12602
12603
12604
12605
12606
12610
26061
12611
12612
12615
12616
12619
12620
12621
12624
12625
12627
12631
12632
12633
12634
12636
12638
12639
12641
12647
12648
12651
12652
12653
12654
12656
12657
12658
12661
12665
12666
12671
12675
12676
12677
12680
23959
12681
12682
12686
12688
12689
12691
16023
12693
12695
12697
12698
12699
12703
12706
12707
12710
12712
12714
12716
12717
12719
12720
12723
12724
12725
12726
12730
12731
12733
12735
18434
12738
12740
12741
12742
12746
12747
12748
12750
12752
12755
12756
12764
12767
12768
12771
12773
12775
12776
12777
12778
12780
12781
12783
12786
12789
12790
12792
12793
12795
12800
12804
12805
12810
12816
12817
12825
12827
12829
12831
12833
12834
12842
12847
12849
16355
12852
12853
12855
19961
12856
12857
12858
12860
12862
12863
12864
12866
12868
12872
12873
12876
12878
12881
12883
12884
12887
12889
12893
12895
12896
12899
12901
12904
12909
12912
12913
12921
12924
12925
12929
12930
12931
12933
12935
12936
12938
12942
12945
12946
12948
12950
12951
12953
12954
12956
12957
12958
12959
12960
12962
25117
12967
12968
12973
12976
12978
12979
12980
12983
12985
12987
12988
12989
12991
12995
12998
13001
13003
13007
13011
13014
13015
13019
13020
13021
13024
13027
13028
13031
13032
13036
13037
13039
13040
13041
13045
13046
13047
13048
13049
13051
13053
13055
13056
13057
13058
13059
13060
13061
13062
13063
13068
13070
13072
13073
13074
13078
13080
13081
13083
13084
13085
13089
13090
13091
13092
13097
13101
13102
13103
13104
13105
13106
13108
13109
13111
13112
13113
13114
13116
13117
13120
13121
13125
13126
13128
13129
13130
13131
13137
13139
13140
13143
13144
13145
13146
13147
13149
13150
13156
13157
13158
19457
13163
13164
13165
13166
13169
13170
13177
13178
13179
13182
13185
13187
13188
13189
13190
13191
13194
13195
13196
13197
13198
13199
13200
13201
13203
17212
13210
13211
13213
13214
13216
18861
13218
13223
13224
13225
13232
13235
13236
13239
13241
13242
13246
13248
13249
13254
13255
13256
13260
13261
13265
13269
13272
13273
13281
13283
13285
13287
13290
13291
13292
13293
13296
13297
13299
13301
13304
13305
13307
13308
13310
13312
13313
13314
13315
13316
18894
13324
13328
13329
13330
13332
13333
13334
13335
13338
13819
13341
13343
13344
13346
13350
13352
13356
13358
13359
13360
13361
13362
13364
13365
13367
13368
13370
13373
13375
13377
13378
13381
13383
13386
13388
13389
13390
13391
13393
13396
13397
13398
13399
13400
13404
13406
13407
13408
13409
13410
13412
13413
13414
13415
13416
13418
13419
13421
13422
13423
13425
13428
13430
13434
13438
13439
13445
13447
13449
13452
13455
13457
13458
13459
13460
25211
13461
13467
13470
13473
13476
13477
13482
13484
13487
13489
13491
13492
13494
13495
13499
13500
13501
13505
13506
13508
13509
13510
13512
13513
13515
13516
13517
13522
13524
13525
13526
13528
13530
13532
13533
13534
13537
16258
13540
13541
13543
13544
13545
13553
13554
13555
13558
13559
13560
13561
13562
13563
13568
13571
13572
13573
13578
13579
13581
13583
13584
13585
13587
13591
13593
13597
13599
13600
13601
13610
13613
13615
13617
13618
13619
13622
23276
13716
13624
13626
13628
13631
13633
13634
13635
13637
13638
13643
13648
13651
13655
13656
13658
13659
13660
13662
13667
13668
13670
13673
13675
13677
13678
13681
13682
13684
13685
13687
13688
13690
13691
13692
13693
13694
13702
13704
13708
13709
13710
13711
13713
13714
13719
20158
13721
13724
13729
13730
13731
13733
13736
13738
13740
13742
13745
18819
13746
13747
13748
13754
13755
13758
13760
13762
13764
13765
13766
13767
13768
13769
13770
13772
13773
13776
13777
13780
13784
13787
13788
13790
13791
13792
13794
13795
13796
13797
13801
13802
20587
13805
13806
13807
13809
13810
13816
13817
13818
13821
13822
13824
13826
13833
13834
13841
13843
17548
13887
13845
13846
13848
20989
13849
13850
13855
13856
13857
13858
13859
13860
13863
13865
13866
13867
13868
13869
13871
13875
13876
13877
13878
13881
13882
13883
13884
13885
13891
13892
13893
13894
13895
13896
13897
13898
13899
13900
13903
13905
13906
13907
16542
13908
13913
13914
13915
13917
13918
13919
13920
13921
13922
13923
13930
13932
13935
13939
13946
13948
13949
13950
13952
13953
13954
13955
13956
13957
13959
13960
13961
13963
13964
13965
13966
13968
13971
13972
13973
13974
13978
13979
13980
19562
13981
13982
13983
13984
13986
13987
13989
13990
13991
13992
13993
13994
13996
14057
13998
13999
14006
14013
14014
14015
14016
14017
14019
14020
14022
14024
14026
14027
14029
14030
14031
14032
14033
14035
14036
14040
14041
14044
14046
14048
14049
14054
14055
14059
14060
14062
14063
14067
14068
14070
14071
14074
14077
14080
14084
14088
14091
14096
14097
14098
14099
14101
14102
14103
14104
14106
14108
14110
14111
14114
14116
14121
14122
14129
14131
14133
14134
14139
14140
14141
14142
14143
14144
14145
14148
14668
14149
14150
14151
14152
14155
14156
14157
14158
14159
14160
14162
14163
14164
14165
14167
14168
14170
14172
14175
14178
14179
14182
14183
14188
14189
14190
14191
20239
14196
14197
14200
14202
14203
14204
14209
14211
14212
14215
14216
14217
14218
14219
14221
14225
14228
14230
14233
14235
14236
14237
14238
14240
14241
14242
14243
14245
14246
14250
14251
14255
14256
14257
14260
14263
14272
14274
14275
14281
14282
14286
14292
14295
14299
14301
14303
14306
14314
14315
14319
14320
14327
14332
14333
14338
14346
14348
14350
14354
14362
14364
14368
14370
14371
14373
14374
14376
14377
14378
14388
14392
14398
14399
14401
14402
14404
14406
14407
14409
14412
14414
14416
14419
14421
14427
14428
14430
14431
14434
14438
14442
14446
14450
14454
14458
14460
14463
14465
14469
14470
14471
14478
14484
14485
14486
14487
14488
14490
14493
18811
14497
14499
14500
14501
14504
14507
14508
14512
14513
14515
14516
14954
14518
14519
14522
14523
14524
14528
14529
14535
14538
14539
14541
14543
14544
14547
14550
14551
14552
14554
14555
16821
14557
14559
14565
14566
14567
14568
14571
14580
14584
14588
14590
14592
14598
14603
14605
14621
14622
14630
14631
14632
14635
14638
14646
14652
14653
14654
14662
14667
14673
14674
14675
14676
14679
14680
14681
14682
14684
14685
14686
14692
14693
14694
14695
14696
14699
14700
14701
14702
14704
14706
14710
14711
14712
14715
14718
14719
14720
14722
14723
14725
14729
14731
14732
14736
14737
14740
14741
14743
14744
14745
14746
14751
14753
14755
14756
14759
14760
14761
14764
14765
14766
14768
14769
14773
14774
14775
14776
14778
14781
14783
14784
14786
14787
14789
14791
14792
14793
20124
14798
14800
14801
14802
14804
14805
14806
14810
14812
14813
14814
14817
14818
14819
14821
14823
14826
14829
14832
14834
14835
14837
14839
14841
14842
14843
14844
14846
18917
14850
14853
17760
14859
14864
14865
14867
14871
14875
14877
14879
14880
14883
14884
14885
14889
14890
14891
14894
14895
14896
14897
14899
14900
14903
14904
14906
14914
14915
14916
14917
14918
14923
14924
14926
14927
14928
14929
15111
14930
14935
14936
14937
14941
14942
14943
14945
14946
14947
14948
14950
14951
14953
14955
14956
14957
14960
14964
14965
14968
14969
14970
14971
14975
14976
14977
14978
14980
14983
14985
14986
14987
14988
14989
14991
14993
14995
14997
14999
15000
15001
15002
15005
15009
15010
15013
15014
15015
15019
15020
15022
15023
15024
15027
15029
15030
15031
15032
15033
15035
15037
15038
15039
15040
15043
15044
15046
15048
15049
15050
15051
15052
15056
15057
15058
15060
15061
15062
15064
15065
15069
15070
15072
15073
15075
15076
15077
15078
15081
15082
15084
15087
15088
15089
15091
15095
15097
15098
15099
15100
15101
15104
15107
15110
15114
15119
15120
15121
15122
15123
15126
15128
15129
15130
15131
15132
15135
15136
15137
15138
15140
15142
15145
15146
16440
15147
15148
15149
15152
15153
15155
15156
15157
15160
15161
15162
15167
15169
15170
15171
15172
15173
15175
15178
15180
15182
15183
15184
15187
15189
15190
15191
15192
15194
15195
15197
15200
15203
15204
15206
15208
15209
15210
15211
15212
15214
15217
15220
15221
15222
15223
15224
15227
15228
15234
15235
15238
15240
15242
15243
15245
15246
15250
15251
15254
15257
15259
15261
15262
15263
15264
15265
15266
15267
15271
15273
15274
15275
15276
15277
15278
15280
15281
15282
15283
15284
15286
15287
15288
15289
15290
15292
15293
15295
15298
15299
15300
15301
15302
15307
15308
15309
15310
15311
15314
15315
15318
15325
16178
15888
15328
15330
15331
15332
19385
15333
15334
15336
15338
15339
15340
15342
15343
15345
15346
15347
15348
15349
15351
15352
15353
15356
15358
15359
15360
15361
15363
15365
15366
15367
15368
15369
15370
15371
15373
15375
15378
15380
15385
15386
15389
15390
15391
15394
15396
15397
15399
15402
15403
15404
15405
15407
15410
15411
15412
15414
15417
15418
15419
15421
15423
15424
15426
15427
15428
15429
15430
15432
15434
15435
15436
15440
15441
15442
15443
15444
15445
15446
15447
15448
15450
15451
15453
15454
15455
15456
15457
15458
15460
15461
15466
15468
15472
15473
15474
15475
15476
15478
15479
15480
15481
15482
15483
15484
15485
15486
15487
15488
15489
15491
15495
15496
15501
15503
15508
15509
15512
15513
15518
15520
15521
15522
15524
15526
15528
15532
15533
15534
15537
15539
15540
15542
15544
15545
15547
15550
15551
15554
15555
15556
15561
15562
15563
15564
15566
15567
15568
15569
15570
15571
15573
15574
15575
15576
15577
15578
15579
15581
15585
15587
15588
15590
15591
15592
15593
15595
15596
15597
15598
15599
15600
15603
15604
15605
15606
15608
15609
15611
15612
15613
15615
15616
15617
15619
15620
15621
15623
15624
15626
15629
15631
15633
15634
15635
15640
15641
15642
15643
15644
15645
15646
15647
15648
15649
15652
15653
15654
15655
15657
15658
15660
15661
15663
15665
15667
15671
15673
15674
15675
15678
15683
15684
15685
15687
15689
15690
15691
15692
15693
15694
15695
15696
15697
15698
15699
15700
15701
15702
15703
15704
15705
15706
15707
15708
15710
15711
15712
15713
15714
15715
15716
15717
15718
15721
15722
15723
15724
15725
15726
15728
15730
15731
15732
15733
15734
15735
15737
15739
15741
15742
15743
15744
15745
15746
15747
15748
15750
15752
15753
15754
15755
15756
15757
15759
15760
15761
15762
15764
15765
15766
15767
15769
15770
15771
15772
15773
15774
15775
15780
15781
15782
15785
15786
15787
15789
15791
15792
15793
15794
15795
15796
15797
15799
15800
15801
15802
15803
15804
15807
15809
15811
15814
15816
15817
15818
15820
15824
15825
15828
15830
15831
15832
15833
15834
15835
15837
15839
15840
15841
15842
15843
15844
15846
15847
15848
15849
15852
15854
15855
15856
15857
15858
15859
15860
15862
15863
15864
15865
15867
15868
15869
15872
15875
15877
15879
15880
15881
15882
15883
15884
15885
15887
15890
15891
15893
15894
15895
15896
15897
15901
15903
15904
15905
15906
15908
15909
15910
15911
15912
15913
15914
15915
15916
15917
15918
15920
15922
15923
15925
15926
15928
15930
15931
15932
15933
15934
15935
15938
15940
15941
15942
15943
15944
15946
15947
15950
15951
15952
15953
15955
15956
15958
15959
15960
15961
15962
15963
15964
15966
15969
15970
15971
20083
15972
15974
15975
15978
15980
15982
15983
15984
15986
18201
15989
15992
15993
15994
15995
15996
15997
15998
15999
16001
16002
16004
16007
16008
16010
16013
16014
16016
16017
16018
16019
16020
16021
16022
16026
16028
16033
16035
16038
16040
16043
16044
16045
16047
16049
16050
16052
16053
16055
16056
16057
16059
16061
16062
16063
16064
16065
16066
16067
16068
16069
16070
16071
16072
16074
16075
16076
16078
16079
16080
16081
16082
16083
16087
16088
16091
16092
16093
16094
16095
16098
16101
16103
16104
16105
16107
16110
16111
16113
16115
16116
16117
16118
16119
16120
16122
16125
16128
16129
16130
16131
16137
16140
16141
17506
16142
16143
16144
16146
16147
16149
16152
16153
16155
16157
16158
16159
16163
16164
16168
16170
16173
16175
16177
16179
16180
16181
16182
16185
16186
16187
16188
16191
16192
16194
16195
16196
16198
16199
16202
16203
16204
16205
16208
16209
16210
16211
16212
16213
16216
16217
16220
16221
16225
16226
16227
16229
16234
16236
16240
16241
16251
16252
16254
16255
16256
16257
17604
16260
16264
16265
16267
16269
16270
16271
16272
16274
16277
16278
16280
16281
16282
16283
16286
16288
16293
16295
16297
16299
16300
16301
16302
16303
16304
16307
16308
16310
16311
16314
16316
16317
16318
16319
16320
16321
16325
16327
16328
16330
16331
16332
16334
16335
16337
16339
16350
16353
16357
16358
16359
16361
16362
16363
16365
16367
16368
16369
16371
16374
16377
16379
16380
16385
16386
16388
16389
16390
16391
16392
16393
16394
16395
16398
16401
16403
16404
16405
16408
16409
16413
16414
16415
16416
16417
16418
16419
16420
24642
16421
16422
16424
16425
16426
16427
16429
16431
16432
16433
16437
16438
16439
16442
16446
16451
16453
16454
16456
16457
16460
16462
16463
16465
16466
16468
16469
16470
16472
16473
16476
16481
16485
16487
16488
16489
16491
16492
16493
16497
16499
16500
16501
16505
16506
16507
16509
16510
16511
16514
16516
16520
16521
16524
16527
16528
16529
16530
16533
16535
16536
16537
16538
16540
16543
16544
16545
16546
16547
16548
16549
16551
16552
16553
16554
16555
16559
16566
16568
16569
16570
16571
16572
16573
16574
16575
16576
16579
16580
16583
16585
16586
16587
16588
16589
16591
16592
16594
16596
16600
16601
16602
16603
16604
16605
16607
16608
16609
16610
16612
16615
16618
16619
16620
16621
16622
16626
16627
16628
16629
16632
16639
16640
16641
16643
16644
16645
16646
16647
16649
16652
16654
16655
16656
16657
16660
16662
16672
16673
16675
16676
16677
16678
16679
16680
16683
16688
16689
16698
16702
16703
16706
16708
16712
16714
16715
16718
16719
16720
16721
16722
16724
16728
16729
16730
16735
16737
16738
16739
16741
21159
16742
16743
16744
16745
16746
16747
16748
16749
16750
16751
16753
16755
16756
16759
16760
22419
16761
16762
16763
16764
16766
16767
16768
16769
16770
16772
16773
16774
16775
16776
16777
16778
16779
16780
18695
16781
16783
16784
16786
16788
16789
16790
16793
16794
16795
16796
16797
16799
16802
16806
16810
16811
16813
16814
16832
16815
16817
16819
16820
16822
16823
16824
16825
16827
25129
16828
16829
16833
16834
16837
16838
16839
16842
16843
16845
16847
16848
16849
16851
16852
16853
16855
16856
16857
16858
16862
16863
16866
16867
16868
19137
16869
16870
16873
16878
16882
16883
16885
16887
16889
16891
16892
16893
16894
16896
16898
16900
16901
16902
16904
16905
16906
16907
16909
16917
16923
16931
16932
16936
19193
16941
16942
16946
16947
16951
16953
16956
16966
16967
16968
16972
16973
16976
17258
16980
16984
16986
16987
16989
16992
16996
16997
17003
17005
17006
17009
17010
17011
17017
17020
17021
17022
17024
17025
17028
17029
17030
17031
17032
17033
17036
17037
17038
17039
17040
17042
17046
17047
17049
17050
17053
17055
17056
17058
17062
17065
17067
17071
17072
17073
17076
17077
17079
17080
17081
17082
17083
17084
17085
17086
17087
17088
17089
17090
17092
17093
17095
17097
17098
17099
17101
17102
17104
17105
17109
17110
17112
17113
17118
17119
17120
17121
17122
17123
17124
17125
17128
17130
17131
17132
17133
17135
17137
17140
17141
17142
17143
17144
17145
17146
17150
17151
17155
17157
17161
17163
17164
17170
17171
17172
17173
17174
17175
17178
17179
17183
17185
17187
17188
17192
17196
17198
17199
17200
17202
17203
17206
17207
17210
17213
17214
17215
17216
17217
17218
17219
17220
17222
17223
17226
17227
17228
20287
23166
17232
17233
17236
17237
17238
17239
17240
17244
17246
17247
17248
17249
17250
17251
17252
17253
17254
17255
17257
17259
17261
17262
17263
17264
17266
17267
17268
17269
17270
17274
17276
17277
17278
17279
17281
17283
17285
17286
17288
17294
17296
17297
17298
17303
17305
17310
17311
17312
17313
17314
17315
17317
17318
17324
17326
17328
17329
17332
17333
17334
17338
17339
17342
17343
17344
17346
17348
17349
17350
17351
17352
17355
17357
17359
17363
17364
17367
17368
17369
17370
17371
17372
17374
17378
17380
17381
17383
17384
17385
17386
17387
17389
17390
17391
17395
17396
17397
17398
17400
17401
17402
17403
17404
17405
17406
17408
17412
17413
17414
17415
17418
17420
17424
17425
17426
17430
17431
17432
17434
17438
17450
17451
17452
17454
17455
17456
17457
17458
17459
17461
17462
17463
17464
17465
17466
17467
17468
17469
17470
17471
17473
17474
17475
17476
17477
17478
17479
17480
17481
17483
17485
17487
17488
17489
17490
17492
17493
17495
17496
17497
17498
17503
17504
17505
17507
17508
17511
17512
17513
17514
17516
17517
17518
17519
17520
17523
17524
17526
17527
17528
17529
17530
17531
17533
17534
17535
17536
17537
17538
17539
17541
17542
17543
17545
17547
17550
17551
17553
19962
17556
17558
17559
17561
17562
17564
17566
17572
17574
17575
17577
17578
17579
17581
17587
17591
17593
17594
17595
17597
17598
17601
17603
17608
17610
17613
17614
17617
17620
17621
17622
17623
17624
17625
17627
17628
17632
17633
17636
17637
17640
17641
17645
17646
17648
17649
17651
17652
17653
17655
17657
17659
17660
17661
17664
17665
17668
17669
17670
17671
17674
17675
17677
17678
17680
17682
17684
17685
17687
17688
17689
17690
17691
17692
17694
17697
17699
17700
17703
17704
17708
17710
17711
17712
17714
17715
17717
17718
17720
17723
17733
17734
17738
17741
17745
17748
17749
17750
17753
17754
17755
17759
17764
17765
17766
17767
17771
17773
17776
17777
17779
17783
17784
17788
17789
17790
17796
17797
17798
17799
17801
17802
17803
17805
17808
17814
17829
17836
17837
17839
17840
17842
17844
17845
17850
17851
17852
17860
17865
17866
17870
17872
17876
17878
17879
17880
17881
17882
17885
17886
17887
17890
17892
17898
17899
17901
17902
17903
17905
17907
17908
17909
17910
17911
17912
17913
17915
17916
17918
17920
17921
17922
17923
17924
17925
17927
17928
17929
17930
17932
17933
17936
17937
17940
17941
17942
17943
17944
17948
17951
17952
17954
17956
17959
17960
17961
17962
17963
17966
17967
17968
17974
17975
17976
17978
17980
17981
17983
17985
17986
17987
19031
17988
17990
17992
17993
17994
17995
17996
17997
17998
17999
18000
18001
18002
18003
18004
18005
18006
18007
18009
18010
18011
18012
18014
18064
18015
18016
18017
18019
18022
18026
18029
18033
18034
18036
18038
18039
18040
18041
18043
18044
18045
18046
18047
18048
18050
18051
18053
18054
18056
18057
18058
18059
18060
18061
18062
18065
18066
18067
18069
18071
18072
18074
18075
18077
18078
18079
18083
18084
18085
18090
18091
18092
18093
18094
18095
18097
18099
18100
18101
18102
18103
18104
18108
18111
18112
18113
18115
18118
18120
18121
18122
18124
18126
18130
18131
18132
18133
18134
18136
18138
18140
18141
18142
18144
18145
18150
18151
18152
18154
18155
18157
18159
18161
18162
18165
18166
18168
18169
18170
18171
18173
18175
18176
18178
18179
18180
18181
18182
18183
18185
18187
18188
18190
18191
18194
18195
18196
18199
18203
18205
18206
18207
18208
18209
18210
18212
18213
18216
18217
18218
18219
18221
18222
18224
18226
18227
18229
18230
18231
18232
18233
18234
18235
18236
18237
18238
18241
18242
18243
18244
18245
18246
18247
18249
18250
18251
18252
18255
18257
18258
18259
18260
18261
18262
18263
18264
18265
18270
18271
18274
18275
18277
18279
18280
18281
18284
18285
18286
18287
18291
18292
18294
18296
18299
18302
18303
18304
18305
18306
18307
18309
18310
18312
18313
18314
18315
18316
18317
18318
18320
18323
18324
18325
18326
18329
18333
18335
18336
18338
18339
18340
18343
18346
18347
18348
18349
18350
18351
18352
18353
18354
18355
18356
18358
18360
18361
18362
18363
18369
18370
18371
18373
18374
18377
18378
18379
18380
18381
18382
18383
18384
18385
18386
18387
18390
18391
18393
18395
18397
18398
18399
18402
18403
18404
18405
18407
18408
18409
18410
18411
18414
18415
18416
18417
18419
21362
18421
18422
18423
18424
18425
18427
18428
18429
18431
18433
18437
18438
18439
18440
18441
18443
18445
18446
18649
18447
18451
18453
18455
18456
18458
18459
18460
18462
18463
18464
18465
18467
18468
18470
18471
18472
18475
18478
18480
18483
18484
18486
18487
18488
18490
18491
18492
18494
18496
21323
18497
18498
18499
18500
18502
18505
18504
18506
18507
18508
18509
18510
18512
18513
18515
18516
18517
18518
18520
18522
18523
18524
18525
18529
18533
18535
18536
18537
18538
18539
18541
18548
18549
18552
18553
18559
18560
18561
18562
18564
18565
18571
18573
18575
18576
19113
18577
18579
18580
18581
18583
18585
18589
18590
18591
18596
18597
18598
18599
18600
18602
18603
18608
18611
18612
18614
18615
18616
18617
18618
18619
18622
18623
18624
18626
18628
18630
18633
18634
18635
18638
18639
18642
18646
18647
18648
18650
18651
18652
18663
18653
18654
18655
18656
18659
18660
18661
18664
18665
18666
18667
18669
18670
18671
18672
18675
18679
18680
18682
18683
18684
18685
18686
18689
18690
18691
18692
18693
18694
18696
18697
18698
18699
18700
18701
18703
18704
18705
18706
18707
18709
18710
18712
18713
18714
18715
18716
18717
18718
18719
18720
18721
18722
18724
18725
18726
18727
18728
18729
18730
18731
18732
18735
18736
18737
18738
18739
18740
18741
18742
18743
18744
18745
18750
18752
18753
18754
18755
18756
18757
18758
18759
18760
18762
18763
18765
18766
18767
18768
18769
18770
18771
18773
18774
18775
18777
18780
18781
18782
18783
18784
18785
18862
18786
18787
18788
18790
18791
18792
18793
18795
18796
18797
18798
18799
18800
18801
18802
18803
18804
18805
18806
18807
18808
18809
18810
18812
18813
18814
18815
18816
18817
18820
18821
18822
18823
18825
18826
18827
18828
18830
18831
18834
18835
18836
18837
18838
18840
18842
18844
18845
18846
18848
18849
18850
18851
18852
18853
18854
18855
18856
18857
18858
18859
18863
18864
18865
18866
18867
18868
18870
18872
18873
18878
18880
18881
18882
18883
18884
18885
18886
18888
18889
18890
18891
18892
18893
18895
18896
18897
18898
18899
18900
18902
18903
18904
18905
18906
18908
18909
18910
18911
18913
18914
18915
18916
18919
18920
18921
18922
18923
18924
18927
18928
18931
18934
22286
22357
18938
18940
18942
18943
18944
18945
18946
18948
18950
18951
18952
18953
18954
18955
18956
18957
18958
18959
18960
18961
18965
18966
18970
18971
18973
18976
18977
18978
18980
18983
18985
18986
18988
18990
18991
18992
18993
18996
18997
18999
19001
19002
19003
19004
19005
19006
19007
19009
19010
19013
19014
19015
19016
19017
19018
19020
19021
19022
19024
19025
19026
19027
19028
19029
19032
19034
19035
19036
19037
19038
19039
19040
19041
19044
19045
19048
19049
19050
19051
19052
19054
19055
19056
19057
19058
19060
19061
19062
19063
19065
19066
19067
19068
19069
19071
19072
19073
19074
19075
19076
19078
19079
19080
19081
19083
19084
19085
19088
19089
19090
19091
19093
19094
19095
19096
19097
19098
19100
19101
19102
19103
19105
19107
19108
19109
19114
19115
19118
19121
19122
19124
19125
19126
19127
19128
19129
19130
19131
19132
19134
19136
19138
19139
19141
19142
19143
19144
19145
19146
19147
19148
19149
19150
19154
19155
19158
19159
19160
19162
19166
19167
19168
19171
19172
19173
19174
19175
19177
19178
19181
19182
19186
19188
19189
19191
19192
19194
19195
19197
19198
19199
19200
19201
19202
19203
19204
19205
19206
19208
19209
19211
19212
19213
19214
19215
19216
19217
19218
19219
19222
19224
19225
19227
19228
19229
19230
19231
19232
19233
19234
19235
19237
19238
19240
19242
19243
19245
19246
19247
19248
19249
19250
19251
19252
19253
19254
19255
19256
19257
19258
19259
19260
19262
19263
19264
19266
19268
19269
19271
19272
19273
19275
19278
19279
19280
19281
19283
19284
19286
19287
19288
19289
19291
19294
19295
19296
19297
19300
19301
19304
19306
19307
19308
19309
19310
19311
19313
19315
19316
19317
19318
19319
19324
19326
19327
19328
19329
19330
19332
19333
19334
19337
19339
19340
19341
19346
19347
19351
19355
19356
19357
19358
19359
19361
19364
19365
19366
19368
19370
19371
19372
19373
19374
19375
19376
19377
19378
19379
19382
19383
19384
19386
19388
19392
19394
19395
19398
19399
19402
19404
19406
19408
19410
19414
19415
19417
19419
19421
19423
19426
19427
19428
19429
19430
19433
19434
19436
19437
19438
19439
19443
19447
19449
19450
19453
19454
19456
19458
19460
19462
19464
19467
19468
19469
19470
19471
19474
19475
19476
19477
19479
19480
19481
19482
19484
19485
19487
19489
19490
19492
19494
19495
19496
19497
19499
19500
19501
19502
19503
19508
19509
19510
19511
19512
19514
19515
19516
19519
19520
19522
19523
19524
19526
19527
19528
19529
19531
19534
19538
19539
19541
19542
19543
19546
19548
19549
19550
19553
19554
19556
19559
19560
19561
19564
19565
19566
19568
19570
19574
19575
19576
19578
19581
19582
19584
19586
19593
19594
19595
19596
19598
19599
19601
19604
19606
19608
19610
19611
19613
19615
19616
19617
19618
19619
19622
19623
19624
19627
19628
19632
19633
19635
19641
19642
19643
19644
19646
19647
19648
19649
19650
19651
19653
19658
19659
19662
19663
19665
19667
19669
19670
19671
19676
19679
19689
19690
19692
19693
19697
19698
19699
19703
19706
19707
19708
19711
19714
19715
19716
19718
19719
19721
19722
19724
19725
19727
19728
19730
19733
19734
19740
19742
19745
19746
19747
19748
19749
19751
19753
19754
19757
19759
19760
19764
19765
19766
19769
19771
19773
19775
19776
19777
19779
19781
19783
19784
19785
19786
19787
19788
19789
19793
19794
19796
19797
19798
19799
19800
19801
19805
19807
19808
19814
19815
19816
19817
19823
19824
19825
19826
19830
19831
19832
19834
19835
19839
19841
19844
19846
19847
19848
19850
19857
19858
19859
19860
19863
19865
19867
19868
19870
19873
19874
19875
19876
19881
19884
19886
19887
19888
19892
19894
19895
19896
19897
19898
19899
19900
19902
19906
19907
19908
19909
19911
19914
19916
19918
19921
19922
19924
19926
19927
19928
19931
19934
19935
19937
19938
19939
19941
19945
19947
19948
19949
19950
19952
19953
19954
19956
19958
19959
19960
19963
19964
19965
19966
19969
19971
19973
19974
19975
19976
19977
19980
19981
19985
19986
19989
19997
19998
20003
20004
23137
20005
20006
20007
20008
20010
20012
20014
20015
20016
20021
20023
20024
20025
20026
20027
20028
20035
20040
20041
20042
20043
20044
20045
20047
20049
20051
20052
20056
20058
20059
20060
20061
20064
20066
20067
20068
20071
20072
20073
20075
20077
20078
20079
20082
20086
20090
20092
20093
20094
20095
20096
20097
20098
20099
20100
20101
20107
20110
20111
20115
20118
20123
20125
20127
20128
20129
20131
20132
20135
20136
20139
20140
20141
20142
20144
20149
20150
20151
20152
20153
20155
20156
20157
20161
20162
20172
20173
20181
20186
20187
20188
20189
20195
20198
20200
20202
20203
20204
20208
20212
20215
20217
20219
20223
20225
20226
20229
20230
20232
20233
20238
20241
20242
20243
20244
20245
20247
20251
20257
20261
20262
20263
20264
20265
20267
20269
20271
20272
20273
20274
20275
20277
20278
20279
20281
20282
20283
20284
20285
20290
20291
20292
20294
20295
20298
20300
20301
20302
20304
20307
20308
20309
20310
20315
20316
20317
20322
20324
20325
20327
20329
20330
20331
20332
20333
20334
20335
20342
20344
20345
20347
20348
20353
20356
20358
20360
20364
20365
20366
20367
20368
20369
20370
20372
20374
20376
20380
20381
20382
20384
20386
20390
20391
20394
20398
20399
20400
20401
20402
20405
20407
20410
20415
20416
20417
20418
20421
20425
20426
20427
20429
20430
20431
20432
20433
20435
20436
20437
20439
20443
20444
20445
20447
20448
20457
20458
20461
20463
20465
20467
20468
20473
20474
20476
20479
20481
20484
20486
20489
20490
20492
20494
20496
20501
20502
20504
20505
20509
20511
20512
20515
20516
20517
20519
20520
20522
20526
20528
20529
20531
20533
20534
20537
20538
20540
20541
20543
20544
20546
20549
20551
20553
20554
20555
20556
20557
20558
20560
20561
20564
20565
20567
20568
20569
20571
20576
20578
20582
23852
20583
20584
20586
20588
20589
20594
20595
20596
20598
20600
20602
20603
20604
20606
20613
20615
20616
20618
20619
20622
20623
20624
20625
20632
20637
20638
20639
20641
20642
20643
20644
20645
20649
20651
20653
20656
20657
20658
20659
20660
20663
20664
20665
20666
20669
20670
20672
20673
20676
20680
20681
20682
20686
20687
20688
20689
20692
20697
20698
20699
20700
20701
20702
20704
20705
20709
20710
20712
20714
20718
20719
20721
20723
20724
20725
20727
20729
20731
20732
20734
20739
20741
20742
20744
20747
20748
22071
20750
20751
20752
20753
20755
20756
20758
20760
20763
20766
20767
20768
20775
20776
20777
20779
20780
20785
20786
20787
20790
20793
20796
20797
20801
20803
20805
20806
20816
20817
20818
20819
20822
20832
20833
20836
20840
20843
20849
20853
20858
20859
20862
20863
20869
20870
20871
20872
20878
20882
20885
20886
20888
20892
20897
20900
20903
20904
20906
20907
20909
20912
20916
20918
21612
20928
20932
20933
20938
20941
22308
20945
20947
20950
20951
20957
20959
20961
20967
20970
20971
20981
20982
20998
20999
21000
21004
21006
21008
21013
21016
21021
21022
21023
21024
21885
21025
21029
21030
21031
21036
21041
21042
21043
21044
21046
21049
21054
21056
21058
21059
21064
21065
21067
21072
21074
21078
21080
21081
21088
21089
21091
21095
21097
21100
21103
21108
21111
21112
21115
21120
21121
21122
21129
21130
21132
21134
21139
21143
21144
21145
21149
21150
21151
21152
21153
21154
21157
21161
21162
21164
21167
21168
21169
21179
21180
21181
21184
21187
21192
21193
21194
21202
21203
21208
21209
21210
21214
21220
21222
21226
21227
21229
21230
21231
21233
21235
21237
21239
21240
21241
21244
21245
21246
21253
21256
21262
21264
21265
21267
21269
21270
21271
21273
21274
21275
21277
21281
21284
21293
21299
21303
21305
21308
21311
21314
21316
21317
21319
21320
21322
21325
21333
21334
21339
21340
21342
21343
21346
21350
21353
21358
21359
21363
21364
21365
21368
21369
21370
21371
21372
21589
21375
21378
21379
21382
21388
21390
21391
21393
21394
21395
21400
21401
21402
21403
21404
21405
21406
21408
21409
21416
21418
21421
21422
21423
21435
21436
21442
21444
21445
21448
21452
21470
21477
21482
21487
21489
21492
21493
21497
21498
21501
21502
21503
21506
21510
21515
21516
21517
21518
21519
21528
21531
21532
21535
21539
21540
21541
21542
21548
21549
21552
21553
21554
21555
21557
21562
21567
21570
21571
21573
21574
21575
21576
21578
21579
21580
21583
21585
21586
21595
21596
21597
21599
21600
21602
21604
21605
21608
21611
21614
21615
21616
21620
21621
21626
21628
21632
21636
21637
21638
21639
21644
21648
21649
21653
21654
21662
21664
21667
21670
21674
21675
21676
21679
21683
21685
21690
21691
21692
21693
21697
21699
21701
21703
21704
21705
21706
21708
21709
21711
21712
21714
21715
21716
21717
21718
21719
21721
21724
21728
21730
21733
21734
21737
21738
21739
21740
21741
21742
21744
21745
21746
21747
21748
21749
21751
21752
21754
21756
21757
21760
21761
21762
21763
21764
21765
21767
21770
21771
21773
21774
21775
21777
21778
21780
21781
21782
21783
21785
21787
21789
21791
21793
21794
21795
21797
21798
21799
21801
21802
21803
21804
21805
21807
21808
21810
21811
21812
21814
21816
21818
21819
21821
21822
21823
21824
21825
21828
21830
21833
21834
21837
21838
21839
21842
21843
21844
21845
21846
21851
21853
21855
21856
21857
21858
21859
21860
21861
21864
21865
21866
21868
21869
21870
21871
21872
21873
21874
21875
21876
21878
21880
21881
21882
21886
21888
21889
21890
21891
21892
21893
21894
21896
21897
21898
21899
21900
21902
21904
21905
21906
21907
21908
21910
21911
21913
21914
21915
21917
21918
21919
21921
21922
21924
21925
21926
21928
21929
21930
21931
21932
21934
21935
21937
21939
21940
21941
21942
21943
21944
21945
21946
21947
21949
21950
21951
21953
21954
21955
21956
21957
21958
21960
21961
21962
21964
21965
21967
21968
21969
21970
21973
21974
21976
21977
21979
21980
21981
21982
21983
21984
21986
21987
21989
21990
21991
21993
21994
21996
21997
21998
21999
22000
22001
22002
22003
22004
22005
22009
22010
22012
22013
22014
22016
22018
22020
22021
22022
22023
22024
22025
22027
22028
22029
22030
22032
22033
22034
22035
22036
22037
22040
22041
22042
22043
22044
22045
22049
22050
22052
22053
22054
22055
22056
22057
22058
22059
22060
22061
22063
22064
22065
22066
22067
22068
22069
22070
22072
22073
22075
22076
22078
22079
22080
22081
22082
22083
22084
22086
22087
22089
22090
22091
22093
22094
22095
22096
22098
22099
22101
22103
22108
22109
22112
22113
22114
22115
22117
22118
22120
22122
22125
22126
22127
22128
22129
22130
22131
22132
22135
22136
22137
22139
22143
22144
22145
22146
22148
22149
22150
22151
22152
22154
22156
22158
22162
22163
22164
22165
22166
22167
22168
22169
22170
22171
22177
22180
22181
22183
22185
22188
22191
22192
22193
22198
22199
22201
22204
22208
22209
22210
22211
22213
22215
22216
22217
22219
22220
22221
22223
22226
22227
22230
22231
22233
22234
22235
22241
22242
22243
22244
22245
22246
22247
22249
22251
22254
22255
22256
22257
22259
22261
22262
22265
22266
22267
22268
22270
22271
22272
22273
22274
22275
22276
22277
22278
22927
22279
22281
22283
22284
22290
22293
22297
22298
22299
22301
22303
22305
22306
22307
22309
22310
22312
22314
22315
22316
22317
22318
22320
22321
22323
22324
22327
22328
22329
22331
25519
22332
22334
22335
22336
22337
22338
22343
22345
22346
22347
22351
22352
22354
22355
22356
22358
22360
22363
22364
22365
22367
22368
22369
22370
22371
22372
22374
22375
22378
22380
22381
22382
22383
22385
22386
22387
22388
22389
22390
22391
22395
22396
22397
22398
22399
22401
22403
22405
22407
22408
22409
22410
22411
22412
22413
22414
22415
22416
22420
22422
22427
22429
22432
22436
22438
22439
22440
22441
22443
22445
22448
22449
22450
22451
22453
22454
22455
22459
22460
22461
22462
22464
22465
22466
22468
22469
22471
22473
22474
22476
22477
22478
22480
22481
22482
22483
22486
22487
22489
22492
22493
22498
22501
22502
22504
22507
22509
22511
22512
22513
22516
22517
22518
22519
22520
22521
22523
22524
22525
22526
22527
22528
22529
22530
22532
22534
22535
22538
22541
22542
22545
22546
22547
22548
22549
22553
22555
22556
22559
22560
22563
22564
22565
22566
22567
22573
22576
22577
22585
22589
22590
22592
22595
22598
22599
22600
22604
22605
22606
22608
22609
22611
22613
22614
22617
22620
22622
22623
22625
22629
22630
22632
22638
22640
22641
22642
22644
22645
22646
22647
22650
22653
22654
22656
22658
22659
22660
22663
22665
22667
22671
22674
22678
22679
22680
22682
22684
22685
22686
22687
22688
22689
22690
22691
22694
22697
22698
22700
22701
22705
22709
22710
22711
22714
22715
22716
22721
22723
22724
22725
22726
22727
22729
22730
22731
22735
22736
22737
22738
22741
22743
22745
22746
22748
22750
22752
22753
22754
22757
25132
22758
22761
22762
22763
22764
22766
22768
22770
22771
22772
22773
22777
22778
22779
22780
22783
22786
22787
22788
22789
22791
22798
22811
22813
22818
22829
22831
22835
22849
22857
22861
22864
22867
22869
22873
22877
22893
22894
22898
22905
22926
22931
22942
22965
22971
22988
22989
23005
23008
23016
23018
23027
23046
23050
23056
23057
23058
23062
23064
23066
23068
23073
23078
23089
23093
23103
23111
23113
23114
23129
23131
23138
23139
23148
23160
23167
23168
23186
23198
23208
23209
23211
23222
23224
23228
23236
23247
23252
23258
23260
23281
23282
23292
23296
23300
23312
23313
23315
23316
23319
23326
23344
23345
23352
23358
23359
23361
23364
23374
23376
23384
23398
23404
23405
25859
23408
23409
23410
23417
23421
23427
23433
23434
23438
23439
23440
23449
23456
23457
23458
23462
23471
23474
23476
23479
23494
23497
23507
23512
23519
23520
23521
23523
23529
23531
23533
23535
23540
23542
23548
23549
23550
23554
23558
23569
23570
23573
23574
23576
23580
23581
23582
23583
23588
23589
23591
23596
23597
23599
23601
23604
23605
23611
23618
23630
23632
23636
23640
23643
23645
23649
23650
23651
23652
23658
23667
23670
23673
23682
23683
23688
23689
23690
23694
23695
23707
23708
23709
23710
23718
23719
23723
23725
23733
23735
23737
23739
23743
23749
23752
23753
23755
23761
23763
23771
23776
23783
23788
23791
23793
23796
23798
23801
23807
23808
23811
23812
23814
23817
23826
23827
23829
23833
23842
23854
23856
23869
23877
23880
23884
23885
23888
23890
23893
23894
23896
23897
23907
23908
23911
23912
23915
23916
23919
23922
23928
23934
23936
23937
23938
23941
23945
23946
23949
23954
23957
23958
23960
23965
23969
23974
23976
23978
23979
23980
23981
23982
23984
23989
23991
23992
23997
23999
24000
24001
24002
24004
24005
24007
24008
24010
24011
24012
24013
24015
24020
24022
24023
24024
24025
24027
24028
24030
24032
24036
24037
24039
24040
24045
24048
24050
24051
24054
24055
24057
24059
24060
24062
24063
24064
24067
24068
24069
24070
24072
24076
24077
24085
24086
24090
24091
24092
24094
24097
24098
24099
24100
24102
24103
24110
24112
24117
24118
24120
24121
24127
24128
24130
24131
24134
24135
24136
24137
24140
24142
24144
24146
24151
24155
24156
24158
24159
24163
24166
24170
24171
24172
24173
24175
24176
24177
24178
24180
24182
24183
24187
24188
24189
24191
24192
24194
24197
24200
24207
24210
24212
24213
24214
24224
24228
24230
24235
24236
24239
24241
24244
24248
24249
24257
24258
24261
24270
24273
24274
24276
24279
24282
24284
24285
24286
24288
24289
24290
24292
24293
24296
24297
24298
24301
24303
24304
24305
24310
24311
24313
24314
24317
24320
24321
24322
24323
24326
24327
24329
24330
24331
24332
24333
24334
24335
24337
24338
24339
24341
24342
24343
24345
24346
24348
24351
24352
24353
24354
24355
24356
24357
24358
24359
24360
24361
24362
24363
24364
24366
24370
24371
24373
24374
24375
24376
24377
24380
24384
24388
24389
24391
24392
24393
24395
24396
24398
24403
24410
24414
24416
24417
24420
24421
24422
24423
24424
24429
24430
24433
24434
24436
24437
24438
24439
24440
24442
24443
24445
24446
24448
24450
24451
24452
24453
24454
24455
24456
24457
24458
24459
24463
24465
24467
24468
24469
24470
24472
24473
24474
24478
24479
24480
24481
24483
24484
24486
24487
24488
24489
24491
24493
24494
24495
24496
24497
24500
24502
24504
24506
24511
24513
24515
24517
24518
24519
24522
24523
24524
24526
24527
24528
24532
24534
24541
24543
24544
24546
24547
24548
24549
24551
24557
24558
24560
24563
24564
24565
24567
24568
24569
24570
24571
24572
24575
24577
24580
24581
24582
24585
24589
24590
24592
24593
24597
24598
24601
24608
24609
24611
24615
24617
24618
24620
24624
24625
24626
24639
24641
24644
24645
24653
24656
24661
24663
24664
24667
24677
24679
24684
24691
24692
24696
24697
24700
24703
24710
24711
24712
24719
24720
24721
24724
24725
24727
24730
24733
24737
24742
24743
24745
24747
24748
24752
24756
24757
24758
24761
24762
24763
24766
24767
24769
24775
24777
24783
24789
24792
24798
24800
24807
24808
24809
24811
24813
24814
24815
24820
24822
24823
24829
24834
24835
24840
24841
24842
24843
24844
24846
24848
24850
24855
24861
24864
24870
24872
24877
24878
24882
24886
24891
24894
24899
24901
24902
24904
24916
24917
24919
24921
24922
24927
24934
24938
24943
24946
24947
24948
24957
24958
24959
24966
24967
24973
24974
24975
24977
24982
24984
24986
24989
24990
25000
25006
25007
25009
25010
25011
25013
25021
25023
25024
25025
25028
25029
25036
25037
25042
25043
25044
25050
25051
25052
25055
25066
25067
25069
25072
25073
25075
25080
25085
25090
25091
25092
25093
25096
25099
25100
25103
25104
25106
25112
25113
25114
25123
25128
25130
25137
25140
25141
25142
25146
25151
25157
25158
25161
25162
25165
25167
25169
25171
25172
25174
25176
25178
25180
25181
25182
25184
25188
25194
25203
25204
25207
25208
25209
25210
25212
25215
25217
25218
25219
25227
25230
25232
25234
25235
25237
25239
25240
25242
25243
25244
25246
25247
25248
25249
25251
25254
25255
25256
25257
25258
25260
25261
25264
25266
25267
25268
25270
25271
25282
25275
25277
25278
25288
25291
25293
25294
25296
25297
25300
25302
25303
25304
25305
25307
25311
25313
25315
25318
25323
25327
25333
25336
25338
25342
25344
25346
25348
25350
25352
25353
25354
25358
25362
25367
25370
25375
25379
25380
25383
25386
25389
25393
25408
25411
25421
25431
25433
25437
25438
25443
25444
25446
25448
25457
25461
25465
25467
25470
25476
25477
25478
25480
25481
25482
25484
25492
25498
25500
25506
25508
25509
25510
25520
25526
25527
25531
25533
25534
25535
25536
25540
25542
25545
25548
25551
25554
25556
25559
25563
25566
25567
25572
25574
25575
25582
25583
25584
25586
25588
25590
25592
25593
25594
25597
25600
25601
25602
25607
25608
25609
25612
25614
25616
25619
25623
25624
25625
25626
25629
25630
25631
25633
25637
25638
25639
25640
25644
25646
25647
25648
25651
25652
25653
25654
25655
25656
25659
25661
25663
25664
25668
25669
25670
25671
25672
25673
25674
25675
25676
25678
25685
25686
25687
25688
25689
25690
25691
25692
25693
25696
25697
25698
25699
25702
25703
25704
25706
25708
25709
25711
25713
25715
25716
25718
25720
25724
25726
25728
25729
25730
25742
25731
25732
25735
25737
25740
25741
25743
25745
25746
25749
25754
25755
25758
25759
25760
25762
25766
25769
25770
25773
25778
25779
25780
25782
25783
25784
25789
25790
25793
25794
25796
25801
25802
25804
25805
25807
25808
25811
25812
25813
25821
25822
25823
25824
25825
25828
25829
25834
25836
25837
25838
25839
25840
25842
25843
25846
25847
25848
25851
25852
25853
25855
25856
25857
25858
25860
25861
25862
25864
25866
25867
25868
25869
25870
25872
25873
25874
25875
25876
25877
25878
25879
25880
25881
25882
25883
25885
25886
25890
25891
25894
25896
25897
25901
25902
25904
25905
25906
25907
25909
25910
25911
25913
25914
25915
25916
25917
25918
25920
25921
25922
25924
25925
25927
25930
25931
25932
25935
25936
25938
25940
25942
25945
25946
25949
25951
25954
25955
25956
25958
25959
25960
25962
25963
25964
25966
25970
25971
25972
25978
25979
25981
25984
25988
25990
25991
25992
25993
25994
25997
25998
25999
26000
26001
26003
26004
26005
26006
26007
26008
26009
26010
26012
26013
26014
26015
26017
26018
26019
26020
26022
26023
26025
26026
26028
26030
26032
26033
26034
26035
26036
26039
26041
26043
26044
26046
26048
26050
26052
26055
26058
26060
26062
26063
26064
26066
26067
26070
26071
26076
26077
26078
26080
26081
26082
26083
26086
26087
26088
26093
26094
26096
26097
26098
26099
26102
26103
26105
26108
26118
26119
26120
26127
26130
26131
26134
26138
26143
26148
26149
26154
26159
26160
26162
26163
26166
26167
26168
26172
26180
26182
26184
26186
26189
26190
26191
26192
26204
26205
26206
26207
26209
26212
26213
26216
26217
26221
26223
26225
26226
26227
26231
26232
26233
26234
26236
26237
26238
26239
26241
26244
26250
26254
26257
26258
26260
26265
26266
26276
26267
26269
26274
26277
26279
26282
26283
26284
26286
26287
26289
26290
26305
26310
26313
26316
26319
26323
26324
26325
26326
26327
26328
26329
26331
26333
26336
26338
26342
26343
26344
26346
26348
26350
26351
26352
26353
26354
26357
26359
26360
26361
26364
26365
26366
26369
26375
26376
26377
26379
26381
26382
