2
3
1474
5667
6108
13582
6223
11024
9756
4
5
792
2738
3798
71
6
6194
7
171
7196
6270
782
8
270
21052
25331
661
92
5893
10
10322
11
740
63
15
8097
26053
16
16305
19000
26079
17472
2625
5127
18184
14505
11351
14861
10832
1233
723
15381
6326
3959
12574
13151
19
4928
3690
5043
632
543
20
2157
188
28
16000
385
17419
29
4000
7646
4390
31
5888
8973
1261
5401
5659
32
16804
17701
14762
555
1452
7922
1070
1332
53
12480
5829
582
7751
328
3787
1230
2515
5722
8674
4711
16877
17906
2293
5758
3745
708
4090
33
34
35
44
15438
45
2964
20566
46
47
50
51
5542
54
55
4324
3824
4499
3679
2526
56
699
58
60
62
12192
5110
70
456
75
76
83
89
8544
20338
91
93
13536
94
95
98
100
101
103
109
112
4422
114
115
3741
19413
117
118
123
125
128
8046
145
9180
9503
129
183
146
320
9624
6403
2827
5420
6453
1945
1946
474
148
149
150
152
158
161
12035
1672
1801
5133
3885
1837
3101
13808
7717
1457
8746
2269
6193
7096
7370
2101
7105
24773
1479
6858
11979
1613
15055
11221
214
6360
6493
224
18278
1766
491
17341
2417
12148
12144
1915
7420
6613
162
172
13862
20175
4919
986
174
175
182
4195
19694
200
201
7044
205
208
206
207
10583
18364
12618
13076
217
218
220
221
225
9911
7322
4637
8848
10112
2706
231
234
3217
235
236
237
10439
238
239
240
242
243
3861
245
247
248
288
833
20070
941
2801
2163
249
7230
590
252
256
257
20675
2932
262
264
269
5201
1058
271
1802
10669
6106
333
274
276
277
282
5669
290
296
297
298
300
302
303
3050
304
306
307
308
309
310
312
387
14466
315
321
322
324
327
331
335
337
338
341
344
342
348
7433
12458
5126
8807
351
352
353
358
359
360
394
363
364
368
373
375
376
378
379
380
381
384
23189
386
416
19585
20074
11916
3031
21073
6578
515
6486
5404
9405
3996
390
396
404
10276
1387
17004
3757
6257
405
697
763
3708
1336
7493
406
2073
5028
5424
4559
8051
1400
3838
408
409
4153
412
413
414
4039
415
19717
3478
15874
3859
6934
4506
17693
8225
3362
7588
3749
5084
9130
11307
8675
3504
5429
7990
6073
5182
8004
1334
7624
12940
1739
6477
6354
3667
11611
7776
3685
3686
1383
489
13676
9581
5361
3958
13303
11107
4222
417
418
419
426
427
428
2225
430
431
434
436
437
441
442
1193
10938
443
444
7503
445
4255
446
448
2296
506
449
929
450
530
5657
459
1551
462
2671
463
466
467
470
471
473
13355
790
16943
686
10145
1351
10323
7390
4470
476
477
478
481
482
4288
485
487
490
7246
492
493
494
496
497
8277
498
3786
4533
499
500
502
503
23545
507
1599
510
512
513
514
516
12813
6583
6101
517
12809
10356
598
6329
518
6599
3028
520
522
534
525
528
529
15924
532
17106
1227
10852
535
536
537
538
539
541
545
546
547
548
19891
6498
549
550
554
11808
556
7463
558
566
569
571
572
576
577
581
10235
585
3460
14492
607
2270
8829
588
3880
1155
589
1524
593
2654
594
997
595
596
597
21698
600
603
605
619
13607
22930
610
14840
1690
611
25196
612
25102
719
613
615
616
618
620
10949
621
622
1353
624
626
628
630
11520
4523
631
13100
12155
5190
633
7916
9998
10289
634
636
640
641
643
644
645
647
653
656
4038
662
664
665
666
670
671
672
6780
673
674
675
681
4393
683
9382
684
7762
1015
5123
689
691
692
694
695
805
698
707
710
711
713
718
21424
10051
24196
18982
24682
25004
3825
24690
13336
727
16450
734
736
738
739
745
749
751
752
753
754
755
757
758
7968
3495
11977
5298
5135
1362
4053
4695
764
766
769
770
15226
771
774
5036
3123
3290
2525
776
777
778
779
780
781
3688
783
785
791
5536
3971
6251
6065
5746
7286
5112
6443
6597
793
5965
19631
8509
15967
794
798
4232
799
800
7936
802
806
809
812
813
815
816
817
819
820
1266
823
11063
824
2608
825
826
10680
13322
832
11675
835
840
842
845
851
855
857
867
868
8855
872
873
4797
874
3934
876
883
885
887
889
891
892
894
898
899
900
902
13279
912
917
924
921
922
925
926
928
936
10774
938
1376
942
949
952
964
965
5045
967
969
15109
11125
8859
973
974
976
978
982
5769
1562
18365
983
993
995
999
1003
1004
1005
1006
1011
1021
1023
1027
1035
1036
1037
1285
1040
1046
1312
1299
1207
1048
1049
8962
1051
1052
1055
1057
2121
8284
5074
2844
1061
1064
1068
1071
1072
1073
1075
1080
9301
1083
1084
22562
18933
22712
1092
1096
8755
1097
1098
1099
1100
7094
6680
1101
1102
1106
1112
1113
1115
1116
1120
1121
1122
1126
1128
1130
16034
1132
1133
1134
1135
1137
1139
1140
1141
1142
1143
1144
1147
1150
7429
7174
3770
12536
1156
1160
1161
1162
1165
1172
17191
19851
1176
1178
1182
1185
1189
1192
24066
12374
1198
1200
1204
16617
2536
1211
1214
1215
5673
1216
3020
17838
12337
4020
9912
8121
16668
2815
1218
1222
1223
14811
1226
3165
1231
1232
1234
1236
1237
5054
1238
1242
1244
1245
17316
4865
6154
15601
5270
5919
1248
1249
1428
9557
10134
1251
1252
1254
1255
1258
2395
1265
1270
1273
3778
1274
1277
1281
3769
1288
1289
1290
1292
1296
1514
1302
1303
1307
1308
6031
1313
2712
1314
1316
7082
6969
6367
1320
1322
1323
1329
1330
1331
9041
1335
6897
1338
1340
1342
1343
1346
1349
1350
4742
3823
1354
1355
1358
1359
1364
1372
1375
25164
1377
1378
1384
15727
1392
1394
1396
1404
1406
1408
1409
1411
15873
1412
1416
5351
1418
1419
1425
7538
1427
3558
9519
23953
3109
22047
1431
1432
1433
1434
1435
1437
1438
1441
3145
4276
7798
1444
1446
1447
1448
1449
1450
1453
1454
1456
2071
1460
1464
1465
1467
1470
1473
1475
1480
1482
1483
1484
1492
1494
1498
1754
1503
1504
1506
1507
1508
1509
1510
1512
1513
1516
1518
1519
1521
2660
7031
22428
1525
1526
5703
1527
1529
1530
7049
15357
1534
1539
1540
1541
1542
17569
1544
1548
1550
4289
2467
1803
3308
6779
1560
8545
1563
1567
7760
4160
1572
5425
1574
1575
1581
1584
1586
1594
1741
1595
1596
1597
1600
1601
1603
1604
1606
1608
1612
1615
1621
1623
1627
1632
1634
1644
6117
12412
21726
1645
1646
2640
1648
1652
1655
1886
1667
1671
1674
1678
1680
1681
1682
1684
1687
1689
1691
1699
1706
1707
1708
1714
2765
1722
1733
8584
2592
1734
1738
15379
1743
1745
1750
1752
1753
1757
1758
1760
8340
1761
1762
1763
1764
4080
1765
1767
1769
1770
1771
1772
1775
1776
1778
1779
1780
1781
1784
1785
1787
1788
1792
1793
1794
1795
1796
1797
1798
1799
3962
25532
8887
1804
1806
1808
1810
1812
1813
1818
1821
1822
1823
1824
1825
1827
1828
1829
1830
1833
1839
1843
1848
1850
1854
1855
1856
24657
1860
1865
1867
1875
15669
1876
1884
1885
1887
15497
1889
1892
1894
1896
1901
1902
1903
20396
2330
1911
1917
1922
4137
3898
1934
1938
1944
1947
4987
1950
1953
1954
1957
1959
1973
1974
5100
1976
1977
13339
19183
4126
13093
1978
1979
3593
1991
2009
2010
6371
2011
2015
2017
4608
3384
2019
2022
2029
2031
2037
2050
2055
2058
2059
2063
2065
2066
2067
2070
2082
2085
2087
2090
2093
2104
2108
2118
21656
15541
20303
2130
13432
2144
2147
2148
2154
2156
10402
4111
3164
2169
2173
2175
2183
2185
2188
2208
2209
2214
4018
2216
2220
11487
2231
2234
2241
2253
2258
2267
9359
2275
2276
2281
10011
2298
2305
5136
9111
6898
5440
5979
19944
2307
2314
2316
2317
22854
2325
2331
2332
5087
2338
2343
2345
2349
3192
2355
2358
2364
2368
2371
2377
2379
11587
2388
4631
3993
5381
2759
3628
8498
5303
9031
4169
4692
11097
8295
25326
17781
7764
2389
2390
2393
2396
2397
9974
2399
2402
2403
2405
2406
2418
2430
19999
2434
2435
2437
5716
2439
2440
2441
2449
2451
3066
2455
2460
2462
2463
2464
2465
2466
8325
4944
8528
2468
2470
2473
2474
2481
2484
2486
2489
2497
2500
15303
2938
17532
14591
2501
2507
2513
5272
2514
5589
5426
2516
2519
2521
8834
3921
3960
2531
2532
2538
21124
2541
2542
2546
2549
20475
2553
2556
2558
2574
2577
2578
2580
2581
5896
4874
2584
2587
11007
2593
11516
2594
2600
2601
2607
2611
2617
2620
2621
2622
2626
2628
2633
2636
13228
19638
8119
8542
2641
2649
15249
3576
2650
2651
4976
13605
2653
2658
2659
4553
2661
2662
2665
2668
2670
2672
2674
2676
2683
14176
2686
2687
2691
2695
2697
2699
2700
2705
2709
2710
6063
2715
2717
2718
2720
2722
2725
2730
2737
2742
2743
2744
2746
2753
2756
2758
2761
2768
3496
2769
2770
2771
2772
2774
2776
2777
2779
2782
2792
2795
2797
3422
9056
5824
8429
8510
2811
2826
2828
2829
2831
2835
2837
2840
2842
2848
2849
2852
2853
14174
11801
4005
2854
2857
20846
2862
2868
2871
2872
2874
2876
7442
2887
2888
2890
2891
2893
2894
20379
2901
2903
2904
2907
2910
2914
2917
2919
2921
16273
2922
2924
2925
2926
2928
2933
2936
2937
2942
2943
2945
2955
2956
2957
2962
5263
2963
2965
10802
2975
2977
2982
2988
2990
2991
2996
3000
3006
3007
3013
3018
3019
3024
3025
3026
3030
3034
3039
3040
3041
3042
3043
3044
3045
3049
5771
3054
3056
3059
7435
3060
3062
3063
3065
15813
3069
3083
3087
3091
3097
3099
3103
5472
3110
5004
3111
3112
3114
6280
3124
3125
3128
3130
3138
3140
3141
3143
14578
3144
20826
3146
3147
3148
3149
3150
19323
5247
10815
3154
3155
11556
3156
3161
3162
21051
3171
3172
7460
3703
3173
3174
10254
7418
3176
3178
3179
3180
9397
3187
3191
3194
3195
3197
3199
3201
3202
3207
3215
3216
3226
18225
7889
3230
7229
3231
3239
3240
3241
3248
3251
3252
3256
3257
3260
3261
3262
3263
3264
3268
3269
3270
3274
3276
3279
3281
3282
3284
3286
3287
26240
8144
3289
7836
4469
3307
3309
3313
3314
3318
3321
3323
3324
3328
3329
3335
3336
19741
3339
3340
3341
3342
3350
3351
3356
3360
3361
3367
3368
3376
3385
21630
3389
3390
3393
3395
3397
3398
3426
3406
3408
3411
3412
3417
3419
3420
3421
6473
3425
15108
3433
3435
3437
3438
3444
3445
3447
3448
3449
5149
3743
10280
10037
9037
6183
3450
3451
3452
3455
3456
3459
3463
3470
3474
3477
3480
3482
3483
3484
3489
3492
6664
7497
3605
8662
10520
8661
3498
4143
3499
3502
21191
3505
3511
3512
3515
3518
3520
3521
3524
10992
3525
4959
3528
3530
3534
8080
3538
3540
13159
3542
3544
3545
3546
3548
14647
3550
3551
3552
3553
3554
3555
3556
3561
3562
3569
22510
3571
3574
3901
3580
3581
3582
3583
3584
3598
3600
3602
3609
3612
3614
3617
3618
3619
3620
3623
3627
20809
4461
3629
3631
3635
3637
3638
3639
3640
3641
3644
3645
3647
3648
3649
3650
3654
3655
3656
4338
3658
3659
3662
8672
4299
6076
3663
3668
3669
3670
3671
3673
3674
3676
3678
3681
8732
3683
3689
3692
3694
3695
8909
3696
8560
3698
3699
3700
3701
3702
3705
3707
7703
3711
3713
3714
3717
3719
3720
3721
3726
3731
3732
3734
3735
3736
3761
4248
3738
3739
3740
6157
3744
13836
3888
10358
3750
3753
3755
3756
7372
13044
8953
3758
3759
3762
3763
3764
3766
3768
3771
3772
3773
3774
3777
9035
3780
3785
3788
3789
3790
3791
3792
3793
3794
3796
3797
3800
3802
9748
3803
3806
3813
3815
3816
3817
3818
16584
3821
18568
3826
3832
3833
3836
3837
17201
10287
17499
3840
3843
3844
3845
3848
3851
3853
3856
3857
5058
12802
9160
5992
5738
3864
3866
3867
3872
3874
3875
3876
3878
3881
3884
3896
3886
3891
3899
3900
3902
3904
3911
3913
3914
6415
3918
3919
5421
3925
3926
3928
3929
3930
3931
3935
3936
3938
3939
3940
3945
3946
3951
3952
3953
3954
3955
3956
3957
4762
13475
11374
3963
3964
6951
16812
3965
3966
3967
3968
3970
3973
3975
5216
3976
3978
3979
3981
5436
6685
3984
3987
3988
3992
3995
6057
11068
15805
6857
4165
3998
4003
8926
4006
4007
4008
4013
4014
5496
4016
4019
4021
4022
4024
4028
4029
14494
4031
4032
4033
4036
4037
13250
4040
4041
4042
4043
4046
4047
4050
4051
4052
4054
4055
4056
10706
4057
4058
4059
4060
4061
4064
4065
4066
4067
4068
4073
8218
9887
4074
4078
5053
4079
4740
10198
4081
4082
4089
4091
4092
4097
4099
4103
9387
12941
4105
4106
4109
4112
4114
4116
4117
4118
4119
4121
4124
4125
22497
5257
4127
4129
4131
4133
4134
9603
4139
4140
4141
4144
4146
4148
4149
4152
4156
4157
4158
4159
4161
4164
4170
4171
4172
4173
19668
4175
4177
4179
4180
9814
7801
4181
4184
4187
4188
4190
4191
4194
4198
8676
12875
16860
4200
4202
4206
4207
4213
4214
4216
4217
4219
4221
11478
12812
12700
4225
4226
4227
12367
8733
4228
4231
4233
4234
5161
4236
4237
4243
4244
4245
4247
4249
4256
4257
21827
4260
4261
4262
12560
4267
4269
4270
4273
4277
4282
4287
4290
4294
4296
4297
4298
4974
4302
4304
4307
4790
4309
4310
4314
4316
4317
4320
4321
4322
10010
4325
12581
4326
4329
12566
4330
4332
4333
4334
4335
4336
4337
4339
4340
4341
4344
4345
4346
4347
4348
4349
4350
4353
4357
4358
4359
4362
4364
4368
4370
9510
4372
11533
4373
4377
4379
4380
4381
4382
4384
4385
4387
4391
4392
4395
4396
4399
4401
4402
4405
4408
4409
4411
4413
4414
4416
4418
4420
4421
4424
4428
4429
4430
4431
4433
4434
6212
9131
7076
4435
4436
4439
4441
4442
4443
4444
4445
5304
4447
4454
12008
4455
4456
4459
19726
19861
14767
4688
4462
4465
4467
4468
4471
4472
4473
19459
13451
4475
4477
11394
4478
4480
4482
4484
4490
4491
4492
25454
4495
4496
4497
4498
4500
4502
4504
4505
6731
5887
12757
4509
4510
4511
4513
4517
4518
22239
4521
4524
4527
4529
4530
4532
4534
4535
4536
4537
4538
4540
4541
4543
4544
4547
21315
4548
4549
4550
4551
5283
5470
4554
4555
4556
4557
4558
4561
4562
4563
4567
4568
4569
4570
4571
5946
4572
4573
4577
4579
4581
4582
4583
4584
4585
4586
4589
4590
4592
4594
4595
4600
4601
4603
4717
4605
4606
4607
4609
4611
4612
4614
4615
4617
4621
4622
4623
4625
4627
4628
22591
9348
4632
4635
4636
7698
4639
4640
4643
4648
4710
7207
13264
4653
4654
4655
4661
4663
4667
4669
4672
4673
4674
4677
4678
4682
4684
4694
4696
4697
4698
7797
4700
4701
4706
4708
4709
4719
4724
4725
4727
4731
4732
4733
4734
4735
4739
7660
7571
7735
5597
4741
7328
21225
4743
4744
4745
4746
4749
4750
16670
4753
4754
4755
4756
4757
13886
4758
4760
4761
5064
4764
4767
4768
4770
5320
14391
4771
8472
4772
4773
4782
4784
4787
4788
7553
19579
4791
4792
4793
4796
4801
21062
4805
4808
4809
4810
4811
4814
4818
4820
4821
4822
6437
4823
4825
4826
13720
7387
10030
9834
4827
4830
4831
4832
24632
4835
4840
4842
4843
4857
4858
4859
4863
4866
4867
4870
4875
4876
4877
4882
4884
4888
4889
4890
4895
4897
7819
4899
7083
4900
4902
4903
4907
4911
9793
24234
4912
4916
4917
20733
4922
4923
4927
4929
4930
4932
6376
4933
4936
4937
4938
4939
4940
4945
4947
4948
4950
4952
4953
4954
4960
4968
4969
4970
11180
9643
4975
4977
4978
4980
4981
4982
4983
4984
4986
4988
4989
4991
4992
4998
5003
5009
5010
5011
5012
21975
5013
11054
5014
5015
5016
5018
5020
5021
5022
5024
5026
18594
5029
5032
6292
5037
5039
5040
9677
5046
5047
5049
5050
5052
5055
5056
5057
15788
5059
5060
5061
5062
24501
5067
5071
5073
5076
5078
5079
5083
5088
5091
5094
5095
5096
5097
10162
5099
9256
5101
5106
5107
5108
5109
5111
5117
5119
5122
5125
25225
8235
8374
11496
17392
5234
9333
5130
5131
8381
5138
5139
5140
5144
5145
5147
5152
5155
5156
5157
5158
5159
5160
6845
5163
5869
5165
5166
5167
5168
5169
5171
5174
20428
5176
5181
5184
5186
5188
5189
6467
5191
5199
5192
5193
5194
5195
5196
10068
5203
5204
14328
5205
5207
5209
5210
5212
5213
5214
5217
5219
5220
5222
5224
5225
5228
5229
5230
5231
5232
5233
5235
5437
5239
5240
5241
5242
5243
5244
5246
11877
5249
5251
5253
5255
5256
21665
14066
5258
5260
5262
5264
16228
5823
5265
5268
5269
18401
5273
5274
5278
5282
6017
5284
5285
5286
5289
5290
5292
5293
5294
5296
5299
5301
5305
5307
5308
5311
5313
5314
5316
5317
5321
5323
5324
16807
7575
5328
5329
5331
5336
5337
5338
5340
5342
5344
5347
5352
5354
5355
5357
5358
5359
5360
5362
5363
5366
5367
5370
5371
5374
5375
5377
5379
5380
5385
5386
5387
5388
5389
5390
5394
5396
5397
5398
5400
10672
16798
5402
5403
11366
5405
5406
5408
5412
5415
5416
5418
5419
6711
7165
5423
7820
5428
5441
5442
5443
13319
5445
5448
5450
5451
5454
5455
5458
5462
5463
5465
5467
5471
5475
5480
5481
5482
5485
5488
5489
5491
5495
21392
13778
5497
5498
5499
5503
5504
5511
5512
5513
5519
5514
5515
5521
5531
5532
5534
5537
5541
7345
5543
5544
5545
5546
5547
5549
5550
5561
5562
5565
5572
5573
5574
5579
5580
5581
5582
5584
5585
5587
5590
5591
5592
5595
5598
5602
5604
5606
9678
5607
5608
5609
5610
5612
5614
17964
5616
5617
5624
5625
5626
5629
5632
5636
6400
11083
5637
5638
5639
5642
5644
5645
5648
5649
8422
5651
5652
5653
5654
5655
5656
5660
5662
9208
5663
5666
5670
5671
5674
5678
5679
5683
5685
5686
5687
5688
5691
5692
5693
5695
5697
5699
5700
5701
5704
5706
5710
5711
5719
5721
10363
5727
5728
9287
5729
5731
5732
7255
5739
5743
5874
5744
5751
5753
5755
5756
5763
5767
5859
5779
5768
20470
5770
5774
5775
5777
5778
5781
5782
5786
5789
5791
5792
5794
5795
5797
6022
6254
5798
5803
5807
5808
5810
5811
5813
5815
5818
5819
5822
5825
5826
5827
5831
5834
5835
5836
5839
5846
5847
5851
5852
5854
5856
5857
5861
5865
5866
5872
5875
11408
5876
5877
5878
5880
5884
5885
7563
5890
5892
5894
5897
5899
5900
5901
5902
5903
5907
5908
5910
5913
11075
5922
5926
5927
5931
5937
5938
5939
5940
5941
5942
5943
5945
5947
5950
5951
5952
5953
5954
5957
5958
5963
21651
5967
5968
5969
5970
5972
5974
5975
5977
5978
5981
10476
5982
5983
5989
5990
5993
5994
5995
5997
6001
6002
6003
6005
6007
6013
6014
6015
6018
6023
6025
6027
17834
17437
6028
6030
16558
6034
6035
6036
6039
6040
6041
6043
6044
6046
6047
6049
17449
7373
6051
6053
6055
6056
6058
6098
6060
6062
6064
8477
6067
6068
6069
6070
7383
6072
6079
6080
6082
6083
6084
6085
6090
6092
6095
6097
6099
6100
6105
6107
14886
6109
6110
6112
6113
6114
6116
6118
6123
6124
6125
6128
6129
6132
6133
6134
6136
6137
6138
6141
6143
6144
6146
6147
6625
6149
6150
13469
6155
6156
20462
6158
6159
22019
6160
6161
6165
6167
6169
6170
6171
6172
6174
6178
6180
6182
6184
6185
6186
6189
6191
6192
6195
6197
6199
6201
6202
6204
6205
6206
6208
6209
6210
6211
6218
6220
6221
6222
7778
6224
6225
6226
6227
6229
6230
6231
6579
6232
6233
6234
6237
6239
6242
8603
6243
6244
6245
6246
6247
6253
11186
13679
6258
6260
6261
6263
6267
6268
6269
6273
6274
6276
6277
6278
6279
6282
6283
6284
6285
6286
6288
6290
6291
6293
6294
6295
6298
6301
6302
6303
6309
6312
6313
6316
6317
6318
6319
6320
6322
6323
6324
6325
10586
6327
6328
22107
6330
6332
6333
6334
6335
6336
6337
6338
6339
6340
6341
6342
6344
6347
8694
6359
6349
6351
6353
6355
6357
6358
7188
9221
17494
6361
6362
6364
6366
6369
6370
6375
6379
6380
6382
6383
6389
6390
6391
6394
6396
6397
6399
6401
6402
6404
6409
6410
6412
20867
20868
6446
7221
6416
6417
6419
6420
6421
6422
6427
6435
6436
6441
6442
6444
6445
6448
6450
6451
6452
6454
6455
6456
6457
6459
6462
6464
6469
6471
6472
6474
6479
6481
6483
22048
14994
6487
6490
6492
6495
6499
6505
6507
6515
8087
6516
6517
6522
6523
6527
6529
6532
6537
6545
6549
6550
11709
6551
6555
6559
6561
6562
6565
6567
6568
6569
6570
6573
6574
6576
6577
6580
14666
6585
6587
6588
16864
6592
6596
6598
6600
6601
6603
6609
6610
6611
6614
6615
6618
6624
6629
6631
6633
6634
6635
6637
6640
6641
21107
6642
6646
6647
6659
6665
6666
6667
6669
6672
6673
6675
6678
6681
6684
12339
6686
6687
6689
6692
6694
6695
6697
7487
6701
6705
6706
6707
6709
6710
6716
6719
6721
6722
6723
6725
6726
6729
7066
6732
6734
6735
6739
6744
6748
6749
6752
6756
6757
6761
6763
6764
6765
6766
6772
6783
6785
9312
6786
6789
6791
6792
6795
6797
6800
7056
6801
6804
6806
6807
6808
6809
6810
6812
6813
6815
10343
6818
6820
7405
7023
7412
7407
6822
6823
6826
6828
6831
6833
6840
6847
6849
6851
6852
6856
11511
7512
6861
6865
6870
6871
6874
7294
6877
6885
6888
6892
6900
6901
6908
6913
6915
6916
6925
6926
6928
6935
6936
6938
6942
6944
6947
6948
6950
6952
6954
6957
6963
6966
6971
6973
6974
6976
6977
6984
6993
6994
6996
6997
16324
6998
6999
7000
7112
7172
7057
7002
7004
7005
7007
7008
7009
7013
7014
7015
7017
7018
7019
7022
7024
7025
7026
7027
18086
7029
7032
7033
7034
7035
7036
7037
7038
7039
7040
7041
7042
7043
8048
7045
7046
7047
7053
7058
7059
7060
7061
7062
7063
7064
7065
11584
7069
7070
7073
7075
9845
7077
7079
7271
7257
7086
7090
7091
7092
7093
7095
7100
7101
7102
7104
7106
7107
7110
7111
7342
7115
7119
7121
7123
7125
7126
7127
7131
7134
7136
7139
7142
7144
7145
7147
7150
7151
7152
7153
7154
7155
7156
7157
10525
7161
7162
7163
7164
7166
7168
7170
7173
7175
7177
7181
7182
7183
7185
7187
7191
7192
7193
7194
7195
9629
7197
7201
7202
7205
7206
7209
7210
7215
7216
7217
7219
7222
7224
7225
7227
7228
7233
7237
7239
7240
7242
7243
7244
11821
25197
7245
9579
7247
7248
7251
7253
7256
8445
7258
7261
7262
7263
7264
7265
7267
7269
21360
7272
7273
7274
7276
9011
7279
7607
7288
7289
7290
17743
7603
7297
7298
7299
7300
7302
7303
7304
7306
7308
7309
7310
7311
7313
7314
7316
7317
7319
7320
7324
7325
7327
7333
7335
7336
7337
7338
7339
7343
7346
7347
7348
7354
11472
7355
7358
7360
7362
7365
7367
7368
7369
7371
9725
9854
7375
7377
7379
7380
7382
15437
22897
9447
7389
7474
7392
7394
7395
7396
7400
7401
10395
7409
7411
24576
7419
7425
7427
7430
7431
7432
7436
7437
7440
7441
7443
7444
7447
7449
7450
7451
7453
7454
7458
7459
7461
7464
7466
7468
7470
7473
7476
7479
7480
7482
7484
7488
7489
7492
7496
25564
7501
7502
7505
13115
7514
7515
7517
7525
7528
7530
7532
7533
7536
7539
7541
7547
7548
7549
7550
7554
20684
7555
7556
7558
7559
7560
7562
10752
7564
7565
9065
7566
7568
7569
7572
7574
7579
7585
7586
7589
7590
7591
7595
7596
7601
7602
7605
7609
7610
7612
7614
7617
7618
7622
7623
7625
7628
7632
7633
7636
7639
7641
7642
7644
7647
7649
7650
7651
7653
7655
7656
7658
7659
7694
7662
7663
7664
7667
7668
7669
7674
7680
7684
7688
7693
7696
7697
7701
7702
7737
7704
7705
7707
7708
7709
7713
7714
7718
7721
7722
7723
7724
7728
7729
7730
7731
7734
7841
7738
7743
7748
7749
7752
7753
7754
7758
7759
7761
7765
7768
7769
7770
7772
7777
7780
7781
7782
7783
7786
7788
7791
7793
7794
7795
7799
7800
7804
7807
7808
7810
7812
7814
7815
7818
7822
7823
7825
7829
7830
7833
7835
7840
9307
7842
7843
7846
7847
7849
7851
7854
7855
7856
8502
7859
7864
7865
7866
7870
7871
7872
7877
7879
7881
7882
7884
7885
7888
7890
7891
7893
7894
7896
7898
9480
7899
7900
7901
7903
7904
7907
7908
7911
7913
7914
7918
7919
7921
7924
7925
7926
11585
14799
14803
7927
7933
7935
7938
7939
7941
7942
7943
7945
7951
7952
7953
7957
14624
8912
7961
7964
7966
7970
7972
8803
8922
7973
7974
7978
7980
7981
7982
7983
7984
14226
14491
7985
7986
7987
7988
7989
7991
7992
7993
7994
7995
7997
8001
8003
8007
8009
8010
8011
8013
8015
8016
8018
8019
8020
8023
8024
8025
8027
8028
8030
8031
8032
8034
8036
8037
8040
8041
8043
8045
8966
22621
8049
8052
14876
8852
8053
8054
8055
8056
8057
8058
8059
8063
8064
8065
8066
8067
8070
8071
8072
8073
8074
8075
8076
8077
8078
8079
8083
8084
8085
8086
8089
8090
8091
8092
8093
8094
8095
8100
8102
8103
8106
8107
8110
8111
8112
8114
8117
8118
8120
8122
8123
8124
8125
8126
8127
8128
8129
8131
8133
8134
8135
8136
8138
8140
8142
8143
8145
8146
8148
8856
8149
8150
8151
8153
8154
8155
8156
8157
8158
8159
8160
8161
8162
8163
8164
8165
8166
8167
8168
8169
8170
8171
8172
8173
8174
8175
8176
8177
8180
8181
8182
8183
8184
8185
8187
8188
8189
8190
8191
8192
8193
8194
8195
8197
8198
8199
8201
8202
8203
8204
8205
8206
8207
8208
8209
8212
8214
8215
8216
8217
8219
8220
8221
8222
8223
8224
8227
8228
8229
8230
8231
8232
8233
8234
13575
8236
8237
8238
8239
8240
8241
8242
8243
8244
8245
8246
8247
8248
8249
8250
8251
8252
8253
8254
8255
8256
8257
8258
8260
8263
8264
8265
8266
8267
8268
8269
8270
8271
8272
8274
8275
8276
8278
8279
8280
8281
8282
8283
8286
8287
8288
8289
8291
8292
8293
8294
8296
8297
8298
8299
8300
8301
8302
8303
8304
8305
8306
8307
8308
8309
8310
8311
8312
8313
8314
8315
8316
8317
8318
8319
8320
8321
8322
8323
8324
8326
8327
8330
8331
8332
8333
8334
8335
8336
8337
8338
8339
8341
8342
8343
8344
8345
8346
8347
8348
8349
8350
8351
8352
8353
8354
8355
8356
8357
11549
8358
8359
8360
8361
8362
8363
8364
8366
8367
8368
8369
8370
8371
8372
8373
8375
8376
8377
8378
8379
8380
8382
8383
8384
8385
8386
8387
8388
8389
8390
8391
8392
8393
8394
8395
8396
8397
8399
8400
8401
8402
8403
8404
8405
8406
8407
8408
8409
8411
8412
8413
8414
8415
8417
8418
8421
22551
8423
8424
8425
8426
8427
8428
8430
8431
8432
8433
8434
8435
8437
8438
8439
8441
8442
8443
8444
8446
8447
8448
8450
8452
8453
8454
8455
8456
8457
8458
8459
8461
8462
8464
8465
8466
8467
8468
8469
8471
8474
8475
8476
8478
8479
8480
8481
8482
8483
8484
8485
8486
8487
8488
8489
8490
8491
8492
8493
8494
8495
8496
8497
8499
8500
8501
8504
8505
8506
8507
8508
9933
8511
8512
8513
8514
8515
8516
8518
8519
8520
8521
8523
8524
8525
8527
8530
8531
8532
8533
8534
8539
8546
8547
8548
8549
8551
8552
8554
8555
8556
8558
8582
8559
8561
8562
8564
8565
8567
8568
8569
8570
8572
8573
8574
8575
8576
8578
8579
8580
8581
8583
8585
8587
8588
8589
8591
8592
8594
8595
8596
8598
8599
8601
8602
8604
8605
8608
8610
8611
8613
8615
8617
8618
8619
8620
8621
8622
8623
8625
8626
8629
8630
8631
8632
8633
12753
8635
8637
8643
8644
8646
8647
8648
8649
8650
8651
8652
8654
8655
8656
8659
8660
8665
8666
8667
9768
8669
8670
8671
8673
8677
8678
8680
8681
8682
8684
8685
8686
8687
8688
8689
8690
8691
8692
8693
8695
8697
8698
8699
8700
8702
8703
8704
8705
8706
8707
8709
8710
8712
8713
8715
8716
8718
8719
8720
8721
8722
8723
8724
8725
8726
8729
8730
8731
8735
8737
8738
8740
8741
8742
8744
8749
8750
8753
8754
8756
8757
8758
8759
8760
8761
8765
8766
8767
8769
8771
8772
8774
8775
8776
8779
8781
8782
8783
8784
8787
8788
8789
8790
8791
8793
8794
8795
8796
8798
8800
8802
8804
8805
8806
8808
8809
8811
8812
8813
8814
8817
8818
8820
20792
8823
8826
8828
8831
8832
8833
8835
8838
8841
8843
8846
8849
8850
8853
8854
8857
8858
17683
8860
8861
8863
8864
8865
8866
8867
8868
14587
8870
8871
8872
9785
8873
8875
8876
8877
8878
8879
8880
8882
8885
8886
8888
8889
8890
8891
8892
8893
8895
8897
8898
8899
8901
8902
8904
8905
8906
8907
8908
8910
8913
8914
8915
8916
8917
8920
8921
8923
8924
8925
8927
8928
8930
8931
8932
8933
8934
8936
8939
8942
8943
8946
8948
8949
8951
8952
8954
8956
8957
8958
18681
18621
8959
8960
8961
8964
8968
8969
8975
8977
8979
8981
8982
8983
8985
8986
8987
8989
8990
8991
8992
8994
8995
8996
8998
8999
9000
9001
9002
9004
9005
9006
9007
9008
9009
9010
9012
9013
9014
9016
9017
9019
9023
9024
9025
9027
9030
9032
9033
9034
10537
9038
9039
9042
9044
9045
9047
9048
9050
9051
9052
9054
9055
9057
9058
20942
9059
9060
9062
9063
9066
9067
9068
9070
9071
9072
9073
9074
9075
9077
9079
9080
9081
9082
9083
9085
9086
9087
9088
9090
9091
9092
9093
9094
9095
9099
9102
9103
9105
9106
9107
9109
9117
9118
9119
9120
9121
9123
9124
9125
9126
9128
9129
9134
9135
9136
9138
9139
9140
9142
9143
9144
9145
9149
9150
9151
9152
9154
9155
9156
9157
9158
9159
9161
9163
9164
9167
9169
9172
9173
9174
9176
9177
9178
22134
9184
9185
9186
20772
9187
9188
9192
9193
9194
9196
9197
9198
9200
9201
9202
9204
9205
9213
9214
9215
9217
9219
9220
9222
9227
9228
9230
9231
9232
9233
9234
9236
9237
9238
9239
9241
9242
9243
9246
9247
9249
9250
18871
9252
9254
9257
9259
9260
9261
9262
9265
9268
9269
9270
9271
9272
9273
9275
9276
9280
9281
9282
9284
9285
9286
14849
10505
9659
9409
10661
9330
17302
9289
9290
9292
9293
9294
9295
9297
9302
9303
9304
9305
13353
9306
9308
9309
9310
9311
9314
9315
15465
9316
9317
9318
9321
9322
9323
9329
9332
9334
9335
9338
9339
9343
11360
9344
9346
9347
9350
9353
9355
9356
9358
9360
9361
9362
9364
9365
9366
9367
9368
9369
9370
9375
9380
9381
9383
9384
9385
9386
9388
9389
9391
9394
9395
9396
9399
10056
9400
9401
9402
9403
9406
9407
9410
9411
9413
9414
9415
9416
9417
9419
9421
9422
9423
9425
9427
9428
9429
9430
9432
9433
9435
9438
9439
9440
9441
9442
9443
9444
9446
9448
9449
9454
9456
9458
9459
9461
9462
9464
9466
9467
9468
9469
9470
9471
9473
9474
9475
9476
9479
9481
9482
9483
9484
9485
9486
9488
9489
9490
9491
9492
13828
9493
9494
9495
9497
9499
9500
9501
9502
9505
9507
9508
9509
9511
9515
9516
9517
9518
9520
9521
9522
9523
9524
9525
9527
9529
9530
9533
9534
9535
9536
9537
9538
9539
14795
9542
9543
9545
9546
9547
9548
9549
9550
9552
9553
9554
9556
9559
9560
9561
9563
9564
9565
9567
9568
9569
9571
9573
9574
9575
9577
9578
9582
9583
9584
9586
14967
9587
9594
9595
9596
9597
9598
9599
9600
9601
9602
9604
9605
9606
9607
9608
9609
9610
9612
9613
9614
9615
9616
9618
9619
9620
9621
9622
9623
9625
9626
9724
9627
9628
9630
9631
9632
10451
9633
9634
9636
9637
9638
9640
9641
9642
9644
9645
9647
9648
9649
9650
9651
9653
9654
9655
9656
9657
9658
9660
9661
9662
9665
9666
9667
9668
9669
9671
9672
9673
9674
9676
9679
9680
9683
9685
9687
9688
9689
9690
14586
9692
9697
9698
9699
9700
9701
9703
9704
9705
9706
9707
9710
9711
9712
9713
9714
9715
9716
9717
9718
9719
9720
9721
23149
9726
9727
9728
9729
9731
9732
9734
9735
9736
9740
9742
9743
9745
9746
9747
9749
9750
9753
9754
9761
9763
9765
9766
9767
9769
9770
9771
9773
9775
9776
9777
9782
9783
15406
9784
9786
10133
9787
9788
9789
9790
9791
9794
9795
9796
9797
9798
9799
9800
9802
9803
9804
9805
9808
9809
9810
9811
9813
9817
9822
9824
9826
9827
9828
9830
9831
9832
9835
9836
9837
9838
9840
9841
9842
9844
9846
9847
9849
9850
9851
9852
9857
9858
9861
9862
9863
9864
9865
9866
9869
9870
9871
9872
9873
9874
9875
9876
9877
9879
9881
9882
9883
9884
9885
9886
9888
9890
9891
9892
9893
9894
9895
9896
9897
9898
9899
9901
9902
9903
9904
9905
9906
9908
9909
9910
9913
9914
9915
9919
9922
9923
9924
9925
9926
9927
9928
9929
9930
9931
9932
9934
9935
9936
9937
9938
9939
9940
9941
9942
9944
9945
9947
9948
9950
9951
9952
9954
9955
9957
9959
9960
9961
9964
9965
9966
9967
9968
9969
9970
9971
9972
9973
9975
9978
9979
9980
9981
9982
9984
9985
9986
9987
9988
9993
9994
9995
9996
18198
9999
10000
10001
10003
10004
10005
10006
10007
10009
10012
10013
10014
10016
10017
10018
10019
10020
10021
10022
10023
10024
10027
10029
10031
10033
10034
10035
10036
10038
10039
10041
10045
10046
10047
10050
10053
10057
10059
10060
10061
10067
12690
10069
10070
10072
10074
10075
10732
10078
10082
23294
10083
10084
10088
10089
10090
10094
10096
10097
10098
10099
10108
10110
10111
24381
10120
10125
10128
10129
10131
10135
10136
10139
10140
10142
10146
10152
10153
10154
10158
10159
10160
10161
12278
10163
10164
10165
12100
10170
10171
10173
10174
10177
10183
10186
10188
10189
10191
10192
10196
10200
10201
10202
10206
10210
10211
10212
10213
10215
10216
10218
10219
10220
10223
10246
10224
10225
10227
10228
10229
10234
10237
10238
10241
10244
10247
10248
10249
10253
10255
10258
10259
10261
10263
10269
10271
10272
10277
15763
10279
10281
10282
10283
10284
10285
10286
10290
10292
10294
10296
10297
10303
10305
10306
10682
10307
10311
10314
10320
10325
10327
10328
10329
10331
10332
10333
10334
10336
10338
10339
10340
19738
10341
10342
10345
10347
10349
10350
10351
10352
10353
10357
10360
10361
10362
10365
10370
10371
10373
10374
10375
10377
10378
10381
10382
10383
10386
10387
10388
10391
10394
10396
10397
10398
10399
10403
10405
10407
10408
10410
10411
10414
10416
10426
10427
10428
10429
10430
10433
10434
10435
10443
10444
10447
10453
10454
10455
10456
10457
10458
10459
10462
10463
10467
10469
10470
10471
10473
10474
10479
10483
10484
10488
10489
10490
10491
10492
10495
10500
10501
10503
10506
10509
10512
10514
10515
10516
10517
10518
10519
10521
10522
10526
10621
10527
10529
10530
10531
10534
10535
10538
10541
10542
10543
10544
10545
10548
10550
10552
10554
10555
10557
10560
10561
10563
10564
10565
10568
10573
10575
10576
10577
10579
10580
10581
10582
10585
10589
10591
10592
10593
10595
10597
10599
10600
10601
10602
10604
10606
10610
10617
10619
10620
10622
10629
10630
10632
10633
10634
10636
10638
10639
10641
10645
10648
10649
10650
10655
10656
10658
10660
10663
10675
10678
12728
10683
10685
10689
10690
10692
10694
10695
10700
10702
10703
10704
10705
10707
10708
10709
10710
10711
10712
10713
10714
10715
10716
10717
10719
10720
10721
10722
10723
10757
10724
10725
10726
10727
10728
10750
10731
10733
10734
10736
10737
10738
10739
10740
10742
10743
10744
10745
10746
10747
10748
10751
10754
10755
10756
10758
10759
10760
10763
10764
10766
10767
10768
10770
10771
10772
10773
10775
10776
10778
10779
10781
10782
10783
10784
10785
10786
10787
10789
10790
10791
10792
10793
10794
10795
10796
10797
10798
10799
10801
14083
10803
10804
10805
10806
10807
10808
10809
10810
10811
10812
10814
10816
10817
10818
10819
10820
10822
10823
10824
10825
10826
10827
10828
10829
10831
10834
10835
10836
10838
10839
10840
10841
10843
10844
10845
10846
10847
10848
10849
10850
10851
10853
10854
10855
10856
10857
10858
10859
10860
10861
10862
10863
10864
10865
10866
10867
10868
10869
10870
10871
10872
10873
10874
10875
10876
10877
10878
10879
10880
10881
10882
10883
10884
10885
10886
10887
10888
10889
10890
10891
10892
10893
10894
10895
10896
10897
10898
10899
10900
10901
10902
10903
10904
10905
10906
10907
10908
10909
10910
10911
10912
10913
10914
10915
10916
10917
10918
10919
10920
10921
10922
10923
10924
10925
10926
10927
10928
10929
10930
10931
10933
10934
10937
10940
10942
10943
10944
10947
10948
10952
10953
10954
10955
10956
10957
10958
10959
10960
10963
10964
10965
10966
10967
10968
10969
10970
10971
10972
10973
10976
10977
10978
10979
10980
10981
10984
10985
10986
10988
10989
10990
10991
10993
10994
10996
10997
10998
10999
11000
11002
11003
11004
11005
11006
11010
11011
11012
11014
11016
11017
11018
11019
11020
11021
11022
11023
11025
11026
11027
11028
11029
11030
11031
11032
11034
11035
11036
11037
11038
11040
11041
11042
11043
11044
11045
11047
11048
11049
11053
11057
11060
11061
11064
11065
11066
11067
11070
11071
11073
11074
11076
11077
11079
11081
11082
11084
11086
11087
11088
11091
11092
11093
11094
11098
11099
11100
11104
12241
11108
11110
11112
11113
11118
11119
11120
11121
11122
11123
11124
11129
11131
11132
11134
11137
11141
11146
11147
11148
11149
11150
11151
11152
11154
11158
11159
11160
11162
11165
13929
11169
11170
11178
11179
17600
11181
11182
11184
11185
11188
11192
11197
11200
11201
11202
11203
11204
11205
11206
11209
11214
11217
11218
11220
11222
11226
11228
11229
11232
11234
11236
11237
11238
11239
11241
11242
11243
11247
11248
11250
11252
11253
11255
11261
11262
11265
11271
11272
11273
11274
11275
11277
11281
11283
11285
11288
11289
11290
11293
11295
11297
11300
11301
11304
11306
11308
11309
11311
11313
11314
11315
11316
11322
11323
11327
11328
11329
11331
11332
11333
11337
11339
11341
11342
11343
11345
11346
11347
11348
11350
14358
11352
11353
11354
11355
11356
11357
11359
11361
11362
11364
11367
11368
11371
11372
11377
11378
11379
11382
11383
11384
11385
11386
11387
11388
11389
11390
11391
11392
11393
11395
11397
11399
11400
11401
11402
11404
11405
11407
11409
11411
11413
11414
11417
11418
11420
11421
11422
11424
11427
11428
11429
11432
11433
11434
11435
11436
11437
11439
11440
11441
11442
11444
11445
11449
11450
11452
11456
11458
11461
11462
11463
11465
11466
11467
11475
11479
11480
11481
11482
12119
11488
11492
11494
11498
11501
11502
11508
11509
11510
11514
11515
11517
11519
11521
11523
11526
11528
11529
11530
11531
11534
11536
11538
11539
11540
11541
11542
11543
11544
11545
11546
11547
11548
11550
11553
11554
11557
11562
11563
11564
11567
11569
11570
11571
11572
11573
11575
11576
11577
11578
11579
11580
11581
11582
11583
11586
11588
11589
11590
11592
11593
11594
11595
11598
11602
11603
11605
11606
11607
11608
11609
11610
11614
11616
11617
11618
13744
11620
11621
11622
11623
11625
11626
11629
11630
11631
11632
20570
11633
11636
11638
11641
11642
11643
11644
11645
11646
11647
11648
11649
11650
11651
11652
11653
11654
11655
11656
11658
11659
11661
11662
11663
11664
11667
11668
11669
11670
11671
11672
11676
11677
11678
11680
11681
11684
11685
11686
11688
11691
11693
11694
11695
11696
11697
11700
11701
11702
16701
11705
11706
11707
11712
11713
11714
11718
11721
11724
11725
11726
11728
11729
11730
11731
11732
11733
11734
11736
11738
11739
11742
11743
11744
11745
11746
11747
11750
11752
11756
11757
11761
11762
11763
11765
11767
11768
11769
11772
11774
11777
11778
11779
11780
11781
11782
11784
11786
11787
11788
11790
11791
11792
11793
11795
11797
11803
11805
11806
11807
11809
11810
11811
11812
11813
11814
11815
11817
11819
11820
24579
11822
11823
11824
11825
11826
11827
11828
11829
11830
11831
11833
11834
11836
11837
11839
11843
11844
11845
11847
11848
11849
11850
11851
11852
11854
11855
13437
11856
11857
11859
11863
11865
11866
11867
11868
11869
11870
11871
11872
11874
11875
11876
11878
11879
11880
11881
11882
11883
11884
11885
11886
11887
11888
11890
11892
11893
11894
11895
11896
11897
11898
11899
11900
11901
11902
11904
11905
11907
11908
11910
11912
11913
11917
12114
11919
11920
11921
11922
11923
11924
11925
11926
11927
11928
11929
11930
11931
11932
11933
11934
11935
11936
11937
11938
11940
11942
11943
11944
11945
11947
11948
11949
11950
11951
11952
11953
11956
11958
11959
11960
11961
11962
11963
11964
11965
11966
11967
11968
11970
11971
11972
11973
11974
11975
11976
11981
11982
11984
11986
11989
11990
11991
11992
11993
11994
11995
11996
11998
12000
12002
12003
12005
12009
12010
12014
12017
12018
12019
12020
12021
12022
12023
12024
12026
12027
12028
12029
12030
12031
12032
12039
12041
12043
12044
12046
12047
12048
12049
12050
12052
12053
12055
12059
12066
12067
12070
12071
12072
12073
12074
12075
12076
12077
12078
12079
12080
12082
12083
12085
12086
12090
12091
12093
12094
12095
12096
12099
12101
12104
12107
12109
12112
12118
12120
12122
12124
12127
12128
12129
12132
12133
12134
12135
12136
12139
12140
12141
12142
12143
12145
12146
12149
12151
12153
12154
12156
12157
12159
12160
12161
12164
12165
12166
12167
12170
12171
12172
12173
12174
12175
12179
12180
12182
12183
12184
12185
12189
12190
12191
12194
12195
12196
12204
12206
12209
12210
12211
12213
12215
12217
12219
12221
12223
12224
12226
12227
12229
12230
12231
12233
12234
12235
12238
12239
12240
12242
12243
12246
12248
12249
12251
12252
12254
12255
12257
12258
12259
12260
12268
12269
12271
12272
12273
12274
12275
12277
12281
12283
12284
12286
12287
12467
12288
12292
12293
12295
12296
12297
12298
12299
12301
12302
12305
12306
12308
12310
12311
12313
12315
12316
12318
12320
12321
12324
12331
12332
12334
12335
12336
12338
12342
12343
22664
12344
12345
12346
12350
12351
12354
12356
12357
12359
12361
12362
12364
12368
12371
12372
12373
12375
12377
12378
12384
12386
12389
12392
12393
12396
12397
12398
12400
12401
12404
12408
12409
12410
12411
12414
12416
12417
12419
12422
12425
12427
12430
12431
12432
12434
12437
12438
12440
12442
12443
12444
12445
12446
12447
12450
12451
12453
12454
12455
12456
12457
12461
12462
12463
12464
12465
12466
15306
12469
12470
12472
12473
12474
12476
12477
12478
12479
12482
12483
12484
12485
12487
12492
12499
12501
12502
12503
12504
12505
12508
12509
12511
12512
12513
12514
12515
12516
12517
12518
12519
12525
12526
12527
12528
12529
12530
12534
12535
12538
12539
12540
12542
12544
12545
12548
12550
12553
12554
12555
12556
12559
12561
12562
12571
12572
12573
12575
12576
12577
12578
12579
12582
12583
12585
12587
12593
12598
12600
12601
12608
12609
12613
12614
12617
12622
12623
12626
12628
12629
12630
12635
12637
12640
12642
12643
12644
12646
12649
12650
12655
12659
12660
12662
12663
12664
12667
12668
12669
12670
12672
12673
12674
12678
12679
12684
12685
12687
12692
12694
12696
12701
12702
12704
12705
12708
12709
12711
12713
12715
12718
12721
12722
12727
12729
12732
12734
12739
12743
12744
12745
12749
12751
12754
12758
12759
12760
12761
12762
12763
12765
12766
12769
12770
12772
12779
12782
12784
12785
12787
12788
12791
12794
12796
12797
12798
12799
12801
12803
12806
12807
12808
14660
12811
12814
12815
12818
12819
12820
12821
12822
12823
12824
12826
12828
12830
12835
12836
12837
12838
12839
12840
12841
12843
12844
12845
12846
12848
12850
12851
12854
12861
12865
12867
12869
12870
12871
12874
12877
12879
12880
12882
12885
12886
12888
12890
12891
12892
12894
12897
12898
12900
12902
12903
12905
12907
12908
12910
12911
12914
12915
12916
12917
12918
12919
12920
12922
12923
12926
12927
12928
12932
12934
12937
12939
12943
12944
12947
12949
12952
12955
12961
12963
12964
12965
12966
12969
12970
14220
13838
12971
12972
12974
12975
12977
12981
12982
12984
12986
12990
12992
12993
12994
12996
12997
12999
13000
13002
13004
13005
13008
13009
13010
13012
13013
13016
13017
13018
13022
13023
13025
13026
13029
13030
13033
13034
13035
13038
13042
13043
13050
13052
13054
13064
13065
13066
13067
13069
13096
13075
13077
13079
13086
13087
13088
13094
13095
13098
13099
13107
13110
13119
13122
13123
13124
13127
13132
13133
13134
13135
13136
13138
13141
13142
18030
13152
13153
13154
13155
13160
13161
13162
13167
13168
13171
13172
13173
13174
13175
13176
13180
13181
13184
13186
13192
13202
13204
13205
13206
13207
13208
13212
13215
13217
13219
13220
13221
13222
13226
13227
13551
13229
13230
13233
13234
13237
13238
13240
13243
13244
13245
13247
13251
13252
13253
13257
13258
13259
13262
13263
13266
13267
13268
13270
13271
13274
13275
13276
13277
13278
13280
13282
13284
13286
13288
13289
13294
13295
13298
13300
13302
13306
13309
13311
13317
13318
13321
13323
13325
13326
13327
13331
13337
13340
13342
13345
13347
13348
13349
13354
13357
13363
13366
13369
13371
13374
13376
13379
13380
13384
13385
13387
13392
13394
13395
13401
13402
13403
13405
13411
13417
13420
13424
13427
13429
13431
13433
13435
13436
13440
13441
13442
13443
13444
13446
13448
13450
13453
13454
13456
13462
13463
13464
13465
13466
13468
13471
13472
13474
13478
13479
13480
13481
13483
13485
13486
13488
13490
20887
13493
13496
13497
13498
13502
13503
13504
13507
13511
13514
13518
13519
13520
13521
26169
13523
13527
13529
13535
13538
13539
13542
13546
13547
13548
13549
13550
13552
13556
13564
13565
13566
13567
13569
13570
13576
13580
13586
13588
13589
13590
13592
13595
13596
13598
13602
13603
13604
13606
13608
13609
13611
13612
13614
13616
13620
13621
13623
13625
13627
13629
13630
13632
13636
13639
13640
13641
13642
13726
13644
13645
13646
13647
13649
13650
13652
13653
13654
13657
13909
13661
13663
13664
13665
13666
13669
13671
13672
13674
13680
13683
13686
13689
13695
13696
13697
13698
13699
13701
13703
13705
13706
13707
13712
13715
13717
13718
13722
13723
13725
13727
13728
13732
13734
13735
13739
13741
13743
13749
13750
13751
13752
13753
13756
13757
13759
13761
13771
13774
13775
13779
13781
13782
13785
13786
13789
13793
13798
13799
13800
13803
13804
13811
13812
13813
13814
13815
13820
13825
13827
13829
13830
13831
13832
13835
13837
13839
13840
13842
13847
13851
13852
13853
13861
13864
13870
13872
13873
13874
13879
13880
13888
13889
13890
13901
13902
13904
13910
13911
13912
13924
13925
13926
13927
13928
13931
13933
13934
13936
13937
13938
13940
13941
13942
13943
13944
13945
13947
13951
13962
13967
13969
13970
13975
13976
13977
13985
13988
13995
13997
14000
14001
14002
14004
14005
14007
18119
19312
14008
14009
14010
14011
14012
14018
14023
14025
14028
14034
14037
14038
14039
14042
14043
14045
14047
14050
14051
14052
14053
14056
14058
14061
14064
14065
14072
14073
14075
14076
14078
14126
14079
14081
14082
14085
14086
14087
14089
14090
14092
14093
14094
14095
14100
14107
14109
14112
14113
14117
14118
14119
14120
14123
14124
14125
14127
14128
14130
14132
14135
14136
14137
14138
14146
14147
14153
14154
14161
14166
14169
14171
14173
14177
14180
14181
14184
14186
14187
14192
14193
14194
14195
14198
14199
14201
14205
14206
14207
14208
14210
14213
14214
14222
14223
14224
14227
14229
14231
14232
14234
14239
14244
14247
14248
14249
14252
14253
14254
14258
14259
14261
14262
14264
14265
14266
14267
14268
14269
14271
14273
14277
14278
14279
14280
14283
14284
14285
14287
14288
14289
14290
14291
14293
14294
14296
14297
14300
14302
14304
14305
14307
14308
14309
14310
14311
14312
14313
14317
14318
14321
14322
14323
14324
14325
14326
16279
14329
14330
14331
14334
14335
14336
14337
14339
14340
14341
14342
14343
14344
14345
14347
14349
14351
14352
14353
14355
14356
14357
14359
14360
14361
14363
14365
14366
14367
14369
14372
14375
14379
14380
14381
14382
14383
14384
14385
14386
14387
14389
14390
14393
14394
14395
14396
14397
14400
14403
14405
14408
14410
14411
14413
14415
14417
14418
14420
14422
14423
14424
14425
14426
14429
14432
14433
14435
14436
14437
14439
14440
14441
14443
14444
14445
14447
14448
14449
14452
14453
14455
14456
14457
14459
14461
14462
14464
14467
14468
14472
14473
14474
14475
14476
14477
14479
14480
14481
14482
14483
14489
14496
14498
14502
14503
14506
14509
14510
14511
14517
14520
14521
14525
14526
14527
14530
14531
14532
14533
14534
14536
14537
14540
14542
14545
14546
14549
14553
14558
14560
14562
14563
14564
14569
14570
14572
14573
14574
14575
14576
14577
14579
14581
14582
14583
14585
14589
14593
14594
14595
14596
14597
14599
14600
14601
14602
14604
14606
14607
14608
14609
14610
14611
14612
14613
14614
14615
14616
14617
14618
14619
14620
14623
14625
14626
14627
14629
14633
14634
14636
14637
14639
14640
14641
14642
14643
14644
14645
14648
14649
14650
14651
14655
14656
14657
14659
14661
14663
14664
14665
14669
14670
14671
14672
14677
14678
14683
14687
14688
14689
14690
14691
14697
14698
14703
14705
14707
14708
14709
14713
14714
14717
14721
14724
14726
14727
14728
14730
14733
14734
14735
14738
14739
14742
14747
14748
14749
14750
14752
14754
14757
14758
14763
14770
14771
14772
14779
14780
14785
14790
14794
14796
14797
15401
14808
14809
14815
14816
14820
14822
14824
14825
14827
14828
14830
14831
14833
14836
14838
14845
14847
14848
14851
14852
14855
14856
14857
14858
14860
14862
14863
14866
14868
14869
14870
14872
14873
14874
14878
14881
14882
14887
14888
14892
14893
14898
14901
14902
14905
14907
14908
14909
14910
14911
14913
14919
14920
14921
14922
14925
14931
14932
14933
14934
14938
14939
14940
14944
14949
14952
14958
14959
14961
14962
14963
14966
14972
14973
14974
14979
14981
14982
14984
14990
14992
14996
14998
15003
15004
15006
15007
15008
15011
15012
15016
15017
15018
15021
15025
15026
15028
15034
15036
15042
15045
15047
15053
15054
15059
15063
15066
15067
15068
15071
15074
15079
15080
15083
15085
15086
15090
15092
15093
15094
15096
15102
15103
15105
15106
15112
15113
15115
15116
15117
15118
15124
15125
15127
15133
15134
15139
15141
15143
15144
15150
15151
15154
15158
15159
15163
15164
15165
15166
15168
15174
15176
15177
15179
15181
15185
15186
15188
15193
15196
15198
15199
15202
15205
15207
15213
15215
15216
15218
15219
15225
15229
15230
15231
15232
15233
15236
15237
15239
15241
15244
15247
15248
15252
15253
15255
15256
15258
15260
15268
15269
15270
15272
15279
15285
15291
15294
15296
15297
15304
15305
15312
15313
15316
15317
15319
15320
15321
15322
15323
15324
15326
15329
15335
15337
15341
15344
15350
15355
15362
15372
15374
15376
15377
15382
15383
15384
15387
15392
15393
15398
15400
26195
15408
15409
15413
15415
15416
15420
15422
15425
15431
15433
15439
15449
15452
15459
15462
15463
15464
15467
15470
15471
15477
15490
15492
15493
15494
15498
15499
15500
15502
15504
15505
15510
15511
15514
15515
15516
15517
15519
15523
15527
15529
15530
15531
15535
15536
15538
15543
15548
15549
15552
15553
15558
15559
15560
15565
15572
15580
15582
15583
15584
15586
15589
15594
15602
15607
15610
15614
15622
15625
15627
15628
15630
15632
15636
15637
15638
15639
15650
15651
15656
15659
15662
15666
18939
15670
15672
15676
15677
15679
15680
15681
16518
15682
15686
15688
15709
15719
15720
15729
15736
15738
15749
15751
15758
15768
15776
15777
15778
15779
15783
15784
15790
15798
15806
15808
15810
15815
15819
15821
15822
15823
15826
15827
15829
15836
15838
15845
15850
22326
21631
15851
15853
15866
15870
15871
17181
15876
15878
15886
15892
15898
15899
15900
15902
15907
15921
15927
15929
15945
15948
15949
15954
15957
15965
16999
21543
15968
15973
15976
15977
15979
15981
15985
15987
15990
15991
24636
16003
16005
16006
16009
16011
16012
16015
16024
16025
16027
16029
16030
16031
22225
16032
16036
16041
16042
16046
16051
16054
16058
16060
16073
16077
16084
16085
16086
16089
16090
16096
16097
16099
16100
16102
16106
16108
16109
16112
16121
16123
16124
16126
16127
16132
16133
16134
17410
16135
16136
16138
16139
16145
16150
16151
16154
16156
16161
16162
16165
16166
16167
16169
16171
16172
16174
16184
16189
16190
16193
16197
16200
16201
16206
16207
16214
16215
16218
16219
16222
16223
16224
16230
16231
16232
16233
16237
16322
16238
16239
16242
16243
16244
16245
16246
16247
16248
16249
16250
16253
16259
16261
16262
16263
16266
16275
16276
16284
16285
16287
16289
16290
16291
16292
16294
16296
16306
16309
16312
16313
16315
16323
16326
16329
16333
16336
16338
16340
16341
16342
16343
16344
16345
16346
16347
16348
16349
16351
16352
16354
16356
16360
16364
16366
16370
16372
16373
16375
16378
16381
21336
16382
16384
16387
16396
16397
16399
16400
16402
16407
16410
16411
16412
16423
16428
16430
16434
16435
16436
16441
16443
16444
16445
16447
16448
16449
21835
23230
16452
16455
16458
16459
16461
16464
17440
16467
16471
16474
16475
16477
16478
16479
16480
16482
16483
16484
16494
16495
16496
16498
16502
16503
16504
16508
16512
16513
16515
16517
16519
16522
16523
16525
16526
16531
16532
16534
16539
16541
16550
16556
16557
16560
16561
16562
16563
16564
16565
16567
16577
16578
16582
16590
16593
16595
16597
16598
16599
16606
16611
16613
16614
16616
16623
16624
16625
16630
16631
16633
16634
16635
16637
16642
16650
16651
16653
16658
16659
16661
16663
16665
16666
16667
16669
16671
16674
16681
16682
16684
16685
16686
16687
16690
16691
16692
16693
16694
16695
16696
16697
16699
16700
16704
16705
16707
16709
16711
16713
16716
16717
16723
16725
16726
16727
16731
16732
16733
16734
16740
16752
16754
16757
16758
16765
16771
16787
16792
16800
16801
16803
16805
16808
16809
16816
16818
16826
16830
16831
16835
16836
16840
16841
16844
16846
16850
16854
16859
16861
16865
16871
16872
16874
16875
16876
16879
16880
16881
16884
16886
16888
16890
16895
16897
16903
16908
16910
16911
16912
16913
16914
16915
16916
16918
16919
16920
16921
16922
16924
16925
16926
16927
16928
17877
16929
16930
16933
16934
16935
16937
16939
16940
16944
16945
16948
16949
16950
16952
16954
16955
16957
16958
16959
16960
16961
16962
16963
16964
16965
16969
16970
16971
16974
16975
16977
16979
16981
16982
16983
16985
16988
16990
16991
16993
16994
16995
16998
17000
17001
17002
17007
17008
19236
17012
17013
17014
17015
17016
17018
17019
17023
17026
17027
17034
17035
17041
17043
17044
17045
17048
17051
17052
17054
17057
17059
17060
17061
17063
17064
17068
17069
17070
17074
17075
17078
17091
17094
17096
17100
17103
17107
17108
17111
17114
17115
17116
17117
17126
17127
17129
17134
17136
17138
17139
17147
17148
17149
17152
17153
17154
17156
17158
17159
17160
17162
17165
17166
17167
17168
17169
17176
17177
17180
17182
17184
17186
17189
17190
17193
17194
17195
17197
17204
17205
17209
17211
17221
17224
17225
17229
17230
17231
17234
17235
17241
17242
17243
17245
17256
17260
17265
17271
17272
17273
17275
17280
17282
17284
17287
17289
17290
17291
17292
17293
17295
17299
17300
17301
17304
17306
17307
17308
17309
17319
19320
17320
17321
17322
17323
17327
17330
17331
17335
17336
17337
17340
17345
17347
17353
17354
17356
17358
17360
18540
17361
17362
17365
17366
17373
17375
17376
17377
17379
17382
17388
17393
17394
17399
17407
17409
17411
17416
17417
17421
17422
17423
17427
17428
17429
17433
17435
17436
17439
17441
17442
17443
17444
17446
17447
17448
17453
17460
17739
17864
17555
17716
17482
17484
17486
17491
19157
20847
17500
17501
17502
17509
17510
17515
17521
17726
17522
17525
17540
17546
17549
17552
17554
17557
17560
17563
17565
17567
17568
17570
17571
17573
17576
17580
17582
17583
17585
17586
17588
17589
17590
17592
17596
17599
17602
17605
17606
19994
17607
17609
17611
17612
17615
17616
17618
17626
17629
17630
17631
17634
17635
17638
17639
17642
17643
17644
17647
17650
17654
17656
17658
17662
17663
17666
17667
17672
17673
17676
17679
17681
17686
17695
17696
17698
17702
17705
17706
17707
17709
17713
17719
17721
17722
17724
17725
17727
17728
17729
17730
17731
17732
17735
17736
17737
17740
17742
17746
17747
17752
17756
17757
17758
17761
17762
17763
17768
17769
17770
17772
17774
17775
17778
17780
17782
17785
17786
17787
17791
17792
17793
17794
17795
17800
17804
17806
17807
17809
17810
17811
17812
17813
17815
17816
17817
17818
17819
17820
17821
17822
17823
17824
17825
17826
17827
17828
17830
17831
17832
17833
17835
17841
17843
17846
17847
17848
17849
17853
17854
17855
17856
17857
17858
17859
17861
17862
17863
17867
17868
17869
17871
17873
17874
17875
17883
17884
17888
17889
17891
17893
17894
17895
17896
17897
17900
17904
17914
17917
17919
17926
17931
17934
17935
17939
17945
17946
17947
17949
17950
17953
17955
17957
17958
17965
17969
17970
17971
17972
17973
17977
17979
17982
17984
17989
17991
18013
18018
18020
18021
18023
18024
18025
18027
18028
18032
18035
18037
18042
18049
18052
18055
18063
18068
18070
18073
18076
18080
18081
18082
18087
18088
18089
18096
18098
18105
18106
18107
18109
18110
18114
18116
18117
18123
18125
18127
18128
18129
18135
18137
18139
18143
18146
18147
18148
21525
18149
18153
18156
18158
18160
18163
18164
18167
18172
18174
18177
18186
18189
18192
18193
18197
18200
18202
18204
18211
18214
18215
18220
18223
18228
18239
18240
18248
18253
18254
18256
18266
18267
18268
18269
18272
18273
18276
18282
18283
18288
18289
18290
18293
18295
18297
18298
18300
18301
18308
18311
18319
18321
18322
18327
18328
18330
18331
18332
18334
18337
18341
18342
18344
18345
18357
18359
18366
18367
18368
18372
18375
18376
18388
18389
18392
18394
18396
18400
18406
18412
18413
18418
18426
18432
18435
18436
18442
18444
18448
18449
18450
18452
18454
18457
18461
18466
18469
18473
18474
18476
18477
18479
18481
18482
18485
18489
18493
18495
18501
18503
18511
18514
18519
18521
18526
18527
18528
18530
18531
18532
18534
18542
18543
18544
18545
18546
18547
18550
18551
18554
18555
18556
18557
18558
18563
18566
18567
18569
18570
18572
18574
18578
18582
18584
18586
18587
18588
18592
18593
18595
18601
18604
18605
18606
18607
18609
18610
18613
18620
18625
18627
18629
18631
18632
18636
18637
18640
18641
18644
18645
18657
18658
18662
18668
18673
18674
18676
18677
18678
18687
18688
18702
18708
18723
18733
18734
18746
18747
18748
18749
18751
18761
18764
18772
18776
18778
18779
18789
18794
18818
18824
18829
18832
18833
18839
18841
18843
18847
18860
18869
18874
18875
18876
18877
18879
18901
18907
18912
18918
24405
18925
18926
18929
18930
18932
18935
18936
18941
18947
18949
18962
18963
18964
18967
18968
18969
18972
18974
18975
18979
18981
18984
18987
18989
18994
18995
18998
19008
19011
26051
19019
19023
19030
19033
19042
19043
19046
19047
19053
19059
19064
19070
19077
19082
19086
19087
19092
19099
19104
19106
19110
19111
19112
19116
19117
19119
19120
19123
19133
19135
19140
19151
19152
19153
19156
19161
19163
19164
19165
19169
19170
19176
19179
19180
19184
19185
19187
19190
19196
19207
19210
19220
19226
19239
19241
19244
19261
19265
19267
19270
19274
19276
19277
19282
19285
19290
19292
19293
19298
19299
19303
19305
22792
19314
19321
19322
19325
19331
19335
19336
19338
19342
19343
19344
19345
19348
19349
19350
19352
19353
19354
19360
19362
19363
19367
19369
19380
19381
19387
19389
19390
19391
19393
19396
19397
19400
19401
19403
19405
19407
19409
19411
19412
19416
19418
19420
19422
19424
19425
19431
19432
19435
19440
19441
19442
19444
19445
19446
19448
19451
19452
19455
19461
19463
19465
19466
21447
19472
19473
19478
19483
19486
19488
19491
19498
19504
19505
19506
19507
19513
19517
19518
19521
19525
19530
19533
19535
19536
19537
19540
19544
19545
19547
19551
19552
19555
19557
19558
19563
19567
19569
19571
19572
19573
19577
19580
19583
19588
19589
19590
19591
19592
19597
19600
19602
19603
19605
19607
19609
19612
19614
19620
19621
19625
19626
19629
19630
19634
19636
19637
19639
19640
19652
19654
19655
19656
19657
19660
19661
19664
19666
19672
19673
19674
19675
19677
19678
19680
19681
19682
19683
19684
19685
19686
19687
19688
19691
19695
19696
19700
19701
19702
19704
19705
19709
19710
19712
19713
19720
19729
19731
19732
19735
19736
19737
19739
21211
19743
19744
19752
19755
19756
19758
19761
19762
19763
19767
19768
19770
19772
19774
19778
19780
19782
19790
19791
19792
19795
19802
19803
19804
19806
19810
19811
19812
19813
19818
19819
19820
19821
19822
19827
19828
19829
19833
19836
19837
19838
19840
19842
19843
19845
19849
19852
19853
19854
19855
19856
19862
19864
19866
19869
19871
19872
19877
19878
19879
19880
19882
19883
19885
19889
19890
19893
19901
19903
19904
19905
19910
19912
19913
19915
19917
19919
19920
19923
19925
19929
19930
19932
19933
19936
19940
19942
19943
19946
19951
19955
19957
19967
19968
19970
19972
19978
19979
19982
19983
19984
19987
19988
19990
19991
19992
19993
19995
19996
20000
20001
20002
20009
20011
20013
20017
20018
20019
20020
20022
20029
20030
20031
20032
20033
20034
20036
20037
20038
20039
20046
20048
20050
20053
20054
20055
20057
20062
20063
20065
20069
20076
20080
20081
20084
20085
20087
20088
20089
20091
20102
20103
20104
20105
20106
20108
20109
20112
20113
20114
20116
20117
20119
20120
20121
20122
20126
20130
20133
20134
20137
20138
20143
20446
20145
20146
20147
20148
20154
20159
20160
20163
20164
20165
20166
20167
20168
20169
20170
20171
20174
20176
20177
20178
20179
20180
20182
20183
20184
20185
20190
20191
20192
20193
20194
20196
20197
20199
20201
20205
20206
20207
20209
20210
20211
20214
20216
20218
20220
20221
20224
20227
20231
20234
20235
20236
20237
20240
20246
20248
20249
20250
20252
20253
20254
20255
20258
20259
20260
20266
20270
20276
20280
20286
20288
20289
20293
20296
20297
20305
20306
20311
20312
20313
20314
20318
20319
20320
20321
20323
20326
20336
20337
20339
20340
20341
20343
20346
20349
20350
20351
20352
20354
20355
20357
20359
20361
20362
20363
20371
20373
20375
20377
20378
20383
20385
20387
20388
20389
20392
20393
20395
20403
20404
20406
20408
20409
20411
20412
20413
20414
20419
20420
20422
20424
20434
20438
20440
20441
20442
20449
20450
20451
20452
20453
20454
20455
20456
20459
20460
20464
20466
20469
20471
20472
20487
20478
20480
20482
20483
20485
20488
20493
20495
20497
20498
20499
20500
20503
20507
20508
20510
20513
20514
20518
20521
20523
20524
20525
20527
20530
20532
20535
20536
20539
20542
20545
20547
20548
20550
20552
20559
20562
20563
20572
20573
20574
20575
20577
20579
20580
20581
20585
20590
20591
20592
20593
20597
20599
20601
20605
20607
20608
20609
20610
20611
20612
20614
20617
20620
20621
20626
20627
20628
20629
20630
20631
20633
20634
20635
20636
20640
20646
20647
20648
20650
20652
20654
20655
20661
20662
20667
20668
20671
20674
20677
20678
20679
20683
20685
20690
20691
20693
20694
20695
20696
20703
20706
20707
20708
20711
20713
20715
20717
20720
20722
20726
20728
20730
20735
20736
20737
20738
20740
20743
20745
20746
20749
20754
20757
20759
20761
20762
20764
20765
21098
20769
20770
20771
20773
20774
20778
20782
20783
20784
20788
20789
20794
20795
20798
20799
20800
20802
20804
20807
20808
20810
20811
20812
20813
20979
20814
20815
20820
20821
20823
20824
20825
20827
20828
20829
20830
20831
20834
20835
20837
20838
20839
20841
20842
20844
20845
20848
20850
20851
20852
20854
20855
20856
20857
20860
20861
20864
20865
20866
20873
20874
20875
20876
20877
20879
20880
20881
20883
20884
20889
20890
20891
20893
20894
20895
20896
20898
20899
20901
20902
20905
20908
20910
20911
20913
20914
20915
20917
20919
20920
20921
20923
20924
20925
20926
20927
20929
20930
20931
20934
20935
20936
20937
20939
20940
20943
20944
20946
20948
20949
20952
20953
20954
20955
20956
20958
20960
20962
20963
20964
20965
20966
20968
20969
20972
20973
20974
20975
20976
20977
20978
20980
20983
20984
20985
20986
20987
20988
20990
20991
20992
20993
20994
20995
20996
20997
21001
21002
21003
21005
21007
21009
21010
21011
21012
21014
21015
21017
21018
21019
21020
21026
21028
21032
21033
21034
21035
21037
21189
21038
21039
21040
21045
21047
21048
21050
21053
21055
21057
21060
21061
21063
21066
21068
21069
21070
21071
21075
21076
21077
21079
21082
21083
21084
21085
21086
21087
21090
21092
21093
21094
21096
21099
21102
21104
21105
21106
21109
21110
21113
21114
21116
21117
21118
21119
21123
21125
21126
21127
21128
21131
21133
21135
21136
21137
21138
21140
21141
21146
21147
21148
21155
21156
21158
21160
21163
21948
21165
21166
21170
21171
21172
21173
21174
21175
21176
21177
21178
21182
21183
21185
21186
21188
21190
21195
21196
21197
21198
21199
21200
21201
21204
21205
21206
21207
21212
21213
21215
21216
21217
21218
21219
21221
21223
21224
21228
21232
21234
21236
21238
21242
21243
21247
21248
21249
21250
21251
21252
21254
21255
21257
21258
21259
21260
21261
21263
21266
21268
21272
21276
21278
21279
21280
21282
21283
21285
21286
21287
21288
21289
21290
21291
21292
21294
21295
21296
21297
21298
21300
21301
21302
21304
21306
21307
21309
21310
21312
21313
21318
21321
21324
21326
21327
21328
21329
21330
21331
21332
21335
21337
21338
21341
21344
21345
21347
21348
21349
21351
21352
21354
21355
21357
21361
21366
21367
21373
21374
21376
21377
21380
21381
21383
21384
21385
21386
21387
21389
21396
21397
21398
21399
21407
21410
21411
21412
21413
21414
21415
21417
21419
21420
21425
21426
21427
21428
21429
21430
21431
21432
21433
21434
21437
21438
21439
21440
21441
21443
21446
21449
21450
21451
21453
21454
21455
21456
21457
21458
21459
21460
21461
21462
21463
21464
21465
21466
21467
21468
21469
21471
21472
21473
21474
21475
21476
21478
21479
21480
21481
21483
21484
21485
21486
21488
21490
21491
21494
21495
21496
21499
21500
21504
21505
21507
21508
21509
21511
21512
21513
21514
21520
21521
21522
21523
21524
21526
21527
21529
21530
21533
21534
21536
21537
21538
21544
21545
21546
21547
21550
21551
21556
21558
21559
21560
21561
21563
21564
21565
21566
21568
21569
21572
21577
21581
21582
21584
21587
21588
21590
21591
21592
21593
21594
21598
21601
21603
21606
21607
21609
21610
21613
21618
21619
21622
21623
21624
21625
21627
21629
21633
21634
21635
21640
21641
21642
21643
21645
21646
21647
21650
21652
21655
21657
21658
21659
21660
21661
21663
21666
21668
21669
21671
21672
21673
21677
21678
21680
21681
21682
21684
21686
21687
21688
21694
21695
21696
21700
21702
21707
21710
21713
21720
21722
21723
21725
21727
21729
21731
21732
21735
21736
21743
21750
21753
21755
21758
21759
21766
21768
21769
21772
21776
21779
21784
21786
21788
21790
21792
21796
21800
21806
21809
21813
21815
21817
21820
21826
21829
21831
21832
21836
21840
21841
21847
21848
21849
21850
21852
21854
21862
21863
21867
21877
21879
21883
21884
21887
21895
21901
21903
21909
21912
21916
21920
21923
21927
21933
21936
21938
21952
21959
21963
21966
21971
21972
21978
21985
21988
21992
21995
22006
22007
22008
22011
22015
22017
22026
22031
22038
22039
22046
22051
22062
22074
22077
22085
22088
22092
22097
22100
22102
22104
22105
22106
22110
22111
22116
22119
22121
22123
22124
22133
22138
22140
22141
22142
22147
22153
22155
22157
22159
22160
22161
22172
22173
22175
22176
22178
22179
22182
22184
22186
22187
22189
22190
22194
22195
22196
22197
22200
22202
22203
22205
22206
22207
22212
22214
22218
22222
22224
22228
22229
22232
22236
22237
22238
22240
22248
22250
22252
22253
22258
22260
22263
22264
22269
22280
22282
22285
22287
22288
22289
22291
22292
22294
22295
22296
22300
22302
22304
22311
22313
22319
22322
22325
22330
22333
22339
22340
22341
22342
22344
22348
22349
22350
22353
22359
22361
22362
22366
22373
22376
22377
22379
22384
22392
22393
22394
22400
22402
22404
22406
22417
22418
22421
22423
22424
22425
22426
22430
22431
22433
22434
22435
22437
22444
22446
22447
22452
22456
22457
22458
22463
22467
22470
22472
22475
22479
22484
22485
22488
22490
22491
22494
22495
22496
22500
22503
22505
22506
22508
22514
22515
22522
22531
22533
22536
22537
22539
22540
22543
22544
22550
22552
22554
22558
22561
22568
22569
22570
22571
22572
22574
22575
22578
22579
22580
22581
22582
22583
22584
22586
22587
22588
22593
22594
22596
22597
22601
22602
22603
22607
22610
22612
22615
22616
22618
22619
22624
22626
22627
22628
22631
22633
22634
22635
22636
22637
22639
22643
22648
22649
22651
22652
22655
22657
22661
22662
22907
22666
22668
22669
22670
22672
22673
22675
22676
22677
22681
22683
22692
22693
22695
22696
22699
22702
22703
22704
22706
22707
22708
22713
22717
22718
22719
22720
22722
22728
22732
22733
22734
22739
22740
22742
22744
22747
22749
22751
22755
22756
22759
22760
22765
22767
22769
22774
22775
22776
22781
22782
22784
22785
22790
22793
22794
22795
22796
22797
22799
22800
22801
22802
22803
22804
22805
22806
22807
22808
22809
22810
22812
22814
22815
22816
22817
22819
22820
22821
22822
22823
22824
22825
22826
22827
22828
22830
22832
22833
22834
22836
22837
22838
22839
22840
22841
22842
22843
22844
22845
22846
22847
22848
22850
22851
22852
22853
22855
22856
22858
22859
22860
22862
22863
22865
22866
22868
22870
22871
22872
22874
22875
22876
22878
22879
22880
22881
22882
22883
22884
22885
22886
22887
22888
22889
22890
22891
22892
22895
22896
22899
22900
22901
22902
22903
22904
22906
22908
22909
22910
22911
22912
22913
22914
22915
22916
22917
22918
22919
22920
22921
22922
22923
22924
22925
22928
22929
22932
22933
22934
22935
22936
22937
22938
22939
22940
22941
22943
22944
22945
22946
22947
22948
22949
22950
22951
22952
22953
22954
22955
22956
22957
22958
22959
22960
22961
22962
22963
22964
22966
22967
22968
22969
22970
22972
22973
22974
22975
22976
22977
22978
22979
22980
22981
22982
22983
22984
22985
22986
22987
22990
22991
22992
22993
22994
22995
22996
22997
22998
22999
23000
23001
23002
23003
23004
23006
23007
23009
23010
23011
23012
23013
23014
23015
23017
23019
23020
23021
23022
23023
23024
23025
23026
23028
23029
23030
23031
23032
23033
23034
23035
23036
23037
23038
23039
23040
23041
23042
23043
23044
23045
23047
23048
23049
23051
23052
23053
23054
23055
24216
23059
23060
23061
23063
23065
23067
23069
23070
23071
23072
23074
23075
23076
23077
23079
23080
23081
23082
23083
23084
23085
23086
23087
23088
23090
23091
23092
23094
23095
23096
23097
23098
23099
23100
23101
23102
23104
23105
23106
23107
23108
23109
23110
23112
23115
23116
23117
23118
23119
23120
23121
23122
23123
23124
23125
23126
23127
23128
23130
23132
23133
23134
23135
23136
23140
23141
23142
23143
23144
23145
23146
23147
23150
23151
23152
23153
23154
23155
23156
23157
23158
23159
23161
23162
23163
23164
23165
23169
23170
23171
23172
23173
23174
23175
23176
23177
23178
23179
23180
23181
23182
23183
23184
23185
23187
23188
23190
23191
23192
23193
23194
23195
23196
23197
23199
23200
23201
23202
23203
23204
23205
23206
23207
23210
23212
23213
23214
23215
23216
23217
23218
23219
23220
23221
23223
23225
23226
23227
23229
23231
23232
23233
23234
23235
23237
23238
23239
23240
23241
23242
23243
23244
23245
23246
23248
23249
23250
23251
23253
23254
23255
23256
23257
23259
23261
23262
23263
23264
23265
23266
23267
23268
23269
23270
23271
23272
23273
23274
23275
23277
23278
23279
23280
23283
23284
23285
23286
23287
23288
23289
23290
23291
23293
23295
23297
23298
23299
23301
23302
23303
23304
23305
23306
23307
23308
23309
23310
23311
23314
23317
23318
23320
23321
23322
23323
23324
23325
23327
23328
23329
23330
23331
23332
23333
23334
23335
23336
23337
23338
23339
23340
23341
23342
23343
23346
23347
23348
23349
23350
23351
23353
23354
23355
23356
23357
23360
23362
23363
23365
23366
23367
23368
23369
23370
23371
23372
23373
23375
23377
23378
23379
23380
23381
23382
23383
23385
23386
23387
23388
23389
23390
23391
23392
23393
23394
23395
23396
23397
23399
23400
23401
23402
23403
23406
23407
23412
23413
23414
23415
23416
23419
23420
23422
23423
23424
23425
23426
23428
23429
23430
23431
23432
23435
23436
23437
23441
23442
23443
23444
23445
23446
23447
23448
23450
23451
23452
23453
23454
23455
23459
23460
23461
23463
23464
23465
23466
23467
23468
23469
23470
23472
23473
23475
23477
23478
23480
23481
23482
23483
23484
23485
23486
23487
23488
23489
23490
23491
23492
23493
23495
23496
23498
23499
23500
23501
23502
23504
23505
23506
23508
23509
23510
23511
23513
23514
23515
23516
23517
23518
23522
23524
23525
23526
23527
23528
23530
23532
23534
23536
23537
23538
23539
23541
23543
23544
23546
23547
23551
23552
23553
23555
23556
23557
23559
23560
23561
23562
23563
23564
23565
23566
23567
23568
23571
23572
23575
23577
23578
23579
23584
23585
23586
23587
23590
23592
23593
23594
23595
23598
23600
23602
23603
23606
23607
23608
23609
23610
23612
23613
23614
23615
23616
23617
23619
23620
23621
23622
23623
23624
23625
23626
23627
23628
23629
23631
23633
23634
23635
23637
23638
23639
23641
23642
23644
23646
23647
23648
23653
23654
23655
23656
23657
23659
23660
23661
23662
23663
23664
23665
23666
23668
23669
23671
23672
23674
23675
23676
23677
23678
23679
23680
23681
23684
23685
23686
23687
23691
23692
23693
23696
23697
23698
23699
23700
23701
23702
23703
23704
23705
23706
23711
23712
23713
23714
23715
23716
23717
23720
23721
23722
23724
23726
23727
23728
23729
23730
23731
23732
23734
23736
23738
23740
23741
23742
23744
23745
23746
23747
23748
23750
23751
23754
23756
23757
23758
23759
23760
23762
23764
23765
23766
23767
23768
23769
23770
23772
23773
23774
23775
23777
23778
23779
23780
23781
23782
23784
23785
23786
23787
23789
23790
23792
23794
23795
23797
23799
23800
23802
23803
23804
23805
23806
23809
23810
23813
23815
23816
23818
23819
23820
23821
23822
23823
23824
23825
23828
23830
23831
23832
23834
23835
23836
23837
23838
23839
23840
23841
23843
23844
23845
23846
23847
23848
23849
23850
23851
23853
23855
23857
23858
23859
23860
23861
23862
23863
23864
23866
23867
23868
23870
23871
23872
23873
23874
23875
23876
23878
23879
23881
23882
23883
23886
23887
23889
23891
23892
23895
23898
23899
23900
23901
23902
23903
23904
23905
23906
23909
23910
23913
23914
23917
23918
23920
23921
23923
23924
23925
23926
23927
23929
23930
23931
23932
23933
23935
23939
23940
23942
23943
23944
23947
23948
23950
23951
23952
23955
23956
23961
23962
23963
23964
23966
23967
23968
23970
23971
23972
23973
23975
23977
23983
23985
23986
23987
23988
23990
23993
23994
23995
23996
23998
24003
24006
24009
24014
24016
24017
24018
24019
24021
24026
24029
24031
24033
24034
24035
24038
24041
24042
24043
24044
24046
24047
24049
24052
24053
24056
24058
24061
24065
24071
24073
24074
24075
24078
24079
24080
24081
24082
24083
24084
24087
24088
24089
24093
24095
24096
24101
24104
24105
24106
24107
24108
24109
24111
24113
24114
24115
24116
24119
24122
24123
24124
24125
24126
24129
24132
24133
24138
24139
24141
24143
24145
24147
24148
24149
24150
24152
24153
24154
24157
24160
24161
24162
24164
24165
24167
24168
24169
24174
24179
24181
24184
24185
24186
24190
24193
24195
24198
24199
24201
24202
24203
24204
24205
24206
24208
24209
24211
24215
24217
24218
24219
24220
24221
24222
24223
24225
24226
24227
24229
24231
24232
24233
24237
24238
24240
24242
24243
24245
24246
24247
24250
24251
24252
24253
24254
24255
24256
24259
24260
24262
24263
24264
24265
24266
24267
24268
24269
24271
24272
24275
24277
24278
24280
24281
24287
24291
24294
24295
25190
24299
24300
24302
24306
24307
24308
24309
24312
24315
24316
24318
24319
24324
24325
24328
24336
24340
24344
24347
24349
24350
24365
24367
24368
24369
24372
24378
24379
24382
24383
24385
24386
24387
24390
24394
24397
24399
24400
24401
24402
24404
24406
24407
24408
24409
24411
24412
24413
24415
24418
24419
24425
24426
24427
24428
24431
24432
24435
24441
24444
24447
24449
24460
24461
24462
24464
24466
24471
24475
24476
24477
24482
24485
24490
24492
24498
24499
24503
24505
24507
24508
24509
24510
24512
24514
24516
24520
24521
24525
24529
24530
24531
24533
24535
24536
24537
24538
24539
24540
24542
24545
24550
24552
24553
24554
24555
24556
24559
24561
24562
24566
24573
24574
24578
24583
24584
24586
24587
24588
24591
24594
24595
24596
24599
24600
24602
24603
24604
24605
24606
24607
24610
24612
24613
24614
24616
24619
24621
24622
24623
24627
24628
24629
24630
24631
24633
24634
24635
24637
24638
24640
24643
24646
24647
24648
24649
24650
24651
24652
24654
24655
24658
24659
24660
24662
24665
24666
24668
24669
24670
24671
24672
24673
24674
24675
24676
24678
24680
24681
24683
24685
24686
24687
24688
24689
24693
24694
24695
24698
24699
24701
24702
24704
24705
24706
24707
24708
24709
24713
24714
24715
24716
24717
24718
24722
24723
24726
24728
24729
24731
24732
24734
24735
24736
24738
24739
24740
24741
24744
24746
24749
24750
24751
24753
24754
24755
24759
24760
24764
24765
24768
24770
24771
24772
24774
24776
24778
24779
24780
24781
24782
24784
24785
24786
24787
24788
24790
24791
24793
24794
24795
24796
24797
24799
24801
24802
24803
24804
24805
24806
24810
24812
24854
24816
24817
24818
24819
24821
24824
24825
24826
24827
24828
24830
24831
24832
24833
24836
24837
24838
24839
24845
24847
24849
24851
24852
24853
24856
24857
24858
24859
24860
24862
24863
24865
24866
24867
24868
24869
24871
24873
24874
24875
24876
24879
24880
24881
24883
24884
24885
24887
24888
24889
24890
24892
24893
24895
24896
24897
24898
24900
24903
24905
24906
24907
24908
24909
24910
24911
24912
24913
24914
24915
24918
24920
24923
24924
24925
24926
24928
24929
24930
24931
24932
24933
24935
24936
24937
24939
24940
24941
24942
24944
24945
24949
24950
24951
24952
24953
24954
24955
24956
24960
24961
24962
24963
24964
24965
24968
24969
24970
24971
24972
24976
24978
24979
24980
24981
24983
24985
24987
24988
24991
24992
24993
24994
24995
24996
24997
24998
24999
25001
25002
25003
25005
25008
25012
25014
25015
25016
25017
25018
25019
25020
25022
25026
25027
25030
25031
25032
25033
25034
25035
25038
25039
25040
25041
25045
25046
25047
25048
25049
25053
25054
25056
25057
25058
25059
25060
25061
25062
25063
25064
25065
25068
25070
25071
25074
25076
25077
25078
25079
25081
25082
25083
25084
25086
25087
25088
25089
25094
25095
25097
25098
25101
25105
25107
25108
25109
25110
25111
25115
25116
25118
25119
25120
25121
25122
25124
25125
25126
25127
25131
25133
25134
25135
25136
25138
25139
25143
25144
25145
25147
25148
25149
25150
25152
25153
25154
25155
25156
25159
25160
25163
25166
25168
25170
25173
25175
25177
25179
25183
25185
25186
25187
25189
25191
25192
25193
25195
25198
25199
25200
25201
25202
25205
25206
25213
25214
25216
25220
25221
25222
25223
25224
25226
25228
25229
25231
25233
25236
25241
25245
25250
25252
25253
25259
25262
25263
25265
25269
25272
25273
25274
25276
25279
25280
25281
25283
25284
25285
25286
25287
25289
25290
25292
25295
25298
25299
25301
25306
25308
25309
25310
25312
25314
25316
25317
25319
25320
25321
25322
25324
25325
25328
25329
25330
25332
25786
25334
25335
25337
25339
25340
25341
25343
25345
25347
25349
25351
25355
25356
25357
25359
25360
25361
25363
25364
25365
25366
25368
25369
25371
25372
25373
25374
25376
25377
25378
25381
25382
25384
25385
25387
25388
25390
25391
25392
25394
25395
25396
25397
25398
25399
25400
25401
25402
25403
25404
25405
25406
25407
25409
25410
25412
25413
25414
25415
25416
25417
25418
25419
25420
25422
25423
25424
25425
25426
25427
25428
25429
25430
25432
25434
25435
25436
25439
25440
25441
25442
25445
25447
25449
25450
25451
25452
25453
25455
25456
25458
25459
25460
25462
25463
25464
25466
25468
25469
25471
25472
25473
25474
25475
25479
25483
25485
25486
25487
25488
25489
25490
25491
25493
25494
25495
25496
25497
25499
25501
25502
25503
25504
25505
25507
25511
25512
25513
25514
25515
25516
25517
25518
25521
25522
25523
25524
25525
25528
25529
25530
25537
25538
25539
25541
25543
25544
25546
25547
25549
25550
25552
25553
25555
25557
25558
25560
25561
25562
25565
25568
25569
25570
25571
25573
25576
25577
25578
25579
25580
25581
25585
25587
25589
25591
25595
25596
25598
25599
25603
25604
25605
25606
25610
25611
25613
25615
25617
25618
25620
25621
25622
25627
25628
25632
25634
25635
25636
25641
25642
25643
25645
25649
25650
25657
25658
25660
25662
25665
25666
25667
25677
25679
25680
25681
25682
25683
25684
25694
25695
25700
25701
25705
25707
25710
25712
25714
25717
25719
25721
25722
25723
25725
25727
25733
25734
25736
25738
25739
25744
25747
25748
25750
25751
25752
25753
25756
25757
25761
25763
25764
25765
25767
25768
25771
25772
25774
25775
25776
25777
25781
25785
25787
25788
25791
25792
25795
25797
25798
25799
25800
25803
25806
25809
25810
25814
25815
25816
25817
25818
25819
25820
25826
25827
25830
25831
25832
25833
25835
25841
25844
25845
25849
25850
25854
25863
25865
25871
25884
25887
25888
25889
25892
25893
25895
25898
25899
25900
25903
25908
25912
25919
25923
25926
25928
25929
25933
25934
25937
25939
25941
25943
25944
25947
25948
25950
25952
25953
25957
25961
25965
25967
25968
25969
25973
25974
25975
25976
25977
25980
25982
25983
25985
25986
25987
25989
25995
25996
26002
26011
26016
26021
26029
26031
26037
26038
26040
26042
26045
26047
26049
26054
26056
26057
26059
26065
26068
26069
26072
26073
26074
26075
26084
26085
26089
26090
26091
26092
26095
26100
26101
26104
26106
26107
26109
26110
26111
26112
26113
26114
26115
26116
26117
26121
26122
26123
26124
26125
26126
26128
26129
26132
26133
26135
26136
26137
26139
26140
26141
26142
26144
26145
26146
26147
26150
26151
26152
26153
26155
26156
26157
26158
26161
26164
26165
26170
26171
26173
26174
26175
26176
26177
26178
26179
26181
26183
26185
26187
26188
26193
26194
26196
26197
26198
26199
26200
26201
26202
26203
26208
26210
26211
26214
26215
26218
26219
26220
26222
26224
26228
26229
26230
26235
26242
26243
26245
26246
26247
26248
26249
26251
26252
26253
26255
26256
26259
26261
26262
26263
26264
26268
26270
26271
26272
26273
26275
26278
26280
26281
26285
26288
26291
26292
26293
26294
26295
26296
26297
26298
26299
26300
26301
26302
26303
26304
26306
26307
26308
26309
26311
26312
26314
26315
26317
26318
26320
26321
26322
26330
26332
26334
26335
26337
26339
26340
26341
26345
26347
26349
26355
26356
26358
26362
26363
26367
26368
26370
26371
26372
26373
26374
26378
26380
26383
