0
471
3
297
5266
38
511
6
973
9
10
1195
10689
4205
1669
11
433
12
93
17
126
19
20
4096
1307
5823
4278
1847
22
23
24
25
3913
26
5387
77
54
71
27
7448
289
1521
28
148
37
1440
2368
190
89
40
3876
2320
1778
596
317
41
647
42
45
82
47
4660
902
48
4627
1132
52
53
5618
56
58
123
68
69
4639
70
5474
72
437
81
1756
3986
3127
85
86
87
8694
5206
88
91
92
176
10939
94
95
101
107
108
109
1123
110
5222
116
118
119
121
245
6326
4675
570
6683
124
4803
548
453
6456
6361
6362
6366
128
129
4033
4617
1836
2194
533
247
4440
3513
130
242
134
135
137
138
248
546
2886
10494
139
3385
141
142
143
1654
146
147
177
155
296
5475
161
224
168
169
172
175
1979
221
178
184
4371
185
186
217
192
321
194
6117
1189
197
2880
198
200
643
211
213
215
216
501
223
7303
226
227
229
230
231
232
235
6482
236
829
5841
4320
1129
375
505
2426
4861
238
11544
246
240
244
536
2657
479
1747
249
251
252
253
254
255
260
259
547
261
5238
262
264
265
4078
267
270
271
272
274
275
276
277
278
279
1519
4734
280
281
282
283
284
285
5863
288
290
291
292
293
294
295
4841
299
312
300
301
2453
302
303
304
305
306
4949
308
309
310
311
2888
313
314
5760
315
316
318
320
1157
5770
1285
1843
1081
1210
1608
713
606
6241
8806
322
323
324
326
327
328
8773
2984
8219
329
1461
1260
5008
1749
330
331
1290
1871
332
333
334
335
366
336
338
339
343
344
347
348
349
2496
350
553
351
352
354
355
358
359
360
361
364
365
368
369
370
371
373
1494
374
376
377
378
379
380
7237
382
529
383
6346
384
385
386
390
392
393
394
395
396
398
401
402
406
407
408
410
411
412
413
414
1488
415
416
3180
417
9334
418
420
419
422
423
424
426
427
428
429
430
431
432
434
435
436
438
440
441
442
1656
444
445
446
1457
447
448
449
4629
450
452
454
455
456
457
1462
5375
458
459
460
462
463
465
466
467
468
469
470
472
473
476
477
478
480
481
482
483
4486
6511
484
485
4087
486
487
4472
488
491
492
493
497
498
499
500
502
503
504
506
507
508
7718
509
510
512
4455
513
514
516
518
519
520
521
522
523
525
7691
526
527
528
530
531
532
907
534
4428
540
541
542
543
544
1936
4670
549
552
554
555
556
557
558
560
561
562
564
565
566
567
569
573
576
577
578
579
6324
580
583
584
585
586
587
588
611
589
590
591
592
593
730
594
595
5614
3750
2914
1653
2813
598
599
600
601
603
604
605
607
608
609
610
615
617
619
621
622
623
626
628
629
630
632
4389
633
635
636
637
638
639
640
1175
641
642
644
645
649
650
651
652
654
655
656
657
659
660
661
662
663
664
665
666
667
668
669
670
4655
5242
671
674
675
3146
676
678
679
1037
680
681
683
684
5796
685
686
687
688
689
690
691
692
693
694
695
696
704
697
698
699
4513
1829
3638
700
701
702
703
2531
705
706
708
5382
709
711
714
716
717
839
718
721
722
10013
723
724
725
726
727
9313
8033
4083
728
729
731
732
733
734
5687
736
737
738
797
740
741
744
745
747
748
749
751
752
753
754
755
756
757
758
4385
761
762
763
765
766
767
768
770
771
773
774
775
776
778
779
782
783
1394
784
785
787
924
1039
788
955
789
790
792
793
794
795
796
798
799
800
802
803
805
806
807
809
810
812
814
817
819
820
822
823
825
826
831
832
833
835
838
840
841
842
843
846
847
848
849
850
851
852
853
854
2417
855
856
858
859
864
868
869
870
871
873
874
875
877
878
879
880
882
883
885
886
887
888
889
890
891
893
894
895
897
898
899
900
901
903
904
905
7567
4987
11516
910
1024
912
914
915
916
3337
918
919
921
922
923
2919
929
930
931
932
933
936
937
939
940
941
942
943
946
947
949
950
952
953
959
962
966
967
6873
969
971
972
974
975
977
982
983
984
988
990
991
992
994
995
1000
1001
1534
1003
1004
1005
1006
1007
1009
1010
1011
1012
1013
1015
1016
1017
1018
1019
1020
1021
1022
1023
1025
1027
1028
1030
1046
1049
1053
1054
1055
1056
1059
1061
1063
1065
1067
1069
1077
1078
1080
1086
1524
1088
5639
1089
1094
1105
1106
1107
1108
1110
1112
1113
1122
1124
1128
1507
5932
10841
1131
1133
1135
1140
1141
1142
1144
1146
1147
1148
1149
1152
1154
1155
1156
6371
1159
1237
1163
1166
1172
1173
1176
1182
1185
1186
1192
1197
1198
1199
1201
1202
1203
1204
1206
1209
3880
1211
1212
1213
1215
1219
1221
1224
1226
1227
1228
1232
1234
1238
1239
1240
1245
1246
1247
1248
1250
1253
1254
1256
1259
1263
1266
1267
1268
1271
1274
1275
1278
1280
1282
1284
1287
1288
1289
1294
1298
1300
1303
1304
5504
1305
8417
1308
1314
1315
1316
1320
1321
1322
1323
1324
1327
1328
1329
1332
1335
1337
1338
1339
1341
1342
1349
1350
1351
1352
1355
1359
1360
1361
1362
1363
1365
1370
1373
1374
1375
1378
1379
1382
1383
1384
1386
1387
1389
1391
1393
3310
1396
1398
1399
1400
1403
1405
6216
1406
1409
1411
1412
1413
1414
1416
1418
1420
1421
1422
1424
1425
1428
1429
5360
1430
1432
1436
1437
1439
1441
1443
1444
1446
1447
1448
1449
1451
8296
1452
1454
1455
1456
1744
1458
1459
1463
1464
1465
1466
1467
1468
1470
1471
1472
1473
1475
1476
1478
1479
1480
1481
1482
1484
1485
1486
1489
1490
1491
1492
4030
1496
1497
1498
1499
1500
1502
1504
1505
1506
1508
1509
1510
1511
1512
1513
1514
1515
1516
6688
1520
1522
1523
1525
1527
1529
1531
1532
1533
1535
1536
1537
1538
1541
1542
1545
1546
1547
1548
1550
1551
1552
1553
1554
1556
1557
1559
1560
1562
1563
1564
1565
6460
1566
1567
1568
1569
1570
1571
1572
2046
1574
1575
1576
1577
1578
1579
1862
1581
1583
1585
1586
1587
1589
1590
1591
1592
1593
1594
1595
1599
1601
1602
1603
1609
1610
1612
1615
1616
1617
1618
1619
1621
1622
1623
1624
1626
1627
6121
1628
1629
1630
1631
1632
1633
1634
1635
1637
1639
1641
1642
1643
1644
1645
1646
1648
1649
11585
9585
1658
1660
1661
1742
1663
1667
1668
1672
1673
1675
1676
1677
1678
1679
1680
1682
1683
1687
1689
1691
1692
1693
1696
1697
1698
1699
1703
1704
1705
1706
1707
1708
2938
1709
1710
1711
1712
1713
1714
1715
1720
1724
1726
1727
1729
1731
1734
1735
1736
1738
1739
1741
1743
8047
1745
4068
1748
1750
3569
1751
1752
1753
1754
5559
1757
1758
1759
1761
1763
1765
1767
1769
1770
1771
1772
1773
1774
1776
1777
4810
1779
1781
1782
1783
1784
1785
1786
1788
1789
1790
1791
1792
1793
1795
1796
1797
1799
1800
1805
1809
1813
1814
1818
1819
1820
1821
3931
1826
1827
1828
1830
1833
1834
1835
1839
1840
1844
1845
1850
1858
1859
1874
1877
1886
1889
1894
1901
1903
1907
1910
1911
1914
1915
1916
1917
1919
1926
1932
1934
1935
1938
1942
1947
1949
1954
1955
1956
1960
1965
1966
1967
1968
1970
1976
1977
1978
1982
1985
1986
1987
1989
1994
1995
1999
2003
2005
2009
2010
2011
2012
2014
2015
2021
2022
2024
2026
2027
2032
2033
2036
2038
2039
2040
2041
2042
3363
3692
2045
4760
2048
2052
2053
2055
2056
2057
2058
2059
2060
2065
2066
2067
2068
2070
2073
2074
2087
2088
2089
2090
2093
2099
2101
2103
2110
2118
2119
2123
2126
2127
2128
2131
2133
2134
2141
2142
2145
2166
2168
2170
2171
2174
2176
2177
2178
2180
2186
2190
2191
2192
2193
2195
2197
2202
2203
6599
2207
2213
5121
2730
4811
2383
2214
2215
2216
2217
2218
2219
2221
2225
2226
2229
2230
2233
2238
2239
2243
2245
2249
2251
2252
2253
2254
2256
2259
5389
2267
2268
2271
2273
2276
2278
2280
2281
2290
2296
2297
2299
2300
2302
2310
2316
2319
2324
2327
2328
2331
2332
2333
2334
2335
2336
2339
2340
2342
2345
2348
2353
2357
3640
2358
2360
2361
2372
2374
2376
2377
2379
2380
2381
2382
2387
2388
2389
2390
2391
2392
6452
2393
2396
2400
2401
3383
2402
2403
6707
2405
2408
2409
2411
2414
2418
2424
8486
2428
2430
2431
2432
2434
2435
2438
2439
2441
2442
2444
2446
2447
2451
2452
2454
2455
2456
2472
2473
2475
2477
2478
2479
2585
2480
2481
2482
2484
2486
2489
2490
2491
2492
2495
3278
2497
2498
2499
2502
2503
2505
2507
2509
2510
2511
2512
2513
2514
2515
2516
2517
2519
2524
2525
2526
2527
2528
2530
2532
2534
2542
2543
2546
2551
2552
2553
2554
2557
2561
2562
2563
2565
2567
2569
2572
2574
2576
2577
2578
2580
2581
2584
4622
2586
2587
2590
2597
2598
2605
2606
2610
2612
2616
2617
2620
2622
2626
2627
2629
2631
2632
2635
2636
2638
2639
2640
2641
2642
2644
2645
2646
2649
2650
2651
2652
2653
2654
2655
2656
6415
2660
2661
2663
2666
2669
2672
2674
2675
2679
2680
2683
2685
2688
2690
2691
2692
2693
2694
2695
2698
2700
8176
2702
2703
2705
2707
2711
2712
2715
2718
2722
2728
2732
2734
2739
2741
2747
2748
2749
2755
2757
5575
2758
2759
2761
2765
2766
2767
2768
2769
2770
2771
2774
6920
2784
2788
2789
2795
2796
2798
2800
2801
2802
2806
2808
2809
2811
2812
2815
2816
2818
2821
2824
2828
2829
2831
2833
2834
2836
4073
2837
2838
2843
2844
2845
2847
2848
2850
2851
2854
2858
2860
2863
2864
2866
2871
2879
2882
2884
2885
2910
4488
2887
2890
2893
2895
2899
2900
4258
2904
2905
2907
7462
2912
2913
2915
2916
2918
2920
2921
2923
2924
2925
2926
2927
2928
2929
2931
2932
2933
2935
2936
4243
2941
2943
2944
2946
2947
2948
2949
2950
2951
2953
2955
2956
2957
2960
2961
2963
2966
2967
2968
2972
2973
2974
2975
2977
2982
2986
2987
2988
6016
2989
2995
2996
2997
2998
2999
3001
3004
3005
3009
3012
5766
3029
3030
3031
3033
3037
3038
3040
3041
3054
3055
3056
3059
3060
3061
3063
3065
3066
3067
3070
3071
3078
3079
3083
3084
3086
3087
3088
3110
3111
3112
3113
3115
3119
3122
3123
3125
3126
3128
3130
3131
3134
3136
3139
3141
3143
3144
3145
11314
3629
3147
3168
3169
3171
3172
3174
3175
3178
8398
3181
3183
3185
3208
3209
3210
3213
3215
3216
3217
3218
3219
3240
3242
8482
3243
3247
3248
3269
3270
3273
10659
3274
3275
3276
3281
3282
7957
3287
3288
3289
3291
3307
3309
3314
3320
3325
3328
3331
3332
3333
3334
3336
3338
3343
3344
3347
3348
3351
3354
3364
3367
3368
3369
3372
3374
3375
3379
3382
3384
3386
3391
3394
3397
3402
3405
3406
3407
3408
3409
3410
3412
3413
3414
3421
3422
3423
3424
3426
3434
3436
3438
3440
3442
3443
3451
3452
3456
3460
3461
3465
3466
3467
3469
3470
3472
3473
3478
3479
3480
3481
3482
3483
3486
3488
3489
3490
3491
3493
3498
3499
3500
3501
3503
3506
3507
3508
3510
9370
8652
3514
3515
3517
3518
3520
3522
3523
3524
3526
3528
3529
3532
3533
3534
3535
3539
3540
3544
3545
3546
3547
3548
3549
3553
3554
3556
3557
3561
3563
3564
3568
3570
3571
3574
3575
3578
3580
3581
3583
3585
3587
3592
3593
3595
3597
3598
3600
3602
3603
3604
3606
3610
3614
3617
3618
3619
3620
3621
3622
3625
3626
3627
3628
3630
3631
3634
3635
3636
3637
3641
3646
3648
3649
3654
3655
3656
3658
3660
3663
3665
3667
3669
3670
3672
3674
3676
3679
3683
3686
3687
3688
3689
3690
3691
3693
3695
3696
3697
3698
3700
3701
3703
3706
3708
3712
3713
8432
3715
3716
3719
3720
3721
3723
3724
8807
3725
3727
3728
3729
3730
3732
3733
3734
3738
3741
3742
3743
3746
3747
3748
3749
3751
3753
3754
3755
3756
3757
3760
3763
3764
3767
3768
3770
3771
3772
3773
3775
3777
3779
3780
3781
3782
3783
3785
3786
3789
3790
3791
3792
3793
4735
3794
3795
3796
3797
3798
3799
3800
3801
3802
3803
3804
3806
3807
3808
3809
4336
3811
3812
3813
3815
3816
3821
3824
3825
3826
3828
3829
3831
3832
3834
3835
3836
3840
3841
3842
3845
3847
3849
3850
3852
3854
3856
3857
3862
3867
3873
5962
8722
3877
3878
3879
3882
3884
3885
3886
3888
3890
4372
3891
3893
3895
3896
3897
3900
3901
3904
3905
3906
3907
3908
5386
3909
3912
3915
3917
3918
3919
3921
3922
3925
3926
3928
3929
3930
3933
3934
3935
3936
3938
3939
3944
3946
3948
3949
3950
3951
3952
3953
3955
3956
3957
3958
3960
3961
3964
3965
3966
3968
3970
3971
3973
3974
3975
3976
3978
3981
3983
3984
3985
3989
3990
3991
3992
3995
3997
4000
4001
4002
4003
4006
4008
4010
4011
4013
4015
4016
4018
4019
4020
4023
4025
4027
4029
4032
4246
4034
4035
4037
4038
4040
4045
4047
4049
4050
4051
4052
4053
4054
4056
4057
4058
4061
4062
4066
4067
4069
4070
4071
4074
4076
4077
4080
4086
6287
4088
4089
4090
4091
4092
4093
4094
4095
5542
4098
4103
4104
4105
4106
4109
4110
4112
4115
4116
4117
4119
4120
4121
4122
4123
4125
4126
4127
4129
5727
4131
4132
4133
4135
4136
4139
4155
4140
4141
4142
4143
4144
4147
4148
4152
4153
4154
4157
4158
4160
4163
4165
4168
4169
4170
4172
4174
4175
4176
4178
4179
4180
4184
4185
4186
4187
4190
4191
4192
4193
4194
4199
4200
4201
4202
4203
4204
4208
4209
4210
4212
4213
4214
4215
4216
4219
4220
4225
4226
4227
4228
4233
4237
4239
4241
4242
4245
4248
4249
4250
4252
4253
4255
4256
4257
4259
4263
4266
4267
4268
4269
4271
4272
4273
4274
4275
6331
4279
4281
4282
4283
4284
4285
4288
4291
4293
4294
4295
4297
4301
4305
4306
4307
4308
4309
4310
4311
4314
4315
4316
4319
4321
4322
4323
4324
4326
4329
4331
4334
4339
4340
4341
8717
4342
4345
4346
4347
4351
4353
4355
4356
4357
4360
4361
4368
4370
4375
4376
4377
4382
4383
4384
4386
4387
7851
4632
6686
4391
4392
4394
4399
4400
4401
4402
4404
4405
4406
4407
4408
4409
4410
4411
4412
4413
4416
4417
4419
4420
4423
4424
4425
4427
4431
4433
4435
4436
4444
4446
4448
4450
4451
4452
4453
4454
4457
4463
4465
4467
4470
4471
4473
4476
4477
10911
4478
4480
4481
7210
4487
4489
4491
4492
4493
4494
4495
4496
4497
4498
4499
4500
4501
4502
4503
4504
4505
4506
4711
4507
4508
4509
4510
4511
4512
4519
4526
4527
4528
4535
4536
4537
4538
4539
4540
4543
4545
4547
4548
4550
4554
4555
4556
4557
4565
4567
4568
4569
4570
4577
4578
4579
6723
4580
4581
4584
4587
4589
4591
4592
4593
4594
4598
4602
4604
4605
4606
4608
4609
4610
5592
4612
4613
4614
4615
4616
4619
4620
4621
4624
4625
8496
4628
4631
4634
4635
4636
4638
4642
4643
4644
4646
4649
4652
4653
4654
8450
4656
4658
4662
4665
4667
4671
4673
4674
4676
4677
4678
4679
4681
4682
4684
4685
4686
4689
4690
4691
4692
4694
4695
4696
4698
4699
4701
4702
8922
4704
4705
4706
4707
4708
4710
4712
4713
4714
4715
4717
4721
4722
4724
4725
4726
4727
4729
4731
4733
9167
4736
4739
4752
4740
4743
4744
7916
4753
4754
4757
4758
4759
4761
4762
4764
4765
4766
4767
4768
4769
4771
4773
4785
4789
4792
4794
4796
4798
4801
4802
4804
4805
4812
4813
5794
4814
4815
4816
4819
4820
4823
4825
4827
4830
4835
4836
4837
4838
4844
4845
4846
4847
4848
4851
4852
4853
4855
4856
4858
4876
4862
4863
4865
4866
4868
4869
4870
4872
4873
4877
4878
4879
4881
4882
4883
4884
4885
4886
4888
4890
4895
4896
4897
4900
4902
4903
4907
4908
4911
4914
4915
4917
4919
4922
4926
4927
4929
4931
4932
4933
4934
4936
4937
4939
4940
4942
4946
4947
4950
4951
4952
4953
4955
4958
4959
4960
4963
4964
4965
4967
4968
10622
4971
4974
4978
4983
4984
4985
4988
4989
4992
4993
4994
4995
4996
4998
4999
5000
5001
5002
5006
5009
5010
11492
5011
11417
5023
5026
5027
5028
5030
5031
5033
5034
5035
5036
5039
5042
5043
5044
5046
5049
5054
5055
5057
10726
5058
5060
5061
5062
5063
5064
5065
5071
5072
5073
5074
5075
5076
5077
5079
5082
5083
5084
5086
5087
5088
5094
5095
5098
5101
5106
5111
5112
5113
5115
5116
5117
5120
5122
5125
5126
5132
5135
5138
5141
5147
5154
5157
5158
5162
5166
5171
5175
5178
5179
5182
5183
5184
5186
5188
5190
5192
5193
5195
5196
5198
5200
5205
11579
5208
5210
5212
5215
5221
5472
5228
5230
5231
5232
5233
5240
5241
5243
5244
5245
5246
5247
5248
5251
5253
5254
5255
5257
5260
5265
5271
5272
5278
5281
5283
5284
5285
5286
5289
5290
5295
5301
5302
5305
5306
5307
5309
5313
5315
5318
5324
5325
5327
5334
5342
5343
5345
5348
5352
5354
5355
5356
5683
5359
5362
5364
5366
5368
5369
5372
5373
5377
5379
5388
5391
5393
7442
5403
5408
5427
5430
5433
5434
6198
5435
5436
5438
5439
5441
5443
5455
5457
5458
5460
5462
5463
5465
5466
5469
5473
5476
5478
5479
5480
5481
5482
5485
5487
5488
5489
5490
5492
5497
5499
5500
5501
5503
5513
5507
5508
5510
5511
5512
5520
5521
5522
5523
7650
5524
5526
5580
5528
5530
5532
5534
5536
5623
5538
5541
6370
6416
5543
5544
5550
5552
5553
5554
5558
5560
5561
5562
5563
5564
5565
5568
5573
5574
5578
5582
5587
5588
5590
5596
5598
5600
5601
5603
5605
5607
5608
5609
5612
5619
5620
5624
5625
5626
5628
5629
5630
5633
5634
5638
5640
5645
5651
5655
5656
5659
5662
5663
5665
5671
5684
5688
5690
5697
5699
5702
5703
5704
5707
5725
5726
5732
5740
5743
5746
5749
5757
5758
5759
5773
5776
5781
5782
5787
5791
5798
5806
5808
5810
5817
5819
5821
5826
5834
5838
5839
5840
5842
5848
5862
6714
6379
5864
5865
5868
5870
5872
5876
5877
5880
5882
5887
5889
5890
5891
5894
5897
5898
5902
5904
5905
5908
9255
5913
5916
5917
5918
5928
5933
5934
5935
5938
5939
5941
5943
5944
5945
5946
5947
5948
5949
5954
5957
5958
5966
5967
5968
5970
5973
5974
5975
5976
5979
5982
5983
5984
5985
5986
5987
5988
5990
5992
5994
5996
5998
5999
6002
6004
6006
6007
7398
6008
6010
6011
6012
6014
7581
6017
6018
6019
6020
6021
6022
6023
6024
6025
6027
6028
6029
6031
6033
6037
6041
6042
6046
6047
6048
6049
6051
6059
6060
6066
6067
6068
6072
6076
6078
6079
6080
6081
6085
6088
6092
6094
6095
6096
6098
6100
6102
6104
6105
6106
6113
6114
7122
6118
6119
6123
6125
6127
6128
6129
6131
6132
6134
6143
6144
6153
6155
6168
6180
6181
6182
6357
6185
6187
6195
8778
6196
7251
6205
6207
6211
6212
6215
6219
6223
6225
6226
6231
6234
6235
6236
6237
6238
6239
6242
6245
6249
6251
6252
6254
6257
6259
6265
6266
6269
6274
6276
6278
6279
6280
6283
6285
6294
6295
6297
6298
6299
6301
6302
6303
6305
6307
6310
6314
6315
6317
6319
6320
6321
6329
6330
6333
6334
6336
6337
6341
6342
6348
6351
6926
6352
6354
6356
6360
6363
6364
6373
6380
6384
6386
6387
6388
6390
6400
6401
6403
6404
6409
6410
6413
6417
6419
6423
6424
6425
6426
6429
6431
6432
6433
6577
6434
6436
6437
6439
6440
6443
6445
6446
6448
6449
6450
6453
6458
6459
6462
6463
6466
6469
6472
6474
6475
6476
6477
6478
6479
6480
6483
6484
6486
6487
6488
6490
6498
6499
6500
6501
8910
6503
6504
6505
6508
6512
6513
6514
6518
6519
6520
6521
6523
6524
7490
6525
6526
6527
6528
6531
6532
6534
6535
6536
6538
6539
6540
6541
6542
6544
6545
6546
6548
6549
6553
6555
6557
6558
6560
6564
6565
6569
6570
6571
6572
6576
6580
6582
6583
6587
6590
6591
6592
6595
6600
6601
6602
6605
6606
6610
6611
6612
6613
6615
6617
6619
6625
6626
6630
6633
6634
6635
6641
6642
6643
6646
6647
6651
6653
9788
6655
6656
6661
6665
6666
6667
6668
6669
6672
6674
6676
6678
6679
6685
6687
6689
6692
6693
8405
6701
6702
6706
6710
6715
6716
6721
8832
6726
6727
6729
6730
6732
6737
6738
6739
6740
6741
6742
6748
6750
6751
6754
6757
6761
6764
6774
6775
6784
6785
6786
6793
6796
10153
6800
6806
6807
6809
6813
6814
6815
6823
6824
6825
6827
6830
6841
6861
6843
6844
6845
6846
6849
6856
6857
6863
6864
6867
6868
6869
6870
6871
6874
6877
6878
6883
6885
6888
6890
6892
6896
6897
6899
6902
6904
6906
6907
6908
6910
6948
6965
6921
6924
6928
6929
6933
6935
6936
6940
6942
6943
6944
6947
6952
6953
6956
6960
6961
6962
6963
6967
6968
6970
6976
6977
6979
6980
6982
6985
6989
6991
6994
6995
6997
7000
7001
7005
7007
7008
7010
7013
7014
7015
7016
7017
7018
7019
7021
7023
7025
7026
7027
7028
7029
7030
7031
7063
7035
7038
7039
7040
7041
7044
7045
7047
7048
7229
7049
7051
7053
7054
7055
7057
7058
7061
7066
7067
7069
7070
7072
7073
7074
7075
7077
7078
7079
7080
7081
7082
7083
7084
7086
7380
7087
7088
7089
7091
7094
7097
7098
7102
7103
7104
7106
7107
7108
7109
7113
7115
7116
7118
7119
7120
7121
7125
7127
7128
7129
7130
7132
7133
7138
7139
7141
7143
7149
7150
7151
7153
7155
7157
7161
7162
7163
7164
7168
7170
7173
7174
7176
7178
7179
7180
7181
7182
7183
7184
7185
7187
7188
7189
7191
7192
7193
7195
7198
7199
7201
7202
7203
7204
7207
7208
7211
7213
7214
7215
7216
7220
7222
7223
7231
7233
7234
7236
7238
7240
7242
7243
7244
7245
7246
7247
7248
7249
7250
7252
7255
7257
7258
7259
7268
7272
7273
7274
7275
7278
7279
7280
7283
7284
7286
7287
7288
7289
7290
7291
7292
7294
7295
7296
7299
7301
7302
7304
7306
7308
7311
7312
7314
7315
7317
7319
7320
7322
7324
7325
7326
7328
7329
7330
7331
7332
7335
7336
7337
7340
7341
7342
7343
7344
7345
7346
7347
7348
7349
7351
7353
7359
7360
7363
7364
7366
7368
7369
7370
7371
7372
7373
7374
7376
7377
7378
7379
7384
7385
7387
7388
7389
7391
7394
7395
7401
7402
7403
7404
7405
7410
7411
7412
7413
7414
7419
7421
7424
7427
7428
7430
7431
7439
7440
7441
7443
7444
7446
7447
7449
7450
7451
7454
7455
7457
7458
7459
7460
7461
7463
7465
7466
7467
7469
7470
7471
7474
7478
7480
7481
7483
7486
7487
7488
7489
7492
7493
7494
7499
7500
7501
7505
7507
7518
7519
7522
7523
7524
11142
7526
7527
7528
7540
7542
7547
7550
7551
7555
7557
7565
7569
7572
7575
7576
7578
7591
7582
7583
7585
7586
7861
7599
7604
7605
7606
7608
7612
7615
7617
7623
7632
7633
7635
7636
7639
7640
7641
7644
7646
7648
7651
7656
7662
7665
7667
11951
7669
7671
7680
7685
7687
7688
7689
7692
7693
7698
7700
7703
7704
7707
7710
7714
7716
7719
7722
7724
7725
7726
7727
7728
7730
7731
7732
7735
7736
7737
7738
7742
7744
7750
7751
7754
7756
7757
7758
7759
7764
7765
7769
7770
7773
7775
7776
7777
7785
7791
7792
7794
7799
7800
7802
7805
7807
7808
7810
7812
7815
7816
7817
7820
7821
7824
7825
7826
7828
7832
7835
7836
7839
7840
7841
7842
7844
7845
7846
7847
7848
7849
7850
7852
7854
7855
7856
7857
7858
7859
7860
11188
7862
7864
7866
7867
7868
7869
7870
7875
7876
7877
7884
7885
7887
7888
7892
7893
7895
7896
7897
7900
7901
7903
7905
7907
7908
7910
7911
7912
7913
7914
7915
7917
7920
7921
7922
7923
7925
7927
7929
7930
7935
10846
7937
7938
7940
7943
7944
7948
7949
7951
7952
7953
7958
7963
7966
7968
7969
7970
7973
7976
7978
7981
7983
7986
7990
7994
7995
7996
7997
7998
7999
8002
8011
8012
8013
8015
8016
11200
8018
8021
8022
8024
8027
8029
8030
8031
8032
8034
8038
8039
8041
8055
8056
8059
8060
8061
8063
8066
8067
8079
8083
8085
8089
8095
8096
8098
8100
8102
8106
8107
8112
8113
8115
8119
8120
8124
8125
8126
8128
8129
8134
8138
8140
8143
8147
8148
8149
8150
8151
8152
8154
8157
8159
8160
8161
8163
8165
8169
8170
8179
8180
8182
8185
8187
8188
8190
8191
8192
8193
8194
8199
8205
8206
8211
8212
8213
8215
8216
8217
8218
8224
8226
8228
8229
8230
8232
8234
8236
8237
8240
8244
8246
8247
8248
8250
8251
8252
8256
8257
8258
8261
8262
8263
8264
8265
8266
8267
8268
8269
8270
8271
8272
8273
8274
8277
8278
8281
8282
8283
8284
8287
8288
8289
8290
8291
8293
8294
8295
8297
8311
8298
8299
8300
8304
8309
8312
8314
8321
8323
8328
8329
8331
8332
8338
8339
8341
8345
8346
8347
8351
8353
8355
8358
8359
8360
8362
8363
8364
8369
8373
8374
8375
8376
8379
8385
8386
8388
8391
8393
8394
8401
8406
8407
8412
8415
8416
8419
8420
8425
8426
8429
8431
8433
8434
8436
8437
8438
8439
8440
8444
8453
8457
8458
8459
8462
8467
8468
8469
8472
8476
8479
8480
8481
8483
8487
8488
8493
8497
8498
8499
8501
8503
8507
8510
8512
8513
8516
8520
8521
8522
8523
8530
8533
8534
8535
8536
8538
8548
8551
8552
8556
8558
8560
8561
8562
8564
8566
8567
8568
8569
8571
8573
8578
8580
8585
8586
8587
8589
8591
8592
8594
8596
8598
8599
8600
8604
8606
8610
10239
8611
8612
8615
8617
8618
8621
8624
8627
8629
8632
8635
8637
8639
8640
8643
8649
8650
8651
9107
8659
8660
8662
8664
8665
8669
8671
8673
8675
8677
8678
8681
8686
8687
8688
8689
8690
8691
8695
8702
8703
8704
8705
8706
8710
8711
8715
8716
8718
8719
8720
8721
8723
8724
8726
8727
8728
8731
8732
8734
8735
8736
8737
8738
8739
8740
8741
8742
8743
8745
8746
8749
8752
8753
8754
8755
8756
8758
8759
8760
8763
8765
8766
8767
8768
8770
8771
8772
8774
8775
8776
8786
8779
8780
8781
8783
8784
8785
8787
8788
8790
8794
8797
8798
8799
8802
8811
8813
8815
8816
8825
8828
8831
8833
8835
8839
8842
8845
8846
8847
8848
8853
8854
8857
8862
8864
8873
8877
8878
8881
8885
8888
8889
8891
8892
8897
8899
8900
8901
8902
8903
8906
8908
8909
8911
8912
8914
8916
8919
8920
8926
8931
8932
8933
8934
8938
8939
8940
8942
8944
8946
8947
8948
8950
8951
8952
8953
8954
8956
8958
8959
8960
8961
8963
8964
8965
8966
8968
8970
8972
8974
8975
8978
8979
8980
8983
8984
8985
8987
8988
8989
8991
8994
8995
8996
8997
8998
9000
9002
9003
9004
9009
9010
9011
9012
9013
9016
9018
9019
9020
9021
9024
9025
9026
9027
9028
9032
9033
9035
9036
9038
9040
9042
9045
9046
9050
9051
9052
9053
9054
9056
9060
9065
9066
9070
9071
9074
9075
9076
9077
9079
9080
9082
9083
9086
9087
9089
9090
9091
9094
9095
9102
9104
9106
9112
9113
9114
9116
9119
9120
9121
9122
9123
9126
9137
9142
9143
9145
9150
9154
9156
9158
9161
9168
9170
9172
9175
9177
9178
9180
9181
9183
9184
9189
9190
9196
9198
9199
9201
9202
9204
9205
9207
9208
9210
9212
9213
9214
9215
9216
9217
9218
9219
9220
9221
9222
9226
9229
9230
9233
9234
9235
9236
9237
9238
9239
9240
9241
9242
9244
9246
9248
9249
9250
9251
9253
9254
9256
9257
9259
9263
9265
9266
9267
9269
9270
9271
9272
9275
9277
9280
9281
9282
9286
9288
9293
9297
9299
9300
9302
9305
9306
9307
9308
9309
9311
9312
9316
9319
9320
9324
9327
9328
9329
9331
9332
9333
9337
9339
9340
9341
9342
9344
9345
9348
9349
9350
9352
9353
9355
9358
9359
9360
9361
9365
9366
9369
9371
9373
9374
9375
9376
9377
9378
9379
9381
9382
11362
9383
9384
9385
9388
9389
9391
9395
9396
9397
9400
9401
9404
9408
9409
9410
9411
9413
9414
9415
9418
9419
9423
9425
9426
9427
9430
9431
9432
9433
9434
9435
9437
9438
9439
9440
9441
9442
9443
9444
9445
9446
9447
9448
9449
9450
9451
9452
9454
9455
9456
9457
9458
9459
9460
9461
9462
9464
9465
9466
9467
9468
9469
9476
9479
9480
9481
9482
9484
9486
9487
9488
9489
9490
9491
9494
9495
9496
9498
9499
9500
9507
9512
9514
9518
9522
9525
9528
9529
9533
9536
9540
9544
9546
9548
9549
9554
9557
9559
9572
9581
9589
9595
9596
9618
9627
9628
9630
9632
9634
9638
9641
9644
9646
9651
9660
9661
9662
9663
9666
9667
9669
9682
9685
9694
9695
9700
9704
9706
9711
9713
9717
9718
9719
9720
9721
9727
9728
9729
9732
9736
9740
9743
9744
9746
9748
9750
9754
9757
9758
9759
9761
9762
9763
9764
9767
9770
9774
9776
9781
9784
9785
9787
9789
9790
9792
9794
9796
9800
9801
9805
9806
9808
9810
9813
9819
9822
9823
9825
9827
9828
9829
9833
9837
9838
9839
9843
9846
9847
9848
9849
9851
9853
9854
9855
9857
9858
9860
9863
9866
9867
9871
9872
9883
10720
9884
9885
9886
9889
9893
9898
9899
9900
9907
9908
9912
9914
9915
9919
9921
9926
9928
9929
9930
9936
9941
9943
9952
9957
9958
9961
9967
9968
9969
9971
9974
9975
9976
9978
9986
9995
10001
10002
10003
10005
10006
10008
10011
10012
10017
10018
10023
10029
10031
10037
10040
10042
10043
10044
10045
10052
10055
10058
10061
10062
10064
10065
10073
10074
10076
10077
10082
10089
10092
10096
10102
10103
10105
10106
10107
10111
10112
10114
10116
10122
10123
10124
10125
10127
10128
10131
10132
10133
10135
10136
10137
10138
10141
10142
10143
10144
10145
10148
10150
10151
10152
10154
10155
10156
10157
10158
10160
10163
10165
10166
10168
10169
10171
10172
10174
10175
10177
10178
10179
10181
10182
10183
10184
10185
10186
10187
10188
10191
10193
10194
10198
10199
10201
10202
10204
10206
10207
10208
10209
10211
10212
10217
10218
10226
10227
10231
10235
10237
10243
10246
10248
10251
10255
10258
10260
10265
10267
10270
10271
10272
10278
10279
10285
10287
10294
10295
10298
10300
10301
10303
10305
10307
10308
10309
10312
10315
10316
10321
10322
10327
10333
10334
10338
10340
10341
10342
10343
10344
10351
10353
10356
10361
10362
10363
10365
10369
10370
10372
10373
10377
10378
10379
10380
10383
10384
10385
10386
10387
10388
10391
10392
10399
10400
10401
10403
10405
10406
10415
10420
10423
10424
10425
10426
10427
10429
10431
10432
10433
10434
10435
10437
10439
10440
10450
10453
10454
10455
10456
10457
10458
10459
10462
10463
10464
10465
10467
10470
10472
10477
10482
10483
10485
10486
10487
10488
10489
10490
10491
10496
10499
10500
10501
10503
10504
10505
10508
10512
10513
10515
10516
10517
10519
10520
10526
10529
10530
10531
10534
10535
10537
10538
10548
10550
10556
10558
10561
10565
10566
10567
10569
10570
10571
10572
10573
10576
10578
10579
10581
10583
10584
10592
10596
10597
10598
10599
10600
10601
10606
10607
10609
10610
10611
10612
10616
10618
10623
10626
10631
10634
10635
10636
10637
10638
10640
10641
10642
10646
10647
10649
10651
10652
10653
10658
10660
10665
10666
10667
10672
10676
10677
10678
10681
10683
10684
10688
10690
10695
10699
10702
10705
10707
10708
10713
10716
10717
10723
10725
10729
10730
10731
10735
10738
10740
10743
10744
10745
10748
10749
10750
10752
10756
10757
10758
10761
10762
10765
10766
10767
10769
10771
10772
10776
10777
10778
10779
10780
10781
10783
10784
10786
10790
10793
10794
10795
10798
10801
10802
10804
10810
10811
10818
10819
10821
10822
10824
10825
10827
10830
10833
10834
10836
10837
10840
10843
10848
10849
10850
10851
10855
10856
10857
10859
10860
10862
10863
10867
11414
10869
10871
10875
10876
10877
10880
10881
10882
10884
10885
10886
10887
10889
10890
10891
10893
10894
10897
10898
10899
10903
10904
10906
10907
10912
10913
10915
10917
10918
10919
10920
10921
10922
10926
10929
10930
10932
10933
10935
10936
10937
10940
10942
10943
10945
10946
10947
10948
10949
10950
10951
10952
10953
10954
10955
10956
10957
10958
10959
10960
10961
10962
10964
10965
10966
10967
10968
10969
10970
10971
10972
10973
10975
10976
10977
10978
10979
10980
10982
10984
10985
10988
10989
10992
10993
10994
10995
10996
10997
10998
10999
11001
11002
11003
11006
11009
11012
11013
11014
11015
11016
11018
11019
11020
11021
11022
11024
11025
11026
11027
11029
11030
11031
11033
11035
11036
11037
11038
11039
11040
11041
11042
11043
11044
11045
11046
11047
11049
11050
11051
11052
11054
11056
11057
11058
11060
11061
11062
11063
11065
11070
11071
11072
11073
11076
11077
11079
11080
11086
11089
11090
11093
11094
11095
11096
11097
11098
11099
11104
11107
11108
11111
11112
11115
11116
11117
11118
11119
11125
11127
11128
11131
11133
11135
11139
11141
11144
11145
11146
11148
11149
11151
11152
11154
11155
11156
11158
11161
11165
11169
11170
11171
11173
11174
11175
11176
11177
11178
11179
11181
11182
11183
11186
11189
11190
11191
11192
11194
11196
11197
11198
11199
11204
11205
11206
11207
11209
11211
11213
11217
11220
11221
11224
11225
11226
11229
11230
11231
11238
11240
11244
11245
11248
11249
11252
11253
11259
11260
11261
11262
11264
11268
11270
11271
11272
11273
11274
11276
11279
11281
11285
11290
11291
11295
11297
11298
11299
11301
11303
11304
11305
11308
11311
11316
11317
11319
11321
11323
11324
11325
11329
11333
11334
11335
11337
11339
11341
11343
11344
11346
11348
11349
11350
11352
11353
11355
11356
11359
11360
11361
11366
11368
11370
11371
11374
11375
11380
11381
11382
11387
11393
11394
11396
11397
11398
11399
11400
11403
11404
11408
11411
11413
11416
11422
11424
11426
11427
11428
11433
11434
11435
11437
11438
11439
11440
11441
11442
11445
11446
11447
11448
11453
11454
11456
11457
11458
11461
11462
11463
11466
11467
11468
11470
11472
11473
11474
11475
11477
11479
11480
11483
11484
11488
11489
11490
11493
11495
11496
11497
11499
11500
11501
11503
11506
11508
11509
11511
11512
11515
11518
11519
11520
11521
11522
11523
11525
11526
11528
11529
11530
11531
11532
11533
11534
11535
11536
11537
11538
11539
11545
11546
11547
11548
11549
11550
11551
11552
11553
11554
11555
11556
11557
11558
11566
11567
11568
11570
11571
11572
11575
11577
11578
11582
11583
11584
11586
11587
11591
11593
11596
11598
11600
11605
11606
11608
11609
11610
11611
11612
11613
11614
11628
11633
11636
11640
11649
11653
11655
11659
11661
11662
11663
11666
11668
11674
11677
11682
11683
11685
11687
11692
11694
11697
11700
11701
11702
11706
11709
11711
11715
11720
11721
11722
11728
11729
11730
11732
11733
11737
11738
11741
11744
11748
11751
11754
11757
11760
11761
11763
11764
11765
11767
11772
11774
11775
11779
11780
11786
11787
11790
11792
11793
11794
11798
11801
11803
11805
11807
11812
11815
11816
11823
11824
11825
11827
11828
11829
11835
11848
11859
11865
11873
11876
11880
11881
11887
11898
11903
11910
11914
11917
11918
11921
11922
11925
11934
11935
11943
11946
11947
11961
11964
11965
11968
11971
11980
11983
11992
12004
12005
12006
12010
12018
12022
12026
12028
12029
12033
12034
12041
12044
12057
12060
12061
12067
12070
12071
12075
12078
12080
12086
12088
12091
12095
12099
12100
12102
12105
12107
12108
12110
12111
12112
12113
12116
12117
12119
12120
12124
12125
12127
