9
10
131
6364
6366
11
292
4165
1617
5425
1268
2812
8797
416
54
27
29
71
30
31
32
36
41
42
43
7459
987
46
47
675
2750
2367
56
63
64
230
2416
66
4142
70
1016
1777
75
108
82
83
1420
84
85
86
91
92
4542
96
103
5185
139
106
107
969
733
208
5298
505
345
1530
2079
113
115
116
118
125
130
3091
144
216
258
2447
1883
701
133
166
136
3382
137
138
713
5591
140
7852
146
151
282
1631
153
155
158
2081
3030
161
165
169
177
5257
179
182
5143
1293
187
189
193
663
196
198
1682
199
2200
201
223
207
990
215
220
221
2494
2805
224
231
233
235
1053
239
398
729
240
4482
242
247
251
254
2109
257
265
267
270
390
278
382
383
271
274
275
2657
277
279
281
1400
5600
562
284
285
286
290
291
294
300
305
314
6897
1639
7012
8719
317
318
2187
337
1818
321
322
1632
6841
1882
6395
323
326
331
332
4524
2301
335
4293
655
336
341
344
2981
347
392
350
351
353
355
359
3318
361
7290
363
1196
1782
365
367
3070
374
376
377
380
381
1344
1795
4773
471
385
386
388
1002
2683
3999
389
2243
1798
391
393
395
2887
887
2321
2711
5370
400
758
3322
404
405
406
407
408
410
411
412
413
414
418
420
949
422
425
427
435
436
437
440
442
444
447
452
456
458
459
464
468
469
472
475
483
4593
1645
487
493
494
2477
495
496
500
503
774
504
506
728
508
5479
553
513
515
516
517
518
519
520
523
524
525
4537
527
529
531
2364
534
535
536
537
541
543
546
547
3898
548
552
554
556
557
561
563
564
566
567
570
571
572
574
575
576
579
581
583
585
593
586
2672
594
597
598
4566
600
602
605
609
611
612
613
615
617
619
621
622
626
627
628
629
630
631
632
633
634
636
637
638
639
642
644
3456
3051
647
648
651
654
5157
3733
656
657
659
661
1300
665
669
1696
674
676
678
680
681
682
686
688
691
695
697
1317
702
703
706
708
709
711
7002
712
2405
716
718
720
2681
725
726
727
730
732
3457
737
739
741
742
745
746
750
753
754
757
763
764
765
766
770
5578
772
775
778
781
785
786
787
790
792
793
795
1237
796
798
800
801
802
803
804
805
807
1493
809
811
5989
812
813
818
819
6816
821
822
824
826
827
828
830
831
832
834
835
838
839
841
842
844
846
847
849
851
852
853
854
857
858
859
860
861
862
863
7364
864
869
870
871
872
873
875
876
1749
877
879
882
883
884
885
1160
888
890
892
893
894
895
896
897
898
899
901
902
1145
2453
904
905
907
909
910
911
912
913
915
923
924
926
927
948
5093
930
933
937
938
940
941
942
943
947
5511
1486
950
951
2628
952
953
954
955
956
957
960
961
964
965
970
973
975
976
977
979
980
982
985
986
988
989
991
994
996
997
998
1000
1001
1787
1003
1004
1007
1008
1010
1011
1012
1014
1015
1017
1018
1019
1021
1022
4606
1190
1023
1025
1027
1028
1029
1030
1032
1033
1034
1036
1037
1038
6686
6247
1039
1040
1321
1041
1042
1043
1044
1045
1049
5869
1050
1054
1055
1056
1057
1058
1059
1066
1067
1068
1069
1071
1072
1074
1075
6516
1077
1079
1080
1081
1082
1083
1085
1086
1087
1088
1089
1090
1091
1092
2426
1093
1097
1099
1100
1102
1103
1104
1105
5206
1106
1108
1110
1111
1112
1113
1116
1117
1119
1120
1121
1122
1123
1124
1127
1132
1133
1135
1136
1139
1140
1143
1144
2462
1147
1149
1150
1155
1158
1161
2169
1162
1163
1165
1167
1168
1169
1170
1172
1175
1176
1180
1181
1183
1184
1186
1728
1751
4829
1187
1188
1189
1191
2773
1193
1194
1195
1197
1198
1199
1202
1210
1211
1212
1213
1215
1217
1226
1227
1230
1232
1234
1236
1238
1239
1240
1241
1244
1245
1247
1248
1249
1250
1252
1256
1259
3987
1261
1262
1263
1264
4610
1583
2320
1266
1269
1270
1272
1273
1316
1478
1277
1278
1280
1281
1282
1286
1287
1288
1289
1290
1291
1292
1294
1295
1296
1297
1298
1299
1301
1302
1445
1303
1304
1306
1307
1309
1310
1311
1313
1314
4825
2011
1315
4322
1319
1320
1322
1325
1326
1327
1328
1329
1330
2108
1331
1332
1334
1335
1338
1339
1340
1343
1345
5960
1349
1350
1351
1352
1353
1355
1358
1359
1360
1364
1741
1367
1368
1369
1371
1372
1373
1374
4699
1375
1376
1377
1378
1379
1380
4381
1383
1384
1386
3271
1387
1388
1392
1394
1395
1396
1397
1398
1399
1402
3705
1403
3901
1405
1407
1408
1409
1412
1415
2608
1418
1419
1422
1423
1424
1425
7438
1433
1435
1436
1440
1442
1443
1444
1466
1560
1446
1449
1451
1454
1456
1457
1458
1460
1464
1467
1469
1470
1472
1473
1475
1476
1479
1480
1482
1483
1485
3261
1488
4481
4087
7289
1495
1497
4748
1498
1509
1510
1512
1513
2720
2504
1514
1518
6585
1521
1525
1526
1527
1529
1533
1534
1539
1541
1543
1544
1548
1550
1555
1556
1557
1559
5084
1562
1571
1575
1577
1579
1581
2610
7695
1585
1591
1597
1599
4178
1600
1601
6467
1605
6725
1606
1610
1611
1613
1620
1623
1625
1628
6123
1633
1634
1636
1637
1638
1640
1641
1642
1644
1648
1649
1651
3300
1655
3203
1656
1657
4043
1661
1662
1665
1668
1670
1671
1673
1674
1675
1677
1680
1681
1695
1684
1685
1687
1688
1689
1690
1693
1697
1699
1700
1702
1703
1704
1705
1706
1707
1708
1710
1714
1715
1716
1718
1723
1724
1726
3621
1729
7296
1731
1735
1736
1737
1738
1740
1742
1746
1750
5014
1753
1755
1759
1761
1763
1764
1765
1768
1769
1770
1929
1771
1773
1775
1776
1783
1786
1788
1789
1790
1791
2009
1796
1797
1799
1800
1804
1806
3401
1808
6903
1809
1810
1811
1815
1817
1819
1820
1824
1826
1827
1828
1829
1831
1835
1836
1840
1847
1849
1851
1853
1854
1855
1856
1862
1869
1870
1872
1873
1876
1878
3143
1880
1977
1881
1884
1886
1887
1893
1894
1900
1901
1903
1905
1906
6824
1907
1908
1909
1964
1910
1912
1913
2308
1917
1919
1920
1921
1923
1924
1925
1926
1928
1931
1933
5382
1937
1938
1939
1942
1943
1944
1945
1946
1947
1949
2348
1951
1952
1953
1954
1957
1959
1960
1961
1967
1971
1972
3339
1974
1975
1978
1979
1980
1981
1982
1986
1987
1990
1991
1992
1993
1995
1997
1998
2001
2002
2004
2007
2008
3927
5293
6162
6766
2010
5091
2012
2013
2014
2015
2016
2017
2018
2019
2020
2021
4337
2022
2025
2026
2027
2029
2031
2032
2034
2035
2037
2045
2049
2054
2055
2056
2059
2062
2065
2066
2068
2071
2072
2076
2077
5360
2080
6813
2082
3465
2084
2085
2086
2088
2089
2090
2220
2092
2093
2094
2097
2098
6215
2099
2102
2105
2106
5323
2112
2113
2115
2117
2119
2124
2125
2126
2128
2130
2131
2137
2140
2142
2144
2145
2146
2149
2154
2155
2157
2336
2163
2166
2167
2174
2175
2176
2180
2181
2182
2184
2190
2192
2193
2194
2196
2201
2202
7378
2206
2207
2208
2209
2210
2212
2213
2214
2216
2219
4730
2223
2227
2229
2230
2234
2238
2239
2245
2248
2254
2257
2260
2261
2262
2263
2265
2266
2267
2269
2270
2272
2274
2275
2277
2278
2279
2281
2282
2286
2315
2287
2291
2295
2296
2298
2299
2300
2307
4769
4487
2309
2310
2313
2314
2316
2317
2319
5647
2326
2327
2328
2330
2331
2335
2339
2341
2342
2344
5200
2345
2354
2355
2357
2359
2361
2363
2365
2366
2369
2370
2371
2373
2540
2374
2376
2377
2378
2379
2380
2382
2383
2389
2392
2394
2395
2396
2397
2399
2400
2403
2404
6176
2407
2409
2410
2413
2414
2415
2418
2420
2421
7114
2422
2427
2430
2431
4876
2432
2433
2435
2437
2439
2441
2443
2445
2446
4865
2450
2452
2454
2456
2457
2460
2465
2466
2475
2476
2478
2480
2481
2482
2487
2489
2490
2495
2497
2498
2499
4960
2506
2507
2508
2513
2514
2515
2521
2523
2525
2526
2527
2529
2530
2531
2532
2533
2534
2536
2539
5593
3929
2541
2549
8269
2550
2551
2553
2554
2555
2556
2558
2560
2561
2562
2563
2564
2567
2572
2575
2577
2578
2579
2581
2583
2584
2589
2592
2596
2599
2600
2601
2603
2606
2607
2611
2612
2619
2621
2627
2629
2630
2631
2632
2633
2634
2636
2640
2641
2643
2644
2649
2650
2654
2656
2660
2661
5718
2662
2663
2664
2665
2666
2667
2668
2671
2674
2675
2676
2679
2680
2814
2682
2685
2686
2688
2690
2693
2694
3388
2695
2696
2697
2699
2700
2702
2703
2706
2707
2713
7603
2716
2717
2718
2722
2723
2724
2726
2729
2730
2734
2735
2739
2740
2741
2743
2753
2755
2756
2758
2764
2771
2777
2782
2785
2792
2793
2795
2799
2801
2802
2837
2806
2808
2813
2816
2824
2825
2826
2830
2833
2835
2840
2849
2850
2854
2856
2860
2862
2865
2866
2867
2872
2874
2880
2883
2884
2893
2894
2900
2903
2912
2914
2916
2917
6819
2918
2924
2925
2927
2929
2930
2932
3247
2936
2939
2940
2943
2946
2948
2953
2957
2960
2964
2967
2970
2976
2984
2987
2990
2991
2996
2997
2999
3008
3011
3017
3023
3028
3032
3038
3039
3043
3045
3050
3054
3056
3058
3059
3065
5413
3066
3068
3069
4878
3072
3073
3074
3077
3080
3081
3084
3085
3086
3087
3088
3090
3094
3095
3098
3099
6218
3100
3103
6233
3104
3106
3109
3110
3112
3113
3116
5114
3117
3118
3119
6331
3120
3121
3122
3123
3124
3125
3126
3127
3128
3130
3131
3133
3140
3141
3144
3145
3147
3148
3150
3151
3153
3155
3156
3157
3159
3160
3163
3165
3169
3171
3172
3174
3175
3177
3178
3179
3180
3181
3182
3183
3184
3185
3187
3188
3189
3190
3195
3196
3197
3200
3202
3204
3205
3206
3207
3210
3213
3214
3215
3216
3217
3218
3219
3222
3223
3224
3225
3226
3227
3228
3234
3235
3236
3237
3239
3240
3241
3242
3246
3248
3249
3250
3255
3258
3259
3262
3267
3268
3270
3272
3273
3274
3275
3276
3277
3278
3280
3282
3283
3284
3286
3287
3289
3290
3292
3293
3294
3295
3296
3297
3298
3302
3303
3305
3308
3310
3311
3312
3314
3316
3317
3319
3320
3327
3329
3334
3336
3338
6314
3341
3344
3345
3346
3350
3352
3353
3355
3356
3358
3365
3370
3373
3374
3378
4155
3379
3381
4609
3383
3384
7496
3385
3386
3387
3389
3390
3391
3394
3395
3397
3405
3409
3413
3415
3416
3422
3423
3424
3430
3434
3436
3437
3439
3440
3444
3445
3449
3450
3452
3454
3458
3459
3460
3461
3462
3463
3471
3484
3486
3491
3494
3498
3501
3502
3510
3511
3513
3516
3519
3520
3525
3528
3529
3531
3535
3540
3547
3548
3549
3550
3559
3570
3571
3572
3574
3575
3577
3582
3585
3586
3587
3588
3589
3592
3594
3595
3596
3597
3602
3604
3607
3608
3610
3612
3614
3615
3617
3618
3619
4926
3620
3622
3625
3626
3627
3628
3630
3632
3633
3639
3641
3644
3645
3646
3647
3648
3649
3650
3654
3663
3674
3679
3682
3683
3684
3686
3687
3693
3699
3713
3716
3717
3718
3721
3726
3728
3729
3731
3735
3742
3750
3755
3758
3761
3766
3769
3771
3773
3775
3777
3780
3781
3782
3784
3785
3786
3787
3789
3790
3795
3798
3807
3808
3809
3810
3812
3813
3814
3815
3816
3817
3818
3819
3820
3821
3822
3825
3826
3828
3830
3833
3834
3835
3836
3838
3839
3841
3845
3846
3848
3849
3850
3851
3852
3854
3856
3857
3858
3859
3862
3863
3976
3865
3866
3867
3868
3870
3871
3872
3874
3877
3881
3883
3884
3885
3886
3887
3888
3889
3891
3892
3893
3894
3895
3896
3897
3900
4288
3902
3903
3905
3909
3910
3914
3916
3917
3918
3921
3923
3930
3934
3935
3936
3938
3941
3944
3945
3946
3948
3949
3952
3954
3957
3958
3959
3965
3967
3968
3969
3972
3973
5075
3974
3975
6350
7963
3977
3978
3980
3982
3983
3985
3989
3991
3993
3994
3995
3997
3998
4001
4005
4009
4010
4011
4014
4015
4017
4023
4024
4025
4028
4029
4030
4031
4032
4034
4035
4037
4044
4046
4048
4050
4051
4052
4054
4056
4057
4058
4060
4061
4062
4063
4065
4066
4067
4070
4072
4075
4076
4078
4080
4083
4084
4085
4086
4090
4091
4092
4093
4097
4098
4100
4103
4104
4105
4107
4110
4112
4114
4116
4123
4125
4129
4132
4134
4135
6795
4137
4138
4146
4150
4153
4154
4157
4160
4161
4162
4164
4166
4167
4169
4171
4173
4174
4175
4176
6845
4179
4180
4181
5918
6279
4182
4186
4187
4189
4190
4192
4194
4196
4197
4200
4201
4203
4205
4206
4207
4208
4209
4211
4212
4215
4216
4217
4218
4219
4220
4221
4226
4227
4228
4229
4230
4231
4235
6839
4236
4237
4238
4239
4240
4243
4244
4245
4247
4249
4250
4256
4258
4259
4260
4261
4264
4274
4276
4280
4283
4287
4289
4290
4296
4298
4299
4301
4304
4306
4308
4309
4311
4315
4316
6017
6213
4317
4318
4319
4320
4323
4324
4327
4329
4330
4331
4332
4333
4334
4335
4336
4339
4340
4342
6398
4344
4349
4350
4352
4354
4355
4356
4358
4359
4361
4363
4364
4370
4371
4372
4375
4377
4380
4382
4387
4388
4389
4390
4391
4395
4397
4400
4401
4402
4404
4415
4416
4417
4419
4421
4422
4424
4427
4428
4432
4443
4449
4450
4454
4458
4478
4480
4483
4486
4688
4491
4496
4500
4501
4503
4505
4512
4514
4520
4521
4522
4523
4569
4525
4526
4532
4543
4546
4552
4553
4559
4561
4562
4563
4568
4572
4573
4574
4576
4578
4579
4581
4582
4583
4584
4587
4588
4592
4594
4597
4598
4600
4602
4604
7077
4608
4614
4623
4624
4626
4628
4629
4634
4635
4636
4638
4641
4642
4643
4644
4645
4648
4649
4650
4653
4660
4661
4663
4665
4666
4670
4672
4673
4674
4675
4676
4678
4679
8498
4682
4691
4692
4693
4698
4703
4705
4708
4710
4711
4712
4715
4716
4718
4724
4727
4729
5502
4733
4737
4740
4742
4743
4745
4746
4753
4757
4758
4767
6121
5650
4779
4782
4784
4788
4789
4791
4792
4795
4797
4799
4801
4802
4803
4804
4812
4818
4820
4822
4828
4832
4842
4846
4849
4850
4852
4855
4858
4859
4861
4864
4866
4867
4870
4872
4873
4882
4888
4891
4892
4895
4907
4911
4918
4920
4922
4927
4930
4932
4933
4934
4937
4942
4944
4950
4954
4955
4959
4966
4971
4974
4977
4986
4987
4992
4993
5001
5004
5005
5010
5018
5027
5028
5030
5035
5038
5040
5056
5060
5061
5063
5064
5076
5078
5079
5082
5092
5095
5096
5097
5099
5102
5103
5104
5105
5107
5109
6673
5110
5111
5112
5119
5121
5136
5125
5129
5130
5131
5139
5140
5141
5145
5146
5147
5148
5151
5152
5153
5156
5158
5159
5160
5163
5164
5165
5167
5168
5169
5171
5172
5174
5175
5178
5179
5180
5181
5182
5183
5184
5186
5188
5189
5190
5193
5197
5198
5202
5203
5209
5213
5215
5216
5218
5219
5220
5222
5224
5226
5230
5233
5234
5235
5236
5237
5239
5242
5243
5247
5248
5255
5256
7677
5259
5264
5267
5268
5269
5272
5273
5274
5275
5276
5277
5282
5284
5286
5287
7445
5291
5295
5296
5299
5300
5301
5304
5305
5310
5311
5312
5316
5317
5318
5321
5326
5327
5328
5329
5330
5333
5334
5338
5342
5343
5344
5345
5346
5347
5348
5349
5353
5354
5356
6048
5366
5367
5369
5371
5372
5373
5375
5378
5379
5380
5383
5384
5385
5386
5387
5388
5389
5391
5393
5397
5400
5401
5404
5405
5407
5408
5410
5412
5414
5415
5416
5420
5421
5427
5428
5429
5433
5435
5436
5437
5438
5439
5441
5442
5443
5448
5450
5451
5453
5455
5457
5459
5461
5462
5466
5470
5471
5473
5474
5478
5480
5482
5485
5486
5487
5113
5489
5490
5491
5492
5494
5495
5496
5498
5500
5507
5510
5514
5515
5518
5519
5521
5522
5523
5525
5528
5530
5533
5534
5536
5538
5540
5542
5543
5544
5548
5551
5552
5553
5554
5559
5565
5568
5573
5574
5583
5584
5588
5589
5599
5601
6495
5606
5617
5620
5621
5625
5632
5635
5636
5638
5639
5643
5645
5651
5656
5657
5658
5659
5665
5671
5672
5674
5675
5678
5679
5682
5683
5684
5686
5687
5688
5691
5696
5700
5705
5711
5722
5724
5729
5732
5735
5738
5739
5740
5743
5749
5758
5761
5762
5763
5765
5768
5770
5772
5775
5779
5780
5784
5785
5786
5787
5789
5790
5791
5792
5793
5794
6127
5795
5796
5797
5798
5799
5800
5801
5802
5803
5804
5805
5806
5807
5808
5809
5810
5811
5812
5813
5814
5815
5816
5817
5819
5820
5821
5824
5825
5826
5827
5828
5829
5830
5831
5832
5833
5835
5836
5837
5838
5839
5840
5841
5842
5843
5845
5847
5848
5849
5850
5852
5853
5854
5855
5856
5857
5859
5861
5862
5863
5866
5867
5868
5870
5871
5872
5874
5875
5876
5878
5880
5881
5882
5883
5884
5888
5889
5890
5891
5893
5894
5896
5897
5898
5899
5900
5901
5902
5903
5904
5905
5906
5907
5908
5909
5910
5911
5913
5914
5915
5916
6916
5917
5919
5923
5924
5925
5926
5928
5929
5930
5931
5932
5933
5937
5939
5940
5941
5942
5943
5944
5946
5948
5949
5950
5951
5952
5953
5954
5955
5956
5958
5959
5961
5962
5963
5964
5965
5967
5969
5971
5972
5973
5974
5975
5976
5977
5978
5979
5980
5981
5982
5983
5984
5985
5987
5988
5991
5993
5994
5997
5999
6001
6002
6003
6004
6005
6007
6008
6009
6011
6242
6214
6012
6013
6015
6018
6020
6022
6024
6025
6026
6027
6029
6030
6031
6033
6035
6036
6037
6040
6041
6042
6043
6045
6049
6125
6050
6051
6052
6449
6206
6054
6056
6057
6060
6067
6068
6071
6073
6075
6077
6078
6079
6081
6083
6084
6086
6087
6088
6089
6090
6091
6092
6093
6096
7266
6097
6098
6099
6100
6101
6103
6105
6106
6107
6110
6112
6116
6117
6119
6122
6124
6126
6128
6130
6133
6134
6135
6137
6138
6139
6142
6143
6144
6145
6147
6148
6151
6154
6155
6156
6158
6159
6160
6161
6163
6165
6168
6170
6171
6172
6173
6174
6175
6177
6178
6179
6180
6181
6182
6183
6186
6187
6188
6190
6193
6195
6196
6198
6199
6202
6204
6217
6222
6223
6225
6228
6230
6235
6237
6238
6239
6241
6244
6245
6246
6248
6249
6250
6251
6253
6254
6255
6257
6258
6260
6263
6264
6265
6267
6269
6273
6276
6277
6278
6282
6285
6286
6289
6290
6291
6292
6293
6294
6296
6300
6301
6306
6307
6312
6313
6315
6316
6317
6319
6320
6323
6324
6325
6327
6328
6330
6332
6334
6338
6339
6340
6341
6342
6343
6344
6345
6346
6348
6352
6353
6354
6357
6359
6362
6363
6365
6367
6368
6369
6370
6371
6372
6375
6376
6377
6379
6382
6383
6385
6387
6388
6390
6391
6396
6400
6404
6408
6667
6413
6414
6415
6418
6421
6422
6431
6432
6433
6442
6446
6451
6452
6455
6456
6458
6459
6460
6461
6462
6463
6465
6466
6471
6472
6473
6474
6477
6484
6486
6489
6490
6496
6499
6500
6501
6502
6503
6505
6506
6507
6509
6514
6515
6517
6518
6519
6520
6521
6522
6523
6524
6525
6526
6528
6529
6530
6531
6532
6533
6535
6536
6537
6539
6540
6541
6542
6543
6544
6545
6546
6549
6550
6551
6552
6553
6556
6558
6560
6562
6563
6565
6566
6567
6571
6572
6573
6574
6575
6581
6583
6586
6589
6591
6593
6598
6602
6603
6604
8206
6609
6615
6617
6621
6622
6626
6629
6631
6632
6633
6635
6637
6638
6639
6640
6641
6642
6644
6651
6652
6653
6654
6655
6658
6660
6663
6666
6668
6674
6676
6678
6680
6683
6685
6687
6688
6689
6690
6691
6692
6693
6694
6696
6698
6700
6702
6703
6707
6708
6709
6711
6713
6716
6718
6719
6720
6721
6723
6726
6727
6728
6729
6730
6965
6732
6734
6735
6739
6741
6745
6748
6749
6750
6752
6753
6754
6755
6758
6761
6763
6765
6767
6769
6770
6771
6772
6773
6774
6775
6777
6780
6781
6782
6783
6784
6786
6787
6788
6790
6793
6794
6797
6798
6802
6804
6805
6806
6810
6815
6817
6820
6823
6828
6830
6831
6832
6833
6834
6836
6837
6838
6840
6842
6844
6849
6852
6856
6862
6867
6873
6874
6876
6877
7672
6878
6880
6881
6883
6884
6885
6886
6887
6888
6889
6891
6894
6895
6896
6898
6899
6902
6904
6905
6906
6907
6908
6909
6910
6911
6912
6913
6915
6917
6918
6919
6920
6921
6924
6925
6926
6929
6931
6933
6934
6935
6937
6938
6939
6942
6944
6945
6947
6952
6955
6957
6959
6961
6962
6969
6971
6972
6974
6975
6976
6978
6981
6982
6983
6984
6985
6988
6989
6992
6993
7003
7005
7007
7008
7011
7016
7018
7019
7020
7021
7023
7024
7025
7026
7030
7032
7033
7034
7036
7038
7039
7042
7045
7046
7047
7048
7049
7051
7053
7054
7055
7056
7057
7058
7060
7062
7840
7630
7071
7082
7083
7084
7085
7283
7087
7091
7093
7096
7097
7098
7099
7107
7111
7113
7116
7117
7119
7121
7122
7125
7126
7127
7128
7130
7135
7137
7138
7139
7140
7141
7145
7146
7151
7152
7153
7156
7157
7168
7169
7171
7174
7175
7176
7177
7178
7180
7181
7185
7188
7189
7191
7194
7195
7196
7197
7200
7201
7202
7204
7205
7651
7207
7212
7213
7215
7216
7217
7218
7219
7220
7224
7225
7226
7231
7234
7235
7236
7237
7240
7241
7246
7248
7249
7250
7251
7253
7255
7256
7257
7258
7260
7263
7264
7267
7268
7270
7271
7273
7275
7276
7277
7281
7282
7284
7291
7292
7297
7298
7299
7300
7301
7302
7303
7308
7309
7310
7311
7312
7314
7317
7318
7319
7321
7322
7323
7325
7328
7331
7332
7336
7339
7341
7342
7343
7345
7349
7351
7353
7357
7359
7360
7362
7363
7366
7367
7369
7370
7371
7373
7377
7383
7389
7391
7393
7394
7398
7399
7402
7407
7409
7411
7414
7416
7419
7420
7421
7422
7424
7425
7427
7429
7430
7432
7434
7436
7439
7440
7443
7444
7449
7450
7451
7452
7453
7454
7458
7461
7466
7467
7468
7469
7472
7473
7474
7476
7477
7482
7483
7484
7485
7486
7488
7489
7491
7497
7498
7502
7503
7506
7507
7508
7510
7514
7518
7519
7520
7528
7534
7535
7536
7539
7540
7541
7542
7549
7554
7556
7561
7562
7564
7566
7569
7571
7572
7573
7576
7581
7586
7588
7589
7590
7593
7594
7597
7601
7606
7608
7610
7612
7614
7625
7628
7636
7637
7639
7640
7642
7643
7644
7646
7647
7652
7653
7656
7657
7659
7662
7674
7678
7679
7680
7682
7684
7685
7692
7693
7701
7705
7706
7710
7711
7714
7716
7720
7722
7732
7738
7742
7745
7746
7748
7749
7751
7759
7760
7763
7764
7767
7772
7774
7776
7777
7780
7783
7786
7790
7797
7798
7801
7803
7805
7806
7807
7808
7811
7813
7817
7820
7821
7822
7823
7825
7826
7828
7831
7835
7837
7839
7846
7848
7850
7851
7853
7854
7858
7859
7862
7863
7866
7867
7868
7869
7870
7871
7872
7875
7877
7878
7879
7881
7883
7886
7889
7890
7893
7894
7896
7897
7898
7899
7900
7902
7903
7905
7906
7907
7908
7910
7911
7914
7919
7920
7921
7922
7923
7924
7926
7928
7929
7933
7935
7936
7938
7939
7944
7945
7946
7954
7956
7957
7958
7960
7962
7964
7965
7967
7968
7969
7970
7971
7972
7973
7976
7977
7981
7984
7985
7988
7989
7991
7993
7995
7997
7998
8002
8003
8006
8013
8015
8019
8022
8023
8024
8025
8028
8031
8036
8040
8041
8044
8046
8048
8049
8051
8053
8055
8057
8060
8062
8069
8072
8074
8077
8081
8083
8089
8095
8099
8101
8104
8108
8119
8120
8126
8128
8129
8131
8139
8148
8151
8153
8156
8158
8165
8166
8169
8170
8173
8174
8178
8181
8184
8187
8188
8193
8197
8198
8210
8213
8214
8215
8216
8217
8220
8221
8223
8224
8232
8233
8234
8236
8237
8238
8239
8240
8244
8246
8253
8254
8256
8259
8260
8261
8263
8264
8268
8274
8277
8278
8283
8285
8289
8292
8295
8296
8297
8303
8311
8315
8322
8326
8327
8328
8329
8331
8332
8338
8340
8341
8344
8349
8350
8361
8362
8365
8367
8369
8372
8373
8376
8382
8383
8385
8386
8387
8388
8390
8393
8397
8399
8400
8401
8402
8403
8404
8408
8410
8411
8412
8413
8414
8415
8418
8419
8420
8421
8422
8424
8425
8428
8429
8431
8432
8433
8438
8439
8442
8443
8446
8447
8448
8449
8451
8456
8458
8460
8461
8463
8466
8469
8470
8471
8472
8473
8476
8479
8480
8484
8487
8488
8489
8491
8493
8494
8495
8496
8497
8499
8501
8502
8503
8505
8507
8508
8510
8511
8512
8513
8514
8515
8517
8518
8519
8520
8522
8523
8525
8526
8527
8528
8529
8530
8531
8532
8533
8534
8535
8536
8537
8538
8539
8540
8541
8542
8543
8545
8547
8548
8550
8551
8553
8557
8558
8560
8561
8563
8564
8565
8567
8569
8570
8572
8573
8576
8578
8579
8580
8581
8583
8584
8585
8586
8587
8588
8590
8593
8594
8595
8597
8599
8602
8603
8604
8605
8606
8607
8609
8610
8612
8613
8618
8619
8621
8624
8625
8628
8629
8630
8631
8632
8633
8636
8638
8639
8640
8643
8644
8645
8646
8648
8650
8652
8653
8655
8658
8659
8661
8663
8667
8668
8669
8670
8671
8672
8674
8675
8680
8681
8683
8684
8688
8690
8692
8693
8694
8695
8696
8697
8699
8702
8703
8706
8707
8709
8711
8712
8713
8721
8723
8725
8726
8727
8730
8731
8732
8734
8735
8736
8739
8740
8741
8754
8755
8756
8757
8760
8761
8763
8765
8767
8768
8769
8772
8773
8774
8777
8780
8781
8783
8784
8785
8786
8787
8788
8790
8791
8792
8793
8795
8798
8799
8801
8802
8803
8806
8807
8809
8811
8813
8814
8816
8817
8819
8821
8822
8829
8830
