4
702
7
6
20
2310
612
23
36
1877
24
2076
3540
25
26
27
28
4752
929
38
107
39
47
233
2186
89
859
3516
48
49
16088
594
54
57
58
61
62
6189
69
2304
669
70
4781
71
1010
91
74
76
77
78
79
80
85
86
87
4460
88
90
92
93
4817
1436
94
417
9559
188
95
11094
100
101
4084
4733
103
104
105
106
511
1135
110
528
114
115
8381
116
121
3819
1260
122
123
126
130
131
134
135
136
139
364
1487
140
141
142
144
6667
145
146
147
150
151
4472
5925
2758
154
155
974
158
160
161
194
162
973
164
165
166
1891
2215
239
9796
484
8762
167
169
1058
171
2014
1494
172
3716
174
175
176
177
13078
181
182
187
1767
189
190
193
195
199
200
969
201
202
10144
203
204
205
206
207
208
209
212
213
3280
214
215
12689
218
9074
217
219
220
6441
522
541
221
222
223
224
229
230
231
1570
232
234
235
236
237
238
240
241
242
243
246
247
1961
4292
248
249
250
251
776
2328
255
256
5762
12100
14386
14714
3133
259
260
265
582
3026
955
266
267
268
269
270
271
272
273
274
277
278
280
281
282
283
286
1150
287
290
291
292
293
294
295
296
297
298
299
300
302
303
304
305
306
307
308
309
421
1830
2247
2015
310
311
4050
312
313
314
315
316
317
318
319
320
321
3061
322
323
324
325
326
327
328
329
332
333
334
336
338
339
340
341
342
344
346
347
348
349
350
351
354
601
4492
614
355
356
357
358
359
360
424
476
361
362
363
5482
365
367
369
370
371
372
373
375
376
377
378
379
1744
380
381
382
385
386
387
388
389
390
391
393
396
1442
399
400
401
13720
402
404
407
410
414
415
416
419
420
422
1592
425
12104
426
4390
430
431
432
435
437
438
439
440
441
442
445
447
448
449
450
451
14753
452
453
454
456
457
458
460
461
463
464
466
467
468
469
471
472
473
474
2629
475
10623
478
480
481
482
483
485
488
489
491
7702
492
495
497
498
499
500
501
503
504
507
508
509
10103
510
1952
2055
512
513
514
515
517
10862
518
1120
519
520
521
9890
10638
523
526
527
4353
2025
10064
529
530
533
534
535
1729
536
537
538
539
540
542
547
548
550
6377
671
551
553
554
558
4322
559
560
561
894
1550
562
563
564
567
1413
568
569
570
4302
2270
572
574
575
576
4138
577
578
579
580
581
583
584
585
586
587
591
832
4118
2842
593
1218
8480
8420
4453
595
596
597
6675
598
599
600
3048
602
606
609
610
611
613
615
618
619
620
621
622
624
625
627
628
631
632
636
638
640
641
642
645
646
648
650
651
653
656
657
658
659
661
662
663
664
666
13088
8793
668
16000
670
672
674
677
678
679
680
681
682
684
685
2645
686
690
691
692
693
694
696
698
699
700
914
701
703
704
705
706
707
708
709
710
711
712
714
715
720
721
722
723
724
725
726
727
728
729
730
731
732
733
734
735
736
737
2280
738
739
740
741
742
743
2985
744
745
746
747
748
749
750
752
3657
12988
753
754
755
1343
756
757
759
1043
11199
760
761
762
763
764
765
766
1526
767
768
2090
769
770
771
772
773
774
775
777
778
779
780
781
2078
782
784
785
786
787
788
789
793
794
795
798
5063
799
801
802
803
804
806
4996
3194
807
15342
808
809
810
811
812
813
814
815
816
817
818
819
962
820
821
822
824
825
826
827
829
830
833
834
835
836
837
838
839
840
841
842
843
844
845
846
847
848
849
850
851
852
853
854
855
856
857
858
860
861
863
864
865
866
867
868
869
870
871
872
873
874
2421
875
876
877
878
879
880
881
882
883
886
887
888
889
891
12053
11832
892
2368
893
4024
895
896
898
899
900
901
902
903
904
905
906
909
910
911
912
913
915
916
917
918
12925
921
923
924
926
931
932
933
936
937
939
940
942
943
944
945
946
947
948
949
950
951
952
953
954
956
957
959
960
961
6888
963
966
967
8322
968
970
971
972
975
976
977
978
979
11746
980
983
3438
984
985
986
987
988
989
990
991
992
993
994
7855
7185
4442
996
997
1000
2939
1003
1004
1007
1008
1009
1011
1012
1013
1014
1017
1018
1019
1021
1022
1023
1024
1025
1381
1026
1027
1029
1032
1033
1034
1562
1037
1038
1040
1041
1042
1044
1045
1046
1047
1049
1050
1051
1052
1054
1055
1057
1059
1060
4420
1062
1063
1065
1067
1068
1069
1070
1073
1075
1076
1078
1079
1080
1082
6036
1083
1084
1085
1086
1088
1089
1092
1093
1094
1095
1096
1097
1098
1099
1100
1102
1103
1104
1105
1106
1107
1108
1109
1110
1111
1113
1114
1115
1116
1117
1118
1119
1121
1123
1127
1128
1129
1130
1131
1132
1133
1134
1137
1138
1140
1141
1142
1151
1153
1157
1161
1165
1166
1167
1168
4484
1171
1172
5422
1173
1175
1177
1178
1179
1181
1183
1186
1189
1190
1191
1193
1194
1196
1201
1203
1207
1209
12952
1210
1211
1212
1213
1216
1217
1219
1220
1221
1222
1224
1225
1226
1227
1229
1230
1234
1235
1238
1239
1240
1244
1247
1251
1252
1254
1256
1257
1259
15594
15806
1261
1262
1264
1265
1267
1268
15475
1269
1270
1272
1273
1274
1275
1279
1281
1283
1322
1284
1285
1286
1287
1288
1289
4100
7829
3774
1291
1293
1295
1296
1298
1300
1301
1304
1305
1309
1313
1317
2484
1318
1320
1323
1328
1330
1331
1333
1334
1335
1336
1337
1338
1339
1340
1344
1345
1346
1347
1348
1350
1351
1352
1353
1354
1359
1360
1363
1364
1365
1366
1367
1368
1369
1370
1371
1375
1376
1378
1379
1380
1385
1390
1392
1393
1394
1395
1397
1400
1401
1404
1407
1409
1411
1412
3788
1414
1415
1416
1417
1420
1421
1422
1424
1428
2436
1430
1443
9208
1447
1448
1449
1452
1453
1454
1455
1457
1460
1461
1463
1464
1465
1466
1468
1469
1472
1474
1475
1477
1481
1482
1484
1500
1486
1490
1491
1499
1501
1502
1504
1505
1506
8673
2514
1507
1508
1735
1510
1511
1515
1518
1521
1523
14074
6391
1525
1528
1529
1531
1534
1535
1536
1537
1539
1540
6589
1541
1542
1544
1545
1547
1548
1549
1551
1554
1555
1556
1559
1560
1561
1566
1567
1568
1569
1572
1574
1575
1576
1578
1579
1580
1581
1582
1583
1584
1585
1587
1588
1590
1591
1595
1596
1597
1599
3589
1601
1602
1603
1605
1606
1607
1608
1609
1612
1613
1615
1617
1618
2376
1622
1624
1627
1628
1630
9760
1632
1633
1635
1636
1637
1639
1640
1641
1644
1645
1648
1651
1652
1653
1654
1655
1656
1657
2516
1658
1659
1660
1661
1662
1663
1666
1668
1672
1674
1675
1677
1678
1680
1681
1682
1683
1687
1689
1690
1692
1693
1702
1703
1704
1705
1706
1707
1708
1709
1711
1715
1718
1720
1722
7160
3124
1723
1726
1727
1731
1733
1734
1737
1738
1739
1740
1741
1743
3166
1745
1748
1749
1750
1751
1752
1754
1761
1763
1764
1765
1766
1768
1769
1770
1771
1772
1776
1777
1778
1780
1783
1784
1785
1786
1787
1788
1789
1792
1793
1794
1795
1796
1799
1802
1803
1804
1805
1806
1807
1809
1810
1811
1812
1814
1815
1816
1817
1818
1820
1822
1957
1823
1825
1828
1829
1833
1834
1836
1837
1838
1839
1840
1841
1842
1843
1844
1845
1846
1848
1849
1851
1852
1853
1854
1860
1861
1862
1865
1866
1869
1870
1872
12913
1873
1874
1875
1876
1878
1879
1880
1883
1884
1885
2894
4406
1886
1888
1889
1890
11017
3449
3722
1892
1895
1896
1898
1899
1900
1901
1903
1905
1906
1907
1908
1911
1912
1913
1915
1916
1917
1918
1919
1920
6382
1921
1922
1923
1925
1926
1927
1930
1932
1933
1936
1937
1941
1942
1943
1944
1945
1948
1950
1954
3963
1955
1956
13303
1958
1959
1960
1962
1963
1965
1966
1967
1968
1969
1970
1972
1974
1975
1976
1978
1979
1980
1981
1982
1983
1985
1986
1987
1989
1990
1991
1992
1993
1994
1995
5309
1996
1998
1999
2000
2001
2003
2004
2005
2007
2009
2010
2013
2016
2017
2018
2019
2020
2021
2022
2023
2024
2236
2026
2027
2028
2032
2033
2034
2035
2036
2037
2039
2040
2041
2042
2043
2044
2045
2046
2048
2052
2053
2054
2056
2057
2058
2059
2060
2061
2062
2063
2064
2065
2066
2067
2068
2071
2072
2073
2074
2075
2077
2079
2080
2081
2082
2083
2084
2085
2089
2091
2092
2093
2094
2096
4211
2098
2099
2100
2101
2105
2106
2107
2108
2109
2110
2111
2112
2113
3519
2115
2116
2117
2121
2122
2123
2124
2127
2128
2129
2130
2131
2132
2133
2136
2137
2138
2139
2140
2142
2143
2144
2147
2148
2149
2150
6412
2151
2152
2153
2154
2155
2156
2157
2158
2159
2161
2162
2163
2164
2165
2166
2167
2168
2169
2170
2172
2175
2177
2179
2183
2184
2185
2187
2188
2190
2191
2192
2193
2194
2195
2196
2197
2198
2199
2200
2201
2202
2203
2204
2206
2207
2208
2209
2210
2211
2212
2213
2214
2216
2217
2219
2220
2221
2222
2223
2224
2225
2226
2228
2229
2230
2231
2232
2233
2234
2235
2237
2238
2239
6630
2240
2241
2242
2243
2244
2245
2246
2248
2249
2251
2252
2253
2254
2255
2256
2258
2260
2261
2262
2265
2266
2267
2268
2271
2272
2274
2275
2278
2279
12311
2283
2284
2285
2288
2290
2291
2292
2293
2294
2297
2298
2299
2300
2305
2306
2308
2309
2312
2313
2317
2318
2319
8920
2320
2321
2324
2325
2326
2327
2331
2332
2333
2334
2336
2337
2338
2339
2340
2342
2343
2344
2346
2347
2348
2349
2350
2352
2354
2355
2356
2358
2360
2362
2363
2365
2366
2367
2369
2370
2375
2377
2378
2382
2383
2385
2386
2388
2389
2390
2391
2394
2395
2397
2398
2399
2400
2401
2402
13713
5447
12853
2403
2404
2405
2406
2407
2409
2411
2412
2415
2417
2418
2420
4032
2423
2424
2425
2426
2427
2428
2429
2431
2432
2433
2434
2435
13030
2438
2439
2440
2441
2442
2443
2444
2445
2446
2447
2448
2449
2452
2453
2454
2457
2458
2459
2460
2461
2463
2464
2465
2467
2470
2471
2472
2475
2476
2477
2478
2480
2481
2482
2483
2485
2486
2487
2489
2490
2491
2492
2494
2495
2497
2499
2501
2506
2508
2509
2510
2511
2513
2515
2517
2519
2523
2524
2525
2526
2527
11960
2531
2532
2533
2534
2535
5434
2536
2537
2539
2540
2544
2545
2546
2548
2549
2551
2552
2553
2557
2558
2559
2561
2562
2565
2567
2568
4530
2570
2571
2572
2573
2574
2578
3223
2579
2581
2584
2585
2588
2589
2590
2592
2593
2595
2600
2602
2607
2613
2614
2615
3080
2616
2619
2620
2623
2625
2628
2632
2633
2635
2668
2638
2639
2640
2641
2643
2648
2649
2650
2651
2653
2655
2656
2658
2660
2661
2662
2663
2664
2665
2666
2667
2669
2671
2673
2675
2677
2678
2680
2681
2682
2683
2684
2685
2686
2687
2688
2691
2693
2694
2695
2696
3591
2699
2700
2701
2702
2705
2706
2707
2709
2710
2711
2715
2718
2721
2724
2725
2727
2731
2732
2734
2737
2738
2740
2741
2744
5745
2745
2746
2750
2751
2753
2754
2755
2756
2757
2760
2761
2762
2763
2764
2766
2767
2774
2775
2778
2779
2781
2785
2786
2788
2789
2790
2791
2793
2794
2800
2801
2803
2804
2806
2808
2809
2812
2813
2814
2815
2823
2824
2827
2829
2830
2831
2832
2833
2834
2836
2837
2840
2841
2843
2844
2846
2848
2851
2852
2854
2855
2856
2859
2860
2862
2863
2864
2867
2868
2871
2873
2877
2878
2880
2881
2882
2884
2887
2889
2895
2896
2897
2903
2904
2905
2906
2913
2914
2915
2916
2920
2921
2923
2925
2927
2928
2929
2931
2933
2935
2942
2943
2945
2946
2948
2949
2953
2955
2960
2962
2964
2967
2968
2969
2970
2971
2973
2975
2978
2979
2980
2982
2983
2984
9104
2987
2988
2989
2990
2991
2993
2994
2997
3000
3001
3002
3004
3005
3007
3008
3009
3011
3012
3015
3016
3017
3018
3019
3020
3023
3024
3119
3029
3031
3039
3040
3042
3045
3046
3047
3049
3052
3054
3056
3057
3058
3060
3063
3064
3065
3066
3069
3070
3072
3074
3076
3079
3082
7704
3083
3086
3088
3089
3090
3097
3098
3100
3101
3102
3104
3105
3106
3107
3108
3111
3784
3112
3113
3115
3118
3120
3121
3125
3126
3127
3129
3130
3134
3138
3140
3141
3146
3147
3149
3150
3155
3156
3157
3160
3161
3162
3164
3165
5005
3167
3169
3170
3173
3174
3175
3176
3177
3181
3182
3185
3186
3187
3188
3189
3190
3191
3192
3193
3195
3196
3197
3198
3202
3203
3204
3205
3206
3207
3208
3210
3211
3212
3215
3216
3217
3218
3219
3221
3222
3224
3225
8860
3226
3228
3231
3232
3234
3235
3238
3240
3242
3243
3244
3245
3247
3250
3251
3253
3255
3256
3258
3259
3261
3262
3263
3265
3266
3269
3270
3271
3272
3274
3277
3281
3282
3283
3289
3290
3292
3294
3295
3296
3297
13243
3298
3299
3301
3303
9918
3305
3306
3307
3311
3312
3313
3316
3317
3320
3321
3322
3325
3327
3328
3329
3330
3331
3332
3335
3338
3342
3344
3346
3349
3350
3352
3354
3355
3357
3359
3360
7421
3361
3365
3366
3367
3368
3374
3378
3380
6520
3384
3385
3389
3390
3391
3393
3394
3397
3398
3399
3403
3404
3406
3407
3408
3412
3414
4285
3418
3420
3421
3424
3425
3428
3429
3430
3431
3432
3434
3437
3442
3444
3446
3447
3448
3450
3451
3453
3456
3458
3459
3460
4191
3461
3462
3463
3465
3468
3469
3470
3472
3473
3478
3481
3482
3485
3486
3488
3491
3492
3493
3494
3496
15596
3499
3500
3501
3503
3505
3510
3512
3513
3514
3515
3517
3518
3521
3522
3526
3528
3530
3533
3534
3536
3537
3554
3541
3544
3545
3546
3548
3549
3552
3553
3555
3556
3557
3558
3559
3560
3563
3565
3566
3567
3569
3570
3571
3573
3575
3577
14256
3579
3580
3581
3582
3583
3585
3587
3588
3590
3592
3593
3595
3597
3599
3600
3602
3603
3605
3607
3611
3612
3615
6083
3617
3621
3622
3624
3625
3626
5945
3627
3629
3630
3631
3632
3633
3634
3635
3637
3639
3643
3647
3648
3654
3655
3656
3698
5817
3664
3665
3666
3668
3671
3672
3673
3674
3680
3681
3686
3688
3690
3691
3695
3696
3697
3704
3706
3707
4178
3710
13403
3712
3713
3717
3718
3719
3721
3723
3724
3725
4295
3729
3730
3731
3733
3734
3739
3740
3742
3743
3745
3746
3747
3749
3750
3752
3754
3755
3757
3758
3759
3760
3761
3763
3768
3772
3776
3778
3779
3781
3785
4853
3791
3792
3793
3794
3795
3798
3800
3801
3803
3806
3807
3808
3813
3815
3816
3817
3821
3822
3823
3825
3826
3839
3840
3842
3851
3855
3863
3866
3868
3871
3872
3876
3880
3882
3884
3885
3886
3887
3888
3890
3892
3893
3894
3897
3898
3899
3900
3903
3904
3905
3906
3907
3910
3913
3914
3915
3919
3921
3923
3924
3926
3930
3931
3932
3933
3935
3936
3938
3939
3941
3942
3943
3944
3946
3947
3948
3949
3951
3954
3955
3957
3958
3961
3962
3967
3969
3970
3974
3977
3978
3979
3981
3984
3987
3989
3992
3994
3995
4000
4005
4008
4009
4010
4011
4013
4015
4016
4018
4020
4022
4026
4027
4030
4033
4036
4039
4040
4041
4042
4047
4048
4049
4051
4053
4054
4055
5931
4058
4060
4062
4063
4064
4066
4067
4068
4069
4071
4072
4073
4075
4076
8358
10039
4077
4078
4079
4080
4081
4087
4090
4092
4097
4098
4099
4102
4105
4108
4110
4112
4114
4115
4117
4119
4120
4121
4122
4123
4124
4125
4127
4128
4129
4130
4131
4134
4135
4136
4139
4141
4142
4144
4153
4154
4155
4160
4161
4162
4164
4165
4166
4169
4172
4173
4174
4177
4179
4181
4182
4183
4185
4186
4190
7905
4192
4193
4194
4196
4197
4200
4202
4204
4207
4208
4209
4210
4212
4213
4214
4215
4217
4219
4220
4221
4222
4224
4225
4227
4229
4230
4231
4232
4235
4236
4237
4238
4239
4240
4241
4242
4243
4247
4248
4249
4251
4252
4258
4259
4260
4261
4262
4264
4265
4266
4267
4268
4271
4272
4274
4276
4277
4278
4286
4287
4289
4290
4291
4293
4294
4296
4297
4300
4301
4303
4305
4307
4308
4311
4313
4315
4316
4318
4319
4321
4323
4326
4328
4329
4331
4332
4335
4336
4337
4340
4342
4343
4345
4346
4347
4349
4350
4351
4352
4354
4355
4356
4359
4361
4362
4363
4364
4365
4367
4368
4369
4370
4371
4373
4374
4375
4376
4377
4380
4381
4382
4383
4384
4385
4386
4387
4388
4389
4391
4392
4393
4394
4395
4396
4397
4400
4401
4402
4405
4407
4409
4410
4412
4413
4415
4418
4419
4421
4423
4424
4429
4430
4431
4432
4433
4434
4435
4436
4437
4438
4440
4441
4445
4447
4448
4449
4450
4451
4454
4455
4456
4457
4461
4463
4464
11156
4465
4466
4467
4470
4471
4474
4475
4476
4481
4485
4486
4487
4488
4493
4495
4497
4498
4499
4501
4506
4507
4510
4511
4513
4515
4516
4517
4518
4520
4521
4522
4524
4525
4528
4531
4533
4536
4537
4538
4539
4540
4541
4542
4546
4547
4548
4549
4551
4552
4554
4555
4557
4560
4563
4565
4571
4573
4574
4575
4684
4576
8747
4577
4579
4580
4581
4582
4583
4584
4585
4587
4588
4589
4590
4591
4592
4593
4594
4596
4597
4599
4600
4601
4602
4603
4604
4605
4608
4611
4612
4614
5787
4615
4616
4617
4618
4619
4620
4621
4622
4623
4624
4625
4626
4627
4629
4630
4632
4633
4636
4638
4639
4640
4641
4642
4643
4644
4646
4647
4648
4649
4650
4652
4653
4654
4656
4658
4659
4660
4661
4662
4663
4664
4666
4667
4668
4669
4670
4672
4673
4674
4675
4676
4677
4679
4680
4681
4682
4683
4687
4688
4689
4690
4692
4693
4694
4695
4696
4697
4698
4700
4701
4703
4704
4705
5265
4706
4707
4708
4709
4710
4713
4714
4715
4716
4717
4718
4732
4719
4720
4721
4722
4723
4724
5354
4725
4728
4735
4738
4739
4740
4742
4743
4746
4747
4748
4751
4755
4757
4758
4760
4761
4762
4764
4767
4769
4770
4771
4773
4774
4775
4776
4779
4782
4784
4785
4787
4788
4789
4792
4793
4794
4800
4801
4802
4803
4804
4805
8965
4807
4808
4811
4812
4813
4814
4815
4902
4818
4819
4820
4821
4822
4823
4824
4825
4826
4828
4829
4830
4832
4834
4835
4837
4838
4840
4842
4844
4845
4846
4847
4849
4851
4852
4860
4861
4862
4863
4865
4866
4868
6489
4870
4874
4878
4880
4884
4885
4887
4888
4889
4892
4893
4899
4900
4901
4903
4905
4906
4908
4909
4911
9959
4912
4913
4914
4917
4919
4920
12624
4921
4927
4929
4930
4932
4934
4939
4941
4943
4944
4945
4946
4949
4952
4953
4955
4956
4959
4961
4963
4964
4965
4968
4969
4972
4973
4977
4980
4981
4985
4987
4988
4989
4990
4994
4997
5000
5001
5002
5006
5008
5009
5010
5011
5012
5014
5015
5016
5018
5019
5020
5021
5022
5818
5023
5024
5026
5027
5028
5029
5030
5031
5032
5033
5035
5036
5037
5038
5039
5040
5041
5043
5046
5048
5049
5050
8978
5052
5053
5054
5055
5056
5057
5058
5059
5061
5062
5064
5065
5066
5067
5068
5070
5071
5072
5073
5076
5077
5078
5079
5080
5082
5083
5084
5085
5086
5089
5093
5094
5095
5097
5099
5100
5101
8458
5104
5105
5107
5109
5110
5112
5113
5114
5116
5117
5118
5119
5120
5121
5122
5123
5124
5125
5129
5132
5134
5135
5136
5138
5139
5140
5141
5142
5144
5145
5146
5147
5148
5149
5152
5153
5156
5158
5159
5161
5164
5166
5167
5168
5169
5170
5171
5172
5173
5177
5178
5179
5180
5181
5182
5183
7611
5184
5185
5186
5187
6238
5189
5190
5191
5192
5193
5195
5201
5202
5203
5213
5214
5215
5216
5217
5218
5220
5221
5226
5227
5228
5229
5230
5231
5232
5233
5236
5241
5242
5244
5245
5246
5247
5248
5249
5250
5251
5256
5257
5258
5261
5262
5263
5266
5267
5268
5269
5271
5277
5279
5280
11117
5282
5286
5288
5289
5290
5291
5292
5293
5300
5301
5302
5303
5304
5305
5308
5310
5311
5316
5317
5318
5320
5322
5323
5331
5332
5335
5338
5341
5343
5344
5346
5350
5351
5352
5355
5356
5357
5360
5361
5362
5363
5364
5366
5367
5369
5375
5376
5378
5380
5382
5383
5384
5386
5387
5388
5391
5392
5395
5396
5397
5398
5400
5402
5405
5406
5407
5410
5411
5412
5414
5416
5417
5418
5421
5424
5427
5428
5429
5432
5436
5441
11408
5442
5445
5446
5448
5452
5455
5457
5458
5459
5463
5464
5466
5467
5468
5483
5484
5485
5486
5489
5490
5491
5493
5494
5495
5496
5501
5502
5503
5504
5507
5508
5511
5512
5513
5515
5516
5517
5519
5521
5522
5524
5726
5525
5527
5528
5530
5533
5535
5536
5539
5540
5543
5544
5546
5548
5549
5551
5553
5558
5562
5566
5567
5568
5570
5573
5576
5579
5580
5582
5583
5588
5590
5591
5593
5594
5595
5596
5597
5598
5602
5605
5609
5612
5613
5615
5619
5620
5621
5626
5627
5629
5638
5641
5642
5646
5647
5648
5651
5652
5653
5654
5655
5657
5658
5659
5661
5662
5664
5667
5668
5669
5670
5671
5673
5674
5675
5677
5681
5683
5684
5685
5686
5689
5690
5691
5693
5694
5698
5700
5701
5702
5705
5706
5708
5709
5713
5716
5718
5724
5728
5732
5735
5736
5737
5741
5743
5748
5751
5752
5761
9530
5763
5765
5769
5771
5772
5773
5775
5776
5777
5778
5779
5781
5783
5784
5788
5790
5793
5796
5798
5799
5800
5801
5802
5803
5804
5805
5807
5808
5809
5810
5811
5813
5815
9907
5820
5822
5827
5828
5829
5830
5831
5833
5835
5836
5837
5838
5839
5842
5843
5844
5847
5848
5849
5852
5854
5859
5865
5867
5868
5870
5871
5873
5875
5880
5881
5882
5887
5889
5890
5893
5896
5898
5899
5903
5905
5906
5907
5910
5913
5916
5918
5920
5921
5923
6119
5927
6346
5932
5933
5935
5936
5939
5940
5942
5943
5944
5947
5948
5950
5953
5955
5960
5961
5962
5965
5966
5968
5971
5974
5975
5976
5977
5979
5980
5981
8483
6749
14142
5982
5983
5985
5986
5992
5997
5998
5999
6000
6001
6002
6010
6011
6013
6014
6015
10693
6020
6024
6025
6027
6030
6032
6034
6035
6038
6041
6049
6052
6054
6055
6058
6059
6060
10585
6063
6065
6067
6072
10246
6073
6074
6079
6082
6090
6091
6094
6095
6096
6098
6103
6104
6285
6105
6106
6107
6109
6112
6114
6117
6121
6122
6128
6129
6131
6137
6138
6139
6147
6153
6169
6171
6172
6180
6181
6187
6188
6190
6191
6193
6195
6196
6202
6207
6209
6210
6213
6214
6215
6217
6224
6227
6229
6230
6231
6232
6233
6236
6237
7178
6239
6242
6243
6246
6254
6256
6259
6260
6262
6265
6266
6267
6270
6272
6273
6277
6281
6284
6286
6287
6293
6294
6298
6299
6301
6304
6305
6311
6316
6317
6318
6319
6322
6325
6328
6329
6333
6335
6337
6339
6341
6344
6347
6353
6354
6355
6356
6359
6362
6365
6370
6372
15198
6373
6383
6384
6388
6389
6390
6394
6399
6402
6405
6407
6409
6417
6418
6419
6421
6425
6429
6434
6437
6442
6443
6444
6448
6453
6458
6460
6462
6463
6464
6466
6467
6468
6469
6471
6472
6479
6484
6485
13183
6490
6491
6493
6494
6495
6496
6497
6500
6501
6502
6505
6509
6510
6513
6514
6516
6518
6519
6527
6528
6530
6532
6537
6545
6547
6550
6556
6557
6563
6565
6568
6570
6571
6573
6575
6579
6580
6587
6588
8674
6591
6592
6594
6595
6598
6600
6606
6607
6609
6613
6614
6617
9095
6618
6619
6621
6622
6623
6624
6626
6627
6631
7179
6632
6635
6637
6639
6641
6642
6643
6644
6645
6646
6647
6652
6653
6654
6655
6658
6661
6664
6666
6668
6669
6670
6671
6672
6673
6674
6676
6677
6678
6680
6682
6683
6685
6686
6689
6690
6692
6693
6695
6696
6698
6703
6705
6707
6712
14781
6715
6717
6718
6721
6722
6723
6724
6728
6729
6731
6734
6736
6737
6740
6741
6747
6750
6751
6753
6754
6755
6757
6763
6764
6765
6768
6769
6771
6774
6778
6779
6780
6781
6783
6784
6785
10834
11445
6787
6790
6792
6794
6796
6801
6802
6804
6806
6808
6812
6813
6819
6820
6821
6822
6823
6825
6829
6832
6837
6838
6848
6850
6861
10097
6871
6879
6884
6892
6894
6896
6905
6907
6920
6931
6947
6951
6957
6961
6965
6967
6980
6986
6990
7002
7003
7006
7008
7019
7021
7025
7030
7032
7034
7035
7041
7043
7045
7050
7054
7059
7060
7061
7062
7063
7065
7066
7068
7074
7076
7077
7079
7084
7085
7093
7096
7097
7098
7099
7101
7102
7104
7108
7109
7110
7112
7114
7116
7117
7121
7122
7123
7124
7126
7128
7129
7130
7137
7138
7139
7140
7143
7150
7151
7152
7165
7167
7171
7176
7180
7186
7187
7197
7199
7201
7203
7206
7208
7209
7210
7211
7212
7214
7215
7216
7223
7224
7232
7233
7234
7244
7247
7248
7255
7261
7265
7266
7282
7288
7292
7341
7373
7376
7378
7431
7438
7452
7506
7514
7519
7525
7534
7550
7560
7567
7575
7577
7583
7590
7594
7601
7604
7605
7610
7616
7622
7623
7626
7627
7629
7635
7637
7638
7640
7641
7642
7644
7645
7646
7647
7649
7650
7651
7660
7661
7663
7665
8973
7667
7669
7673
7677
7683
7687
7688
7689
7696
7705
7711
7713
7715
7716
7717
7723
7739
8262
7741
7745
7747
7749
7751
7752
7753
7756
7765
7768
7772
7773
7776
7777
7782
7784
7792
7801
7802
7810
7812
7818
7820
7826
7831
7833
7836
7838
7840
7844
7848
7853
7857
7869
7882
7885
7894
7900
7908
7912
7913
7914
7918
7922
7923
7925
9802
7926
7929
8896
7930
7931
7932
7934
7936
7938
7939
7941
7943
7944
7947
7949
7951
7956
7957
7959
7960
7965
7966
7967
7968
7971
7972
7973
7977
7980
7984
7987
7990
7994
7995
7996
8001
8004
8007
8009
8010
8012
8015
8016
8018
8020
8022
8025
8034
8038
8039
8041
8043
8045
8048
8049
8052
8054
8064
8065
8067
8070
8071
8073
8074
8075
8076
8077
8079
8081
8085
8090
8091
9406
8092
8095
8096
8098
8101
8109
8113
8114
8115
8123
8124
8127
8131
8134
8138
8140
8148
8157
8167
8177
8184
8188
8195
8201
8202
8209
8212
8216
8219
8224
8225
8226
8227
8230
8232
8234
8243
8257
8260
8264
8266
8272
8273
8277
8279
8280
8285
8286
8292
8296
8310
8311
8312
8313
8316
8318
8321
8324
8327
8329
8330
8333
8338
8340
8341
8345
8347
8350
8357
8364
8367
8377
8380
8383
8386
8394
8396
8401
8403
8405
8406
8409
8422
8423
8428
8429
8430
8431
8433
8435
8442
8445
8446
8447
8462
8464
8465
8466
8468
8470
8472
8477
8481
8482
9650
8490
8494
8495
8499
8500
8511
8514
8515
8517
8520
8521
8523
8527
8528
8529
8534
8536
8537
8541
8545
8549
8553
8557
8558
8561
8562
8563
8564
8566
8567
8568
8569
8572
8578
8579
8584
8588
8590
8594
8597
8607
8619
8623
8624
8625
8627
8628
8629
8632
8633
8645
8648
8650
8652
8656
8665
8666
8671
8672
8677
8681
8688
8697
8699
8702
8707
8709
8710
8711
8713
8715
8721
8723
8725
8727
8735
8740
8741
8742
8743
8744
8745
8748
8750
8751
8756
8758
8763
8764
8765
8766
8768
8770
8772
8775
8776
8778
8779
8781
8782
8783
8785
8786
8789
8790
8792
8794
8795
8796
8797
8798
8799
8800
8804
8806
8811
8812
8813
8815
8823
8825
8827
8828
8829
8830
8831
8832
8837
8841
8842
8843
8844
8845
8846
8848
8850
8854
8858
8863
8866
8870
8872
8875
8876
8880
8881
8882
8889
8893
8895
8898
8899
8901
8902
8905
8906
8908
8909
8910
8914
8915
8917
8918
8921
8922
8926
8927
8929
8930
8936
8937
8938
8939
8940
8941
8942
8943
8946
8947
8952
8953
8954
8956
8957
8958
8959
8961
8962
8964
8968
8969
8971
8972
9049
8975
8976
8979
8980
8982
8983
8986
8987
8989
8991
8994
8996
8997
9000
9001
9004
9006
11258
9009
9011
9012
9015
9016
9017
9018
9025
9027
9029
9030
9033
9036
9037
9039
9040
9042
9043
9044
9045
9047
9048
9050
9051
9052
9053
9054
9055
9056
9058
9059
9062
9063
9064
9065
9068
9072
9073
9079
9083
9085
9086
9087
9090
9092
9093
9094
9096
9097
9098
9105
9107
9108
9109
9110
9113
9117
9121
9122
9126
9127
9128
9132
9133
9134
9135
9140
9143
9145
9148
9149
9155
9158
9159
9161
9164
9166
9167
9169
9170
9171
9174
9180
9182
9183
9186
9190
9191
9194
9195
9197
9198
9200
9202
9203
9205
9207
9210
9211
9213
9216
9220
9224
9227
9230
9231
9232
9233
9234
9237
9241
9252
9254
9259
9261
9262
9265
9269
9270
9273
9277
9278
9280
9283
9285
9287
9288
9292
9295
9302
9307
9308
9310
9313
9316
9320
9322
9326
9328
9332
9333
9335
9336
9337
9338
9339
9340
9352
9356
9357
9360
9361
9443
9366
9367
9368
9370
9375
9376
9381
9382
9390
9391
9397
9399
9404
9408
9409
9410
9416
9419
9421
9423
9433
9436
9437
9438
9439
9440
9441
9442
9444
9445
9446
9448
9451
9458
9459
9460
9461
9463
9464
9466
9468
9469
9470
9471
9474
9477
9478
9480
9481
9483
9485
9487
9489
9491
9495
9496
9497
9498
9499
9500
9501
9502
9503
9505
9507
9509
9513
9514
9516
9517
9520
9522
9524
9525
9526
9528
9533
9534
9535
9537
9538
9539
9540
9541
9542
9543
9544
9545
9546
9548
9554
9555
9560
9564
9565
9566
9572
9574
9580
9581
9583
9587
9593
9594
9596
9599
9600
9602
9603
9605
9606
9609
9611
9612
9613
9615
9616
9617
9618
9619
9623
9627
9628
9629
9630
9633
9634
9636
9639
9640
9641
9642
9644
9645
9646
9648
9649
9651
9652
9654
9655
9656
9657
9661
9662
9663
9664
9668
9671
9673
9676
9677
9679
9681
9683
9686
9687
9690
9691
9692
9694
9696
9698
9699
9701
9702
9703
9705
9708
9711
9712
9714
9715
9722
9726
9727
9730
9735
9736
9741
9744
9745
9752
9753
9754
9756
9757
9759
9761
9762
9763
9766
9768
9769
9771
9776
9777
9778
9782
9787
9788
9790
9794
9799
9800
9804
9805
9806
9807
9808
9811
9812
9813
9814
9817
9819
9822
9823
9826
9828
9829
9830
9831
9833
9835
9836
9837
9838
9841
9842
9845
9846
9850
9852
9853
9854
9855
9856
9857
9858
9859
9861
9862
9863
9864
9865
9867
9868
9869
9872
9875
9876
9877
9883
10592
9885
9886
9888
9889
9893
9894
9895
9897
9898
9902
9903
9904
9908
9911
9912
9914
9915
9916
9917
9920
9921
9922
9924
9925
9926
9927
9928
9929
9930
9931
9932
9933
9934
9935
9936
9937
9938
9939
9940
9941
9942
9943
9944
9946
9947
9948
9949
9950
9951
9952
9953
9954
9955
9956
9957
9960
9962
9963
9965
9966
9967
9968
9969
9970
9971
9972
9973
9974
9975
9977
9979
9981
9982
9983
9984
9985
9986
9987
9988
9990
9991
9992
9993
9994
9995
9996
9999
10000
10001
10002
10005
10006
10007
10008
10009
10010
10011
10012
10015
10018
10019
10021
10022
10023
10024
10025
10026
10027
10028
10029
10030
10033
10035
10037
10038
10041
10043
10044
10045
10047
10048
10049
10050
10052
10053
10054
10055
10058
10059
10061
10065
10066
10067
10068
10069
10070
10071
10072
10074
10078
10079
10083
10084
10085
10086
10088
10089
10090
10091
10092
10094
10096
10098
10099
10100
10106
10109
10110
10111
10113
10114
10116
10117
10118
10119
10122
10123
10124
10127
10128
10130
10131
10133
10134
10135
10136
10138
10143
10145
10146
10147
10148
10149
10151
10152
10154
10156
10157
10158
10159
10160
10161
10162
10164
10169
10171
10172
10173
10175
10176
10179
10180
10182
10183
10185
10186
10188
10191
10193
10194
10195
10196
10197
10198
10199
10200
10203
10205
10206
10208
10209
10212
10214
10221
10225
10226
10229
10230
10231
10232
10234
10235
10236
10239
10240
10242
10243
10244
10245
10247
10248
10249
10251
10252
10253
10255
10256
10257
10258
10259
10260
10263
10265
10266
10267
10268
10269
10271
10272
10273
10274
10275
10276
10277
10278
10279
10280
10282
10283
10284
10285
10286
10287
10288
10289
10290
10291
10292
10293
10297
15058
10298
10299
10303
10308
10309
10311
10312
10313
10314
10317
10318
10321
10323
10324
10325
10326
10327
10328
10330
10331
10333
10334
10335
10336
10339
10340
10342
10343
10344
10345
10346
10347
10348
10352
10353
10355
10359
10360
10368
10370
10373
10374
10375
10377
10383
10384
10387
10388
10392
10393
10394
10395
10397
10398
10401
10402
10404
10405
10406
10410
10413
10415
10416
10418
10419
10423
10427
10429
10430
10432
10433
10434
10435
10436
10441
10444
10445
10450
10454
10460
10461
10466
10468
10471
10472
10474
10475
10477
10479
10481
10940
10482
10486
10487
10490
10492
10493
10496
10498
10499
10501
10502
10503
10561
10505
10506
10507
10508
10510
10513
10515
10517
10518
10520
10522
10524
10525
10526
10529
10535
10536
10537
10540
10541
10543
10544
10545
10546
10548
10549
10550
10552
10553
10554
10555
10556
10557
10558
10559
10560
10562
10563
10564
10565
10566
10570
10571
10573
10574
10577
10578
10579
10581
10583
10584
10586
10588
10593
10594
10595
10600
10603
10605
10607
10610
10611
10613
10616
10618
10761
10620
10621
10625
10628
10631
10632
10635
10636
12060
10641
10642
10644
10645
10646
10648
10652
10653
10654
10656
10661
10662
10728
10665
10666
10673
10675
10676
10679
10680
10683
10686
10688
10691
10694
10695
10696
10697
10703
10712
10715
10718
10721
10724
10725
10730
10733
10731
10732
10734
10735
10738
10740
10741
10744
10746
10752
10753
10754
10755
10756
10758
10760
10763
10765
10767
10768
10771
10774
10775
10776
10777
10779
10782
10784
10785
11011
10786
10787
10790
10791
10793
10794
10795
10796
10797
10798
10799
10801
10803
10804
10805
10809
10810
10811
10812
10813
10818
10819
10822
10823
10826
10827
10828
10829
10830
10831
10832
10833
10835
10836
10838
10844
10845
10847
10849
10850
10852
10857
10858
10861
10863
10864
10865
10867
10868
10871
10875
10880
10883
10884
10886
10887
10890
10892
10894
10895
10896
10897
10898
10899
10900
10901
10902
10903
10905
10908
10909
10910
10911
10912
10913
10917
10919
10923
10925
10931
10932
10933
10938
10944
10950
10951
10953
10954
10958
10959
10962
10963
10964
10965
10967
10969
10970
10973
10974
10976
10977
10978
10980
10986
10988
10989
10991
10994
10995
10996
10998
10999
11000
11001
11002
11003
11005
11006
11007
11008
11009
11014
11016
11018
11020
11022
11023
11026
11027
11029
11031
11032
11033
11035
11036
11037
11038
11041
11043
11045
11046
11049
11050
11051
11052
11053
11054
11055
11056
11060
11065
11066
11068
11070
11073
11075
11077
11080
11085
11087
11088
11089
11090
11093
11096
11099
11101
11102
11103
11104
11106
11107
11109
11111
11115
11118
11119
11120
11122
11123
11124
11125
11129
11130
11134
11136
11137
11138
11139
11141
11143
11144
11146
11147
11149
11150
11153
11154
11155
11160
11163
11164
11166
11167
11169
11170
11171
11172
11173
11174
11177
11178
11181
11182
11184
11185
11186
11187
11188
11189
11190
11192
11193
11197
11200
11202
11204
11205
11206
11208
11771
11210
11215
11216
11219
11223
11225
11227
11228
11234
11236
11240
11241
11245
11246
11251
11252
11254
11256
11259
11260
11265
11266
11271
11278
11279
11282
11285
11294
11298
11299
11302
11305
11306
11310
11313
11314
11315
11321
11324
11326
11327
11330
11331
11332
11333
11334
11336
11337
11339
11341
11344
11346
11348
11352
11353
11354
11355
11358
11360
11361
11362
11363
11364
11367
11370
11371
11372
11373
11374
11377
11378
11379
11380
11385
11388
11389
11390
11391
11393
11395
11398
11400
11401
11402
11403
11405
11407
11409
11412
11413
11414
11418
11420
11421
11423
11426
11428
11429
11430
11432
11434
11436
11437
11438
11439
11440
11441
11443
11448
11449
11450
11451
11452
11453
11454
11456
11458
11459
11460
11461
11462
11463
11464
11465
11467
11469
11470
11472
11475
11496
11503
11514
11538
11547
11553
11562
11571
11574
11578
11579
11582
11592
11598
11605
11610
11611
11612
11619
11622
11643
11659
11670
11672
11674
11686
11695
11697
11699
11700
11705
11709
11714
11719
11722
11723
11725
11726
11728
11734
11735
11740
11749
11750
11752
11758
11762
11763
11774
11777
11779
11795
11798
11808
11811
11813
11822
11830
11835
11849
11860
11861
11867
11869
11873
11889
11893
11903
11907
11911
11912
11913
11919
11923
11931
11934
11941
11943
11945
11946
11948
11954
11956
11964
11976
11977
11990
11993
11998
11999
12001
12005
12007
12013
12016
12017
12019
12024
12025
12031
12043
12056
12058
12063
12065
12079
12080
12083
12084
12087
12093
12098
12099
12102
12103
12106
12108
12124
12132
12134
12137
12138
12140
12144
12146
12149
12153
12154
12161
12163
12165
12166
12168
12171
12174
12177
12180
12183
12184
12188
12190
12192
12196
12197
12200
12202
12204
12206
12209
12210
12215
12217
12222
12223
12224
12225
12226
12227
12230
12231
12234
12236
12241
12242
12243
12245
12247
12249
12251
12252
12256
12258
12259
12261
12262
12263
12265
12267
12268
12275
12277
12280
12281
12287
12290
12292
12295
12299
12301
12303
12305
12306
12309
12315
12319
12326
12328
12329
12332
12333
12337
12338
12339
12341
12344
12345
12348
12352
12354
12356
12357
12359
12360
12361
12362
12364
12366
12367
12368
12375
12376
12378
12379
12380
12381
12385
12387
12391
12393
12396
12397
12403
12408
12410
12422
12423
12429
12431
12432
12435
12436
12438
12439
12443
12444
12448
12449
12450
12451
12454
12456
12458
12462
12464
12465
12468
12469
12470
12471
12475
12481
12482
12483
12485
12486
12487
12492
12495
12496
12497
12498
12499
12500
12503
12504
12505
12507
12512
12516
12517
12572
12573
12574
12576
12577
12579
12580
12585
12586
12587
12590
12591
12595
12596
12597
12598
12599
12600
12604
12605
12606
12608
12610
12611
12614
12615
12616
12620
12622
12623
12626
12628
12633
12634
12635
12638
12640
12641
12643
12645
12646
12648
12652
12654
12658
12660
12661
12662
12664
12667
12669
12670
12671
12673
12674
12684
12687
12690
12697
12699
12703
12704
12705
12707
12708
12710
12711
12712
12715
12718
12722
12724
12728
12732
12733
12735
12736
12742
12743
12744
12745
12748
12749
12750
12751
12753
12755
12765
12766
12768
12769
12771
12774
12778
12779
12783
12784
12788
12791
12792
12795
12798
12801
12802
12804
12805
12807
12810
12814
12816
12819
12820
12821
12822
12824
12827
12833
12834
12835
12836
12837
12840
12843
12848
12850
12852
12854
12855
12856
12859
12861
12864
12866
12868
12870
12875
12877
12882
12883
12885
12886
12894
12897
12909
12910
12911
12915
12916
12917
12919
12920
12921
12923
12924
12929
12930
12935
12936
12942
12950
12951
12956
12957
12964
12966
12967
12969
12972
12975
12977
12982
12983
12984
12985
12986
12987
12989
12990
12991
12992
12993
12994
12995
12996
12997
13001
13002
13003
13004
13005
13006
13008
13009
13010
13011
13014
13015
13016
13018
13019
13020
13021
13022
13023
13025
13027
13031
13033
13039
13040
13041
13042
13044
13045
13047
13049
13050
13052
13053
13057
13067
13074
13079
13080
13083
13086
13089
13092
13095
13096
13102
13107
13108
13109
13110
13111
13112
13116
13119
13122
13123
13124
13127
13131
13132
13134
13139
13141
13143
13146
13149
13150
13153
13154
13158
13169
13170
13171
13173
13175
13177
13181
13186
13188
13190
13191
13193
13194
13195
13196
13198
13205
13206
13207
13208
13210
13219
13221
13224
13231
13237
13239
13245
13248
13253
13255
13257
13258
13259
13263
13267
13269
13273
13276
13277
13278
13279
13283
13286
13287
13290
13292
13297
13298
13299
13300
13305
13308
13310
13315
13318
13323
13330
13332
13333
13334
13336
13339
13341
13342
13343
13345
13350
13353
13360
13362
13363
13368
13372
13376
13377
13378
13380
13381
13384
13391
13392
13394
13395
13396
13398
13400
13404
13405
13407
13408
13409
13414
13417
13421
13423
13424
13432
13433
13438
13440
13443
13444
13445
13447
13450
13451
13453
13454
13455
13459
13460
13587
13462
13463
13464
13465
13468
13469
13472
13473
13474
13475
13477
13479
13481
13482
13483
13484
13485
13486
13487
13491
13492
13493
13495
13498
13500
13502
13506
13507
13508
13514
13516
13517
13518
13519
13522
13523
13526
13527
13528
13529
13530
13531
13532
13534
13535
13536
13537
13538
13539
13541
13543
13544
13545
13546
13547
13548
13551
13552
13553
13555
13556
13557
13558
13559
13560
13561
13563
13566
13568
13569
13571
13572
13573
13575
13576
13578
13580
13583
13584
13585
13588
13589
13590
13595
13598
13599
13600
13603
13604
13606
13611
13612
13613
13614
13621
13622
13623
13624
13628
13629
13631
13633
13634
13635
13638
13643
13646
13647
13649
13650
13651
13654
13660
13661
13662
13665
13668
13671
13672
13673
13681
13683
13688
13689
13694
13695
13700
13701
13706
13708
13709
13711
13716
13717
13718
13719
13721
13722
13723
13724
13731
13736
13737
13738
13739
13740
13747
13748
13754
13756
13762
13764
13767
13769
13772
13773
13777
13779
13780
13782
13783
13784
13787
13789
13791
13792
13795
13801
13805
13808
13809
13818
13820
13822
13825
13826
13827
13830
13831
13832
13833
13836
13837
13838
13839
13842
13845
13847
13850
13853
13854
13855
13857
13860
13861
13863
13865
13866
13872
13875
13876
13880
13882
13883
13885
13886
13887
13888
13890
13891
13892
13893
13894
13897
13898
13899
13902
13903
13904
13906
13908
13910
13912
13913
13914
13917
13918
13919
13920
13922
13926
13927
13928
13929
13930
13931
13933
13935
13936
13939
13940
13942
13943
13946
13949
13951
13952
13953
13954
13955
13956
13957
13958
13959
13968
13969
13972
13974
13977
13978
13981
13984
13985
13986
13987
13989
13991
13992
13993
13995
13998
14000
14001
14002
14004
14005
14007
14008
14010
14011
14402
14013
14018
14592
14019
14020
14024
14025
14026
14027
14030
14033
14038
14039
14040
14041
14043
14044
14045
14046
14047
14048
14052
14053
14054
14055
14056
14058
14061
14062
14063
14069
14071
14072
14073
14075
14076
14079
14080
14081
14082
14083
14085
14086
14087
14088
14089
14090
14091
14093
14094
14096
14097
14100
14101
14104
14105
14107
14109
14110
14112
14115
14116
14118
14121
14122
14124
14125
14129
14130
14131
14132
14133
14134
14299
14135
14136
14138
14139
14141
14143
14144
14145
14146
14148
14149
14150
14151
14153
14158
14160
14162
14163
14166
14168
14169
14171
14172
14173
14175
14176
14177
14178
14180
14183
14186
14187
14189
14190
14193
14196
14198
14200
14201
14202
14206
14208
14209
14213
14214
14215
14218
14221
14222
14223
14224
14226
14227
14228
14229
14231
14233
14236
14241
14242
14243
14250
14251
14252
14254
14260
14264
14267
14268
14270
14272
14278
14280
14281
14282
14283
14284
14287
14288
14289
14290
14291
14292
14293
14295
14296
14297
14298
14300
14302
14303
14304
14305
14306
14308
14309
14310
14311
14313
14314
14315
14316
14319
14320
14321
14322
14326
14327
14328
14329
14331
14332
14333
14334
14336
14338
14340
14341
14342
14343
14347
14348
14350
14352
14353
14355
14356
14360
14362
14364
14365
14367
14368
14369
14370
14375
14376
14377
14381
14382
14385
14388
14390
14391
14392
14396
14397
14398
14403
14404
14406
14407
14409
14410
14413
14414
14416
14417
14418
14419
14421
14422
14423
14425
14427
14429
14430
14431
14432
14433
14435
14436
14438
14439
14440
14441
14442
14444
14445
14447
14449
14450
14451
14456
14457
14459
14464
14465
14466
14470
14471
14472
14474
14475
14477
14478
14479
14480
14483
14484
14485
14489
14493
14494
14501
14505
14507
14510
14513
14514
14516
14518
14519
14521
14523
14525
14527
14528
14530
14532
14533
14535
14536
14537
14541
14543
14544
14545
14546
14547
14551
14554
14560
14562
14569
14572
14574
14579
14580
14581
14582
14583
14584
14586
14589
14590
14591
14594
14595
14599
14602
14605
14606
14607
14612
14614
14616
14618
14620
14621
14622
14623
14624
14626
14628
14631
14633
14634
14635
14636
14637
14643
14644
14647
14649
14650
14652
14655
14656
14657
14660
14661
14664
14666
14668
14669
14670
14672
14676
14677
14678
14679
14681
14682
14683
14684
14685
14686
14688
14691
14692
14698
14699
14700
14703
14705
14707
14711
14712
14713
14715
14716
14717
14719
14721
14722
14723
14724
14727
14729
14730
14731
14732
14734
14735
14736
14737
14738
14740
14741
14742
14743
14744
14745
14748
14749
14750
14751
14754
14755
14756
14757
14758
14760
14761
14762
14763
14764
14765
14766
14768
14769
14770
14771
14772
14775
14776
14780
14782
14783
14784
14785
14786
14787
14788
14789
14790
14791
14793
14794
14795
14796
14797
14799
14800
14802
14803
14804
14805
14807
14808
14809
14810
14812
14813
14814
14815
14816
14818
14819
14820
14821
14822
14823
14824
14825
14826
14827
14828
14829
14830
14831
14832
14833
14835
14837
14838
14840
14841
14842
14844
14846
14847
14848
14849
14850
14852
14853
14854
14856
14857
14858
14859
14861
14862
14863
14864
14865
14866
14867
14868
14869
14870
14872
14874
14875
14879
14880
14881
14883
14885
14886
14887
14888
14889
14890
14894
14895
14896
14897
14898
14899
14900
14901
14902
14904
14905
14906
14907
14908
14909
14911
14912
14913
14914
14915
14918
14919
14920
14922
14923
14924
14925
14926
14928
14930
14931
14932
14933
14935
14936
14937
14941
14942
14946
14947
14949
14950
14951
14952
14953
14954
14955
14956
14957
14958
14959
14961
14962
14963
14964
14966
14967
14968
14970
14971
14972
14973
14975
14976
14979
14982
14983
14984
14985
14986
14987
14988
14989
14990
14991
14992
14993
14994
14996
14997
14998
15000
15002
15004
15005
15006
15009
15010
15012
15013
15014
15015
15016
15018
15019
15020
15021
15022
15023
15026
15027
15028
15029
15030
15031
15032
15033
15034
15035
15038
15039
15040
15041
15043
15045
15046
15047
15048
15050
15052
15053
15055
15057
15060
15061
15062
15063
15065
15067
15068
15069
15070
15071
15072
15075
15076
15077
15079
15080
15081
15084
15085
15088
15095
15096
15099
15101
15106
15107
15109
15110
15111
15112
15119
15121
15122
15126
15134
15137
15138
15139
15144
15145
15147
15149
15150
15151
15153
15154
15156
15159
15160
15162
15163
15164
15166
15168
15170
15171
15172
15176
15178
15182
15184
15190
15193
15194
15195
15196
15200
15201
15202
15203
15204
15208
15211
15214
15215
15216
15217
15220
15222
15227
15228
15229
15230
15231
15232
15233
15234
15235
15238
15241
15243
15244
15246
15247
15250
15255
15257
15258
15259
15260
15261
15262
15266
15267
15268
15270
15272
15274
15275
15276
15280
15282
15284
15285
15286
15287
15290
15291
15292
15293
15295
15296
15297
15299
15300
15301
15302
15304
15306
15307
15311
15313
15314
15316
15318
15319
15322
15327
15328
15331
15332
15333
15334
15335
15339
15346
15348
15349
15350
15351
15354
15355
15357
15358
15360
15362
15364
15366
15370
15372
15373
15375
15376
15378
15381
15383
15384
15388
15392
15394
15396
15399
15402
15403
15407
15408
15410
15411
15412
15413
15415
15417
15418
15419
15422
15423
15424
15425
15426
15429
15430
15433
15438
15441
15445
15447
15448
15449
15450
15451
15452
15453
15454
15456
15459
15461
15462
15463
15466
15468
15473
15474
15478
15480
15481
15483
15487
15488
15489
15490
15491
15494
15496
15497
15500
15501
15502
15503
15509
15510
15511
15512
15514
15516
15518
15519
15520
15522
15523
15524
15525
15526
15527
15528
15529
15530
15531
15532
15534
15535
15539
15540
15541
15542
15543
15545
15546
15547
15549
15551
15552
15553
15554
15557
15558
15560
15562
15564
15565
15566
15568
15569
15571
15573
15574
15575
15577
15579
15582
15583
15584
15587
15588
15590
15591
15592
15595
15597
15598
15599
15600
15601
15603
15608
15609
15610
15611
15616
15619
15620
15622
15623
15625
15627
15628
15629
15630
15631
15632
15633
15636
15638
15639
15640
15641
15642
15644
15645
15647
15651
15653
15655
15657
15659
15661
15664
15666
15667
15669
15670
15671
15677
15679
15680
15681
15682
15683
15687
15688
15689
15691
15695
15696
15697
15698
15699
15700
15701
15704
15705
15706
15708
15709
15711
15713
15714
15717
15720
15721
15725
15729
15732
15735
15737
15741
15744
15745
15747
15749
15750
15752
15754
15758
15760
15762
15764
15769
15771
15772
15774
15776
15777
15778
15779
15780
15781
15782
15783
15784
15785
15787
15788
15789
15791
15793
15795
15796
15797
15798
15799
15800
15801
15802
15803
15805
15807
15808
15809
15811
15812
15813
15815
15816
15819
15820
15821
15822
15824
15827
15829
15830
15831
15832
15835
15838
15841
15844
15846
15847
15848
15849
15852
15853
15857
15859
15860
15862
15863
15867
15872
15876
15877
15878
15880
15881
15884
15888
15891
15895
15897
15900
15901
15903
15904
15905
15906
15907
15908
15909
15910
15912
15913
15916
15917
15918
15919
15920
15922
15923
15926
15927
15929
15930
15931
15934
15935
15936
15937
15938
15939
15941
15943
15944
15947
15951
15952
15954
15956
15957
15961
15967
15968
15972
15974
15975
15976
15977
15979
15981
15984
15989
15993
15995
15997
15998
16001
16002
16003
16008
16009
16010
16011
16013
16016
16018
16019
16021
16022
16023
16026
16027
16028
16029
16031
16032
16034
16039
16040
16042
16044
16046
16052
16054
16055
16056
16058
16060
16063
16064
16065
16066
16067
16069
16070
16071
16072
16073
16074
16075
16077
16078
16079
16081
16085
16087
16089
16092
16093
16094
16095
16099
16100
16101
16103
16105
16110
16111
16112
16114
16117
16118
16119
16121
16123
16125
16127
16128
16130
16131
16132
16133
16134
16135
16136
16137
16139
16141
16142
16143
16144
16146
16147
16151
16153
16154
16155
16158
16159
16160
16161
16162
16163
16165
16166
16167
16168
16169
16170
16172
16177
16179
16181
16182
16183
16185
16186
16187
16188
16189
16190
16191
16193
16195
16198
16200
16202
16205
16206
16207
16208
16210
16211
16212
16213
16215
16217
16218
16220
16224
16225
16226
16227
16235
16236
