2
5955
16380
9
1075
5055
12
35
13
14
16
17
308
19
9248
14208
7842
2403
1989
14369
2376
1436
1863
16174
207
12305
20
149
2202
59
2620
10490
1730
12771
7723
1716
11615
21
2570
22
8737
8746
2695
24
108
110
30
1125
31
1791
34
1828
37
2836
38
12367
43
3261
54
5751
45
50
3023
53
3482
3133
56
57
730
5564
3095
58
64
65
11846
66
67
68
69
70
71
72
73
74
75
2296
5622
76
3919
1779
77
78
79
80
81
82
83
84
85
86
87
88
89
2789
90
1510
4807
6140
2820
3677
639
91
92
93
94
95
96
97
98
99
100
101
104
9674
1848
109
5929
2859
12783
4529
1641
244
111
121
122
123
126
127
132
136
137
2177
138
139
2848
12325
13670
4904
14584
148
154
157
4497
3350
158
166
167
2742
176
3761
1475
16140
177
7460
15743
181
7292
196
2515
198
200
202
205
7824
16215
211
7290
213
10530
6763
215
901
1487
217
218
3013
225
228
358
231
242
243
6571
4723
245
247
11520
296
3313
11703
248
263
251
252
269
254
255
257
2213
4454
3753
6378
5259
1298
3963
258
259
481
261
262
3170
4739
12629
266
13640
275
286
290
292
9766
304
305
307
314
317
325
5460
326
329
332
334
1133
4749
335
8653
2393
337
343
345
347
733
349
353
355
356
9890
360
362
363
12773
365
367
368
373
10522
374
378
379
382
384
660
385
4724
388
389
391
392
3187
402
5617
5940
404
13113
8974
405
407
418
419
3514
431
437
6908
453
459
14263
461
462
463
470
471
1546
472
473
474
9984
5030
2353
566
4092
7646
475
479
2028
480
4439
482
485
489
490
491
1768
493
496
13093
497
7541
499
503
504
505
509
4451
514
729
515
516
517
2602
14482
7514
1834
4583
522
523
526
527
534
2691
2438
540
1506
542
544
547
555
548
550
551
552
561
6817
5579
562
563
1516
569
571
572
573
4918
575
577
578
580
4493
4119
761
581
589
590
591
594
595
602
603
6724
604
606
611
2369
3357
612
617
620
623
638
640
645
646
649
652
654
659
1157
662
663
664
3005
667
670
671
672
9558
676
677
3505
681
9183
685
686
14058
687
688
2603
690
692
695
700
702
707
708
5541
711
712
721
722
3731
723
727
731
736
748
1004
1653
750
751
757
758
760
3048
765
801
767
769
772
773
846
774
779
781
782
4902
784
785
790
794
795
797
800
6083
1943
803
2044
805
806
807
809
812
850
813
7678
3298
816
5285
819
820
3896
828
831
6025
2733
834
835
836
14474
4619
845
1729
847
2533
853
854
2357
855
856
861
1266
862
863
864
865
866
867
869
870
873
874
878
2704
10706
1273
3834
883
885
890
891
896
898
5585
900
902
5568
9921
3944
2805
904
906
10321
907
913
5692
914
5027
917
918
6148
5062
6155
6157
6161
4019
4825
7032
6328
2660
6389
928
929
941
944
954
960
2851
8703
965
968
969
970
972
983
985
988
991
993
999
1000
1001
9322
9651
1008
1012
1013
7503
1019
1020
6526
1571
1032
1038
1049
1050
9020
6463
1051
1054
6704
7014
1055
1056
5049
1057
1058
1061
1073
1074
1077
1078
1083
1087
1095
10362
1101
1102
1103
1105
1107
1108
1113
1117
1121
1122
1124
1128
1132
1136
2429
1138
1140
1143
1144
1145
1146
1147
1149
1151
1160
1161
1162
1164
1168
1172
1175
1178
1180
1181
1183
1184
2275
2333
1186
1187
9150
1188
1193
1195
1198
1201
5296
8250
1202
1215
1223
1224
1225
2749
1227
4009
1228
1250
1251
1259
8370
1262
1263
1391
1265
1270
1271
1272
7603
6528
1696
14061
3539
6552
2463
1695
1282
1283
1289
1290
1291
1292
2468
1293
1295
11164
1296
1297
2853
2278
2332
1300
1305
1306
1307
2112
1310
1311
1312
1334
1336
1339
1968
1340
1344
1347
1351
1352
1353
1354
1355
1365
1369
1371
1372
1380
1381
1385
1387
1390
12327
2075
7325
1392
1393
5332
1394
1396
1402
1405
1408
1412
1415
1419
1420
15820
1424
2208
5992
1425
1426
1434
1435
1832
1438
1444
1450
1451
1452
1456
5003
2040
8002
1457
1459
1474
1478
1485
1486
1491
1492
1493
1495
1496
1498
1499
1500
1501
1504
4460
1505
1543
1508
4503
1509
1511
1513
12437
1514
1515
10512
1520
1527
3237
2734
2870
11806
1536
1540
1542
7147
1545
1548
1549
1558
1561
1562
1563
1570
1572
6530
1576
13684
1594
11194
1595
5465
3726
1596
1607
2884
1608
3785
3509
1612
1613
1614
1615
1616
1617
1620
1621
1631
1633
1638
1639
5034
2347
2898
2646
1948
6939
1642
1643
3080
7803
1644
1652
1655
1667
1670
1676
1679
3566
1681
1682
1686
1691
9221
1692
1694
5710
1697
1698
1699
1701
1702
1704
1705
1707
1709
1713
1714
13747
11964
1721
1723
1728
2562
6637
1732
1747
6556
1734
3712
1735
1740
1744
1745
1749
1751
1807
1758
1763
1764
1765
1766
1770
1775
1778
4877
1783
1790
11762
9207
1792
1794
1796
1798
1799
1801
1804
1805
2329
6509
4317
1808
1810
1814
1815
1820
1821
1822
4840
1823
1825
1827
1833
1836
9136
1840
1841
1842
1843
2286
5052
1849
1852
1862
1869
1871
1872
3169
8807
7563
7277
6904
4042
1877
1880
1881
6060
1883
1885
1887
1890
1893
1899
1900
1905
1906
1907
10949
4522
1909
1910
1912
1914
1915
9692
3520
1916
1918
1919
2703
1922
1924
1937
1942
5601
3858
2392
1944
1947
1949
1950
1953
1954
1956
1957
6587
1961
1966
5281
3751
5452
1969
1970
1971
1973
1974
1979
1981
1983
4100
4540
1984
1985
2147
1987
1990
1995
4010
7349
1998
1999
2002
12157
2004
2005
2006
2009
2010
4968
10188
2225
2419
2013
2014
2021
12899
2911
2022
2023
2176
2178
5013
2136
2025
2027
4858
2763
2731
5892
5438
2031
2398
2032
2033
2035
2036
2037
2038
2039
2041
2043
2045
2046
2047
2048
2049
2053
2054
2065
2067
2071
2072
2076
5999
2079
2084
2087
2088
2096
2101
2103
2105
11195
2106
2107
2110
2111
2113
2114
2117
2120
2122
2128
2131
2132
7465
2134
2135
2138
2140
9262
12683
4111
4693
2141
11267
2143
2144
2146
2148
15129
2150
2152
2153
2154
2155
2161
2163
2165
2167
2168
3823
10520
12767
2169
2170
2173
5988
2183
2187
2188
2192
2196
2198
2201
10175
16257
16553
14443
2203
2204
2205
3193
2209
10820
2486
2211
4394
2212
2216
2220
2222
2223
2224
2226
2227
2233
2236
2238
2239
2241
2242
5168
2245
9090
2247
2254
3879
2257
2267
2268
2274
2276
2277
3291
2279
2280
2281
3082
2282
2285
2287
2288
2289
2294
2295
2297
2298
4245
2300
2304
2302
2303
5358
3078
10234
2305
2306
2308
2310
2312
2313
2314
2316
2335
2319
2320
2895
2321
4116
2322
2324
2325
2328
4368
9206
2331
2336
10677
2339
2343
3713
2846
7840
6223
3036
3166
2348
2351
6585
4422
13005
2535
5359
5232
4086
2359
2360
2363
2366
6324
2371
2372
2374
2377
2378
12370
2380
2383
2384
2389
3140
2395
2396
2402
2404
2407
2412
2413
12069
2415
2418
7116
2420
2422
2424
9321
7743
2425
2427
10388
2428
10610
2770
6804
2432
2434
2435
2436
2437
14734
12516
2440
2441
2444
2446
2882
2447
2449
2454
15684
2455
2459
2461
2465
2466
2467
2470
2471
2472
2984
2479
2481
2485
2489
2491
2492
2496
3771
2504
2507
2513
2514
14105
2522
2523
2524
2528
2529
2531
2532
2534
2536
2537
2538
2539
2540
7171
2543
2545
2550
2551
2558
2559
2560
14147
6181
2563
2566
8171
2568
2569
2572
2576
2579
2583
2708
2588
5967
2589
2592
2593
2595
2601
2604
2606
2608
2609
2610
2611
2612
2614
2615
2616
2617
2619
2622
2624
2626
2628
2631
2634
2635
2636
2637
2639
13757
2641
2642
2645
2647
2652
2653
2654
2656
2657
2659
2664
2665
2667
2669
2673
2674
2675
2676
2677
2678
2679
2681
2684
2690
2692
2693
2696
2698
2699
2700
4255
2701
2702
4748
4473
10052
2707
5058
2709
2710
2711
2714
2717
3699
8863
2723
2724
2727
2729
2732
3311
2735
2739
2741
11182
11190
12888
2743
2745
2746
2747
2748
16706
5283
7526
4803
2750
2751
2752
2753
2754
2755
2756
2757
2761
2762
2764
2765
2767
2769
2774
2776
2777
2778
4854
2779
2781
2782
2783
2785
2788
3516
2806
2793
5808
9654
2795
5823
2798
2801
2802
2803
2804
2807
2810
2811
2818
2812
2813
2814
2817
2819
2822
2823
2827
2828
2830
2831
2832
2833
2834
2835
2837
2838
2839
2840
2842
2843
2847
10079
2849
2850
2852
4432
2855
2856
2857
12762
2862
2863
2864
2865
2866
2867
2868
2874
2875
2876
2879
2881
2883
2886
2890
2891
2892
2893
9626
2896
2897
3404
2900
2903
5958
2904
13609
5419
8816
13878
9437
2908
7227
2910
2913
2914
2915
2916
2918
2919
2920
2922
2923
2925
2926
2927
2928
2929
2930
2932
2933
2934
2935
2938
2939
2940
2942
2944
2946
2947
2949
2951
2954
2955
2960
2961
2962
2965
2967
2969
2973
2975
2978
2979
2980
2982
4228
2986
2988
2989
2990
2993
5300
2994
2995
2996
2998
3001
3002
3003
3004
3006
3007
3008
3010
3011
3012
11104
3015
3016
3020
3021
3022
3024
3025
3026
3030
3032
3034
3035
3040
3042
3044
3045
3046
3047
3049
3051
3052
3055
3060
3061
3062
3063
3064
3065
3066
3067
3069
4366
8116
3074
3076
3077
3085
3087
3089
3090
3094
3097
3098
3104
3108
3110
3111
3114
3116
3119
3120
6094
3121
3122
3123
3125
3128
3129
3131
3132
7495
3134
3136
3138
3143
3146
3148
3149
3152
3153
3156
3158
3159
3160
3162
3163
3165
3171
3172
3174
3175
3176
3179
3180
3792
3183
3186
3188
3189
3191
3195
3196
3512
3197
3198
3201
5661
3202
3203
3204
3206
7217
8927
3207
3209
3212
3215
3216
3218
3220
3925
3887
3221
3222
3225
3226
4620
3228
3229
3230
3231
3232
3233
3234
11551
3238
3239
3243
3244
3248
3250
3251
3252
3616
3253
3254
3255
3256
3257
3262
3265
3266
3271
3272
3279
3280
3281
3282
3285
3286
3287
3288
3289
3290
3292
3296
3590
3299
3300
3303
3304
3306
3307
3308
3309
3310
3314
3316
3317
3319
3320
3321
3322
3324
3325
3326
3327
3330
3331
3332
3333
3336
3337
3338
3339
3340
4934
6187
5108
3341
3342
3344
3347
3348
3349
8940
3351
3352
3353
3354
3355
3356
3358
3359
3360
3361
3362
3363
3364
3365
3366
3367
3368
3369
3370
3371
3372
3373
3374
3375
3376
3377
3378
3379
3380
3381
3382
3383
3384
3385
3386
3387
3388
3390
3391
3393
3395
3396
3397
3400
3401
3402
3405
3406
3407
3408
3409
3410
3411
3412
3414
3416
3417
3418
3671
3419
3420
3421
3422
3423
3424
3425
3426
3427
3428
3429
3430
3431
3432
3434
3435
3437
3439
3441
3443
3447
3449
3451
3452
3454
3455
3456
3458
3459
3460
3461
3462
3463
3464
3465
3466
3469
3470
3471
3472
3473
3474
3476
3478
3479
3481
3486
3487
3489
3490
3491
3492
3494
3496
10289
3498
3821
3502
3503
3504
3506
3507
3508
3510
3511
7213
3515
3517
3518
3519
3521
3523
3524
3526
3527
13921
3531
3532
3533
3534
3538
3540
3541
8174
3544
3545
3547
3548
3549
3550
3551
3552
4006
3553
3554
3555
3557
3558
3560
3561
3562
3564
3565
3567
3568
3569
3570
3573
4078
3575
3576
3577
3579
3581
3582
3584
5307
3585
3587
3588
3592
3594
3595
3596
3597
3598
3599
3600
3602
3603
3604
3606
3607
3609
3610
3611
3612
3613
7717
3614
3615
3621
3628
3634
3639
3641
3645
3646
3648
3656
3657
3658
3664
3665
3668
7462
3673
3676
3678
3679
3682
3687
3688
5522
3689
3690
3692
3693
3696
3697
3698
3700
3701
3703
3706
3707
3709
3710
3711
4229
3715
3716
3717
3721
3722
3723
3724
3725
5425
3727
3728
3738
3740
3743
3745
3746
5760
8995
3748
3750
5930
16060
12485
7506
9687
3920
12641
9314
3754
3755
3756
3757
3758
3759
3762
3763
3769
3775
3776
3777
3780
3783
3786
3789
3790
3791
12651
3793
3794
3797
3798
3799
5024
3800
3801
3802
3803
3805
3807
3808
3811
3812
6088
3930
3816
3817
3818
3819
3824
3825
3827
3828
3829
3835
3839
3841
3843
3844
3845
3849
3855
3859
3861
3872
3882
4548
4785
3886
3889
3897
3901
3908
3909
3911
3912
3913
3915
3916
13848
10799
3917
8785
10167
3927
3928
3929
3931
3932
3933
3934
5063
4939
5004
3943
3935
3936
3938
3939
3941
3945
3948
3957
3958
3959
3962
3966
3967
3969
3973
3976
3977
3979
3980
3982
3987
3993
3995
3998
4000
4002
4003
4007
4011
4020
4023
4025
4027
4028
4031
4033
4037
4039
4043
4046
4053
4438
4054
4055
4056
4058
4059
4060
4062
4065
4066
4071
4072
9822
4782
4073
4075
6316
4076
4077
4080
4083
4091
4095
4098
4105
4106
4107
4108
4121
4124
4125
4129
4130
4131
4138
4139
4145
4147
4152
14343
4757
4153
4154
4158
4159
4160
4161
4162
4163
4164
4165
4171
4172
4173
4175
4176
4178
4179
4180
4182
6928
4185
4186
4187
4188
4189
4192
4193
4194
4196
4200
4201
4202
15263
12556
4204
4208
4213
4214
4216
4217
4224
4226
4227
10718
4230
4233
4234
11062
4235
4236
4237
4238
4239
4240
4249
4250
4252
4254
4256
4257
4258
4261
4263
4264
4265
4266
4269
4270
4271
4275
4276
4278
4279
4280
4281
4282
4283
4284
4285
4287
4288
4291
4292
4293
4294
4296
4297
4298
4570
4300
4301
4303
4305
4306
4307
4309
4310
4999
4311
4312
4314
4315
4316
4319
4321
4323
4325
4327
4328
4330
4331
4332
4334
4337
4338
4339
4340
4341
4348
4349
4352
4353
4354
4357
4361
4362
4364
4365
4367
4469
4369
4371
4372
4373
4374
4375
4377
4378
4379
4381
4383
4387
4388
4390
4391
4393
6554
4396
4397
6014
4399
4400
8114
4402
4403
4404
4406
4409
4410
4412
4414
4415
4416
4417
4418
4419
4420
4421
4423
4425
4428
4429
4433
4437
4440
4442
4443
4445
4452
8787
4455
8095
4456
4459
12362
4467
4468
4470
4476
4478
4480
4481
4482
4484
4485
4486
4487
4488
4489
4490
4498
4499
4500
4501
4502
11530
4505
12435
13004
4508
5790
4509
4510
4513
4514
4515
4520
4523
4524
4527
4528
5493
4531
4532
4533
4534
4541
4542
4545
4546
4547
7448
4551
4552
4558
4560
4561
4563
4565
4566
4568
4569
4571
4572
4573
4574
4575
4578
4579
4580
4581
5200
4584
4585
4586
4589
4591
4592
4593
4594
4595
4597
4601
4603
4604
4608
4612
4613
4755
6326
4616
4618
4621
10273
8637
4623
4625
4626
4627
4629
4631
4633
4635
4636
4638
4639
4640
4641
4642
4644
4646
4647
4648
4649
4650
4651
4652
4657
4658
4660
4662
4664
4666
4668
4670
4671
4673
4674
4675
4677
4678
4679
4684
4686
4687
4689
4691
4692
4766
6576
4694
4700
4701
4702
4703
4704
4705
4711
4717
4718
4728
4729
4730
4731
4732
4733
4735
4738
4740
4741
4742
4744
4745
4747
4750
4752
4753
4754
4756
4759
4761
4767
4769
4771
4774
4776
4777
4779
4780
4781
4783
5072
4786
4787
4790
4792
4795
4796
4797
4798
4799
4801
4802
9300
4806
4808
4810
4811
4813
4815
4817
4819
10699
5069
4820
4821
4822
4824
12053
4826
4827
4829
4831
4832
4833
4836
4837
4838
4842
4843
4845
4848
4850
4852
4855
4856
4859
4860
4861
4862
4864
4865
4869
4870
4871
4872
4873
4875
4878
4879
4881
4882
4885
4886
4887
4888
4889
4895
4896
4899
4900
4903
12792
4905
4907
4908
4909
4910
13786
5141
4911
11660
4912
4913
4914
4919
4921
4922
4923
4924
4925
4930
4936
4940
4942
4944
4952
4955
4956
4957
4958
4962
4963
4964
4970
4971
4973
4974
4975
4976
4977
4978
4979
4985
4986
4987
4988
4990
4991
4993
4994
4997
4998
5001
5002
5006
5007
5008
5011
5012
5017
5018
5019
5020
5021
5022
5023
5025
5028
5029
5031
5032
5035
5036
5037
5038
5040
5041
5044
5045
5046
5047
5051
9078
5053
5054
5056
5057
5059
5060
5064
5065
5066
5067
5068
5070
10849
5073
5074
5075
5076
5077
5079
5080
5085
5086
5087
5090
5094
5096
5100
5101
5102
5103
5110
5114
5117
5118
5121
5122
5123
5124
5128
5136
5138
5144
5149
5155
5156
5157
5166
5180
5181
5182
5189
5192
5194
5195
5782
5197
5198
10174
5203
5205
5211
5212
5215
5219
5222
5223
5226
5234
5235
5238
5241
5243
6853
5244
5245
5247
5248
5249
5254
5258
5260
5261
5273
5279
5287
5288
5289
5290
5292
5294
5297
5299
5301
5302
5303
5304
5306
5308
5310
5311
5312
5313
7556
13418
5314
5315
5316
5318
5319
5320
5323
5325
5329
5330
5334
5344
12374
5345
5346
5347
5348
5351
5352
5355
5357
6292
5360
5362
5363
13172
5365
5366
5367
5368
5369
5372
5373
6719
5374
5376
5377
5380
5381
5382
5383
5384
5385
5389
7874
5391
5392
5393
5395
5396
5397
5400
5401
5405
5407
5408
5412
5414
5415
5416
5417
5418
5420
5421
5422
5423
5426
5428
5433
5434
5436
5437
6311
5439
5440
5442
5443
5444
5449
5450
5451
5455
5456
5457
5458
5461
5462
5463
5464
5468
5469
5471
5472
5473
5474
5476
5477
5479
5480
5481
5483
5484
5485
5486
5487
5490
5492
5494
5496
5497
5500
5502
5503
5506
5507
5509
5510
5511
5512
5514
5515
5519
5520
5523
5524
5525
5526
5528
5529
8966
5530
5531
5532
5535
5536
5537
5539
5540
5542
5543
5544
5546
5547
5548
5549
5550
5551
5552
5553
5556
5557
5558
5560
5561
5562
5563
5565
5566
5567
5570
5571
5573
5574
5575
5576
5577
5581
5586
5589
5591
5592
5593
5613
5594
5595
5599
5602
5604
5609
5610
5611
5612
5614
5615
5616
5618
5619
5620
5621
5623
5626
5629
5630
5631
5632
5633
5635
5636
5637
5640
5642
5644
5645
5653
5656
5658
5660
5668
5669
5671
5672
5674
5675
5676
5677
7159
5679
5680
5681
5682
5684
5685
5686
5687
5689
5690
5691
5693
5695
5696
5697
5698
5700
5701
5703
5705
5706
5707
6702
5711
5712
5713
5714
5715
5718
5720
5722
5724
5725
5726
5731
5733
5736
5737
5739
5743
5744
5748
5749
5750
5753
5754
5755
5757
5759
5762
5766
5767
5769
8291
8781
5779
8792
8796
5770
5771
5772
5773
5775
5776
5777
5778
6412
5780
5783
5784
5785
5786
5788
5791
5792
5794
5795
5796
5797
5798
5799
5801
5802
5803
5805
5807
5810
5811
5812
5813
5814
5816
5817
5819
5820
5822
5824
5825
5829
5830
5831
5832
5833
5835
5836
5838
5839
5840
5841
5843
5844
5846
5847
5848
5849
5852
5855
5857
5858
5859
5861
5862
5863
5864
5865
5867
5872
5873
5874
5877
5878
5879
5880
5882
5884
5885
5887
5888
5890
5891
5896
5898
5899
5901
5904
5905
5909
5912
5913
5915
5919
5924
5927
5928
8800
6935
5932
5933
5934
5935
5937
5939
5944
5945
5946
5948
5949
5951
5952
5953
5954
10549
5960
5963
5966
5968
5975
5980
5982
5985
5986
5989
5990
5993
5994
5995
5996
5997
8696
8764
6001
6002
6004
6007
6010
6012
6013
6017
6019
6022
6023
6024
6026
6027
6028
6029
6030
6031
6032
6033
6034
6035
6036
6037
6038
6039
6042
6043
6044
6045
6046
6047
7181
6048
6049
6050
6052
6053
6054
6057
6058
6059
6062
6063
6064
6067
6068
6070
6071
6072
6073
6074
6075
6076
6077
6078
6080
6081
6082
6084
6085
6086
6087
6089
6092
6093
6661
6095
6096
6097
6099
6100
6101
9390
6102
6103
6105
6106
6107
6109
6110
6111
6112
6114
6115
6116
7283
6117
6119
6120
6121
6122
6123
6124
6125
6126
6127
6128
6129
6130
6131
6132
6134
6136
6137
6138
6139
6141
6143
6144
6146
6149
6150
6152
6153
6158
6159
6160
6162
6163
6164
6168
6169
6170
6171
6173
6174
6176
6177
6248
8976
7868
6178
6179
6180
6184
12285
6188
6190
6193
6194
6197
6199
6201
6202
6203
6204
8642
12186
6205
6206
6207
6208
6209
6211
6212
6213
6214
6215
6216
6217
6219
6220
6221
6222
6224
6226
6227
6230
6231
8881
6234
15799
6235
6236
6237
6238
6239
6240
6243
6245
6246
6247
6249
6250
6252
6255
6256
6257
6258
6260
6261
6263
6265
6266
6267
6268
6293
6269
6271
6274
6275
6276
6277
6278
6279
6281
6283
6284
6286
6287
6288
6294
6295
6296
6297
6299
6300
6302
6303
6304
6305
6307
6308
6309
6310
6312
6313
6314
6315
6318
6319
6320
6321
6322
6323
6325
6331
6332
6334
6335
6337
6339
6340
6341
6342
6343
6344
6345
6346
6347
6348
6349
6350
6351
6352
6353
6354
6356
6357
6359
6360
6361
6364
6365
6366
6367
6368
6370
6371
6372
6373
6374
6375
6376
6377
6379
6380
6381
6382
6385
6386
6388
6390
6394
6395
6399
6403
6404
6405
6407
6408
6409
6411
7237
6413
6418
6419
6420
6421
6422
6424
6425
6426
6427
6428
6429
6430
6431
6432
6435
6438
13044
6439
6441
6442
6443
6444
6445
6446
6447
6448
6449
6450
6451
6452
6453
6454
6459
6460
6462
16488
6465
6470
6474
6480
6484
6485
6486
6487
11027
6493
6494
6496
6499
6500
6501
6506
6507
6508
8044
6510
6511
6512
6515
6519
6521
6524
6527
6529
6534
6540
6541
6542
6543
6544
6545
6546
6547
6548
6551
6553
6555
6557
6560
6561
6563
6564
6565
6566
6567
6568
6569
6570
6572
6574
6577
6578
6580
6581
6582
6583
6588
6589
6590
8707
6591
6592
6593
6594
6595
6596
15588
6597
6598
6600
6601
6602
6603
6604
6607
6608
6609
6610
6612
6613
6614
6615
6616
6617
6618
6619
6620
6621
6622
6624
6625
6627
6629
6631
11344
6632
6633
6634
6635
11316
6636
6638
6639
6641
6642
6644
6645
6647
6649
6651
6652
6653
6654
6655
6657
6659
6660
6663
6665
6666
6667
6668
6669
6671
6672
7694
6673
6674
6675
6676
6677
6678
6679
6680
6681
6682
6683
6684
6685
6686
6688
6689
6691
6692
6693
9217
6694
6696
6697
6699
6700
6701
12732
6703
6707
6712
6713
6715
6716
6717
6718
6722
6723
6725
6728
11472
6729
6731
6734
6736
6741
6743
6744
6745
6746
6747
6748
6749
6750
6751
6752
6753
6755
6757
6758
6759
6761
6762
6765
6766
6768
6769
6771
6772
6773
6774
6775
6776
6777
6779
6780
6784
6785
6786
6787
6788
6789
6790
6791
6792
6795
6796
6798
6799
6800
6801
7628
6805
6806
6809
6811
6812
6813
6814
6815
6816
6818
6819
6820
6821
6822
6827
6828
6829
6830
6831
6833
6836
6838
6839
6840
6841
6846
6847
6848
6851
6854
6855
6861
6862
6868
6870
6871
6876
6877
6878
6879
6880
6881
6883
6884
6885
6888
6890
6891
6893
6894
6895
6899
6901
6906
6909
6913
6915
6917
8069
6922
6923
6924
6925
6929
6933
6934
6937
6938
6940
6943
6944
6945
6946
6947
6949
6951
6955
6956
6960
6961
6962
6963
6964
6967
6969
6970
6971
13834
6972
6973
6976
6979
6980
6982
6990
6991
6992
6993
6996
6997
6999
7002
7003
7004
7005
7007
7008
7010
7011
7012
7013
7016
7019
7022
7024
7025
7027
7028
7029
7030
7031
7033
7034
7035
7036
7039
7041
7043
7045
7050
7051
7052
7056
7058
7061
7062
7064
7066
7070
7071
7073
7074
7076
7078
7081
7084
7087
7088
7090
7091
7096
7098
7099
7100
7104
7108
7109
7119
7122
7123
7124
7128
7129
7130
7133
7134
7135
7137
7139
7142
7144
7145
7150
7154
7155
7158
7162
7163
7166
7167
7169
7170
7172
7174
7176
7177
7178
7180
7182
7188
7189
7191
7192
7194
7195
7197
7198
7200
7201
7202
7204
7207
7209
7210
7212
7219
7222
7223
7225
7226
7228
7229
7230
10832
7232
7233
7234
7238
7240
7243
7245
7246
7247
7248
7256
7258
7259
7260
7267
7272
7278
7280
7281
7284
7287
7288
7289
7291
7297
7298
7301
7302
7303
7305
7307
7308
7309
16731
7310
7311
7312
7313
7314
7315
7316
7317
7323
7329
7331
7334
7336
7338
7340
7342
7343
7344
7346
7347
7777
7356
7361
7363
7364
7366
7367
7369
7370
7371
7375
7376
7378
7379
7380
7381
7385
7386
7394
7395
7396
7397
7398
7399
7400
7403
7404
7406
7408
7410
7411
7421
7424
7425
7426
7427
7428
7429
7430
7431
7432
7433
7434
7438
7441
7445
7446
7450
7458
7459
12086
7464
7467
7470
7473
7476
7477
7483
7484
7486
7487
7488
7491
7492
7498
7504
7509
7513
7517
7519
7521
7523
7527
7529
7530
7531
7533
7536
7537
7538
7540
7544
7545
7549
7550
7552
7553
7554
7564
7565
7567
7569
7570
7573
7574
7621
7577
7579
7580
7583
7587
7588
7589
7594
7598
7599
7600
7601
11428
7605
7606
7607
7609
7610
7612
7613
7614
7616
7617
7620
7622
7623
7626
7627
16652
7629
7630
7633
7636
7899
7638
7643
7648
7649
7651
7652
7655
7656
7661
7662
7663
7666
7667
7669
7672
7673
7674
7675
7676
7680
7683
7685
7686
7687
7689
7690
7691
7695
7697
7699
7700
7702
7707
7708
7711
7713
7714
7715
7721
7724
7726
7727
7729
7735
7736
7740
7742
7747
7748
7787
7749
7750
7752
7753
7754
7755
7756
7757
7758
7760
7761
7762
7763
7767
7768
7769
7770
7771
7772
12426
7773
7775
7776
10043
7778
7782
7786
7788
7791
7793
7794
7800
7801
7802
7804
7807
7808
7812
7817
7818
7823
7825
7827
7830
7834
8310
7835
7839
7841
10888
7845
7851
7852
7853
7854
7855
7857
7864
7869
7870
7871
7873
14863
7875
7879
7880
7883
7887
7888
7890
7891
7897
7903
7904
7905
7906
7907
7908
7910
7911
7912
7913
7914
7916
7917
7918
7922
7923
7926
7931
7932
7933
7934
7935
7936
7939
7942
7947
7949
7951
7953
7955
7956
7957
7966
7967
7972
7975
7980
7985
7993
7998
12360
8005
8022
8029
8031
8049
8051
15591
8053
8054
8060
8062
8064
8066
8067
8068
8070
8071
8072
8075
8084
8085
8090
8091
8092
8099
8101
8104
8107
8109
8111
8113
8115
8121
8123
8125
8143
8149
8150
8154
8155
8157
8161
8166
8167
8168
8172
8173
8176
8177
8181
8185
8186
8187
8188
8195
8199
8200
8201
8207
8208
8209
8215
16050
8216
8222
8226
8230
8231
8233
8234
8236
8238
8241
8242
8243
8245
8247
8249
8251
8252
8253
8254
8256
8259
8260
8263
8264
8265
8266
10446
8267
8270
8272
8273
8277
10274
8279
8280
8281
8284
8286
8287
8288
8292
8293
8295
8296
8300
8305
8306
8307
10496
8308
8312
8313
8314
8315
8320
8326
8335
8337
8338
8340
8342
8344
8345
8350
8351
8354
8356
8358
8359
8366
8367
8368
8371
8372
8373
8375
8376
8378
8379
8384
8388
8392
8398
8400
8402
10461
8403
8404
8405
8406
8408
8409
8410
8412
8413
8415
8417
8419
8423
8424
8425
8429
8431
8433
8434
8435
8436
8440
8449
8453
8458
8460
8462
8477
8482
8487
8488
8491
8493
8497
8498
8499
8510
8512
8517
8518
12883
8521
8523
8527
8528
8530
8531
8533
8535
8538
8541
8543
8544
8545
8549
8551
8555
8561
8562
8566
8567
8568
8575
8578
8583
8586
8587
8588
8592
8593
8594
8595
8601
8609
8612
8614
8615
8625
8627
8630
8632
8635
8639
8640
8644
8646
8647
8654
8659
8660
8662
8669
8673
8674
8675
8682
8684
8688
8689
8690
8692
8702
8706
13001
15215
8708
8709
8710
8712
8714
8716
8720
8723
8725
8728
8729
8730
8731
8733
9151
8735
8738
8739
8741
8743
8750
8751
8754
8760
8765
8766
8768
8773
8774
8775
11281
8778
8779
8784
8786
8794
8795
8797
8799
8801
8802
8804
8805
8812
8820
8822
8824
8825
8826
8830
8831
8832
8834
8844
8849
8852
8855
8857
8859
8865
8866
8867
8869
8889
8890
8892
8895
8900
8901
8902
8903
8905
8906
8909
8911
8928
8930
8932
8933
8939
8942
8944
8948
8953
8955
8957
8958
8959
8960
8961
8963
8967
8972
8981
8984
8985
8988
8991
8993
8996
9000
9002
9003
9012
9013
9015
9016
9017
9018
9019
9023
9024
9026
9028
9032
9662
9033
9036
9038
9041
9044
9045
9048
9055
9057
9059
9064
9067
9068
9070
9071
10655
9081
9085
9087
9095
12586
9102
9103
9104
9108
9109
9113
9114
9116
9117
9121
9122
9124
9125
9127
9129
9139
9140
9141
9145
9152
9156
10089
9166
9173
9174
9179
9182
9190
9200
9203
9205
9218
10262
9219
9220
9226
9228
9230
9234
9236
9240
9242
9245
9247
9250
9259
9260
9261
9264
9266
9267
9268
9270
9271
9288
9289
9295
9296
9302
9311
9316
9320
9323
9328
9332
9337
9338
9341
9359
9360
9361
9365
9366
9367
9368
9369
9374
9375
9381
9382
9391
9400
9403
9404
9412
9420
9422
9425
9428
9429
9430
9435
9438
9439
9441
9450
9455
9462
9463
9464
9466
9468
9470
9475
9476
9478
9480
9482
9483
9489
9492
9494
9495
9498
9502
9503
9506
9510
9515
9516
9518
9519
9526
9527
9528
9530
9532
9539
9541
9544
9545
9551
9553
9555
9560
9562
9564
9565
9566
9571
9572
9576
9578
9582
9583
9588
9590
9592
9593
9594
9598
9601
9604
9605
9607
9609
9610
9611
9615
9616
9617
9620
9625
9627
9810
9629
9638
9645
9648
9655
9656
9657
9659
9660
9661
9663
9664
9665
9666
9667
9668
9671
9672
9673
9675
9676
9677
9678
9679
9681
9683
9684
9686
9688
9689
9690
9691
9693
9694
9696
9697
9698
9699
9700
9701
9702
9703
9705
9707
9708
9710
9711
9712
9713
9715
9716
9717
9718
9720
9721
9722
9724
9725
9726
9728
9729
9730
9731
9732
9733
9734
9735
9736
9737
9738
9739
9740
9741
9742
9743
9744
9745
9746
9748
9749
13890
9750
9751
9752
9753
9754
9755
9756
9757
9758
9759
9760
9762
9763
13089
9764
9765
9767
9768
9769
9770
9771
9772
9775
9776
9777
9778
9780
9781
9782
9783
9784
9786
9787
9788
9789
9790
9791
9792
9793
9794
9796
9797
9800
9801
9802
9803
9805
9806
9807
9808
9809
9811
9812
9814
9815
9816
9819
9820
9821
9823
10889
9825
9826
9827
9828
9829
9831
9832
9834
9837
9838
9839
9841
9847
9850
9851
9855
9856
9858
9859
9862
9863
9864
9866
9867
9868
9869
9870
9872
9877
9878
9879
9880
9881
9882
9883
9884
9887
9888
9891
9892
9893
9895
9897
9900
9901
9907
9909
9910
9912
9913
9914
9916
9919
9922
9924
9925
9926
9928
9929
9930
9931
9934
9935
9936
9937
9938
9939
9940
9942
9943
9944
9945
9946
9947
9948
9949
9950
9951
9952
9953
9955
9956
9957
9958
9959
9960
9962
9963
9964
9967
9968
9969
9971
9972
9973
9974
9975
9976
9977
9978
9980
9981
9982
9983
9985
9986
9987
9988
9989
9990
9991
9992
9993
9994
9995
9996
9997
9998
9999
10000
10001
10002
10003
10004
10005
10008
10009
10010
10011
10012
10013
10014
10015
10016
10017
10018
10019
10020
10021
10022
10023
10024
10025
10027
10028
10030
10032
10033
10034
10035
10036
10037
10038
10039
10040
10042
10044
10045
10047
10048
10049
10050
10051
10053
10054
10055
10056
10057
10059
10060
10091
10061
10062
10063
10065
10066
10067
10068
10069
10070
10071
10072
10073
10074
10075
10076
10077
10078
10081
10083
10084
10085
10086
10087
10088
10941
10092
10093
10094
10095
10096
10097
10098
10099
10100
10101
10102
10103
10105
10106
10107
10108
10109
10110
10111
10112
10113
10114
10115
10116
10117
10118
10119
10120
10121
10123
10125
10126
10127
10128
10129
10130
10131
10132
10133
10134
10135
10136
10137
10138
10139
10140
10141
10142
10143
10144
10145
10146
10147
10148
10149
10150
10152
10153
10154
10155
10156
10158
10159
10161
10162
10165
10168
10169
10177
10178
10179
10180
10181
10182
10183
10185
10186
10187
10189
10190
10191
10192
10193
10195
10196
10198
10199
10200
10204
10206
10209
10213
10214
10218
10220
10221
10222
10223
10226
10227
10228
10231
10233
11767
10237
10239
10243
10246
10247
10248
10249
10256
10259
10261
10263
10264
10267
10269
10270
10276
10277
10278
10279
10280
10281
10282
10284
10286
14524
10287
10288
10290
10291
10293
10294
10295
10297
10300
10302
10303
10306
10307
10308
10310
10313
10317
10318
10324
10327
10329
10331
10332
10334
10337
10343
10350
10351
10356
10358
10359
10366
10367
10368
10371
10372
10373
10375
10376
10378
10379
10380
10381
10382
10383
10384
10386
10387
10391
10392
10393
10396
10399
10401
10402
10413
10417
10418
10419
10421
10423
10428
10429
10431
10433
10434
10436
10437
10439
10440
10441
10442
10444
10448
10450
10451
10452
10454
10456
10457
10458
10459
10460
10479
10462
10463
10465
10467
10468
10470
10471
10472
10473
10475
10478
10480
12730
10481
10483
10486
10491
10497
10504
10507
10509
13534
10513
10517
10519
10521
10523
10524
10525
10527
10531
10532
10536
10537
10539
10543
10548
10551
10552
10555
10559
10562
10563
10565
10566
10571
10573
10576
10578
10579
10585
10590
10596
10597
10601
10605
10606
10616
10619
10627
10628
10639
10643
10644
10645
10646
10648
10649
10650
10651
10653
10657
10658
10659
10660
10664
10665
10666
10668
10670
10671
10674
10675
10679
10683
10686
10687
10688
10690
10692
10694
10700
10703
10707
10708
10709
10711
10716
10717
10719
10722
10723
10727
10729
10730
10731
10735
10738
11074
10739
10741
10743
10744
10745
10747
10748
10751
10753
10756
10758
10760
10761
10762
10766
10768
10772
10773
10775
10778
10780
10781
10782
10783
10784
10785
10786
10790
10791
10793
10794
10797
10798
10801
10802
10805
10807
10809
10811
10813
10815
10816
10819
10826
10827
10829
10830
10835
10836
10839
10840
10842
10844
10845
10846
10850
10851
10852
10853
10854
10855
10856
10857
10859
10862
10864
10867
10869
10870
10873
10874
10876
10880
10881
10883
10886
10890
10892
10893
10896
10898
10901
10904
10905
10906
10907
10910
10911
10912
10913
10914
10915
10918
10919
10920
10921
10922
10925
10929
10930
10932
10936
10940
10942
10943
10944
10945
10946
10947
10948
10950
10951
10953
10955
10956
10957
10959
10960
10961
10962
10963
10964
10965
10966
10967
10968
10969
10973
10974
10975
10977
10978
10979
10982
10984
10985
10986
10988
10989
10990
10991
10992
10993
10994
10995
10997
10998
10999
11001
11003
11004
11005
11006
11007
11008
11010
11011
11013
11015
11016
11017
11018
11019
11021
11024
11026
11030
11032
11033
11035
11037
11038
11044
11046
11047
11048
11053
11056
11059
11157
11070
11075
11078
11079
11080
11084
11091
11092
11093
11097
11103
11106
11108
11111
11112
11118
11120
11125
11129
11135
11136
11137
11140
11143
11144
11147
11150
11151
11155
11156
11159
11160
11161
11163
11167
11169
11170
11171
11177
11179
11181
12007
11183
11184
11187
11191
11193
11557
11201
11202
11203
11204
11205
11206
11207
11209
11210
11211
11215
11220
11222
11223
11227
11229
11230
11233
11236
11237
11239
11242
11244
11245
11246
11247
11248
11249
11250
11252
11259
11265
11266
11269
11274
11275
11282
11283
11285
11288
11294
11298
11301
11318
11319
11320
11321
11323
11327
11330
11331
11333
11335
11336
11340
11342
11343
11345
13385
11353
11360
11361
11363
11366
11367
15923
16119
11372
11373
11375
11379
11386
11387
11388
11390
11392
11393
11394
11396
11400
11401
11403
11405
11406
11407
11408
11411
11413
11414
11416
11419
11420
11421
11422
11442
11423
11424
11427
11429
11430
11431
11432
11434
11435
11436
11437
11438
11443
11445
11447
11448
11449
11450
11455
11456
11458
11459
11460
11462
11481
11465
11470
15718
11474
11475
11478
11482
11485
11491
11499
11501
11502
11505
11507
11508
11509
11510
11511
11512
11515
11516
11517
11519
11524
11525
11534
11538
11540
11541
11543
11545
11549
11552
11553
11555
11556
11558
11560
11562
11563
11564
11565
11566
11567
11568
11570
11571
11573
11576
11578
11579
11580
11581
11582
11583
11584
11585
11588
11590
11592
11593
11594
11595
11598
11600
11601
11602
11606
11608
11609
11610
11612
11613
11614
11618
11620
11622
11623
11626
11627
11629
11635
11636
11637
11639
11640
11641
11642
11643
11646
11647
11648
11656
11662
11664
11665
11666
11669
11672
11673
11675
11676
11679
11682
11683
11686
11688
11689
11691
11692
11694
11696
11697
11700
11701
11702
11704
11705
11707
11709
11713
11715
11717
11719
11720
11721
11725
11726
11727
11728
11731
11733
11736
11737
11738
11739
11740
11742
11743
11745
11747
11751
11755
11756
11759
11761
11764
11765
11766
11768
11771
11772
11773
11774
11776
11780
11784
11788
11791
11794
11797
11801
11805
11807
11808
11809
11810
11811
11812
11813
11818
11819
11822
11825
11830
11831
11833
11837
11838
11840
11841
11843
11845
11850
11851
11852
11854
11855
11859
11862
11863
11864
11868
11872
11873
11876
11878
11880
11881
11883
11884
11885
11894
11896
11904
11905
11906
11910
11912
11913
11917
11921
11927
11929
11933
11935
11936
11937
11939
11942
11943
11944
11947
11954
11955
11957
11960
11962
11965
11970
11971
11977
11978
11988
11992
11993
11996
11998
12002
12006
12012
12015
12018
12024
12025
12027
12028
12029
12031
12033
12034
12035
12036
12039
12040
12041
12043
12044
12046
12047
12048
12049
12052
12055
12056
12057
12058
12059
12061
12062
12066
12068
12070
12071
12072
12075
12076
12077
12080
12081
12082
12083
12085
12088
12089
12090
12093
12331
12094
12095
12097
12098
12099
12100
12101
12102
12103
12105
12108
12109
12112
12113
12116
12119
12121
12124
12125
12126
12129
12136
12137
12139
12141
12142
12143
12144
12146
12148
12150
12151
12153
12156
12158
12159
12161
12162
12164
12170
12171
12175
12182
12185
12190
12191
12194
12198
12199
12200
12203
12204
12205
12206
12207
12210
12211
12214
12215
12216
12217
12218
12220
12221
12224
12227
12230
12231
12233
12235
12236
12237
13453
12238
12239
12248
12249
12254
12259
12263
12268
12269
12272
12275
12276
12277
12278
12279
12281
12283
12284
12286
12288
12289
12290
12291
12294
12296
12299
12303
12304
12306
12308
12309
12310
12311
12314
12315
12316
12318
12320
12322
12323
12324
12328
12329
12335
12336
12337
12338
12339
12340
12341
12342
12344
12345
12346
12350
12351
12352
12353
12357
12359
12361
12363
12365
12366
12369
12371
12373
12375
12376
12377
12378
12379
12380
12381
12382
12997
12383
12385
12386
12388
12389
12391
12392
12393
12394
12395
12396
12397
12398
12399
12402
12407
12409
12410
12411
12412
12413
12416
12417
12419
12420
12421
12423
12424
12425
12427
12429
12430
12431
12432
12433
12434
12436
12438
12441
12442
12443
12444
12446
12447
12448
12449
12450
12451
12453
15212
12454
12455
12456
12458
15190
12459
12460
12463
12467
12468
12469
12470
12471
12472
12473
12474
12477
12478
12481
12484
12486
12487
12488
12490
12491
12492
12493
12494
12495
12496
12497
12498
12499
12500
12501
12502
12505
12506
12507
12512
12513
12514
12515
12518
12520
12521
12522
12524
12525
12526
12528
12530
12534
12537
12538
12543
12546
12549
12550
12551
12552
12553
12555
12557
12560
12561
12562
12563
12564
12566
12567
12570
12573
12577
12578
12579
12581
12585
12588
12590
12591
12592
12594
12596
12598
12599
12600
12601
12602
12603
12604
12609
12610
12611
12615
12616
12618
12620
12621
12622
12624
12630
12632
12634
12638
12639
12640
12642
12644
12648
12649
12653
12654
12655
12657
12658
12661
12662
12664
12665
12666
12667
12670
12673
12675
12676
12677
12678
12679
12681
12685
12765
12686
12687
12688
12689
12690
12693
12697
12703
12705
12706
12708
12709
12714
12716
12719
12722
12723
12725
12731
12735
12736
12737
12738
12741
12742
12747
12748
12749
12752
12753
12755
12757
12758
12759
12760
12761
12764
12769
12774
12775
12776
12778
12779
12780
12781
12789
12790
12796
12797
12798
12799
12801
12802
12804
12806
12807
12808
12809
12811
12812
12814
12815
12818
12820
12824
12825
12829
12834
12837
12839
12841
12842
12844
12845
12847
12848
12851
12853
12855
12856
12858
12860
12864
12865
12866
12870
12871
12872
12873
12875
12876
12877
12878
13253
12879
12881
12885
12886
12887
12890
12891
12893
12894
12895
12897
12898
12901
12903
12905
12908
12909
12910
12913
12914
12915
12917
12918
12919
12920
12921
12925
12926
12927
12928
12929
12931
12932
12937
12941
12942
12943
12944
12946
12947
12948
12951
12952
12954
12959
12961
12962
12967
12970
12972
12975
12982
12983
12985
12986
12987
12988
12990
12991
12992
12994
12999
13000
13002
13003
13006
13007
13008
13011
13012
13013
13014
13017
13018
13723
13019
13022
13024
13025
13026
13027
13028
13029
13030
13031
13032
13035
13039
13040
13042
13046
13047
13048
13050
13051
13052
13053
13058
13059
13065
13071
13072
13073
13074
13076
13079
13080
13082
13086
13091
13095
13099
13104
13107
13108
13111
13246
13116
13121
13122
13124
13125
13126
13127
13131
13132
13134
13135
13136
13138
13140
13142
13143
13146
13148
13150
13154
13156
13157
13158
13162
13165
13166
13167
13168
13174
13175
13178
13179
13180
13181
13182
13185
13188
13190
13192
13194
13198
13203
13205
15204
13206
13207
13208
13209
13217
13219
13221
13222
13224
13225
13226
13228
13230
13236
13244
13245
13248
13249
13250
13251
13252
13256
13257
13260
13261
13263
13264
13265
13266
13270
13272
13273
13279
13283
13286
13289
13290
13292
13294
13295
13296
13299
13300
13303
13305
13306
13307
13309
13310
13314
13315
13319
13321
13322
13325
13327
13330
13331
13334
13338
13340
13341
13345
13347
13348
13351
13356
13357
13358
13364
13365
13366
13367
13370
13372
13377
13379
13381
13382
13383
13384
13387
13393
13395
13397
13399
13400
13402
13403
13407
13409
13411
13413
13415
13416
13421
13424
13426
13427
16335
13429
13433
13434
13444
13446
13450
13452
13454
13458
13459
13460
13462
13464
13465
13466
13469
13474
13475
13476
13477
13482
13485
13488
13496
13497
13498
13499
13500
13502
13503
13504
13505
13506
13510
13511
13513
13518
13520
13524
13526
13529
13530
13531
13532
13533
13537
13541
13543
13545
13547
13548
13552
13553
13555
13559
13560
13561
13564
13566
13571
13574
13577
13579
13581
13592
13595
13598
13599
13600
13601
13602
13604
13606
13607
13610
13616
13620
13623
13625
13626
13636
13637
13641
13646
13650
13653
13656
13658
13659
13661
13664
13665
13667
13668
13669
13671
13674
13676
13677
13678
13680
13681
13688
13691
13692
13693
13694
13697
13699
13700
13701
13706
13707
13708
13714
13716
13720
13721
13728
13732
13734
13735
13736
13737
13738
13740
13742
13744
13748
13749
13750
13751
13752
13755
13758
13759
13760
13763
13771
13773
13774
13776
13777
13782
13784
13788
13790
13793
13799
13802
13806
13808
13818
13819
13823
13824
13825
13828
13830
13832
13835
13836
13839
13843
13845
13846
13847
13853
13854
13855
13860
13861
13863
13864
13866
13867
13868
13869
13870
13872
13873
13874
13875
13877
13879
13880
13882
13883
13884
13892
13894
13896
13901
13902
13903
13904
13906
13909
13912
13914
13917
13919
13922
13924
13925
13930
13931
13932
13935
13937
13938
13939
13940
13943
13946
13950
13953
13954
13957
13959
13960
13961
13962
13963
13964
13967
13969
13972
13974
13975
13976
13977
13979
13993
13994
13995
13996
13998
13999
14001
14006
14007
14009
14012
15715
15474
14013
14016
14017
14018
14019
14020
14025
14030
14031
14032
14035
14036
14041
14043
14045
14046
14050
14051
14407
14052
14053
14057
14060
14062
14067
14069
14070
14071
14076
14078
14082
14088
14089
14090
14104
14107
14108
14110
14111
14115
14117
14120
14123
14126
14129
14130
14132
14133
14134
14135
14136
14143
14144
14149
14153
14154
14156
14157
14164
14167
14169
14170
14171
14175
14176
14177
14180
14182
14183
14192
14193
14195
14202
14203
14204
14205
14214
14215
14216
14217
14218
14219
14221
14224
14225
14226
14228
14230
14232
14233
14234
14238
14241
14243
14245
14249
14251
14254
14259
14268
14272
14273
14274
14276
14279
14280
14281
14284
14289
14291
14292
14297
14299
14312
14314
14315
14319
14324
14325
14327
14334
14338
14340
14342
14344
14345
14346
14348
14349
14352
14353
14354
14355
14356
14359
14360
14361
14362
14363
16217
14366
14373
14374
14376
14379
14382
14384
14385
14387
14389
14391
14393
14394
14395
14396
14397
14398
14399
14406
14409
14411
14412
14414
14415
14417
14419
14422
14428
14429
14430
14432
14436
14438
14439
14440
14441
14442
16343
14445
14447
14451
14455
14457
14459
14460
14463
14464
14467
14468
14470
14473
14475
14476
14477
14478
14481
14483
14484
14486
14487
14488
14489
14490
14493
14496
14497
14499
14501
14502
14503
14506
14508
14510
14511
14512
14514
14515
14525
14529
14531
14546
14547
14549
14555
14557
14558
14559
14560
14561
14563
14564
14566
14569
14571
14574
14575
14576
14579
14580
14581
14583
14590
14599
14601
14612
14615
14622
14625
14628
14634
14636
14638
14642
14646
14647
14650
14651
14656
14657
14663
14666
14667
14669
14672
14674
14677
14692
14695
14700
14703
14705
14707
14710
14714
14716
14719
14721
14727
14736
14740
14743
14745
14749
14750
14751
14754
14755
14757
14762
14767
14770
14771
14779
14781
14782
14787
14788
14790
14799
14808
14812
14813
14814
14816
14817
14819
14823
14824
14828
14829
14830
14834
14838
14841
14842
14844
14845
14846
14847
14850
14854
14855
14856
14857
14858
14859
14860
14861
14862
14865
14869
14870
14871
14873
14874
14876
14877
14879
14891
14896
14907
14908
14909
14911
14912
14914
14915
14916
14918
14920
14925
14926
14928
14931
14932
14934
14936
14937
14938
14940
14943
14945
14948
14950
14951
14952
14953
14954
14955
14956
14957
14959
14961
14962
14963
14965
14969
14974
14979
14984
14986
14989
14990
14991
14992
14993
14994
14998
14999
15002
15005
15007
15008
15011
15012
15015
15018
15021
15022
15023
15024
15026
15031
15033
15034
15041
15044
15045
15048
15056
15060
15064
15065
15066
15068
15069
15070
15072
15084
15085
15087
15090
15092
15102
15103
15108
15109
15111
15113
15117
15118
15119
15121
15123
15126
15127
15128
15131
15132
15134
15135
15140
15141
15142
15145
15146
15148
15149
15150
15151
15152
15154
15155
15157
15158
15164
15166
15172
15179
15180
15182
15185
15187
15193
15194
15196
15200
15201
15207
15210
15211
15214
15216
15219
15220
15229
15234
15238
15240
15241
15248
15249
15255
15256
15257
15258
15264
15269
15274
15278
15287
15288
15289
15293
15306
15310
15335
15356
15367
15377
15389
15394
15397
15399
15414
15416
15418
15421
15428
15429
15438
15445
15446
15451
15454
15462
15464
15465
15472
15473
15484
15507
15511
15514
15518
15519
15520
15530
15540
15541
15542
15548
15549
15550
15555
15569
15573
15574
15584
15594
15598
15609
15612
15619
15620
15630
15632
15634
15642
15647
15650
15653
15659
15662
15665
15671
15674
15675
15680
15681
15683
15686
15688
15690
15694
15699
15704
15712
16459
15717
15722
15724
15726
15728
15729
15734
15736
15744
15747
15748
15754
15758
15762
15778
15780
15783
15787
15789
15793
15794
15795
15796
15798
15803
15808
15811
15813
15815
15816
15822
15827
15838
15846
15848
15852
15857
15861
15862
15863
15866
15867
15870
15871
15873
15877
15879
15880
15885
15892
15910
15912
15916
15917
15921
15922
15926
15932
15937
15939
15942
15943
15948
15949
15951
15954
15956
15958
15960
15961
15962
15964
15974
15975
15977
15991
15993
15999
16001
16002
16004
16005
16012
16013
16017
16020
16023
16024
16026
16028
16029
16032
16033
16037
16038
16043
16046
16047
16055
16058
16059
16073
16074
16078
16079
16080
16085
16088
16090
16091
16097
16098
16105
16108
16109
16110
16112
16122
16129
16133
16134
16135
16137
16143
16147
16149
16150
16151
16152
16153
16154
16155
16157
16158
16160
16162
16163
16166
16168
16175
16178
16182
16183
16184
16186
16188
16189
16191
16193
16195
16196
16493
16202
16204
16205
16207
16210
16211
16218
16220
16221
16223
16224
16226
16227
16229
16230
16232
16233
16234
16238
16239
16240
16241
16242
16243
16244
16246
16247
16248
16249
16250
16251
16254
16255
16259
16260
16264
16265
16266
16267
16269
16270
16271
16273
16274
16275
16278
16279
16281
16282
16284
16287
16288
16289
16290
16291
16292
16293
16298
16301
16302
16303
16304
16305
16308
16309
16311
16312
16313
16315
16316
16319
16322
16323
16324
16326
16327
16329
16330
16333
16336
16339
16340
16341
16342
16344
16345
16346
16348
16349
16352
16355
16357
16358
16359
16360
16362
16363
16367
16368
16371
16372
16373
16377
16379
16381
16383
16384
16387
16388
16389
16390
16391
16393
16397
16398
16399
16403
16404
16407
16409
16410
16411
16412
16413
16414
16415
16416
16420
16421
16425
16426
16428
16430
16431
16432
16434
16435
16436
16438
16441
16442
16443
16444
16445
16446
16448
16449
16450
16451
16452
16453
16456
16457
16458
16460
16464
16465
16468
16469
16471
16473
16474
16475
16476
16477
16479
16480
16482
16483
16485
16486
16487
16489
16490
16492
16494
16495
16497
16498
16505
16506
16507
16509
16510
16511
16512
16515
16516
16517
16518
16519
16521
16522
16523
16525
16527
16528
16530
16531
16533
16534
16535
16536
16537
16538
16539
16540
16541
16543
16544
16545
16546
16547
16548
16549
16551
16552
16554
16555
16556
16560
16562
16563
16564
16565
16566
16569
16570
16572
16573
16574
16577
16578
16579
16580
16582
16586
16588
16589
16590
16591
16593
16595
16596
16597
16599
16600
16603
16605
16606
16608
16609
16613
16615
16617
16618
16620
16621
16622
16624
16625
16629
16634
16635
16637
16641
16642
16644
16645
16647
16649
16650
16651
16654
16658
16661
16662
16663
16666
16669
16673
16674
16678
16679
16683
16688
16692
16695
16697
16698
16699
16700
16702
16703
16707
16709
16712
16715
16717
16719
16720
16721
16724
16726
16727
16728
16734
16736
16737
16742
16744
16745
16746
16747
16748
16749
16750
16751
16752
16753
16754
16755
16756
16757
16758
16759
16760
16761
16762
16763
16764
16765
16766
16767
16768
16769
16770
16771
16772
16773
16774
16775
16776
16777
16778
16779
16780
16781
16783
16784
16785
16786
16787
16788
16789
16790
16791
16792
16793
16794
16795
16796
16797
16798
16799
16800
16801
16802
16803
16804
16805
16806
16807
16808
16809
16810
16811
16812
16813
16814
16815
16816
16817
16818
16819
16820
16821
16822
16823
16824
16825
16826
16827
16828
16829
16830
16831
16832
16833
16834
16835
16836
16838
16841
16842
16847
16849
16850
16851
16852
16853
16854
16856
16857
16860
16863
16864
16865
16867
16868
16869
16870
16872
16873
16875
16878
16880
16882
16884
16885
16886
16887
16888
16891
16894
16897
16898
16899
16900
16901
16904
16905
16906
16910
16911
16912
16913
