0
1
2
3
4
5
6
9
10
11
14
15
17
19
20
21
42
22
2022
1494
23
164
25
28
29
30
31
32
33
34
35
36
37
38
39
40
41
237
43
709
44
47
48
49
59
1047
60
69
673
72
73
76
77
2426
79
85
86
87
89
92
103
105
106
107
108
109
110
111
112
116
117
120
122
123
125
127
129
130
133
134
137
138
139
140
141
142
454
144
149
153
161
162
163
165
167
169
170
172
180
181
184
186
2430
192
193
196
200
204
205
293
214
215
619
941
216
217
224
228
236
238
239
240
243
249
250
252
255
256
1363
264
267
273
274
276
277
1196
278
280
2917
439
284
288
289
299
304
305
310
313
314
316
317
318
324
325
326
330
331
333
336
337
338
339
1186
1828
431
341
342
343
346
347
348
350
352
2335
353
354
355
356
357
359
361
363
365
366
367
369
370
372
373
377
378
379
380
381
382
383
387
388
390
391
394
396
397
399
401
402
403
406
407
409
612
456
1261
1333
2500
1439
413
415
417
423
424
425
1126
429
430
1440
1185
555
1036
629
3420
716
434
436
437
438
441
442
1099
452
453
595
455
457
465
458
459
460
461
462
467
468
471
472
484
485
486
1525
490
493
494
496
499
2532
518
519
531
539
554
559
920
1901
562
565
575
1495
579
580
582
584
593
596
597
600
602
603
604
606
611
616
2097
2315
2814
617
618
621
622
623
625
965
627
631
633
642
647
649
653
654
1142
671
672
678
679
684
692
703
708
710
715
1972
717
719
721
1672
722
737
738
2523
740
741
765
766
769
771
772
773
780
782
783
1611
791
792
798
799
802
814
818
819
821
822
823
824
828
829
837
838
839
843
849
852
853
860
866
868
877
880
881
883
884
886
1342
887
1984
888
889
891
892
893
1472
896
899
900
903
905
907
912
913
914
916
919
921
922
923
1821
924
925
928
932
934
935
936
937
940
942
944
945
2047
950
952
954
955
957
958
959
961
962
963
1413
966
967
968
971
1429
972
973
975
976
983
987
989
990
992
993
997
999
1003
1004
1005
1007
1009
1012
1013
1016
1017
1018
1021
1023
1024
1025
1029
1032
1037
1038
1040
1041
1042
1044
1046
1048
1384
1049
1059
1072
1073
1081
1247
1083
1090
1094
1096
1098
2212
1101
1104
1419
1106
1107
1109
1110
1111
1112
1115
1117
1120
1121
1124
1487
1127
1128
1133
1140
1141
1143
1144
1145
1151
1146
1149
1153
1154
1155
1156
1158
1168
1169
1170
1171
1172
1174
1175
2013
1176
1178
1183
1416
2083
1189
1191
1192
3179
1199
1201
1430
1204
1210
1211
1219
1222
1224
1226
1233
1236
1239
1241
1244
1246
1248
1250
1251
1256
1258
1260
1263
1265
1266
1268
1269
1270
1272
1274
1276
1277
1279
1280
1281
1287
1289
1291
1292
1295
1297
1299
1302
1306
1309
1310
1312
1313
1316
1319
1321
1325
1326
1327
1329
1330
1331
1332
1334
1335
1336
1337
1343
1344
1346
1348
1351
1354
1360
1361
1784
1365
1367
1369
1371
1373
1374
1375
1381
1383
1387
1388
1389
1393
1395
1396
1398
1407
1408
1410
1411
1415
1422
1423
1424
1426
1427
1428
1431
1432
1433
1435
1436
1437
1438
1462
1441
1442
1443
1444
1447
1449
1450
1452
1453
1456
1457
1460
1464
1465
1467
1471
1473
1476
1479
1482
1484
1488
1489
1491
2124
1492
1499
1500
1503
1504
1505
1506
1507
1508
1509
1511
1513
1514
1515
1516
1518
1520
1521
1522
1524
1526
1527
1530
1532
1533
1535
1536
1537
1539
1541
1542
1543
1544
1545
1546
1547
2617
1548
1549
1550
1551
1552
1565
1553
1554
1555
1556
1557
1560
1761
1561
1562
1563
1566
1568
1569
1570
1571
1572
1573
1574
1575
1576
1577
1580
1578
1581
1583
1585
1586
1587
1589
1590
1592
1593
1594
1597
1598
3103
1599
1600
1601
1602
1603
1604
1605
1606
1608
1609
1610
1612
1614
1615
1616
1618
1619
1620
1621
1624
1625
1626
1627
1628
1634
1635
1642
1643
1644
1646
1647
1649
1650
1653
1655
1656
1657
1658
1660
1661
1662
1663
1664
1666
1667
1668
2081
1673
1674
1675
1676
1678
1682
1683
1684
1688
1689
1691
1692
1693
1694
1696
1699
1702
1703
1704
1705
1706
1709
1711
2867
1712
1731
1732
1735
1736
1737
1744
1747
1748
1749
1750
1755
1757
1758
1760
1762
1763
1764
1765
1772
1776
1783
1789
1791
1792
1793
1795
1796
1797
1803
1806
1807
1808
1809
1812
1814
1818
1819
1823
1825
1826
1827
1829
1830
1835
1837
1838
1840
3270
1841
1842
1845
1846
1853
1854
1857
1860
1861
1868
1873
1876
1879
1880
1883
1885
1886
1887
1888
1889
1890
1891
1893
1895
1896
1897
1898
1900
1904
1907
1908
1910
1914
1915
1916
2076
1920
1922
1923
1924
1927
1929
1932
1935
1936
1937
1938
1939
1940
1941
1943
1999
1944
1945
1947
1953
1956
1957
1959
1962
1963
1964
1965
1966
1967
1969
1973
1974
1975
1976
1977
1978
1980
1985
1986
1989
1990
1991
1993
1994
1995
1996
1997
1998
2001
2002
2004
2005
2009
2011
2012
2014
2015
2016
2017
2018
2021
2023
2024
2025
2026
2033
2034
2035
2037
2038
2039
2040
2041
2042
2045
2046
2048
2690
2049
2050
2051
2052
2053
2296
2056
2061
2063
2065
2067
2073
2078
2079
2080
2085
2086
2087
2091
2093
2094
2096
2098
3311
2099
2104
2105
2109
2111
2112
2113
2118
2120
2628
2125
2127
2128
2130
2132
2134
2137
2138
2139
2141
2144
2145
2154
2155
2156
2158
2159
2162
2167
2170
2177
2182
2184
2187
2190
2191
2197
2198
2205
2208
2210
2216
2218
2219
2221
2225
2228
2229
2234
2235
2237
2241
2245
2246
2247
2248
2249
2252
2254
2258
2261
2262
2263
2264
2265
2267
2268
2270
2273
2276
2278
2280
2283
2288
2290
2291
2292
2293
2295
2297
2299
2300
2301
2306
2311
2313
2314
2320
2323
2328
2330
2331
2333
2334
2338
2339
2340
2341
2342
2346
2347
2348
2349
2350
2351
2352
2353
2354
2357
2359
2361
2362
2363
2366
2367
2369
2370
2372
2373
2375
2376
2381
2385
2386
2434
2387
2389
2391
2393
2394
2395
2398
2399
2403
2408
2411
2413
2415
2416
2417
2421
2423
2429
2431
2433
2435
2437
2438
2439
2440
2441
2442
2443
2444
2445
2446
2447
2448
2449
2452
2453
2455
2456
2457
2458
2459
2460
2462
2463
2464
2465
2468
2470
2472
2477
2481
2482
2483
2485
2487
2488
2490
2491
2492
2493
2494
2495
2496
2498
2499
2501
2502
2503
2506
2507
2508
2509
2511
2513
2514
2519
2521
2522
2525
2527
2528
2530
2534
2535
2537
2538
2540
2543
2544
2545
2546
2547
2548
2550
2553
2554
2560
2567
2569
2571
2579
2588
2589
2592
2593
2596
2597
2598
2601
2603
2604
2605
2608
2612
2614
2619
2620
2624
2627
2632
2635
2636
2639
2640
2641
2642
2643
2645
2648
2649
2651
2652
2654
2655
2660
2661
2662
2664
2668
2670
2671
2673
2674
2675
2677
2679
2682
2685
2686
2688
2689
2890
2691
2692
2696
2697
2698
2700
2702
2704
2706
2708
2709
2710
2711
2712
2713
2714
2719
2720
2721
2722
2723
2726
2727
2728
2729
2730
2731
2732
2733
2734
2735
2736
2737
2738
2739
2740
2741
2743
2745
2746
2748
2749
2750
2751
2754
2755
2756
2757
2758
2759
2760
2761
2762
2763
2765
2766
2767
2768
2771
2772
2773
2776
2778
2779
2780
2781
2782
2783
2784
2785
2786
2787
2788
2789
2790
2793
2794
2795
2796
2797
2798
2801
2803
2804
2806
2807
2808
2809
2810
2811
2812
2813
2815
2816
2824
2825
2826
2831
2832
2833
2836
2839
2840
2841
2842
2847
2850
2853
2856
2857
2859
2862
2863
2865
2866
2869
2871
2873
2874
2875
2876
2877
2878
2880
2885
2886
2887
2888
2889
2893
2896
2898
2901
2902
2904
2905
2907
2908
2909
2912
2913
2916
2919
2920
2921
2923
2925
2927
2928
2929
2930
2935
2938
2943
2948
2950
2952
2955
2956
2957
2959
2969
2971
2977
2978
2982
2986
2988
2990
2992
2993
2999
3003
3004
3008
3010
3012
3017
3019
3023
3025
3030
3032
3033
3034
3035
3036
3037
3039
3042
3043
3045
3046
3047
3048
3054
3055
3056
3057
3059
3060
3061
3062
3063
3066
3067
3068
3069
3071
3073
3295
3074
3075
3077
3079
3080
3081
3082
3083
3084
3089
3091
3092
3093
3094
3095
3097
3099
3102
3108
3112
3113
3115
3118
3119
3120
3121
3122
3123
3125
3126
3506
3128
3130
3132
3134
3135
3136
3137
3138
3139
3140
3141
3143
3145
3147
3148
3149
3150
3152
3153
3156
3157
3158
3161
3162
3163
3164
3166
3167
3168
3169
3170
3171
3172
3173
3174
3175
3176
3178
3180
3182
3183
3184
3185
3186
3187
3190
3191
3199
3194
3195
3196
3197
3198
3202
3203
3204
3207
3209
3210
3213
3214
3215
3216
3217
3218
3219
3224
3225
3226
3227
3229
3230
3231
3232
3234
3237
3241
3244
3248
3249
3255
3256
3258
3260
3262
3263
3264
3265
3266
3267
3268
3269
3271
3272
3273
3274
3275
3277
3279
3280
3281
3282
3283
3284
3285
3286
3287
3289
3290
3291
3292
3293
3294
3296
3299
3300
3301
3302
3306
3308
3309
3310
3312
3313
3315
3316
3317
3318
3319
3321
3322
3324
3325
3326
3327
3328
3329
3330
3332
3333
3334
3336
3337
3338
3340
3342
3344
3345
3346
3347
3348
3349
3350
3351
3354
3355
3357
3358
3361
3363
3364
3369
3374
3375
3376
3377
3378
3380
3384
3385
3386
3388
3393
3395
3397
3400
3402
3403
3404
3407
3408
3410
3411
3412
3413
3414
3415
3417
3418
3419
3422
3423
3424
3426
3429
3434
3441
3442
3445
3446
3449
3453
3457
3458
3459
3460
3461
3463
3465
3467
3470
3471
3472
3473
3474
3477
3478
3481
3485
3492
3494
3495
3497
3499
3501
3503
3504
3507
3508
3509
3510
3511
3513
3514
3516
3517
3518
3520
3521
3522
3523
3524
3525
3526
3527
3529
3530
3531
3534
3535
3536
3540
3543
3544
3548
3550
3552
3554
3557
3561
3562
3565
3566
3567
3570
3571
3576
3577
3578
3583
3584
3585
3586
3587
3588
3589
3590
3591
3592
3595
3597
3598
3599
