0
7
3
218
2477
7534
144
2801
9907
22
9
14
16
15
21
25
481
11363
2000
108
6275
981
7670
26
5712
6544
377
27
4369
28
30
41
50
1074
1123
1741
51
113
1654
151
56
5030
2825
1943
930
97
63
3581
66
71
117
74
76
83
2549
79
8111
80
2433
84
96
679
109
110
11574
112
114
118
2625
209
119
5093
990
1769
3210
2383
924
1268
342
3932
4093
7422
120
8762
8707
122
125
127
160
128
162
10276
150
977
4584
7791
134
135
3040
137
448
327
2287
6192
7385
3742
139
356
4119
143
145
3747
146
147
149
1394
11275
7977
6283
3855
7121
9266
1171
3534
2052
11067
972
155
158
163
2404
2573
166
167
168
169
10801
1990
171
172
179
180
781
181
182
183
185
187
188
190
191
192
193
195
197
199
201
2438
203
205
206
207
3356
211
213
214
216
217
222
220
221
223
3682
2017
7816
404
4692
3323
224
225
232
233
234
235
237
238
241
242
7274
243
461
247
248
249
3122
251
252
253
254
255
257
258
259
260
262
264
265
267
268
269
270
271
272
273
276
277
279
283
284
9150
285
287
288
440
289
290
293
3366
294
295
297
3937
298
302
4274
304
305
307
311
315
321
322
329
330
331
332
333
1547
647
343
682
344
350
353
1829
355
874
360
363
365
367
368
369
379
384
388
391
8330
397
4595
405
429
410
422
425
4063
430
434
435
436
438
444
7141
791
451
453
1772
630
457
7736
458
3900
459
1243
464
465
11141
2737
7785
466
3941
468
2134
469
474
475
477
480
11630
482
492
493
495
496
499
500
506
509
512
514
518
522
527
529
530
6055
533
3902
534
535
1387
536
539
540
4403
544
546
548
550
552
553
558
561
564
565
566
567
568
572
573
574
576
942
580
581
587
589
4552
1076
1982
600
604
610
613
616
1041
617
620
625
626
627
628
629
633
6368
8484
643
649
652
653
655
659
660
661
663
664
667
668
669
672
673
676
677
680
11500
681
685
686
688
689
690
691
692
9004
3964
693
696
697
6294
699
700
701
704
706
713
714
716
10854
4009
719
721
722
4361
4243
6229
4281
728
730
731
733
736
9537
740
742
743
744
1668
3710
746
749
778
750
751
753
754
756
757
2841
759
5805
2544
760
761
763
764
765
766
767
768
769
1372
771
772
773
775
776
777
779
780
2589
782
783
785
786
789
790
1486
1554
1555
795
11136
796
798
801
806
808
809
810
812
4260
816
818
820
824
829
830
831
832
833
835
836
840
841
845
1167
851
852
856
857
1407
858
859
861
863
864
868
869
870
871
872
873
876
877
1105
881
882
883
884
3001
2945
885
886
887
888
891
894
895
896
898
900
902
903
906
907
909
6512
910
10475
911
912
915
918
921
923
925
926
10498
927
928
929
7328
931
2381
10526
932
934
937
938
939
947
949
950
951
953
954
2830
8367
3926
959
962
967
969
8993
7192
975
976
978
7576
10724
979
980
983
984
985
986
987
1789
988
989
991
992
993
995
996
1170
998
1000
1001
1002
2242
7533
1004
1008
1009
1010
1012
1013
1014
1015
1017
1672
1019
1021
1022
1024
1030
1034
1035
3974
1043
1045
1051
1056
1059
1061
1085
1064
1066
1071
1073
11086
1075
1077
1081
1082
1084
1089
1091
1092
1096
1097
1098
1099
1108
1109
1110
6126
1111
2408
1119
1120
1121
1122
7431
1124
1125
1129
1130
1131
1133
1134
1135
1136
1137
1138
1141
1147
1149
1150
1153
1156
1161
1162
7414
1164
1166
2345
1173
1174
1176
1178
1179
1180
1181
1182
1185
1187
1188
1189
1190
1191
1192
1193
1195
1196
1197
1198
1199
1201
1202
1206
1207
1208
1211
1212
1213
1215
1216
1217
1219
1220
1221
1222
1228
1230
1231
1234
1235
1236
1237
1238
1239
1240
1241
1242
1245
1246
1247
1248
1249
1250
1251
1252
1253
1254
1255
1256
1260
1261
1262
1264
1265
1266
1267
1269
1270
1271
1272
1273
1274
1275
1276
1279
1280
1281
1282
1285
1286
1287
1288
1289
1290
1291
1292
1293
1295
1296
1299
1300
1301
1302
1303
1304
1305
1306
1307
1309
1311
1312
1314
1315
1317
1318
1319
1320
1323
1324
1326
1328
1330
1333
1335
1337
1340
1341
1343
1344
1345
1348
1351
1352
1355
1356
1359
1362
1365
1367
1369
1371
1375
1382
1385
1386
2243
7397
1388
1389
1392
1396
1397
1398
1399
4005
1400
1401
1403
1405
1413
1414
1416
2760
7211
1417
1418
1423
1424
1425
1428
1432
1434
1443
1458
1465
1466
1469
1472
1473
1474
1478
1479
1480
1483
1484
1489
1490
1491
1501
1502
1505
1506
1507
1508
1509
1513
1517
1522
1526
1529
1673
1533
1542
1548
1549
1551
1553
1556
1557
1559
1562
1565
1570
1571
1572
6737
1577
1585
1587
1589
1595
1598
1599
6479
1601
1606
1607
1609
1620
1622
1626
1629
1640
1655
1656
3977
1657
1658
1659
1662
6829
1665
1681
1686
1692
1694
1696
1697
1699
3488
1708
1711
1712
1716
1722
1724
1727
1731
1732
4195
1733
1734
7445
1740
1748
1749
1816
1753
1760
1766
1768
1771
1773
1776
1779
1780
1782
1787
1794
1795
1797
1799
1800
1804
1813
1822
1824
1825
1826
8698
2596
5975
1831
1835
1838
9857
1852
1857
1859
1861
10270
1869
1879
1881
1882
1885
1886
7932
1891
1895
1897
1905
1909
1911
1922
1926
1927
3684
1928
1929
1932
1933
9504
3656
3853
1934
1936
1941
1947
1948
1950
1954
1963
6225
1964
1966
1968
1971
1977
1978
1979
1980
1981
1984
1985
1986
1987
1988
1989
6931
1992
1993
1995
1996
1998
1999
2001
2002
2003
2004
2012
2013
2014
3835
2022
2025
2029
2032
2039
4617
2045
2050
2262
2695
2057
2059
2061
2063
2064
2067
2068
2069
2071
2072
2073
2075
2077
2078
2079
2082
2084
2085
2087
2089
2092
2097
3077
2099
2100
2101
2102
2106
2108
2507
4620
11029
2110
2113
2115
2116
2117
2118
8269
2120
4206
2121
2122
2129
2132
2135
2139
2147
2150
2151
2157
2158
2171
2161
2162
2163
2168
2172
2177
2179
2180
2182
2185
2186
2193
2196
2199
2200
2201
2206
2209
2210
2211
2212
2213
2216
2221
2222
2226
2228
2232
8157
2233
2237
2239
3628
2240
2241
2500
2247
2248
2249
2255
2261
3800
6090
2263
2268
2269
2272
2274
2275
2277
2278
2279
2282
2283
2285
2286
2288
2292
2294
2296
2297
2300
6536
5813
2304
4425
2305
2308
2309
2311
2313
2314
2319
2320
2324
2326
2327
8002
4166
3405
3967
2338
2340
2341
2342
2343
2349
2357
2360
2361
2363
2366
2375
2378
2382
3795
2388
2390
2391
2395
2397
2399
2400
7673
2402
2403
2407
2411
2412
2415
2417
2418
2419
2420
2763
2421
2424
2426
2429
2430
2432
2434
2435
2436
2437
2439
2440
2442
2445
2446
2447
2448
3679
2450
2453
2454
2455
2456
2459
2465
2469
2470
2474
6560
2476
2478
3960
2479
2481
2486
2487
2492
2494
2496
2497
2499
2502
2504
2505
2511
2513
2515
2516
2517
2518
2519
2523
2527
2530
2535
2537
2538
2540
2542
4354
2546
2548
8082
2550
2552
2554
2560
2561
2565
2566
2568
2569
2571
2572
5932
2574
2576
2577
2579
2580
7047
2581
2582
2583
2584
2585
2587
2591
2593
2594
2595
2597
2598
2600
2601
2604
2605
2608
2611
2759
8429
8295
2612
2614
2617
10369
5306
2626
2630
2641
2644
2648
2658
2659
2668
2673
2676
2678
2682
2683
2684
2685
2688
9492
2691
2696
2697
2703
2706
2710
2713
2716
2717
2718
2722
2723
2726
2727
2731
2733
3481
2734
2739
2741
2747
2749
2752
2754
7391
2764
2766
2767
2776
2783
2793
5591
2794
6852
2805
2808
2810
2812
2817
2818
2826
2831
2833
2834
2835
2837
2838
2840
2844
2845
2848
2849
2850
2851
2852
2853
2855
2856
2858
2859
2864
2865
2866
2867
2868
6227
2869
2870
2873
2876
2923
2924
2928
2931
2938
2944
2948
3045
3018
3470
2966
2947
2954
3017
3189
2956
2957
2960
2969
6700
4607
2970
2972
2974
2975
2980
2986
2991
2996
3004
3012
3016
3021
3029
3030
3033
3036
3038
3062
3039
3043
3044
3046
3071
3047
3048
3050
3053
3054
3056
3058
3059
3063
3064
3065
3067
3069
3073
3075
3076
3078
3079
3082
3085
3088
3092
3093
3095
3096
3098
3099
3102
3103
3104
3106
3108
3109
3110
3112
3113
3114
3116
3119
3121
3123
3124
3126
3127
3128
3129
3131
3133
3134
3136
3138
7314
3141
3142
3143
3144
3145
3147
3148
3151
3153
3156
3161
3164
3167
3175
3178
3181
3184
3185
3188
3191
3192
3193
3194
3203
3211
3212
6888
3213
3216
3221
3225
3227
3228
3229
3231
3232
3236
3239
3255
3268
3270
3287
3293
3294
3297
3321
3324
3328
3330
3340
3346
3347
3352
8286
3360
3363
3367
3373
4569
3378
3381
3383
3384
3387
3390
3394
3396
3508
3406
3408
3413
3421
3422
3423
3426
3429
3430
3434
3437
3438
3447
3450
3453
3454
7933
3455
3460
3462
3464
3468
6755
3469
3476
3483
3494
3507
3512
3516
3525
3526
4709
3529
3532
6615
3537
3542
3558
3565
3566
3567
3568
3580
3586
3590
3598
3604
3610
3614
3616
3618
3620
3625
3630
3636
3637
3640
3643
3650
3663
3664
3673
3674
6290
3683
8840
3686
3689
3690
3695
3698
3703
3706
3727
3728
3730
3732
3734
3736
3738
3739
3740
3741
3744
3745
3752
3754
3756
4252
3759
3769
3770
3771
3773
3774
3775
3776
3780
3781
3784
3791
5991
3798
3799
3804
3805
3811
3814
3819
3821
3824
3825
3827
3833
3843
3845
3846
3847
3848
3849
3850
3851
3852
3854
3856
3857
3859
3860
3863
3864
3866
3872
3873
3875
3877
3879
3880
3881
3882
3883
3884
3885
3887
3888
3891
3892
3893
3894
3895
3896
3898
10579
3901
3903
3905
3906
3907
4082
3908
3913
3915
3916
3918
3919
3920
3921
7836
5284
3924
3929
3931
3936
5081
3938
3939
3944
3945
3950
3951
3952
3953
3955
3957
3962
3963
3968
3970
3971
3976
3979
3980
3981
3984
3985
3986
3989
3990
3991
3992
3993
3994
3995
3996
3997
3998
3999
4000
4001
4002
4003
4004
4006
4007
4008
4010
4011
4012
4013
4014
4015
4017
4018
4019
4020
4021
4023
4024
4025
4026
4028
4029
4030
4031
4032
4033
4035
4036
4038
4039
4040
4041
4042
4044
4045
4047
4720
4048
4049
4050
4051
4052
4053
4054
4055
4056
4057
4058
4059
4061
4062
4064
4065
4067
4068
4071
4072
4073
4074
4076
4077
4078
4079
4080
4081
4083
4084
4085
4086
4088
4089
4094
4096
4097
4099
4100
4101
4106
4110
4111
4112
4113
4115
4116
4117
4118
4120
4121
4123
4125
4128
4129
4134
4135
4136
4138
4139
4141
4142
4143
4144
4145
4149
4151
4152
4153
4154
4157
4158
4161
4162
4163
4165
4167
4169
4172
4177
4183
4187
4188
4189
4190
4191
4197
4200
4201
4202
4204
4205
4207
8046
4210
4212
4213
4214
4216
4219
4222
4224
4225
4230
4231
4236
4238
4239
4241
4242
4244
4245
4246
4247
4250
4251
4256
4259
4263
4264
4265
4266
4267
4270
4273
4276
4277
4278
4279
4283
4285
4286
4287
4288
4289
4290
4292
4295
4299
4305
4306
4309
4311
4313
4315
4316
4317
4320
4322
4325
4326
4327
4331
4333
4334
4335
4336
4338
4339
4341
4343
4347
4348
4349
4350
4351
4356
4358
4359
4362
4363
4366
4367
4368
4371
4372
4381
4382
4385
4401
4386
4388
4391
4392
4394
4395
4402
4406
4407
4410
4414
4416
4417
4419
4420
4421
4423
4426
4429
4430
4431
4432
4433
4434
4435
4436
4438
4439
4440
4444
4445
4446
4447
4448
4449
4450
4453
4454
4456
4457
4459
4460
4461
4462
4463
4464
4465
4466
4469
4470
4471
4473
4475
4476
4477
4480
4483
4484
4485
4486
4491
6107
4493
4498
4499
4500
4507
4508
4509
4510
4511
4512
4517
4520
4521
4522
4524
4525
4529
4530
4531
4532
4533
4534
4536
4540
4541
4543
4544
4545
4547
4549
4551
4553
4554
4555
4556
4557
4558
4560
4561
4562
9355
4564
4566
4568
4571
4572
4575
4580
4582
4586
4587
4588
4589
4590
4594
4596
4598
4599
4601
4603
4605
10453
4606
8969
4609
4611
4612
8920
10721
4616
4619
4622
4623
4624
4625
4626
4627
4632
4633
4634
4636
4637
4638
4639
4640
4641
4642
4644
4645
4646
4647
4648
4650
4652
4653
4654
4655
4657
4658
4660
4661
4667
4669
4671
4672
4676
6569
4681
4683
4684
4685
4691
4695
4701
4708
4711
4719
4721
4725
4727
4729
4731
4732
4740
4744
4745
4748
4753
4756
7843
4757
4762
4763
4768
4769
4771
4773
4783
4788
4789
4790
4800
4805
4810
4811
4812
4818
4819
4820
4826
4829
4832
4839
4841
4842
4843
4849
4851
4854
4877
4905
4907
4918
4931
4932
4951
4954
4967
4970
4973
4978
4979
4981
5001
5031
5045
5057
5066
5253
5092
7847
5114
5123
5126
5130
5135
5143
5149
5158
5165
5169
5184
5186
10437
5189
5206
5210
5218
5220
5557
5229
5237
7453
5238
5254
5259
5270
5314
5315
5320
5329
5332
5336
5358
5361
5364
5365
5376
5378
5381
5391
5394
5395
5403
5407
5420
5424
5430
5449
5462
5469
5474
5479
5481
5488
5496
5506
5523
5524
5531
5534
5537
5551
5553
5560
8729
5564
5568
5569
5573
5576
5582
5600
5611
8385
5616
5617
5622
5628
5634
5640
5646
5650
5651
5655
5657
5663
5665
5667
5677
5679
5681
5686
5687
5692
5695
5696
5697
5700
5716
5732
5735
5738
5744
5749
5753
5763
5764
5765
5768
5769
5771
5773
5774
5775
5776
5778
5780
5782
5786
5789
5791
5794
5795
5796
5797
5798
5800
5806
5807
5809
5816
5819
5822
5823
5824
5825
5826
5828
5830
5833
5835
5836
5838
5844
5845
5847
5849
5851
5853
5857
5860
5864
5865
5866
5869
5874
5878
5880
5881
5883
6026
5888
5889
5890
5892
5893
5895
5981
5896
7876
5900
5901
5902
5903
5904
5906
5909
5911
5914
5915
5917
5918
5922
5929
5931
5935
5937
5940
5942
5944
5946
5952
5954
5955
5959
5963
5967
5972
5973
5976
5978
5979
5980
5982
5985
5986
5987
5988
5996
5997
6002
6007
6009
6011
6013
6014
6023
6025
6028
6031
6032
6033
6039
6040
6044
6049
6052
6062
6063
6064
6065
6067
6068
6069
6076
6077
6078
6082
6083
6086
6088
6089
6092
6094
6104
6109
6115
6118
6124
6125
6507
6128
6129
6137
6141
11492
6142
6151
6154
6155
6156
6158
6163
6164
6166
6167
6168
6169
8514
6171
6173
6174
6175
6176
6179
6180
6182
7926
6185
6187
6189
6190
6191
6193
6195
6196
6198
6199
6200
6202
6203
6205
6206
6207
6214
6216
6217
6220
6221
6222
6223
6230
6231
6232
6234
6235
6236
6238
6239
6243
6244
6249
6250
6251
6252
6254
6255
6256
6257
6258
6259
6261
6262
6264
6266
6268
6271
6272
6273
6276
6277
6279
6281
6282
6284
6285
6287
6289
6292
6293
6295
6296
6298
6299
6300
6301
6302
6305
6307
6308
6311
6314
6315
6316
6317
6319
6320
6321
6328
6331
6332
6333
6337
6338
6339
6340
6341
6344
6350
6356
6357
6358
6364
6365
6366
6367
6370
6371
6372
6373
6374
6376
6379
6381
6382
6383
6388
6389
6392
6394
6395
6396
6399
6401
6403
6404
6409
6410
6417
6418
6419
6420
6423
6424
6425
6426
6427
6428
6431
6432
6433
6434
6435
6436
6438
6439
6440
6443
6446
6449
6450
6451
6452
6453
6454
6457
6473
6459
6462
6463
6465
6468
6471
6617
6474
6476
9783
6480
6481
6484
6485
6486
6487
6489
6490
6491
6497
6498
6499
6502
6505
6506
6508
6511
6516
6517
6519
6520
6524
6525
6526
6528
6532
6534
6540
6541
6543
6545
6546
6547
6548
6549
6550
6554
6557
6558
6561
6565
6566
6570
6571
6576
6579
9998
6585
6589
6590
6591
6592
6593
6595
6597
6599
6600
6601
6602
6603
6604
6605
6607
6619
6620
6621
6622
6623
6624
6626
6628
6629
6633
6634
6635
6636
6638
6640
6642
6644
6645
6646
6647
6649
6650
6651
6655
6656
6657
6661
6662
6663
6667
6670
6671
6674
6675
6676
6677
6679
6682
6683
6685
7394
6689
6690
6691
6693
6694
6695
6699
6701
6705
6706
6709
6710
6712
6714
6715
6719
6720
6879
6721
6722
6723
6724
6725
6726
6727
6728
6729
6731
6734
6735
6739
6740
6741
6742
11393
6745
6746
6747
6748
6749
6750
6752
6756
6758
6760
6762
6763
6764
6765
6766
6768
6770
6774
6776
6777
6778
6780
6781
6782
7066
6783
6784
6785
6786
6787
6788
6789
6791
6792
6793
6795
6797
6799
6800
6801
6802
6804
6805
6807
6808
6810
6812
6814
6815
6816
6817
6818
6822
6825
6826
6827
6828
6883
6830
6831
6832
6833
6837
6840
6841
6842
6843
6846
6848
6849
6850
6854
6855
6856
6857
6859
6860
6861
6863
6864
6865
6866
6869
6870
6871
6872
6873
6877
6878
6880
6881
6884
6885
6886
6887
6889
6891
6892
6893
6895
6896
6897
6900
6901
6902
6903
6904
6905
6907
6908
6909
6911
6912
6913
6914
7019
6915
6916
6917
6918
6920
6921
6922
6923
6924
6926
6929
6930
6933
6935
6936
6938
6940
6941
6942
6943
6944
6946
6948
6950
6952
6954
6956
6957
6958
6959
6960
6961
6962
6963
6964
6965
6967
6970
6971
6972
6973
6975
6976
6977
6978
6979
6980
6981
6986
6987
6988
6989
6990
6991
6992
6993
6994
6998
7001
7002
7003
7004
7005
7009
7018
7023
7026
7027
7028
7029
7031
7032
7036
7037
7041
7042
7043
7044
7045
7046
7048
7049
7050
7053
7054
7055
7056
7057
7059
7060
7061
7062
7063
7067
7068
7069
7071
7073
7074
7075
7077
7079
7080
7081
7083
7084
7085
7087
7088
7089
7090
7093
7096
7097
7098
7099
7101
7102
7103
7104
7105
7106
7107
7108
7110
7112
7114
7116
7117
7118
7119
7120
7122
7123
7124
7125
7128
7129
7130
7131
7142
7144
7145
7146
7147
8152
7148
7149
7151
7152
7153
7155
7157
7158
7159
7160
7161
7162
7163
7164
7165
7169
7170
7173
7174
7175
7178
7179
7181
7182
7184
7186
7188
7189
7194
7195
7196
7197
7198
7199
7202
7203
7204
7205
7207
7208
7209
7210
7213
7215
7216
7217
7218
7219
7220
7221
7222
7223
7224
7226
7228
7229
7230
7231
7232
7233
7234
7235
7237
7238
7239
7242
7244
7246
7248
7250
7251
8738
7252
7254
7256
7257
7258
7259
7260
7262
7263
7264
7265
7266
7267
7268
7269
7270
7271
7272
7275
7276
7277
7278
7279
7282
7283
7284
7285
7287
7288
7289
7893
7290
7291
7292
7293
7294
7295
7297
7299
7301
7302
7303
7306
7309
7311
7312
7316
7317
7319
7321
7322
7323
7324
7329
7330
11506
7331
7332
7333
7334
7335
7337
7338
7339
7340
7342
7343
7346
7348
7349
7350
7351
7357
7360
7361
7365
7367
7369
7370
7371
7372
7375
7376
7377
7378
7380
7381
7383
7384
7389
7390
7393
7395
7396
7398
7400
7402
7403
7404
7405
7406
7413
7415
7416
7417
7418
7420
7421
10588
7423
7425
7426
7428
7429
7430
7432
7434
7435
7439
7440
7441
7442
7444
7448
7449
7450
7451
7454
7455
7456
7461
7462
7463
7464
7465
7466
7468
7470
7471
7472
7473
7474
7476
7477
7478
7479
7480
7481
7482
7483
7484
7485
7488
7489
7490
7491
7493
7495
7498
7500
7501
7502
7503
7505
7507
11636
7508
7509
7511
7512
7514
7515
7516
7517
7519
7520
7521
7525
7526
7527
7528
7529
7530
7532
7535
7537
7538
7539
7541
7542
7543
7544
7545
7546
7548
7549
7550
7553
7554
7555
7556
7557
7558
7559
7560
7561
7562
7563
7564
7565
7567
7568
7569
7570
7571
7572
7573
7575
7577
7578
7579
7580
7581
7582
7583
7584
7585
7586
7587
7588
7589
7590
7591
7592
7593
7594
7595
7596
7598
7599
7600
7601
7602
7604
7605
7606
7607
7608
7609
7610
7611
7615
7616
7617
7618
7619
7620
7621
7622
7623
7624
7626
7628
7629
7630
7632
7633
7634
7636
7637
7638
7639
7640
8884
7641
7642
7643
7644
7645
7647
7648
7649
7651
7652
7653
7654
7656
7659
7660
7661
7664
7666
7667
7669
7671
7672
9420
7675
7676
7678
7679
7680
7681
7682
7683
7684
7685
7686
7689
7690
7691
7692
7693
7694
7695
7698
7699
7700
7704
7706
7708
7709
7711
7712
7713
7714
7715
7716
7717
7718
7720
7723
7724
7728
7729
7730
7732
7733
7735
7737
7738
7739
7740
7742
7743
7744
7747
7749
7751
7752
7753
7754
7755
7757
7759
7760
7761
7764
7765
7766
7767
7769
7771
7772
7775
7777
7778
7780
7781
7783
7788
7789
7790
7797
7799
7800
7801
7802
7803
7806
7807
7808
7809
7811
10447
7812
7815
7817
7818
7820
7822
7823
7824
7825
7826
7827
7831
7833
7834
7838
7840
7841
7849
7850
7852
7853
7854
7857
7858
7860
7861
7863
7864
7865
7866
7867
7868
7870
7871
7873
7875
7877
7878
7879
7880
7881
7885
7889
7891
7892
7897
7898
7899
7900
7901
7902
7905
7906
7908
7909
7910
7916
7917
7918
7919
7920
7921
7922
7923
7924
7925
7927
7928
7930
7931
7934
7935
7936
7937
7938
7939
7940
7942
7943
8280
7944
7945
7946
7947
7948
7949
7950
7951
7952
7953
7954
7955
7957
7959
7960
7961
7962
7963
7964
7965
7966
7967
7969
7970
7972
7974
7975
7978
7979
7982
7983
7984
7987
7988
9655
7989
7990
7991
7993
7994
7995
7996
7997
7998
8000
8001
8003
8006
8007
8008
8009
8010
8012
8013
8014
8015
8016
10758
8017
8819
8018
8019
8020
8022
8023
8024
8025
8028
8029
8030
8031
8032
8034
8035
8037
8039
8040
8042
8043
8045
8047
8048
8049
8051
8052
8055
8056
8057
8058
8059
8062
8063
8064
8065
8066
8067
8068
8070
8072
8073
8075
8076
8077
8078
8079
8080
8083
8084
8085
8087
8088
8089
8091
8092
8095
8096
8097
8098
8099
8100
8101
8102
8103
8104
8105
8107
8371
8113
8114
8117
8119
8120
8121
8122
8124
8126
8127
8128
8129
8130
8133
8137
8138
8140
8142
8144
8145
8146
8147
8148
8151
8154
8156
8158
8161
8162
8163
8164
8170
8171
8172
8173
8178
8179
8180
8183
8185
8186
8187
8191
8192
8193
8195
8196
8197
8198
8202
8204
8209
8214
8218
8222
8223
8224
8225
8226
8227
8228
8230
8232
8236
8237
8239
8240
8243
8245
8246
8247
8249
8251
8256
8257
8258
8265
8266
8268
8270
8275
8276
8277
8278
8281
8282
8285
8290
8291
8292
8297
8304
8305
8307
8308
11088
8310
8311
8313
8319
8320
8321
8323
8324
8325
8327
8328
8329
8331
8332
8334
8335
8338
8339
8340
8342
8345
8346
8347
8348
8349
8351
8352
8354
8357
8358
8359
8360
8364
8365
8368
8369
8372
8373
8374
8377
8380
8382
8384
8387
8388
8392
8393
8395
8396
8397
8399
8400
8401
8402
8404
8405
8406
8408
8409
8410
8411
8412
8417
8418
8421
8422
8426
8430
8431
8432
8433
8434
8435
8440
8443
8445
8448
8451
8456
8459
8460
8464
8465
8467
8469
8470
8474
8479
8486
8488
8491
8492
8495
8496
8500
8507
8509
8518
8522
8523
8524
8525
8526
8528
8530
8531
8534
8536
8538
8539
8541
8543
8544
8545
8546
8547
8549
8550
8551
8552
8553
8554
8557
8558
8559
8560
8561
8564
8565
8567
8569
8570
8573
8580
8583
8588
8589
8590
8596
8597
8599
8601
8607
8608
8609
8610
8614
8617
8620
8622
8623
8626
8630
8631
8632
8634
8639
8640
8644
8646
8648
8651
8653
8654
8655
8657
8658
8662
8666
8667
8672
8675
8677
8679
8680
8682
8683
8696
8697
8700
8708
8710
8714
8715
8716
8718
8719
8720
8721
8722
8723
8724
8730
8733
8739
8740
8741
8742
8744
8745
8751
8756
8758
8761
8764
8771
9347
8778
8785
8786
8792
8794
8795
8797
8798
8799
8801
8802
8805
8806
8807
8810
8811
8813
8814
8818
8821
8822
8823
8824
8827
8828
8829
8830
8831
8833
8834
8836
8837
8838
8839
8841
8843
9741
8844
8845
8848
8849
8850
8851
8853
8857
8858
8859
8861
8863
8866
8868
9988
8869
8871
8872
8874
8875
8876
8877
8879
8883
10393
8887
8889
8890
8891
8892
8894
8895
8898
8900
8905
8906
8908
8909
8910
8914
8915
8917
8918
8919
8922
8923
8927
8929
8930
8931
8932
8936
8944
8946
8950
8951
8952
8953
8954
8956
8957
8960
8961
8963
8964
8965
8966
8967
8970
8971
8972
11688
8973
8974
8976
8977
8978
8981
8983
8985
8987
8990
8991
8992
8995
8996
8997
8998
8999
9001
9003
9005
9006
9007
9009
9010
9011
9013
9016
9017
9018
9019
9020
9021
9023
9025
9026
9027
9028
9029
9030
9031
9032
9033
9034
9035
9036
9037
9038
9039
9040
9042
9045
9047
9049
9050
9052
9053
9054
9055
9058
9059
9061
9062
9063
9064
9065
9067
9068
9069
9071
9072
9073
9075
9076
9083
9085
9086
9087
9088
9089
9090
9091
9093
9094
9095
9098
9101
9104
9105
9106
9107
9108
9109
9110
9111
9114
9115
9116
9117
9118
9119
9121
9122
9123
9125
9126
9127
9129
9130
9131
9132
9133
9134
9136
9137
9138
9139
9140
9141
9142
9143
9144
9145
9146
9148
9151
9154
9155
9156
9157
9159
9160
9162
9163
9164
9167
9168
9170
9171
9173
9174
9175
9176
9178
9179
9181
9182
9184
9185
9186
9187
9188
9189
9191
9193
9195
9196
9197
9198
9201
9202
9204
9205
9208
9209
9215
9222
9223
9224
9225
9226
9228
9229
9232
9236
9237
9238
9240
9243
9244
9245
9248
9253
9255
9257
9262
9263
9264
9265
9268
9269
9270
9272
9274
9277
9278
9282
9283
9286
9287
9288
9291
9298
9302
9306
9308
9309
9316
9317
9319
9323
9324
9325
9326
9327
9328
9330
9332
9334
9335
9336
9341
9345
9349
9351
9359
9361
9363
9365
9366
9371
9373
9374
9375
9376
9378
9379
9383
9385
9387
9389
9390
9391
9393
9398
9399
9401
9402
9404
9406
9407
9408
9411
9412
9414
9416
9417
9419
9421
9422
9423
9426
9430
9431
9432
9433
9434
9436
9437
9439
9440
9441
9442
9443
9444
9446
9448
9449
9450
9451
9452
9453
9458
9459
9460
9461
9462
9463
9464
9465
9466
9467
9468
9470
9471
9472
9473
9474
9475
9476
9478
9480
9481
9482
9483
9484
9486
9488
9489
9490
9493
9494
9498
9499
9500
9501
9502
9505
9507
9508
9509
9510
9511
9512
9513
9514
9515
9517
9518
9519
9521
9522
9523
9525
9526
9527
9528
9529
9531
9532
9533
9534
9536
9538
9539
9540
9541
9542
9543
9544
9546
9547
9548
9549
9550
9551
9552
9553
9554
9555
9556
9558
9560
9562
9563
9564
9565
9569
9570
9573
9577
9578
9581
9582
9583
9584
9586
9588
9589
9590
9591
9592
9593
9597
9598
9599
9600
9601
9602
9603
11590
9604
9605
9606
9611
9613
9617
9618
9619
9620
9621
9622
9623
9625
9626
9627
9628
9629
9630
9632
9634
9635
9639
9640
9642
9643
9644
9645
9649
9653
9654
9656
9657
9658
9661
9662
9663
9664
9665
9666
9667
9668
9669
9670
9672
9675
9678
9682
9683
9684
9685
9687
9689
9691
9695
9696
9698
9699
9701
9705
9706
9707
9709
9710
9711
9712
9713
9716
9717
9719
9723
9724
9726
9730
9732
9733
9735
9736
9738
9739
9742
9743
9745
9746
9748
9749
9751
9754
9756
9757
9759
9761
9762
9764
9768
9769
9771
9775
9776
9777
9780
9782
9784
9788
9791
9794
9815
9817
9818
9820
9823
9825
9830
9836
9840
9848
9851
9853
9859
9860
9864
9865
9868
9870
9872
9873
9875
9876
9877
9879
9880
9889
9894
9895
9896
9897
9898
9899
9902
9905
9908
9910
9913
9914
9917
9920
9922
9923
9924
9925
9928
9929
9931
9933
9935
9936
9937
9939
9942
9943
9944
9945
9947
9948
9949
9951
9952
9954
9957
9958
9959
9960
9961
9962
9963
9964
9967
9968
9970
9971
9972
9974
9976
9977
9981
9985
9986
9987
9989
9990
9991
9992
9994
9995
9997
9999
10000
10001
10002
10004
10009
10010
10011
10013
10017
10018
10019
10020
10021
10024
10026
10030
10033
10036
10037
10038
10042
10045
10049
10050
10052
10053
10055
10056
10057
10060
10063
10064
10066
10068
10069
10070
10071
10072
10078
10079
10080
10081
10083
10084
10085
10086
10087
10090
10093
10097
10099
10100
10104
10106
10107
10108
10111
10112
10113
10114
10115
10116
10119
10120
10121
10366
10124
10125
10126
10127
10129
10131
10133
10134
10135
10136
10139
10141
10143
10144
10145
10146
10147
10151
10152
10153
10154
10155
10157
10158
10159
10161
10163
10165
10167
10171
10173
10175
10177
10178
10179
10182
10184
10185
10186
10188
10189
10190
10192
10194
10195
10197
10198
10200
10201
10202
10203
10204
10205
10207
10208
10209
10210
10212
10213
10215
10217
10220
10221
10222
10224
10227
10229
10230
10232
10234
10235
10236
10237
10238
10239
10248
10249
10250
10251
10254
10256
10258
10259
10260
10261
10333
10262
10263
10264
10268
10269
10273
10275
10277
10279
10281
10282
10284
10285
10286
10288
10289
10290
10294
10295
10298
10299
10300
10302
10303
10304
10305
10308
10310
10311
10313
10316
10318
10319
10320
10322
10324
10326
10327
10328
10329
10330
10331
10332
10334
10337
10338
10341
10342
10343
10344
10345
10346
10349
10351
10352
10354
10355
10356
10358
10360
10362
10363
10365
10368
10370
10371
10373
10375
10376
10377
10378
10380
10381
10382
10383
10384
10385
10386
10387
10388
10389
10390
10391
10392
10394
10395
10396
10397
10398
10399
10400
10401
10402
10403
10404
10408
10409
10410
10411
10412
10413
10415
10417
10418
10420
10422
10423
10425
10426
10427
10432
10433
10434
10435
10436
10438
10439
10440
10442
10443
10444
10445
10446
10448
10449
10450
10451
10452
10454
10455
10457
10460
10463
10464
10465
10466
10467
10468
10469
10470
10472
10473
10476
10477
10478
10479
10480
10481
10482
10484
10486
10487
10488
10489
10491
10494
10495
10496
10497
10500
10501
10502
10504
10505
10506
10507
10508
10509
10513
10514
10515
10517
10518
10519
10520
10525
10539
10540
10543
10544
10547
10550
10551
10552
10555
10556
10557
10559
10561
10563
10564
10565
10566
10572
10573
10575
10580
10581
10582
10583
10584
10585
10587
10589
10590
10592
10593
10594
10595
10597
10598
10599
10600
10602
10603
10604
10605
10607
10608
10610
10611
10612
10613
10615
10616
10617
10618
10619
10621
10622
10623
10624
10625
10627
10628
10629
10630
10632
10633
10634
10635
10637
10639
10640
10641
10642
10643
10644
10646
10647
10648
10649
10651
10652
10654
10655
10656
10658
10659
10660
10662
10663
10665
10667
10669
10670
10671
10672
10674
10675
10676
10677
10678
10679
10682
10684
10685
10686
10687
10688
10689
10690
10692
10695
10696
10697
10698
10699
10700
10701
10702
10703
10704
10707
10708
10709
10711
10712
10713
10714
10715
10716
10718
10720
10722
10723
10725
10728
10729
10731
10733
10734
10737
10740
10743
10744
10747
10749
10750
10751
10752
10753
10754
10757
10759
10760
10761
10764
10765
10766
10767
10769
10770
10771
10773
10774
10775
10776
10778
10779
10780
10781
10783
10785
10786
10787
10789
10790
10791
10792
10794
10796
10799
10803
10804
10805
10806
10807
10808
10809
10810
10812
10813
10814
10815
10816
10818
10819
10820
10821
10822
10823
10824
10825
10826
10827
10828
10829
10830
10835
10838
10841
10842
10843
10844
10845
10846
10847
10850
10851
10852
10853
10856
10858
10859
10861
10864
10865
10866
10867
10870
10871
10872
10873
10880
10881
10882
10884
10885
10887
10889
10890
10891
10892
10893
10894
10895
10897
10899
10900
10902
10903
10904
10907
10908
10909
10911
10914
10915
10917
10918
10920
10922
10925
10926
10927
10928
10929
10930
10931
10932
10933
10935
10937
10938
10940
10941
10942
10943
10946
10947
10948
10950
10951
10955
10957
10958
10959
10962
10963
10964
10967
10968
10970
10972
10973
10974
10975
10976
10978
10979
10981
10982
10983
10984
10989
10990
10991
10992
10993
10996
10997
10998
11000
11001
11004
11007
11008
11009
11011
11012
11014
11015
11016
11017
11019
11020
11023
11025
11026
11030
11031
11032
11515
11033
11034
11035
11036
11037
11039
11040
11041
11042
11044
11045
11047
11048
11050
11052
11055
11057
11058
11065
11066
11069
11072
11073
11074
11075
11076
11077
11078
11079
11080
11081
11082
11083
11084
11085
11087
11089
11090
11091
11092
11093
11094
11095
11096
11097
11098
11099
11100
11101
11102
11105
11106
11107
11108
11109
11110
11111
11113
11114
11115
11116
11118
11119
11120
11121
11122
11123
11124
11126
11127
11128
11129
11130
11131
11132
11135
11137
11139
11140
11142
11143
11144
11145
11147
11148
11149
11150
11151
11152
11153
11155
11158
11160
11161
11162
11163
11164
11165
11166
11167
11168
11170
11171
11172
11174
11175
11177
11178
11179
11180
11182
11183
11185
11187
11188
11190
11191
11193
11194
11196
11198
11199
11200
11201
11202
11203
11204
11205
11206
11207
11208
11209
11210
11212
11213
11214
11215
11216
11217
11218
11219
11220
11222
11223
11224
11225
11226
11227
11228
11229
11230
11231
11233
11234
11235
11237
11238
11239
11241
11243
11244
11245
11246
11247
11248
11249
11251
11252
11253
11255
11257
11258
11259
11260
11261
11262
11510
11263
11265
11266
11267
11268
11269
11270
11271
11272
11273
11274
11276
11278
11279
11280
11282
11285
11286
11287
11288
11290
11292
11293
11296
11297
11299
11300
11301
11303
11304
11305
11306
11307
11309
11310
11312
11313
11314
11315
11316
11317
11318
11319
11320
11321
11322
11323
11324
11325
11327
11328
11329
11331
11333
11335
11336
11337
11338
11340
11341
11342
11343
11344
11345
11346
11347
11349
11350
11352
11353
11354
11355
11356
11358
11360
11361
11362
11364
11365
11366
11367
11374
11376
11377
11378
11381
11382
11383
11385
11386
11387
11388
11389
11391
11392
11394
11396
11398
11399
11401
11402
11403
11407
11408
11410
11411
11412
11414
11416
11417
11419
11420
11421
11423
11424
11427
11429
11431
11432
11433
11434
11435
11436
11437
11438
11440
11442
11443
11445
11446
11448
11449
11450
11554
11629
11451
11452
11453
11454
11456
11457
11459
11463
11464
11465
11466
11469
11470
11471
11476
11477
11478
11479
11480
11481
11483
11484
11485
11486
11489
11490
11491
11493
11494
11495
11496
11497
11498
11501
11502
11503
11505
11507
11508
11511
11512
11513
11514
11516
11517
11519
11520
11527
11529
11530
11531
11532
11534
11537
11542
11545
11549
11553
11555
11556
11558
11559
11562
11564
11570
11571
11572
11573
11576
11577
11578
11582
11583
11584
11585
11586
11587
11589
11592
11593
11596
11598
11599
11600
11601
11602
11604
11606
11611
11615
11616
11617
11618
11619
11621
11623
11626
11628
11632
11634
11637
11639
11643
11644
11645
11646
11648
11649
11650
11651
11655
11656
11658
11659
11660
11663
11664
11666
11667
11669
11670
11671
11672
11673
11675
11676
11680
11682
11686
11689
11690
11693
11694
11696
11698
11699
11703
11704
11706
11707
11708
11709
11710
11713
11714
11715
11716
11717
11719
11720
11721
11723
11724
11731
11735
11736
11743
11745
11749
11750
11751
11752
11753
11755
11757
11758
11759
11760
11761
11764
11770
11773
11774
11776
11780
11782
11783
11784
11785
11786
11787
11789
11790
11793
11795
11796
11798
11800
11802
11807
11810
11812
11813
11814
11823
