741
136
756
729
641
535
1134
514
669
150
579
155
154
603
156
218
394
495
493
24
180
323
405
187
650
170
644
144
468
441
677
461
460
566
483
189
55
35
472
642
477
297
344
13
687
347
591
577
118
519
288
547
363
754
563
564
712
615
99
480
676
14
726
434
431
517
340
283
23
341
115
75
102
349
1144
664
590
56
229
210
704
451
556
454
316
1229
192
238
179
138
256
257
492
1
101
20
657
46
524
2
610
727
124
202
142
693
209
1131
299
711
109
168
72
489
389
219
298
573
634
15
618
612
417
410
438
18
436
241
512
125
449
782
716
85
715
714
233
713
140
114
623
39
145
396
172
1266
830
660
453
301
675
167
371
422
1060
490
1065
1124
130
276
1196
914
1404
903
1064
295
204
64
661
296
588
248
293
357
290
609
198
765
596
572
337
89
8
575
598
278
501
191
621
578
335
700
662
574
393
1477
224
21
40
402
589
264
484
78
680
648
190
399
273
227
274
65
275
277
96
387
181
87
637
42
127
653
737
205
465
245
79
32
432
279
27
22
29
282
570
268
379
530
374
377
361
587
100
34
649
259
736
568
561
467
567
16
604
550
688
525
527
521
1401
249
970
440
418
31
215
445
444
47
585
446
731
1473
103
82
475
620
73
536
391
137
326
553
411
544
541
508
97
36
159
668
186
367
157
597
560
351
647
466
743
640
443
338
331
45
333
160
659
332
314
427
559
551
1075
1205
891
1166
6
703
90
162
98
185
93
92
95
193
619
424
671
504
470
740
437
745
747
555
554
321
681
239
235
426
730
132
1193
1046
614
217
667
498
491
26
694
699
28
289
281
452
409
121
123
365
537
415
416
532
68
113
207
421
420
362
583
580
300
305
381
385
243
1439
147
383
645
646
384
1004
307
151
626
177
253
538
313
652
739
735
188
503
631
469
635
755
211
317
562
163
309
220
10
861
117
390
303
287
721
725
605
378
448
809
9
329
143
350
617
149
77
70
355
352
428
12
683
702
19
51
613
280
942
80
549
685
684
1302
88
165
129
494
1380
496
689
1089
686
450
310
401
370
86
7
439
625
62
223
505
41
200
354
353
358
758
622
373
708
709
705
691
1189
67
584
1099
83
81
84
462
797
141
252
269
53
194
488
616
318
404
246
244
311
674
158
511
380
178
479
534
481
30
128
738
408
1225
1117
328
601
66
548
543
540
267
52
315
761
368
364
388
38
250
255
403
44
59
1074
222
262
58
110
5
