0
1
3
6
7
8
9
10
11
12
14
15
17
18
19
20
1151
750
21
305
179
2518
22
277
300
23
303
26
27
30
31
32
33
34
37
41
42
43
44
45
46
48
49
50
51
52
53
54
55
56
57
58
59
60
61
62
63
64
65
66
67
68
69
70
71
72
73
74
75
76
77
78
79
80
81
82
83
84
85
86
87
88
89
90
91
92
93
94
95
96
97
98
99
100
101
102
103
104
105
106
107
108
109
110
111
112
113
114
115
116
117
118
119
120
121
122
123
124
125
126
127
128
1022
129
130
131
132
133
134
135
136
137
138
139
140
141
142
143
144
312
145
146
147
148
149
150
151
152
153
154
155
156
157
158
159
160
161
162
163
164
165
166
167
168
169
170
171
172
173
174
1678
175
176
177
178
756
180
181
182
183
184
185
186
187
188
189
190
1004
191
192
193
194
195
196
197
198
199
200
201
202
203
204
205
206
207
208
209
210
211
212
213
214
215
216
217
218
219
220
221
1025
486
222
223
224
225
226
227
228
229
231
232
233
234
235
240
242
1607
243
244
245
246
247
248
249
250
251
256
252
253
1808
2051
5519
254
255
257
264
268
271
272
1372
276
279
280
1795
281
282
283
284
288
289
290
2189
1725
295
296
297
298
299
5784
2144
5783
1401
375
304
306
1239
311
1465
313
314
400
318
319
320
321
322
323
326
330
332
333
2164
336
337
339
341
1633
343
344
345
346
348
350
351
356
357
358
359
360
362
365
366
367
368
372
374
1746
723
376
380
483
382
383
388
389
394
395
399
410
412
415
419
423
440
454
457
458
459
461
463
467
470
472
475
479
588
1839
589
783
1439
481
482
484
487
493
498
499
504
507
509
510
513
519
520
525
528
530
532
536
537
540
541
545
553
557
4697
560
567
569
570
576
581
587
657
597
599
602
603
604
611
612
980
616
620
621
622
1511
624
625
627
633
634
637
644
646
2077
647
1855
648
649
653
903
660
662
667
1631
675
680
683
688
689
695
696
711
716
718
724
726
727
734
735
737
738
742
744
749
751
757
758
1139
759
762
765
769
773
776
777
778
779
781
782
785
786
792
795
797
798
799
800
803
805
806
808
812
815
816
818
828
829
831
837
838
843
844
845
847
855
856
858
865
867
870
871
872
874
878
883
884
4670
885
887
888
891
892
893
895
896
902
906
908
952
926
909
910
1333
916
921
922
931
937
940
941
966
1023
953
959
961
962
965
967
974
2039
983
984
1326
985
987
993
995
996
1001
1009
1010
1011
1013
1422
2704
1874
1024
1027
1029
1031
1032
1047
1048
1049
1053
1060
1062
1064
1065
1068
1070
1071
1074
1076
1082
1084
1085
2991
1088
1092
1097
1098
1099
1100
1101
1105
1108
1109
1110
1111
1113
1114
1115
1116
1117
1118
1119
1120
1121
1122
1123
1124
1128
1130
1134
1135
1136
1138
4993
1140
1144
1149
1150
1456
1337
1502
1152
1155
1162
1164
1166
1168
1169
1171
1172
1174
1187
1189
1196
1200
1205
1207
1208
1209
1212
1213
1215
1219
1220
1222
1229
1233
5419
1234
3802
1238
1240
1242
1249
1252
1253
3762
1255
1256
1257
1259
1260
1261
2458
1262
1263
1265
1266
1273
1275
1278
1279
1284
1288
1289
1290
1291
1292
1293
1294
1296
1304
5583
1312
1315
1317
1321
1322
1324
1325
2257
1327
1328
1330
1331
1332
1335
1336
1338
1340
1344
1345
1348
1351
1352
1353
1354
1355
1357
1358
1359
1362
1363
1364
1365
1370
1371
1374
1377
1380
2640
1381
1382
1386
1390
1391
1393
1394
1397
1399
5759
1404
1405
1406
1407
1408
1411
1412
1416
1417
1418
1423
1424
1425
1427
1429
1430
1431
1433
1436
1437
1444
1445
1447
1449
1450
1452
1453
1454
2821
1457
1464
1468
1470
1476
1477
1478
1479
1480
1481
1482
1483
1484
1485
1487
1488
1489
1490
1491
1492
1493
1494
1495
1496
1497
1498
1499
1501
1507
1508
1509
4040
1510
1512
1513
1514
1516
1517
1520
1521
1522
1523
1526
1528
1529
1530
1531
1532
3630
1533
1534
1535
1536
1539
1541
1542
1543
1545
1547
1548
1549
1550
1551
1554
1556
1557
1558
1560
1561
1563
1564
1565
1567
1568
1569
1570
1571
1573
1574
1575
3065
1577
1580
1581
1584
1586
1592
1593
1595
1596
1597
1598
1599
1600
1604
1606
1609
1610
1611
1612
1613
1615
1617
1618
1619
1620
1624
1625
1626
1628
1629
1630
4504
1632
1636
1639
1640
2838
1641
1642
1644
1645
1646
1647
1650
1652
1657
1658
1660
1662
1663
1666
1668
1669
1671
1675
1676
1677
1864
2097
1679
1681
1682
1683
1721
1686
1687
1688
1689
1691
1692
1693
1694
1696
1697
1698
1699
1702
1703
1704
1707
1708
1709
1710
1712
3775
1716
1722
1728
1729
1730
1731
1733
1737
1739
1743
1744
1749
1753
1754
1755
1759
1761
1762
1763
1766
1767
1770
1771
1772
1774
1778
1780
1781
1782
2578
1784
1785
1786
1787
1789
1790
1792
1793
1794
1796
1799
1800
1801
4423
1802
1803
1804
1806
1807
3785
3750
2183
1812
1813
1814
1816
1819
1820
1821
1824
1825
1826
1827
1828
1830
1832
1833
1834
1835
1837
1838
1842
1845
1846
1847
1850
1852
1853
1854
1856
1857
1858
1859
1860
1861
1863
1865
1866
1868
1869
1870
1871
1872
1875
1876
1878
1882
1883
1886
1887
1888
1889
1890
1891
1895
1896
1900
1902
1905
1907
1908
1910
1911
1912
1913
1915
1917
1918
1921
1923
1924
1925
1926
1927
1929
1934
1939
1940
1942
1944
1945
1946
1955
1957
1958
1959
1960
1961
1962
1963
1964
1965
1966
1967
1968
1969
1970
1971
1972
1973
1975
1976
1977
1978
1980
1981
1982
1984
1985
1986
1987
1988
1989
1990
1991
1992
1995
1996
1999
2000
2001
2003
2004
2006
2007
2008
2011
2014
2016
2017
2018
2019
2020
2023
2024
2025
2026
2027
2035
2036
2038
2042
2043
2044
2045
2047
2049
2050
2052
2053
2056
2057
2059
2062
2064
2068
2069
2075
2076
2080
2082
2083
2084
2085
2089
2090
2091
2093
2094
2095
2099
2100
2104
2105
2106
2107
2108
3729
2110
2111
2112
2130
2115
2116
2117
2118
2119
2120
2122
2124
2126
2129
4535
2132
2137
2138
2139
2147
2148
2149
2150
2151
2152
2153
2154
2157
2158
2159
2160
2162
2163
2165
2166
2169
2170
2172
2174
2178
2179
2180
2181
2182
2184
2185
2186
2187
2188
2190
2191
2192
2193
2196
2197
2200
2203
2204
2205
2207
2209
2210
2211
2212
2213
2214
2338
2218
2220
2221
2222
2225
2227
2228
2229
2231
2232
2237
2238
2240
2242
2248
2249
2250
2252
2253
2254
2256
2258
2261
2264
2265
2266
2268
2274
2275
2283
2286
2292
2295
2296
2302
2306
2311
2317
2319
2324
2326
2327
2329
2331
2332
2335
2336
2337
2339
2340
2341
2344
2352
2354
2355
2356
2357
2359
2360
2364
2368
2369
2370
2372
2375
2376
2377
2381
2386
2390
2391
2396
2397
2398
2399
2876
2400
2405
2406
2411
2412
2413
2414
2418
2426
2427
2431
2434
2435
2437
2439
2440
2441
2442
2444
2445
2447
2448
2449
2450
2451
2452
2454
2455
2456
2457
2459
2461
2462
2463
2469
2471
2473
2475
2476
2477
2478
2480
2481
2484
3103
2489
2490
2491
2492
2495
2496
2498
2500
2502
2503
2506
2507
2508
2513
2514
2515
2517
2519
2520
2521
2522
2528
2529
2531
2534
2536
2537
2538
2540
2542
2550
2551
2552
3949
2556
2557
2561
2565
2567
2569
2574
2577
2580
2582
2583
2584
2586
2588
2590
2591
2592
2593
2594
2595
2598
2599
2600
2601
2603
2606
2607
2608
2609
2610
2611
2614
2616
2620
2623
2626
2627
2630
2634
2637
2638
3404
2641
2643
2647
2648
2650
3390
2651
2652
2655
2662
2664
2667
2669
2670
2676
2680
2681
2683
2685
2686
2688
2691
2692
2693
2695
2697
2699
2705
2707
2708
2709
2711
2714
2716
2721
2723
2729
2730
2731
2732
2735
2741
2744
2745
2746
2747
2748
2750
2753
2754
2759
2762
2763
2766
2767
2769
2772
2775
2776
2777
2779
2789
2790
2791
2792
2795
2797
2798
2800
2809
2817
2822
2825
2828
2834
2836
2837
2839
2842
2846
2848
2849
2851
2852
2857
2860
4385
2865
2866
2867
2868
2869
2874
2875
2877
2878
2885
2886
3579
2888
2900
2903
2905
2906
2908
2910
2911
2913
2918
2919
2920
2923
2926
2928
2930
2931
2932
2935
2936
2937
2941
2943
2945
2948
2950
2951
2956
2958
2959
3202
3214
2963
2964
2968
2970
2971
2972
2973
2979
2981
2982
2983
2985
2986
2990
2992
2997
2999
3002
3003
3009
3010
3014
3015
3019
3496
3021
3022
3023
3027
3033
3035
3042
3043
3045
3047
3049
3053
3054
3056
3060
3061
3062
3064
3070
3071
3075
3077
3080
3081
3082
3084
3086
3087
3088
3089
3090
3091
3092
3093
3094
3095
3100
3101
3106
3107
3108
3110
3111
3114
3115
3116
3117
3118
3119
3120
3122
3123
3125
3127
3129
3132
3133
3138
3139
3141
3142
3143
3146
3149
3151
3153
3154
3155
3158
3159
3160
3162
3163
3168
3178
3182
3183
3185
3186
3187
3188
3190
3192
3193
3197
3198
3201
3203
3208
3209
3212
3213
3215
3216
3218
3219
3222
3224
3225
3226
3227
3230
3232
3233
3234
3238
3240
3241
3242
3243
3245
3246
3251
3252
3253
3255
3256
3257
3260
3263
3264
3265
3266
3267
3268
3269
3270
3271
3272
3273
3275
3276
3277
3278
3281
3284
3287
3288
3289
3290
3292
3293
3294
3296
3297
3298
3299
3300
3301
3302
3303
3304
3307
3308
3310
3311
3312
3313
3315
3319
3320
3321
3322
3324
3325
3326
3327
3331
3333
3334
3335
3336
3337
3339
3340
3342
3344
3345
3346
3347
3349
3351
3352
3355
3356
3358
3359
3361
3362
3364
3365
3366
3367
3368
3370
3372
3373
3374
3375
3376
3377
3383
3388
3394
3395
3400
3401
3403
3405
3406
3410
3413
3415
3416
3418
3419
3420
3425
3428
3433
3435
3439
3440
3443
3444
3449
3450
3451
3454
3455
3462
3464
3465
3469
3471
3473
3477
3478
3479
3480
3484
3494
3501
3503
3513
3516
3519
3526
3528
3532
3533
3536
3537
3543
3548
3549
3550
3553
3555
3556
3562
3564
3565
3566
3577
3580
3581
3584
3585
3588
3590
3596
3600
3602
3603
3606
3608
3609
3610
3611
3612
3614
3617
3618
3621
3623
3625
3626
3627
3629
3632
3634
3635
3637
3638
3639
3641
3642
3644
3647
3649
3650
3652
3653
3654
3661
3662
3665
3666
3667
3669
3671
3672
3673
3676
3677
3680
3681
3682
3684
3685
3686
3687
3688
3689
3691
3692
3695
3696
3697
3698
3699
3700
3701
3702
3703
3705
3706
3707
3709
3711
3712
3715
3716
3717
3719
3720
3721
3724
3725
3730
3731
3732
3734
3738
3741
3743
3744
3746
3752
3754
3755
3760
3761
3766
3768
3770
3772
3776
3777
3778
3779
3782
3783
3784
3786
3787
3788
3791
3794
3799
3800
3801
3807
3808
3817
3818
3823
3824
3828
3836
3863
3847
3850
3851
3853
3860
3864
3865
3870
3871
3873
3874
3875
3876
3877
3878
3879
3883
3884
3885
3887
3888
3894
3896
3897
3898
3901
3902
3903
3904
3908
3909
3910
3911
3914
3915
3918
3919
3923
3924
3925
3927
3928
3929
3931
3934
3936
3937
3938
3944
3946
3947
3948
3951
3952
3953
3955
3956
3958
3960
3961
3962
3963
3964
3968
3969
3971
3973
3974
3975
3976
3977
3979
3981
3982
3991
3998
3999
4000
4003
4004
4009
4011
4012
4018
4019
4025
4032
4034
4039
4045
4047
4048
4049
4051
4053
4054
4055
4057
4062
4064
4066
4068
4072
4073
4074
4075
4079
4080
4081
4082
4085
4093
4094
4097
4098
4101
4102
4106
4119
4124
4126
4128
4129
4131
4133
4134
4135
4138
4140
4218
4142
4149
4150
4151
4158
4167
4168
4185
4195
4207
4209
4211
4212
4213
4215
4220
4224
4225
4231
4232
4234
4235
4236
4238
4239
4242
4246
4247
4251
4252
4255
4256
4263
4268
4274
4276
4278
4280
4284
4285
4287
4290
4291
4297
4311
4315
4319
4320
4321
4325
4326
4328
4332
4338
4341
4342
4346
4347
4348
4349
4352
4354
4355
4359
4361
4362
4364
4365
4366
4369
4370
4371
4375
4376
4377
4379
4381
4382
4383
4386
4393
4395
4399
4401
4404
4406
4408
4409
4411
4412
4416
4417
4418
4420
4422
4424
4425
4428
4429
4433
4436
4437
4438
4441
4445
4446
4454
4456
4458
4460
4462
4463
4464
4475
4479
4483
4484
4488
4495
4502
4503
4505
4509
4510
4515
4519
4523
4524
4527
4532
4537
4545
4547
4548
4549
4550
4551
4555
4560
4561
4564
4565
4569
4570
4572
4573
4574
4576
4582
4583
4585
4590
4591
4592
4595
4599
4600
4606
4610
4611
4614
4615
4617
4620
4621
4622
4623
4624
4625
4626
4630
4632
4635
4636
4637
4638
4639
4641
4642
4643
4645
5291
4647
4648
4650
4655
4656
4660
4663
4665
4666
4667
4668
4669
4671
4673
4674
4675
4678
4679
4680
4682
4683
4684
4685
4686
4689
4692
4693
4700
4703
4704
4705
4708
4709
4713
4714
4715
4716
4717
4720
4722
4724
4725
4732
4733
4737
4740
4741
4743
4745
4747
4748
4750
4752
4753
4754
4755
4758
4761
4764
4765
4767
4769
4775
4776
4777
4778
4782
4783
4784
4790
4792
4793
4794
4795
4797
4799
4800
4807
4814
4817
4818
4822
4824
4827
4829
4830
4831
4832
4835
4836
4837
4838
4840
4844
4847
4848
4851
4852
4854
4855
4856
4857
4858
4859
4861
4862
4863
4866
4868
4869
4872
4881
4882
4883
4887
4889
4891
4892
4894
4895
4897
4899
4904
4905
4907
4909
4911
4912
4914
4915
4916
4917
4920
4921
4922
4925
4926
4927
4929
4931
4932
4934
4935
4939
4940
4941
4943
4944
4945
4946
4947
4948
4949
4950
4952
4955
4956
4957
4961
4965
4966
4970
4977
4978
4981
4982
4983
4984
4985
4989
4990
4991
4992
4994
4999
5000
5001
5002
5004
5006
5007
5011
5014
5015
5016
5027
5031
5034
5035
5043
5045
5047
5048
5049
5053
5055
5056
5057
5063
5064
5067
5069
5071
5075
5076
5077
5080
5086
5087
5090
5092
5093
5097
5099
5101
5107
5109
5115
5118
5119
5120
5122
5123
5124
5129
5131
5134
5135
5138
5139
5140
5144
5145
5147
5152
5153
5154
5158
5159
5164
5175
5177
5178
5180
5181
5184
5185
5186
5187
5188
5189
5190
5192
5193
5194
5196
5200
5201
5202
5203
5204
5205
5206
5207
5209
5210
5211
5212
5214
5216
5217
5219
5220
5222
5223
5224
5225
5227
5228
5229
5230
5231
5234
5236
5237
5238
5240
5241
5242
5245
5246
5250
5252
5253
5255
5256
5258
5259
5261
5263
5266
5267
5268
5269
5272
5274
5275
5278
5280
5281
5284
5286
5287
5293
5296
5303
5305
5309
5313
5316
5317
5318
5321
5322
5323
5325
5330
5331
5332
5334
5336
5338
5340
5345
5347
5348
5349
5350
5353
5355
5356
5357
5358
5362
5363
5367
5369
5373
5375
5376
5377
5383
5385
5387
5389
5394
5395
5396
5397
5398
5400
5401
5404
5406
5407
5408
5409
5410
5411
5412
5414
5416
5417
5418
5420
5422
5427
5429
5430
5431
5432
5433
5434
5436
5437
5438
5439
5442
5443
5444
5445
5446
5447
5448
5449
5451
5452
5454
5455
5458
5462
5463
5470
5472
5476
5477
5480
5481
5484
5485
5487
5488
5489
5491
5495
5496
5497
5507
5508
5510
5518
5521
5524
5527
5528
5529
5531
5533
5534
5535
5537
5541
5542
5543
5544
5545
5546
5547
5548
5549
5550
5552
5553
5554
5555
5558
5559
5561
5562
5563
5564
5568
5569
5570
5571
5572
5573
5574
5575
5577
5578
5579
5580
5581
5582
5585
5586
5587
5588
5589
5590
5593
5594
5595
5596
5598
5601
5603
5604
5605
5606
5607
5610
5611
5613
5614
5615
5616
5617
5618
5619
5620
5621
5624
5627
5628
5629
5630
5631
5633
5635
5636
5637
5639
5640
5641
5642
5643
5644
5645
5646
5647
5648
5649
5650
5651
5652
5654
5655
5656
5657
5658
5659
5661
5662
5663
5664
5665
5666
5667
5668
5670
5671
5672
5674
5677
5679
5680
5682
5683
5684
5686
5687
5689
5690
5691
5692
5693
5694
5696
5699
5700
5702
5704
5707
5708
5710
5713
5721
5722
5724
5725
5726
5727
5728
5729
5730
5731
5732
5733
5734
5735
5736
5737
5738
5739
5740
5742
5743
5745
5746
5747
5749
5750
5751
5752
5753
5754
5755
5756
5757
5758
5760
5761
5762
5763
5764
5765
5766
5767
5768
5769
5770
5771
5773
5774
5776
5777
5778
5779
5781
5782
5785
5786
5787
5788
5790
5791
5792
5794
5796
5801
5802
5805
5808
5809
5810
5814
5815
5817
5818
5819
5820
5821
5822
5823
5824
5825
5826
5829
5831
5835
5836
5837
5838
5843
5844
5845
5846
5847
5848
5849
5850
5851
5854
5855
5857
5858
5859
5860
5861
5862
5863
5866
5867
5868
5869
5870
5871
5873
5874
5875
5876
5879
5880
5881
5883
5887
5888
5891
5892
5894
5895
5896
5897
