0
210
6133
38
1
97
2
71
8
43
80
62
12128
3202
4771
214
1734
552
4041
5738
4940
15661
4269
76
15282
7348
117
694
13801
12538
14271
5
6
136
14
16
18
19
20
21
1891
3381
24
45
25
26
8731
9412
8584
10126
11283
14099
2939
29
5768
1537
259
30
31
66
32
33
652
1363
34
35
3031
930
2371
3108
166
6662
10184
1001
3594
11755
205
1090
15944
9330
5844
14070
950
473
3914
1150
39
40
42
11386
7227
10205
5105
13136
3435
14000
4915
8989
44
49
50
51
52
54
58
55
61
5965
4718
12975
63
2244
5749
7222
7205
68
12569
3291
3165
72
73
79
75
3071
77
78
2932
4635
11395
5781
5274
5789
1548
15429
12321
838
4647
7593
9388
15149
3377
1074
5173
2494
13786
11973
3014
9441
4170
1233
10450
9556
15287
11897
10457
10202
6875
6490
6493
15326
11301
10209
1393
9829
11879
9194
9323
4591
8304
8945
15480
7417
373
84
85
3718
87
1730
3107
295
336
2751
799
91
94
95
96
8244
510
2227
3992
98
99
100
841
102
106
107
4669
6880
1577
4964
110
454
112
116
119
120
121
123
124
759
125
1851
3390
2847
131
135
141
145
146
147
3308
1957
148
4157
3555
151
155
158
159
160
193
211
161
163
164
165
4365
168
169
170
171
172
174
175
5698
2629
176
8383
178
190
191
192
3022
943
194
504
195
8162
7950
8151
3416
8825
199
200
3072
260
2716
11424
2468
10795
3164
6501
9968
246
208
209
3317
463
3885
4656
593
3315
5271
4285
9375
212
213
9316
215
4449
7619
1575
2323
222
2772
4091
9107
216
2350
218
219
6505
225
230
231
240
241
242
243
245
248
251
2288
254
255
256
257
258
2541
3630
3093
771
5681
262
263
5194
266
267
268
283
270
4552
272
4773
275
277
278
279
10463
280
281
282
284
285
289
293
294
297
300
305
306
308
309
311
8903
5882
2429
317
322
325
326
331
339
340
1166
345
347
2475
348
357
358
361
369
10059
372
2978
376
380
382
384
386
387
390
392
396
404
406
13022
407
409
410
411
413
9208
8605
414
415
416
417
438
421
422
423
426
5655
431
432
3224
947
3039
434
437
1633
15567
6526
441
442
443
445
446
447
450
451
453
14423
3939
456
457
7623
2351
2384
3959
460
462
4763
465
1218
466
467
4424
5963
2091
468
474
471
469
470
2465
1145
2669
479
486
487
2752
488
493
500
501
503
5854
507
13008
874
2745
511
512
513
518
2621
519
4066
521
524
525
534
12657
4052
535
628
11413
13401
539
7373
540
543
11688
6122
545
546
10093
548
553
556
6580
4766
560
3825
563
565
567
571
8701
573
578
583
8910
586
592
594
15568
596
599
603
613
623
625
10597
629
630
632
635
637
638
639
641
645
651
653
654
661
662
10858
2067
6450
663
834
1178
664
2090
845
666
668
669
670
671
672
674
675
12172
677
679
681
685
687
688
689
15841
9058
2800
2696
3158
11711
693
5301
695
697
698
700
702
704
706
708
991
710
711
11768
715
716
717
719
7955
721
725
735
736
739
740
11999
741
751
753
755
756
2312
3391
761
764
767
772
773
774
3940
7025
776
778
779
783
785
786
787
789
8557
5350
792
793
4297
798
800
801
802
804
808
6806
810
814
816
1230
817
819
824
8960
4678
2962
1854
825
826
827
830
831
3531
8880
9759
837
839
840
7585
2340
7910
4758
844
12640
6978
8868
12646
6567
2317
4109
14673
6610
7221
3354
14847
856
857
858
860
925
861
864
867
869
2432
9451
4785
4243
7961
873
9181
875
878
879
880
883
887
889
890
895
896
897
900
902
903
916
2929
14449
918
922
10555
928
9657
931
934
941
942
946
948
5899
12684
952
953
957
962
7604
963
965
967
969
974
975
979
981
985
7351
989
992
993
1690
8778
1009
1012
1013
1016
1017
1026
1029
1037
1040
1047
1058
13644
1062
1063
1064
1065
1072
1073
1075
1081
1089
2872
13917
1091
1092
1093
1096
1102
1104
1108
1109
1110
1112
1114
1115
1116
3190
1120
1123
1127
2882
2054
1607
9164
5964
1741
1128
5052
5087
1129
1132
1133
1134
1138
1142
1146
1147
1153
1534
1154
1156
1157
1159
1162
1163
1164
1167
1170
1174
1177
1671
1179
4925
1180
1184
1185
1188
13440
1189
7290
1193
1194
1196
1202
1206
1207
1208
1209
1210
1212
1213
1216
1217
15412
4949
1219
1221
1222
1228
3119
15521
5378
8071
1966
3760
3441
2197
14136
10206
1235
1237
12938
1238
1240
1242
1247
5373
1284
1285
11389
1288
1292
1298
1305
1309
1325
1327
1329
1334
1346
1335
1336
1343
1345
1347
1348
4695
1352
1355
1359
3139
9737
7151
3634
5557
6039
7836
9182
13717
1388
8550
1391
11007
1396
1400
1404
1418
7949
1429
1430
1431
1435
1438
1447
1452
1459
1463
1469
1471
1472
1475
6537
3444
1476
1478
1479
1481
6386
1493
1497
1498
1506
1515
1516
4859
1531
1533
2152
1536
1538
1539
1756
12254
1543
1550
1554
1562
7587
1564
1570
1574
1835
14842
1582
6118
13627
1583
1587
5326
1595
12716
1596
1605
4421
1608
1611
8374
4927
1620
1625
1627
1632
1636
1638
1641
1642
1643
1648
1649
2228
1655
1658
1659
1666
1668
1674
1678
1679
1684
9819
2450
3542
1695
1701
1703
1709
1712
1714
1719
1723
6688
1725
1729
1732
1733
1735
1739
1740
1742
1744
1745
1746
1747
1748
1749
3457
1751
1753
8640
1757
1758
1764
1767
1768
1771
1772
9877
1773
1775
1776
1777
1778
1779
3249
4841
1884
1780
1781
1782
1783
1784
1786
1787
1788
1789
1790
1791
1792
1793
1794
1797
1798
1799
1801
1802
1803
1804
14828
1805
1808
1809
1810
1812
1814
1816
1818
1819
1822
2143
12213
1826
1827
1828
1829
1830
1833
1834
4689
1836
5981
1838
1912
1839
1840
1843
1846
1848
1850
7277
3721
1855
1856
1857
1858
1859
1862
1863
1864
1865
1867
1871
1873
1874
1875
1878
1879
1880
1883
1886
1887
1889
2026
1892
1894
1896
1897
1898
1899
1901
1907
1908
1909
1910
1911
1915
1916
1919
1920
1921
1922
1924
1926
1928
1930
1932
1933
1935
1936
1937
1939
1941
1943
1944
1946
1947
1948
1951
1952
1953
1954
1956
2257
1960
1963
1971
1965
3693
1969
1973
1975
2255
1977
1978
1981
1982
1985
1987
1992
1993
1994
1996
1997
2001
2005
2006
2008
12206
11385
2527
2012
2013
2014
2015
2016
2017
2018
2024
2025
5716
2028
2030
2031
6920
2032
2161
2034
2038
2905
2040
2041
2043
2044
2381
4828
2045
2051
2053
2056
2058
2060
2061
2064
2066
5558
2069
2070
2074
2078
2079
2080
4992
2086
2088
2089
12974
2094
3512
2095
2096
2097
2099
2100
2101
2102
2105
2106
2108
2110
2111
2112
2113
2114
2178
9080
2116
2593
5884
2117
2119
2121
2123
2124
2126
11477
2129
2131
2132
2134
2135
2136
2138
2259
2139
2144
2150
8734
2151
6500
2154
2155
2156
2157
14219
9694
2425
2163
2164
3021
3575
2166
2167
2168
2169
2170
2171
2174
2176
2177
2179
2184
2185
2187
2190
2192
2193
7302
2195
2196
2198
13824
2199
2200
2201
2202
5006
2204
2206
2208
2209
2210
2213
2214
2215
2216
2217
2221
2222
2223
2224
2225
2226
2230
2232
2234
2235
2242
8537
2245
2246
2249
2251
2253
2254
2256
2258
2262
2265
2266
2268
2269
2271
2272
2273
2275
2278
2279
2280
2284
2285
2287
2293
2294
2295
2296
2297
2298
2299
2303
2309
2311
15427
6103
2313
2316
8592
8713
2318
2320
2321
2322
2324
2326
2327
2329
2330
2331
2332
2335
2337
2339
2342
5645
2343
2345
2347
2352
2354
2356
2357
2362
2363
2364
2367
2368
2369
2373
2375
2376
3159
2379
2382
2383
2388
2390
2391
2397
2398
2400
2402
2409
2410
2412
2414
2416
2419
2420
2422
2423
2426
2428
2431
2433
2434
2437
2441
2442
2445
2456
2457
2458
2461
2462
5385
2470
2476
2478
2481
2483
2487
2489
2491
2493
2495
2496
2498
2499
2502
2507
2508
2510
2514
2515
2524
2526
2528
3340
2529
2531
2532
2533
2534
14056
2540
2979
11511
2542
2544
2545
2546
2549
2550
2551
2553
2555
2556
2557
7174
2559
2560
2562
2565
2568
2572
2574
2575
2578
2579
2580
3505
8214
2581
2582
2586
2588
3666
3915
13372
8898
2594
2595
2596
2597
2599
7001
2604
2607
2608
2609
2613
2615
2616
2617
2618
5511
2622
2624
2625
2627
2628
3720
14163
2630
2632
2634
2635
2636
2639
2640
2643
2645
2646
3091
2647
2649
2650
2655
2656
2657
2658
2660
9576
2663
2664
2665
2667
2668
7558
2670
2671
2672
2673
2675
2677
2679
2680
3383
2686
2687
2691
2694
13186
2695
2700
2701
2702
2709
2711
2713
2714
2718
2719
2723
2725
2726
2727
2729
14301
2735
2736
2737
2743
2748
2750
2753
2754
2756
2763
2764
2767
2769
2770
3527
5005
7161
2775
2779
2782
2785
2787
2791
2793
4723
2796
2797
2798
2799
2967
2801
2805
2806
2811
2812
2813
2815
2816
2817
2818
2819
2820
6589
2827
2834
2836
2838
2840
4248
2845
2846
7812
2848
2851
2852
2853
2858
2862
2864
2866
2869
2871
2873
2875
2876
2880
2883
2884
2885
2886
2887
2893
2894
2897
2898
2900
3778
2924
2901
2903
7536
2907
7597
2908
2910
2911
2912
2914
2915
4234
2925
2926
2928
2930
2935
2938
2940
2941
2942
2943
2945
2947
2948
9153
4242
12021
2949
2950
10577
2955
2956
2958
2960
2961
5363
2963
2964
2965
2966
2969
2970
2971
2972
2973
2974
15789
2980
2981
2983
2984
2986
2988
7285
2989
2990
2992
2994
2996
2997
2998
3002
3003
3004
3005
3006
3007
3009
3012
3013
3016
3017
3018
3019
3020
3023
3025
3026
3747
3027
3029
3030
3032
3033
3035
3036
3040
3931
3041
3042
3043
3047
3048
3049
3051
3055
3057
3058
3059
3060
3061
3064
3066
3067
3069
3076
3077
3078
3080
3082
3083
3084
3087
3458
3090
3094
3095
3096
3097
3098
3099
3100
3101
3102
3103
3104
3109
3111
3112
3113
3114
3115
3117
3277
3120
3121
3123
3124
3129
3130
3131
4419
4827
3132
3133
3135
3136
3137
3138
3140
3141
3142
3146
3148
3149
3150
3153
3154
3155
3162
3163
7736
3169
3170
3173
3174
3175
7718
3177
3179
3180
3182
3183
3184
3186
3188
3189
7129
3192
3195
3196
3199
3200
3201
3204
3207
3209
3211
15476
3212
3213
3214
3215
3216
3217
12859
3219
3220
3221
3222
3223
3225
3226
3227
3228
3229
3231
3232
3233
3236
3237
3241
3242
3245
3246
3247
3248
3250
3251
3252
3253
6069
3255
3256
3257
3258
3259
3260
3261
3262
3263
3265
3266
3267
3268
3269
3270
3272
3273
3275
3276
3290
3278
3280
3281
3282
3283
3284
3285
3286
3287
3289
3293
3294
3295
3297
3298
3301
3302
6606
3303
6719
3304
3305
5533
3306
3307
3309
3854
3310
3311
3318
3325
3327
3328
3331
5139
3332
3334
3337
3343
3344
3348
3349
3355
3358
3361
3362
12900
3364
15186
3365
3368
3369
3372
3376
3378
3380
4869
4518
3514
4205
4734
3384
3385
3387
3388
3394
3396
3398
3399
3400
3404
3405
10378
3406
3408
3409
3411
3412
3413
3414
3415
3417
3418
3419
3420
3421
3422
3423
3426
3429
9613
7452
4130
11584
9813
9701
14194
3431
3434
3436
3437
3438
3439
6258
3445
3446
6561
3449
3451
3452
3453
14003
3454
3455
10262
3459
3461
11074
3462
3464
3468
3472
3473
4751
3474
3476
3478
3480
3482
3483
3484
3488
3491
3494
3501
3506
3508
3516
3517
3518
3521
3522
3523
3526
3528
5433
3532
3533
3534
3540
10250
3541
3544
3548
3551
3552
3556
3557
3561
3562
3564
3567
3574
3579
3581
3583
3585
3587
3588
3589
3591
3592
3595
3596
3597
3601
3608
3609
3611
3612
3614
3616
3620
3621
3622
6318
3627
3628
3629
10784
3631
3632
3633
4291
3636
3637
3641
3645
3646
3647
3651
3652
3656
3657
3661
6607
3662
3664
3665
3667
3668
3669
3670
3671
3672
3673
3674
3675
3676
3677
3680
12193
3684
3685
3686
9315
5576
4030
4631
15793
3687
3689
3690
3691
3694
3695
3697
3701
3702
4441
3704
3706
3707
3709
3710
3712
3716
3717
4195
3719
3722
6868
3724
3726
3727
3728
3730
3733
3734
3736
3737
3738
3739
3887
3740
3889
6579
3741
3745
3749
3752
3753
3755
3757
3758
3761
3762
3764
3767
3768
3769
3770
3771
3774
3775
3777
3782
3783
3789
3790
3791
13615
3793
3794
4239
3797
3798
3799
3800
3801
3803
3808
3810
3811
3813
3815
3817
3818
3819
6540
3820
3821
3822
3823
3827
3828
3829
3830
3831
3837
3838
3840
3842
3844
3846
3847
3849
3851
3855
3856
3862
3863
3865
3866
3869
3874
3875
3876
3882
3886
3890
3891
3893
3894
3895
3896
3897
3898
3899
3902
3903
3905
3906
3909
3911
10826
3912
4812
3917
3926
3927
3928
3930
3933
3936
3938
6783
3941
3947
3950
3951
3954
3956
3957
3958
3960
3963
3964
3965
3966
3967
3968
3974
15088
12191
3977
3981
9354
3982
3984
3985
3986
3987
3991
3994
3995
3996
4129
3998
4000
4003
8201
4004
4005
4006
4007
4010
4011
4012
4015
4016
4017
4019
4523
4020
4021
12484
4022
4023
4024
4025
10518
4026
4027
4029
4032
4033
4034
4035
4036
4037
4039
4040
4042
4044
4045
4046
4047
4048
4049
4050
4051
4059
4060
4061
4062
4063
4064
4065
4067
4068
4069
4070
4072
4074
4075
4076
4078
4079
4080
4081
4082
4083
4084
4085
4086
4087
4088
4090
4094
4095
4097
4098
4099
4101
4102
4104
4105
4106
4107
4108
7813
4110
6358
4111
4113
4114
4115
4116
4117
4119
4120
4123
4124
4125
4126
4127
7987
4128
4131
4132
4134
4135
4138
4139
4141
4142
4143
4145
4147
4148
4149
4152
4153
4154
4156
4158
4527
4160
4163
4164
4165
4167
4168
4169
4171
4172
12259
4174
4176
4178
4181
4183
4184
4185
4188
4189
4190
4192
4193
4194
4198
4200
4202
4203
4204
4207
4208
4209
4211
4214
4215
4217
4218
4219
4222
4225
4227
4228
4229
4230
4231
4232
4233
4237
4238
4240
4241
9243
9076
4244
4245
4246
4247
4249
4252
4253
4254
4256
4257
4258
4259
4260
5990
4261
4262
4263
4264
4267
4268
4270
4271
4274
4275
4279
4280
4281
4287
4288
4290
4292
4293
4294
5254
4301
4302
4303
4305
4306
4307
4310
4311
4314
4317
4318
4322
12980
4324
4325
4326
4327
4329
4330
4335
4336
4337
4339
4341
4343
4345
4347
4350
4353
4354
4356
4359
4362
4364
13126
12794
4366
4369
4370
4371
4374
4376
4377
4382
4385
4386
4393
4394
4398
4399
4400
4401
4402
9007
4404
4406
4407
4409
4412
4413
4417
4418
5278
4420
4425
4426
4427
13837
4428
4430
4431
4432
4436
4437
4438
4440
12622
5390
9630
4442
4444
4445
4446
4450
4452
4454
4455
4458
4460
4461
4462
4465
4467
4468
4469
4471
4472
4473
4475
9643
4476
8406
4478
4481
4483
4486
4488
4490
10540
4496
4497
4498
4502
4503
4505
4506
4507
4510
4508
4509
4513
4610
4514
4516
4517
4520
4522
4524
4526
4528
4529
4530
7056
15345
4531
4534
4535
4541
4543
4546
4548
4550
4551
4554
7777
4555
15682
4557
4558
4559
4560
4563
4564
4565
4566
4569
4570
4571
4573
4574
9921
4575
4576
4577
4580
4581
4582
4583
4587
4588
4589
4590
4592
4594
4595
4596
4597
4598
4599
4600
4601
4603
4605
4606
4607
5167
4730
4608
4611
4613
4614
4620
4622
4623
4625
4627
4632
4636
4637
4642
4644
4646
4648
4649
4650
4651
4652
9376
10537
5090
5074
4658
12512
4663
4666
4667
4668
4671
4674
4677
4679
4680
4681
4682
4683
4686
4687
4688
5022
4690
4692
4694
4698
4699
4702
4705
4707
4708
4712
4713
4714
4716
4717
4719
4720
4721
4724
4725
4726
4727
4731
4735
4739
4740
4742
4744
4745
4746
4749
4752
4753
4755
4756
4757
4759
4761
4762
4764
4765
4767
4768
4769
4770
4772
4774
4775
4776
4778
4779
4781
4788
4790
12850
4792
4794
4795
4796
4798
4799
4800
4801
4803
4804
4805
4809
4810
4811
4813
4814
4817
4820
4821
4822
4824
4825
4829
4831
4832
4834
4835
4836
4838
5325
5469
4839
4842
4849
4850
4851
4852
4854
4855
4856
4857
4858
4860
4861
4862
4865
4866
4867
4868
4871
4872
4873
4876
5168
4877
4878
4879
4880
4885
4886
4887
4888
4894
4895
4896
4898
4899
4900
4901
4904
4905
4906
4907
4908
4913
4914
4916
4920
4923
4924
4926
4928
4931
4933
4935
4938
4941
4942
4944
4945
10164
4947
4950
4951
4955
4956
4957
4959
4960
12757
4961
4962
4965
4967
4968
4972
4973
4974
4976
4979
4981
4983
4984
4988
4989
4990
4991
8819
4993
4994
4995
4996
4997
4999
5001
5003
6988
5007
5010
5011
5012
5013
5014
5016
5019
5020
5021
5023
5025
5026
5029
5031
5033
5034
5035
5037
5038
5039
5040
5041
5042
5043
5044
5045
5046
5048
5050
5054
5055
5056
5057
5058
5059
5060
5063
5064
5067
5069
5070
8603
5071
5076
5079
5080
5081
5082
5083
5085
5086
5088
5091
5093
5094
5095
5096
5112
5223
5097
5098
5099
5100
5199
5101
5102
5103
5104
5106
5107
5109
5110
5111
5113
5114
5115
5119
5120
5121
5122
5123
5125
5126
5129
5130
5135
5138
5276
5143
5146
5148
5150
5152
5154
5155
5156
5157
5158
5159
5160
5161
5162
5163
5164
5165
5166
5169
5171
5172
5174
5177
5178
5179
5180
5181
5182
5184
5188
5189
5190
5193
5195
6107
5201
5202
5203
5204
5207
5208
7454
5210
5213
5215
5217
5218
5220
12669
5224
5225
5227
5229
5230
5233
5234
5238
5240
5243
5244
5246
5249
5250
5251
5252
5253
5255
5258
5259
5261
5264
5265
5266
5267
5269
5270
5272
5273
5275
5277
5279
5282
5283
5284
5286
5287
5290
5293
5295
5296
5297
5299
14343
5304
5306
5307
5308
5311
5313
5315
5317
5318
5319
5320
5321
5322
5379
5323
5328
5329
5330
5335
5336
5338
5344
6671
5400
5349
6592
8853
5358
5360
5362
8935
5364
5366
5368
5370
7602
5377
8755
5380
5381
5383
5386
5387
14122
5391
5392
5393
5396
5404
5405
5407
5415
5417
5420
5422
8456
5427
5431
9409
5438
5439
5440
5444
5450
5453
5456
5457
5458
5459
5464
5468
5471
5472
5473
5475
5477
5479
5481
5482
5484
5486
5487
5490
5491
5493
5498
5502
5503
5505
5506
5509
5510
5514
5516
5518
5522
5523
5524
5525
5527
5530
5531
5534
5537
5538
5539
5540
5541
5542
5543
5544
5546
5550
5551
5552
5554
5555
5559
5560
5561
5570
5571
5572
5574
5589
5590
5598
9365
5755
9909
5603
5606
5608
5609
5610
5611
5612
5613
5614
5615
5617
5618
5620
5622
5630
9357
5632
5638
5639
5640
5652
5653
5659
5661
5662
5678
5680
5683
5685
5690
5693
5700
5703
5705
5713
5714
5715
5717
5718
5720
5721
5723
5728
5729
5731
5732
5734
5736
5740
5742
5747
5748
5752
5753
5754
5756
5758
5760
13789
5901
5761
5762
5765
5769
5770
5772
5773
5775
5776
5779
5780
5782
5783
5786
5791
5792
5793
5794
5797
5798
5799
5801
5802
5803
5805
5806
5807
5808
5809
5810
5811
5815
5821
5822
5823
5824
5825
5827
5837
5838
5840
5841
5843
5845
5847
5848
7121
5850
5852
5855
5856
5857
5858
5859
5860
5861
5865
5866
5867
5870
5871
5873
5875
5876
5880
7495
5883
5885
5886
5888
5892
5894
5896
5897
5903
5906
5907
5909
5910
5911
5913
5914
5916
5919
5923
5925
5926
5930
5935
5936
5939
5940
5943
5944
5945
5946
5949
5950
5953
5958
5960
5961
9682
5967
5972
5973
5974
5978
5980
10311
5982
5986
5987
5988
5991
6047
5992
5995
5998
6000
6002
6003
6004
6005
6006
6009
6010
6014
6019
6022
6024
6026
6029
6031
6033
6034
6035
6037
6042
6043
6046
14091
14005
14110
6050
6051
6054
6055
6056
6057
6060
6062
6065
6066
6068
6071
6074
6075
6078
6079
6081
6082
6084
6086
6087
6088
6089
6092
6094
6095
6100
6106
6110
6112
6113
6115
6116
6117
6120
6124
6126
6128
15081
9398
6134
6136
6138
6139
6140
6142
6145
6148
6149
6152
6154
6155
6156
6158
6160
6161
6165
6166
6167
6168
6171
6173
6177
6178
6179
6180
10685
6182
6183
6185
6190
6191
6193
6194
6199
6201
6203
6204
6205
6207
9896
11896
6210
6211
6212
6217
6218
10157
6220
6223
6226
6228
6229
6231
6233
6235
6238
6239
6242
6243
6245
6246
6249
6252
6255
6259
6261
6263
6267
6268
6269
6270
6272
6273
6278
6280
6281
6294
6301
6304
6305
6306
6308
6311
6312
6313
6316
6317
6320
6322
6323
6324
6325
6326
6330
6331
6332
6333
6334
6335
6337
6338
6340
6341
6344
6352
6353
6354
6355
6357
13044
6361
6363
6365
6369
6370
6371
6372
6373
6377
6378
6380
6383
6385
7929
6387
6389
6390
6393
6395
6396
6399
6402
6403
6404
10860
6409
6410
6412
6414
6415
6419
6425
6428
6432
6439
6441
6442
6444
6445
7758
6451
6452
6454
6455
6458
6459
6461
6471
6472
6473
6475
6477
6478
6480
6482
6483
6484
6485
6489
6491
6492
6494
6495
6503
6506
6508
6511
6516
6521
6527
6534
6535
6536
6539
6541
6542
6544
6546
6548
6549
6550
6552
6553
6555
6557
6573
6575
6576
6577
6581
6582
6583
6586
6588
6595
6598
6600
6601
6605
6609
6612
6614
6615
6616
6619
6620
6621
7126
6623
6624
6625
6626
6630
6632
6633
6637
6639
6641
6642
6644
6645
6646
6649
6650
6653
6654
6658
9132
11764
6666
6672
6676
6679
6683
6687
6689
6690
6693
6695
6696
6697
6698
6702
6703
6704
6705
6706
6707
6710
6712
6713
6714
6718
6721
6723
6725
6730
6734
6739
6740
6741
6744
6748
6750
6751
6754
6757
6758
6762
6766
6768
6771
6772
6774
6780
6781
6782
6784
6792
6797
6802
6803
6804
6810
6811
6812
6813
6817
6826
6830
6831
6834
6837
6839
6850
6852
6855
6856
6858
6861
6862
6863
6864
6865
6867
13856
6870
6874
6878
6882
6884
6888
6891
6894
6896
6897
6898
6903
6905
6909
6912
6914
6916
6921
6923
6925
6926
6929
6931
6934
11468
6937
6938
6939
6942
6951
6953
6956
6957
6958
6959
6961
6962
6963
6964
6965
6967
6971
6973
6974
6975
6976
6977
6981
6982
6983
6984
6985
6989
6991
6992
6993
7384
6996
6997
6999
7000
7002
7003
7004
7007
7008
7010
7013
7015
7020
7027
7028
7030
7032
7036
7037
7038
7040
7041
8568
7042
7043
7045
7046
7047
7048
7049
7051
7052
7053
7060
7062
7065
7068
7069
7072
7073
7075
7076
7079
7081
7082
7083
7085
7086
7087
7088
7090
7092
7093
7094
7097
7098
7100
7102
7103
7104
7106
7107
7109
7110
7114
7115
7116
7117
7122
7123
7124
7127
7130
7133
7134
7135
7138
7139
7140
7142
7143
7144
7149
7152
7153
7154
7159
7160
7162
7163
7168
7170
7173
8730
7177
7178
7180
7183
7184
7185
7187
7188
7190
7191
7192
7195
7198
7199
7200
7202
7210
7211
7212
7214
7217
7218
7219
7667
7224
7225
7229
7231
7232
7235
7239
7241
7242
7243
7244
7246
7248
7249
7250
7251
7254
7255
7256
7257
7258
7259
7261
7262
7267
7268
7270
7271
7272
7273
7274
7275
7276
8508
7291
7279
7280
7281
7282
7283
7286
7287
7292
7293
7294
7295
7296
7297
7299
7305
7306
7307
7308
7313
7314
7318
7319
7323
7325
7329
7330
7332
7335
7337
7338
7341
7342
7349
7352
7354
15004
7355
7356
7358
7361
7364
7367
7368
7375
7379
7380
7381
7383
7386
7387
7391
7392
7394
7396
7413
7419
7423
7424
7439
7440
7443
7445
7446
12753
7448
7450
7455
7464
7465
7466
7467
7470
7474
7475
7478
7482
7483
7485
7490
7491
7493
7496
7498
13239
7504
7505
7506
7507
7515
7521
7524
7528
7529
7532
7533
7534
7535
7537
7542
7543
7546
7549
7551
7552
7554
7691
7555
10431
7560
7563
7565
7567
7569
7570
7571
7572
7573
7574
7576
7577
7579
7580
7581
7582
7583
7586
7588
7590
7591
9832
7751
7592
7594
7600
7603
7605
7606
7607
7608
7609
7610
7611
7612
7616
7622
7624
7627
7628
7629
7631
7633
7634
7635
7636
7641
7644
7645
7647
7649
7654
7655
7657
7663
7665
7675
7676
7678
7679
12268
13443
7681
7683
7684
7686
7687
7690
7692
7693
7695
7698
7699
7701
7703
7705
9795
7708
9595
7711
7716
7731
7717
7723
7724
7725
7726
7727
7729
7730
7735
7738
7741
7742
7747
7748
7749
7750
7752
7753
7754
7757
7760
7761
7762
7768
7770
7772
7773
7774
7775
7780
7784
7786
7790
7798
7799
7802
7803
7805
7807
7811
7817
7818
7823
7824
7825
7830
7832
7833
7866
7837
7839
7840
7841
7842
7843
7844
7846
7848
7850
7852
7853
7854
7855
7856
7857
7858
7859
7867
7868
7869
7872
7880
7882
7885
7886
7887
7888
7890
7891
7892
7893
7894
7895
7896
7897
7902
7903
7906
7907
7909
7911
7914
7915
7916
7917
7919
7920
7921
7924
7925
7926
7927
7928
7930
11318
7931
7932
7935
7936
7938
7939
7940
7941
7943
7944
7945
7946
7948
7956
7957
7959
7960
7962
12777
7966
7968
7970
7972
7973
7975
7978
7981
7983
7986
7990
7996
7999
8001
14939
8003
8005
8019
8022
8032
8034
8036
8038
8041
8044
8047
8062
8094
8095
8097
8104
8112
8113
8114
8124
8126
8127
8134
8135
8137
8139
8152
8154
8157
8161
8166
8169
8170
8173
8174
8176
10804
8179
8180
8184
8185
8188
10025
8189
8199
8209
8210
8220
8225
8230
8233
8236
8239
8241
8248
8250
8259
8260
8263
8264
8266
8268
8284
8288
8293
8303
8305
8309
8311
8314
8315
8326
8327
8334
8335
8338
8349
8353
8357
8362
8363
8365
8380
8381
8386
8389
8392
8396
8397
8398
8402
8411
8414
8419
8437
8438
8444
8446
8450
8451
8454
8461
8466
8473
8475
8477
8483
8486
8487
8489
8490
8491
8494
8496
8505
8515
8519
8523
8526
8530
8532
8534
8536
10124
8539
8541
8542
8543
8547
8559
8561
8564
8565
8571
8572
8573
8575
8577
8578
8580
8581
8582
8583
8585
8587
8588
8590
8594
8597
8602
8606
8608
8609
8610
8611
8613
8615
8618
8619
8620
8621
8622
8625
8626
8627
8628
8629
8630
8631
8632
8633
8634
8635
8637
8638
8639
8641
8642
8648
8649
8650
8653
8655
8656
8657
8659
8660
8662
12759
8663
8667
8669
8673
8677
8679
8680
8681
8685
8687
8689
8691
8693
8694
8695
8696
8697
8700
9198
8702
8703
8705
8708
8709
8714
8715
8716
8719
8721
8735
8723
8725
8727
8733
12283
8736
8737
8738
8739
8741
8742
8747
8748
8749
8751
8752
8754
8756
8757
8758
8760
11421
8761
8762
8763
8764
8766
8767
8768
8772
8775
8777
8782
8785
8787
8788
8791
8792
8795
8796
8799
8800
8801
8803
8805
8807
8808
8809
8810
8812
8813
8816
8817
8826
8828
8829
8830
8831
8836
8837
8839
8842
8844
8845
8847
8849
8851
8855
8856
8859
8860
8862
8867
8870
8873
8876
8881
8882
8883
8886
8893
8894
8895
8896
8897
8899
8900
8901
8902
8904
8907
8908
8909
8911
8913
8914
8916
8918
8920
8921
8924
8926
8927
8930
8932
8939
8941
8943
8950
8958
8959
8963
8964
8965
8967
8971
8974
8992
9005
9018
9021
9028
9032
9035
9036
9039
9044
9046
9047
9048
9051
9060
9852
9063
9066
9069
9070
9071
9075
9079
9082
9083
9085
9090
9092
9095
9097
9098
9099
9100
9101
9103
9104
9105
9109
9111
9113
9116
9118
9121
9126
9127
9133
9139
9141
9142
9144
9145
9148
9150
9151
9157
9159
9163
9167
9171
9174
9184
9185
9186
9188
9193
9196
9197
9203
9214
9215
9218
9219
9222
9223
9227
9228
9231
9232
9235
9236
9240
9241
9251
9257
9272
9273
9275
9277
9280
9283
9285
9287
9288
9289
10738
10852
9290
9291
9295
9298
9300
9301
9302
9306
9309
9312
9314
9319
9322
9324
9328
9331
9335
9339
9341
9346
9347
9349
9351
9352
9353
14205
9356
9361
9362
9364
9368
9372
9374
9378
9387
9390
9393
9395
9396
9400
9405
9406
9410
9415
9421
9422
9426
9428
9429
9431
9432
9433
9435
9449
9450
9452
9453
9455
9456
9457
9458
9549
9465
9469
9470
9472
9473
9479
9480
9481
9483
9484
9488
9490
9491
9496
9501
9502
9503
9511
9512
9515
9521
9522
9523
9527
9529
9538
9540
9545
9553
9554
9558
9557
9565
9566
9567
9568
9569
9570
9571
9573
9574
9579
9581
9586
9588
9589
9591
9592
9594
9599
9601
9602
9606
9608
9610
9612
9614
10483
9617
9619
9621
9622
9623
9625
9626
9628
9631
9632
9633
9638
9640
9642
9644
9646
9648
9650
9658
9660
9664
9665
9667
9672
9678
9680
9685
9687
9691
9692
9693
9697
9702
9704
10433
9707
9708
9710
9714
9715
9717
9723
9724
9734
9736
9738
9742
9748
9749
9751
9753
9755
9756
9757
9758
9760
9761
9763
9767
9769
9770
9773
9774
9776
9781
9785
9790
9792
9793
9794
9796
9800
9802
9803
9804
9856
9807
9809
9810
9811
9815
9817
9818
14026
9822
9823
9825
9828
9833
9834
9835
9836
9837
9838
9839
9840
9842
9844
9846
9848
9853
9855
9857
9858
9859
9862
9865
9866
9869
9873
9874
9878
9879
9881
9884
9887
9889
9891
9893
9898
9901
13328
9902
9903
9904
9905
9908
9913
9914
9915
9916
9917
9920
9922
9924
9925
9926
9927
9932
9933
12890
9934
9935
9938
9942
9944
9945
9950
9953
9955
9959
9960
9961
9962
9966
9967
9971
9972
9974
9975
9977
9981
9986
9987
9998
10009
10013
10028
10033
10034
10036
10038
10040
10045
10051
10056
10057
10061
10062
10063
10064
10067
10069
10072
10074
10076
10081
10699
11472
10085
10089
10090
10092
10118
10119
10120
10121
10125
10138
10140
10142
10146
10147
10152
10159
10163
10376
10167
10169
10171
10172
10173
10180
10181
10182
10183
10186
10187
10189
10190
10191
10195
10198
10207
10210
10211
10213
10214
10215
10216
14014
10218
10219
10223
10224
10225
10226
10227
10229
10230
10232
10233
10234
10235
10237
10240
10244
10246
10247
10251
10252
10253
10254
10255
10256
10257
10261
10263
10264
10265
10266
10267
10269
10271
10273
10274
10275
10278
10280
10281
10282
10283
10284
10285
10286
10288
10289
10293
10294
10296
10297
10299
10301
10302
10303
10304
10307
10308
10309
10310
10312
10313
10314
10316
10321
10322
10323
10324
10327
10329
10330
10334
10339
10342
10343
10344
10345
10346
10347
10348
10350
10353
10354
10355
10356
10357
10358
10359
10360
10362
10369
10371
10375
10379
10383
10385
10386
10387
10388
10392
10393
10398
10399
10401
10403
10404
10406
10408
10409
10411
10414
10416
10419
10421
10422
10425
10426
10427
10432
10434
10435
10436
10437
10439
10441
10442
10443
10446
10447
10449
10451
10453
10454
10455
10456
10458
10459
10461
10462
13204
10465
10466
10467
10468
10470
10471
10473
10476
10477
10479
10480
10484
10486
10487
10488
10490
10491
10492
10495
10496
10499
10500
10501
10502
10503
10507
10508
10509
10510
10511
10512
10517
10519
10520
10521
10522
10523
10524
10525
10526
10528
10529
10530
10531
10532
10533
10535
10536
10538
10542
10545
10546
10549
10551
10553
10554
10556
10557
10558
10559
10560
10564
10565
10567
10569
10570
10571
10572
10573
10575
10576
10580
10581
10582
10584
10586
10587
10588
10589
10590
10591
10592
10595
10596
10598
10599
10600
11846
10604
10605
10606
10609
10610
10611
10612
10613
10615
10616
10617
10618
10619
10620
10621
10623
10627
10628
10629
10630
10631
10632
10634
10635
10638
10639
10641
10642
10643
10644
10645
10648
10649
10651
10652
10654
10655
10656
10657
10658
10659
10660
10661
10664
10665
10666
10667
10671
10672
10673
10675
10676
10678
10681
10682
10686
10687
10688
10692
10693
10694
10695
10697
10702
10704
10705
10706
10707
10708
10710
10711
10716
10717
10718
10719
10720
10721
10722
10725
10726
10727
10728
10729
10730
10731
10732
10734
10735
10736
10740
10741
10742
10743
10744
10745
10746
10747
10748
10753
10754
10755
10757
10758
10759
10760
10763
10764
10765
10766
10767
10768
10771
10772
10773
10774
10777
11254
10778
10780
10782
10783
10785
10786
10787
10788
10790
10791
10792
10793
10797
10798
10800
10802
10803
10805
10806
10807
10808
10810
10811
10812
10813
10814
10815
10816
10817
10819
10820
10821
10824
10825
10829
10830
10831
10834
10841
10842
10845
10846
10847
10848
10849
10850
11150
10853
10854
10857
10859
10861
10863
10866
10867
10870
10871
10872
10873
10874
10875
10876
10878
10879
10881
10882
10884
10885
10886
10887
10888
10889
10893
10894
10895
10897
10899
10900
10901
10902
10903
10905
10906
10907
10908
10909
10910
10911
10912
10913
10914
10915
10918
10919
10920
10921
10924
10925
10926
10928
10929
10932
10936
10937
10938
10939
10944
10945
10946
10949
10950
10951
10952
10953
10954
10956
10957
10960
10961
10962
10964
10965
10967
10969
10972
10973
10974
10977
10980
10981
10983
10986
10989
10991
10993
10996
10997
10998
10999
11000
11001
11003
11004
11005
11006
11008
11009
11011
11013
11015
11016
11017
11019
11021
11023
11030
11031
11035
11036
11037
11042
11044
11046
11048
11049
11052
11053
11054
11056
11057
11059
11060
11062
11064
11065
11066
11067
11068
11069
11070
11072
11075
11076
11077
11078
11079
11080
11081
11084
11085
11087
11088
11090
11091
11092
11094
11097
11098
11102
11103
11104
11105
11107
11108
11109
11113
11114
11115
11121
11122
11123
11125
11126
11127
11129
11133
11134
11137
11140
11141
11143
11144
11145
11152
11153
11154
11155
11156
11157
11158
11159
11160
11162
11163
11164
11165
11167
11170
11171
11174
11175
11181
11182
11183
11184
11185
11187
11188
11189
11190
11194
11352
11195
11197
11199
11201
11203
11205
11206
11207
11208
11209
11210
11211
11212
11214
11215
11216
11217
11218
11220
11221
11223
11224
11225
11226
11227
11228
11229
11231
11232
11235
13046
11237
11238
11247
11250
11253
11256
11257
11258
11259
11260
11261
11263
11271
11274
11278
11279
11282
11284
11286
11287
11290
11291
11294
11295
11298
11302
11303
11304
11305
11306
11309
11310
11311
11313
11314
11320
11324
11325
11327
11328
11330
11331
11333
11334
11335
11338
11339
11340
11341
11342
11343
11344
11346
11351
11353
11354
11356
11357
11358
11363
11364
11367
11369
11370
11374
11376
11377
11379
11380
11381
11382
11383
11384
13858
11387
11390
11392
11393
11394
11398
11399
11400
11401
11402
11403
11404
11405
11406
11407
11408
11409
11411
11412
11414
11415
11418
11419
11420
11422
11423
14361
13823
11425
11427
11428
11431
15003
11433
11434
11435
11436
11437
11438
11442
11443
11445
11446
11448
11449
11451
11452
11453
11454
11455
11457
11458
11460
11461
11462
11463
11464
11465
11466
11467
11470
11475
11476
11478
11479
11480
11482
11484
11485
11486
11489
11490
11498
11500
11501
11502
11504
11506
11515
11518
11519
11520
11526
11532
11534
11536
11537
11545
11547
11549
11550
11552
11554
11556
11571
11576
11578
11579
11582
11583
11585
11586
11587
11591
11593
11594
11596
11598
11600
11602
11607
11611
11613
11616
11619
11620
11622
11624
11625
11626
11627
11637
11639
11640
11645
11646
11649
11651
11657
11658
11666
11667
11672
11674
11676
11683
11684
11686
11690
11692
11693
11695
11697
11699
11701
11708
11713
11722
11724
11726
11727
11729
11730
11735
11738
11739
11740
11748
11751
11752
11753
11754
11757
11758
11760
11762
11763
11765
11769
11773
11775
11777
11780
11974
11786
11789
11792
11799
11803
11805
11808
11812
11813
11819
11843
11844
12896
11848
11849
11850
11851
11852
11857
11861
11864
11869
11870
11872
11874
11875
11882
11883
11884
11887
11888
11890
11892
11909
11917
11918
11919
11923
11924
11925
11928
11930
11931
11932
11937
11944
11946
11948
11950
11954
11955
11956
11958
11963
11964
11965
11968
11971
11975
11976
11978
11979
11986
11988
11989
11991
11992
11993
11994
11996
11997
12007
12008
12009
12011
12013
12018
12020
12024
12026
12029
12030
12031
12032
12034
12035
12036
12037
12038
12041
12042
12043
12048
12051
12052
12053
12054
12056
12058
12063
12065
12066
12068
12071
12074
12077
12079
12083
12085
12086
12098
12101
12102
12107
12111
12113
12117
12119
12121
12124
12125
12392
12223
12129
12131
12134
12135
12136
12137
12138
12147
12150
12154
12155
12159
12162
12164
12166
12167
12169
12170
12175
12178
12181
12183
12186
12194
12195
12202
15339
12210
12211
12214
12217
12222
12224
12228
12229
12230
12231
12232
12234
12235
12236
12239
12240
12242
12243
12245
12246
12252
12253
12257
12262
12266
12267
12270
12271
12276
12277
12279
12284
12287
12290
12293
12295
12296
12297
12298
12299
12303
12305
12307
12311
12312
12314
12316
12318
12319
12320
12322
12330
12332
12333
12337
12338
12340
12344
12345
12348
12349
12350
12355
12358
12361
12365
12367
12368
12374
12375
12377
12378
12380
12383
12384
12386
12387
12393
12395
12401
12402
12405
12408
12412
12413
12421
12424
12425
12426
12428
12429
12430
12431
12432
12434
12436
12437
12439
12446
12450
12453
12456
12460
12461
12462
12463
12471
12474
12475
12480
12481
12485
12486
12488
12489
13903
12490
12492
12494
12495
12499
12500
12501
12502
12503
12504
12507
12509
12510
12513
12515
12517
12521
12522
12526
12528
12530
12532
12533
12539
12541
12546
12548
12551
12553
12555
12558
12563
12572
12574
12577
12579
12582
12583
12587
12590
12592
12608
12609
12610
12615
12617
12619
12621
12624
12627
12629
12631
12633
12636
12638
12643
12645
12651
12653
12654
12658
12661
12664
12672
12675
12680
12681
12686
12690
12691
12692
12694
12698
12699
12700
12701
12702
12711
12712
12720
12723
12727
12740
12743
12746
12748
12749
12752
12755
12756
12758
12761
12762
12764
12765
12767
12769
12778
12779
12780
12781
12792
12793
12795
12798
12802
12803
12804
12805
12809
12810
12813
12814
12821
12822
12824
12826
12832
12837
12841
12844
12845
12852
12855
12857
12860
12861
12862
12864
12865
12867
12872
12874
12876
12880
12884
12885
12886
12887
12888
12891
12892
12893
12894
12895
12901
12903
12904
12905
12906
12908
12910
12911
12913
12914
12915
12916
12917
12922
12926
12929
12930
12931
12933
12934
12935
12940
12942
12945
12948
12950
12958
12961
12962
12964
12967
12969
12971
12972
12973
12978
12982
12985
12986
12987
12989
12994
12997
12998
13001
13002
13004
13005
13007
13009
13010
13011
13012
13015
13016
13018
13026
13028
13029
13031
13034
13035
13037
13038
13041
13042
13045
13048
13051
13052
13058
13061
13062
13068
13071
13074
13075
13078
13079
13080
13081
13086
13088
13089
13095
14041
13096
13099
13103
13105
13108
13110
13116
13118
13121
13124
13127
13135
13138
13140
13147
13153
13156
13157
13160
13161
13164
13166
13168
13169
13170
13172
13173
13175
13178
13182
13187
13188
13190
13192
13193
13194
13196
13198
13203
13210
13212
13213
13214
13219
13228
13231
13235
13238
13753
13240
13241
13242
13245
13252
13253
13255
13256
13257
13260
13261
13263
13264
13272
13275
13277
13280
13283
13285
13290
13295
13297
13298
13299
13300
13302
13307
13310
13313
13315
13316
13320
13321
13330
13333
13336
13337
13338
13339
13340
13343
13345
13350
13351
13352
13354
13358
13359
13360
13361
13363
13364
13365
13367
13369
13370
13375
13378
13382
13383
13384
13387
13390
13392
13395
13396
13397
13402
13408
13410
13412
13416
13418
13422
13423
13424
13427
13429
13434
13436
13437
13438
13439
13441
13442
13445
13448
13450
13451
13453
13454
13456
13457
13458
13459
13460
13462
13463
13467
13468
13469
13470
13471
13473
13474
13475
13478
13479
13480
13481
13482
13484
13485
13486
13490
13492
13494
13495
13496
13497
13498
13499
13500
13502
13503
13508
13509
13511
13512
13513
13516
13517
13520
13521
13522
13525
13527
13531
13532
13533
13534
13535
13536
13540
13542
13543
13544
13546
13550
13554
13555
13556
13562
13564
13566
13567
13568
13569
13575
13578
13579
13582
13583
13585
13586
13589
13590
13591
13594
13596
13597
13598
13600
13603
13604
13605
13608
13609
13612
13613
13614
13617
13618
13621
13622
13623
13624
13625
13629
13631
13632
13633
13634
13635
13636
13637
13638
13639
13640
13645
13647
13648
13650
13651
13652
13653
13655
13659
13660
13661
13662
13663
13664
13666
13667
13668
13669
13670
13675
13676
13677
13679
13681
13683
13684
13685
13686
13687
13688
13689
13690
13695
13699
13704
13705
13706
13708
13709
13711
13712
13713
13715
13723
13727
13731
13735
13736
13738
13740
13741
13742
13743
13745
13746
13747
13748
13749
13750
13752
13754
13755
13757
13758
13760
13761
13762
13763
13764
13767
13768
13770
13772
13773
13774
13775
13776
13778
13779
13781
13783
13785
13787
13788
13790
13792
13793
13795
13796
13797
13798
13804
13805
13807
13808
13809
13810
13812
13813
13816
13818
13819
13820
13821
13822
13825
13828
13831
13832
13833
13834
13835
13836
13839
13840
13841
13842
13845
13846
13847
13848
13850
13851
13853
13855
13860
13861
13862
13863
13866
13872
13873
13874
13875
13876
13877
13878
13880
13882
13883
13884
13888
13889
13891
13892
13893
13898
13899
13900
13901
13905
13911
13913
13915
13916
13918
13919
13921
13922
13923
13924
13925
13929
13930
13931
13933
13936
13937
13938
13940
13941
13942
13943
13944
13945
13946
13947
13948
13950
13951
13952
13953
13955
13956
13957
13959
13960
13961
13963
13964
13966
13967
13968
13969
13974
13975
13976
13977
13978
13982
13984
13986
13989
13993
13996
13997
13998
13999
14002
14004
14006
14007
14008
14010
14012
14016
14023
14024
14025
14027
14028
14029
14031
14032
14033
14035
14038
14046
14047
14052
14054
14055
14058
14062
14069
14071
14072
14073
14075
14076
15404
14077
14080
14081
14082
14083
14084
14087
14088
14090
14095
14097
14098
14100
14101
14102
14113
14116
14117
14119
14123
14125
14127
14133
14134
14135
14137
14139
14143
14144
14148
14151
14152
14154
14155
14156
14158
14159
14160
14161
14162
14166
14167
14168
14169
14171
14172
14173
14175
14176
14177
14178
14180
14181
14182
14184
14187
14189
14192
14197
14198
14199
14203
14204
14206
14207
14209
14212
14213
14214
14216
14217
14222
14223
14224
14225
14226
14227
14229
14230
14232
14233
14234
14235
14238
14239
14242
14243
14245
14249
14250
14254
14255
14256
14257
14258
14260
14261
14264
14265
14266
14267
14268
14269
14270
14273
14278
14280
14287
14293
14295
14300
14309
14313
14314
14316
14317
14322
14325
14328
14329
14330
14331
14333
14334
14335
14336
14340
14342
14346
14347
14348
14350
14355
14356
14358
14362
14363
14365
14366
14371
14372
14373
14375
14376
14380
14381
14384
14389
14390
14392
14399
14400
14402
14403
14404
14405
14408
14409
14412
14413
14416
14417
14418
14419
14420
14422
14426
14428
14435
14439
14442
14446
14447
14448
14451
14452
14453
14454
14457
14460
14467
14469
14470
14471
14472
14474
14475
14476
14477
14478
14479
14482
14488
14490
14491
14492
14494
14503
14505
14508
14509
14512
14513
14514
14516
14518
14519
14520
14521
14524
14527
14532
14534
14538
14539
14540
14541
14542
14543
14544
14547
14548
14552
14554
14558
14559
14561
14564
14566
14568
14569
14570
14571
14572
14573
14576
14577
14578
14580
14583
14584
14585
14588
14590
14592
14594
14599
14602
14603
14604
14605
14606
14611
14613
14618
14624
14627
14629
14637
14638
14640
14641
14643
14644
14647
14652
14655
14657
14658
14660
14662
14664
14665
14667
14670
14671
14676
14683
14686
14688
14689
14691
14693
14695
14696
14697
14698
14699
14700
14703
14704
14705
14706
14711
14713
14718
14720
14723
14728
14729
14734
14736
14737
14744
14747
14748
14749
14751
14755
14757
14758
14760
14761
14763
14765
14767
14768
14771
14772
14773
14778
14780
14781
14782
14783
14785
14790
14795
14802
14810
14813
14814
14816
14818
14820
14823
14824
14827
14834
14836
14838
14841
14843
14844
14845
14848
14851
14852
14853
14855
14856
14857
14860
14861
14863
14865
14866
14867
14868
14869
14870
14871
14872
14873
14874
14878
14880
14881
14884
14886
14887
14888
14891
14892
14894
14895
14898
14899
14900
14902
14904
14905
14907
14908
14909
14910
14911
14912
14913
14914
14915
14916
14917
14918
14919
14920
14921
14922
14924
14925
14928
14929
14931
14932
14934
14942
14943
14944
14945
14946
14948
14950
14951
14953
14955
14957
14958
14959
14960
14964
14967
14969
14970
14972
14973
14979
14980
14981
14982
14983
14984
14986
14987
14990
14991
14992
14993
14996
14997
14998
15000
15001
15002
15005
15006
15008
15010
15011
15013
15015
15016
15017
15020
15023
15024
15028
15029
15030
15031
15034
15035
15036
15037
15039
15044
15046
15047
15049
15050
15054
15055
15056
15057
15058
15059
15060
15061
15063
15064
15065
15066
15069
15071
15072
15073
15074
15075
15076
15078
15079
15082
15087
15089
15090
15091
15093
15097
15098
15099
15101
15103
15104
15105
15106
15107
15109
15113
15114
15116
15117
15121
15124
15126
15129
15131
15132
15133
15134
15136
15137
15139
15140
15141
15142
15144
15145
15146
15147
15148
15150
15154
15155
15157
15159
15161
15162
15164
15166
15167
15169
15170
15174
15178
15184
15187
15188
15190
15195
15197
15198
15200
15201
15202
15204
15205
15207
15211
15213
15215
15216
15223
15225
15227
15231
15232
15236
15237
15238
15242
15244
15247
15253
15257
15260
15264
15265
15269
15270
15271
15273
15274
15275
15280
15286
15288
15289
15291
15301
15302
15303
15307
15316
15318
15320
15321
15323
15334
15336
15341
15342
15343
15344
15346
15347
15351
15352
15358
15360
15361
15363
15365
15366
15367
15368
15369
15370
15372
15374
15375
15376
15377
15378
15379
15380
15381
15382
15383
15384
15385
15387
15388
15392
15393
15394
15395
15396
15397
15398
15399
15400
15401
15405
15408
15409
15411
15415
15417
15418
15420
15421
15422
15423
15424
15425
15426
15602
15435
15438
15440
15441
15444
15447
15449
15451
15453
15454
15455
15456
15457
15460
15461
15465
15467
15468
15471
15472
15478
15481
15482
15484
15487
15488
15489
15490
15491
15496
15498
15500
15501
15504
15505
15506
15507
15508
15509
15511
15512
15513
15516
15518
15519
15520
15522
15523
15524
15525
15526
15527
15528
15529
15530
15531
15536
15539
15540
15541
15543
15547
15549
15553
15554
15557
15558
15562
15563
15564
15575
15578
15579
15580
15581
15582
15583
15584
15585
15587
15590
15592
15594
15595
15596
15597
15612
15614
15615
15616
15617
15618
15619
15620
15625
15626
15627
15630
15631
15632
15633
15635
15637
15639
15643
15644
15646
15652
15654
15657
15658
15659
15660
15662
15664
15665
15666
15669
15674
15676
15677
15678
15679
15683
15685
15686
15688
15690
15692
15694
15695
15696
15697
15699
15700
15701
15703
15705
15706
15707
15711
15713
15714
15716
15717
15718
15720
15722
15724
15725
15727
15731
15733
15734
15736
15740
15741
15745
15746
15747
15749
15750
15752
15767
15768
15770
15775
15776
15777
15781
15782
15783
15784
15786
15790
15795
15796
15797
15799
15800
15803
15805
15813
15819
15826
15829
15837
15846
15848
15851
15852
15855
15856
15859
15860
15861
15864
15866
15867
15869
15871
15875
15879
15880
15882
15883
15886
15887
15889
15891
15892
15893
15895
15896
15897
15899
15900
15903
15904
15906
15907
15911
15914
15922
15924
15925
15930
15946
15947
15951
15958
15964
15965
15966
15968
15970
15974
15976
15978
15983
15985
15988
15990
15991
15994
15995
15996
15999
16000
16002
16003
16005
16006
16008
16011
16012
16013
