2
384
3137
3
134
3104
1960
9
2733
2319
8272
82
819
855
4047
1944
33
2019
2532
4
68
6
5
2160
156
7
128
2454
8
10
11
9742
12951
1563
158
1574
42
1324
4786
2743
2873
60
1726
1344
1632
1475
8391
1737
1101
80
4179
1942
599
604
736
2401
10082
14824
4459
621
3183
754
979
464
3646
1912
892
125
3874
2919
13
2850
18
2200
9377
19
23
1409
514
12
9489
3223
792
282
6360
9818
2464
1059
1829
6442
2869
5687
8252
190
12997
4295
16584
3020
717
5923
88
2266
92
7391
228
9062
628
3829
7544
12414
26
27
29
30
31
32
35
36
41
98
4353
4776
2626
145
13683
2135
121
3610
929
12612
105
74
4882
11636
13143
2779
9244
44
45
1794
9906
1680
498
7059
914
1983
51
52
55
57
58
59
62
63
64
2073
3513
67
4052
2350
69
70
73
6528
1537
130
15878
4615
5512
5258
5771
10895
5273
10653
1958
1693
2484
3765
1289
10297
1850
1470
5444
9425
5842
3427
7511
2392
4317
355
2470
4583
2152
6379
4848
2552
2941
76
77
78
79
2988
3789
1598
81
83
9451
2697
11819
4661
12703
86
87
89
4034
90
2609
4448
2583
91
432
444
4011
1931
1911
795
94
95
12062
2199
99
100
102
103
8105
5034
11565
3324
333
6343
104
3565
3201
5381
2698
274
6933
12320
171
11308
4273
13493
5430
13112
12086
6342
11337
7121
7636
13022
12262
10961
12791
12536
113
1242
178
114
116
120
872
123
3389
136
127
9435
319
129
1906
131
135
4255
137
142
143
3300
144
147
148
151
152
153
155
157
3207
2601
14700
711
4398
2230
13593
186
2045
159
5087
160
161
164
165
166
5427
7157
2439
167
2012
1357
168
7979
2909
1782
169
170
172
173
175
176
177
179
180
424
181
182
1956
185
188
189
16662
191
192
193
194
8143
195
9056
197
370
201
202
204
5839
209
210
393
323
638
219
211
2370
276
557
212
2734
3251
8407
1310
3519
215
222
7332
226
2694
233
234
248
251
255
256
257
13136
8533
918
537
270
272
1743
1732
6885
11708
6647
5005
4976
11281
2291
790
4151
1915
5788
275
277
278
284
3579
288
2866
290
294
295
298
299
307
308
1117
309
796
310
7650
311
312
314
1697
13412
1607
10610
1392
3481
8441
316
11110
325
9527
2721
334
1855
337
338
850
341
345
346
349
743
354
5060
7374
1423
10453
1400
799
369
372
663
376
1991
1736
4043
5452
2543
2696
2648
377
3514
1276
380
10561
8653
8474
429
570
571
2554
381
1235
9080
383
7021
4173
4949
12636
387
6799
394
404
3835
407
408
409
410
14418
413
417
3644
11982
8304
3196
3678
12863
423
8674
428
430
435
10862
1214
441
10383
4117
443
445
447
449
502
454
455
459
1011
463
6455
467
4217
468
472
482
490
6281
12456
495
2314
6414
503
505
508
509
4081
1755
512
1771
518
520
8115
522
524
529
535
536
1913
6962
540
9590
541
542
546
1345
556
3564
559
562
565
566
568
569
575
576
577
579
580
583
584
585
586
588
589
592
3430
594
596
598
11921
601
602
603
2822
607
3643
609
612
616
617
618
627
632
634
635
636
640
643
644
645
13135
1990
1290
3164
2236
9719
5432
13565
646
650
656
661
666
669
674
2106
678
680
687
689
696
702
703
704
705
706
710
10626
5266
7535
4313
712
714
6720
5369
2169
718
719
720
721
722
725
726
731
735
739
741
744
747
749
750
751
1777
755
759
763
764
765
768
771
773
781
783
784
789
3949
7473
9635
791
15612
793
4511
798
6717
802
804
808
809
810
811
10998
9614
3639
815
5336
1978
816
1862
830
1701
831
2254
833
836
838
840
6483
6036
3607
841
2161
12109
5074
1427
842
843
3190
882
851
852
853
854
11348
3416
856
861
863
864
866
869
870
871
10502
1510
11252
3768
2137
4063
5101
874
876
1327
877
879
1065
2685
881
6759
3282
14778
14645
883
884
886
887
889
890
2000
12982
2207
891
5797
893
3267
895
896
897
898
899
937
900
903
909
3180
920
921
922
923
9772
2194
11868
924
928
933
946
947
948
949
1127
1231
1128
1106
1236
1627
950
951
1709
1146
952
953
954
957
959
6784
7092
5067
960
1229
964
966
967
968
2217
1778
2167
3419
969
971
975
976
977
4769
983
984
987
990
992
993
4451
4506
997
999
1005
3588
1007
1010
1193
1014
1016
1017
1018
1021
1022
1023
1025
1026
1027
2584
1028
1029
1030
1031
1033
1095
1035
1036
1037
1288
11218
1040
1044
1045
1046
1047
1048
4698
1049
1056
1058
1060
4297
1081
1086
13713
6425
6093
1638
4264
3963
3964
1097
1098
1103
1483
1107
1116
1121
1123
4085
1131
1132
1136
1137
1138
1147
1148
1150
3438
11420
1155
1159
1161
4037
1162
1165
1166
1167
1173
1178
1182
12620
1186
1187
1188
1190
6140
1192
1199
1200
1205
1206
1416
1209
1210
1211
1213
1216
1219
1221
1222
1227
1228
1232
1233
1234
5801
1240
7758
1241
1245
1247
1248
1251
1255
1258
2107
1263
1264
2641
1269
1273
4820
1275
1287
1383
2248
4474
4340
1291
1296
1298
1301
1302
1304
1306
1311
1312
1314
1316
1317
1318
1322
1326
1329
1332
1335
1337
1339
1343
1928
13669
1450
1348
1351
11797
4891
1917
1359
1365
1366
1367
1369
1381
4450
1372
1373
1374
1375
12205
1377
1382
7195
1384
1385
1387
1388
1390
1391
1394
1396
1399
1560
7183
2245
1405
1411
1412
6153
1413
1414
1418
14897
1417
1891
3942
1419
1421
1422
1428
1429
1431
1432
1437
1439
1440
1445
1446
1447
1448
4971
1451
1581
1454
1457
1461
1464
1466
1471
3763
2299
3487
1476
1477
1478
4674
1484
1489
1490
1492
1502
1512
1516
1519
1520
4954
1521
1523
1524
1525
1526
1529
1532
1533
1543
1544
1545
1553
1559
1780
4455
1562
4800
1564
1569
1572
4072
6873
2842
3488
4966
1576
1577
1583
1584
1588
1591
1592
12279
4985
1689
1798
1599
1601
1605
1606
7694
11006
1608
12540
1609
1614
1618
1620
3628
1624
1628
1629
1630
1631
1633
1637
4718
1643
1644
1650
1652
1653
1656
1659
1661
1663
1664
2435
2424
1674
11246
1683
1684
1686
1980
1688
1690
1692
3327
2758
1694
1695
1699
1700
1702
1703
1704
1708
1711
1712
1713
1717
1719
1722
1723
8259
1727
1728
4817
1731
1733
1735
1738
1740
1742
1745
1746
1749
1752
1753
1754
1757
6887
6417
1759
1760
1761
2496
1764
1766
1905
1767
1770
1772
5508
1787
1788
1789
1790
1791
1793
1796
1799
1800
1804
1805
1806
1808
12462
1809
1985
1821
1822
1826
1828
1831
1833
1834
1839
7292
1840
1841
1842
1843
1844
1845
1851
1858
1861
1863
1864
1867
1872
1873
1874
1877
4053
1881
1882
1885
1888
2865
12906
1890
1892
1893
1897
1898
1901
2359
1907
2157
1908
4281
1909
1910
1914
2986
3987
1922
1924
1925
1930
1935
1936
1995
1939
4407
2174
1940
1941
1943
1945
1946
1947
1952
1953
1954
1955
4746
1957
8330
6196
3259
4443
6419
1961
2647
1964
1966
1967
1969
14392
1972
1973
1977
1981
1982
2817
5032
4163
5061
2510
3686
4080
6771
3705
9926
2166
6906
1999
2862
6048
2005
2976
2006
2008
2009
2010
2011
9723
2014
2016
2017
2018
2021
2022
2023
2027
2030
2033
7106
2034
15401
15281
2036
2037
2038
2041
2042
2043
2046
2047
2051
2053
2054
4717
5808
3889
2055
3785
10709
2057
2059
2060
2062
2064
2067
2069
2074
3060
2075
2076
2077
2079
2081
2082
2519
11294
2084
2086
2088
2089
2091
2092
2095
11232
2096
5499
2097
2099
2100
2101
2102
2104
2111
2112
2118
2119
2121
2122
2124
2125
2126
2608
2127
7404
2131
2132
2134
2136
2140
2144
2145
2147
2148
2151
2156
2158
2159
6801
2164
2168
3707
2172
2173
7737
2176
2179
2180
2182
2186
16443
2189
2195
2198
6595
2203
2205
2206
2275
2208
3146
2212
2213
2214
2215
2216
2220
2221
2222
2224
2226
2227
2228
2229
2232
3076
2233
2238
2240
2243
7041
6860
3159
2249
2250
2252
2253
4177
2255
2256
2258
2261
2265
13373
2267
2269
2270
2271
2272
2277
2278
2280
2281
3511
2282
12643
5447
2936
2284
2285
2286
2287
2289
2290
2311
2293
2295
2296
2297
2298
2302
2303
2305
2308
2310
5589
2312
2313
2315
2316
2381
2318
2320
2326
2327
2331
2333
2336
2338
2341
2342
2343
2344
2347
2348
2349
2354
2356
4066
5859
3240
2357
2358
2360
2361
2362
2617
2363
2364
2365
2367
2368
2369
2371
2372
2373
2374
10724
2375
2376
2377
2378
2379
2382
2384
2385
2386
2388
2390
2391
2394
7410
2397
2398
7237
2399
2400
2403
2404
2405
2406
2407
2409
2412
2414
2415
2417
2418
2419
2420
2421
2422
2425
2427
2428
2430
2431
2433
5860
12061
2434
2438
2440
2442
2444
2445
2446
2449
2451
2452
2453
2455
2456
2457
2459
2460
2461
2462
2463
2465
2466
2467
2469
2471
2472
2473
2474
2477
2478
2481
2482
2483
2486
2487
2489
2490
2495
2499
2500
2502
2503
2504
2505
2512
2513
2517
2518
2520
2521
2524
2525
15120
2526
2528
2529
2530
3381
2533
2534
2535
2536
2749
2537
2538
2539
2540
2541
2542
2546
2547
2548
2549
2550
2778
7358
2553
2555
2557
2558
2561
2564
2565
2566
13095
13837
2567
2568
2569
2570
2571
2572
2573
2575
2576
2577
2578
2579
2580
2581
2585
2586
2587
2588
2589
2591
2593
2594
2595
2597
2598
2604
2605
2606
2610
2611
2612
2634
2613
2615
2618
2619
2621
2622
2623
2624
2625
3781
2627
2628
2631
2632
2633
4695
2635
2636
2638
2640
2642
2643
2644
2645
2646
2649
2652
2654
2655
2656
2657
2658
9766
4203
2659
2660
2663
2664
2666
2668
2669
2670
2672
2673
2674
2676
2677
2678
2681
2682
2684
2686
2689
2690
2692
2693
2695
13497
2699
2701
4850
2702
2703
2704
2705
2706
2707
2708
2709
2710
2711
2712
2713
2714
2715
2716
2717
4806
6578
2718
12347
2720
2722
2723
2725
2726
2728
2729
2730
2735
2736
2737
2738
2739
2741
2745
3015
2746
2747
2748
2751
2753
2754
2756
2757
2759
8710
2761
2763
2767
2768
2770
2771
2772
2777
2784
2785
2786
2788
7040
2789
2792
2793
2794
2796
2800
2802
2803
2804
2805
2809
3359
2811
2812
2813
2815
2818
2819
2821
2823
2824
2826
2827
2828
2830
2831
2833
2834
2837
2839
2841
2843
2846
2848
2851
2854
2855
2856
4689
2858
9543
2859
2860
2861
2863
2864
2867
2868
2870
2872
4488
2874
2875
2876
2877
2878
2879
2880
2881
2882
2883
6053
2884
2886
2887
2888
2889
2891
2892
2893
2894
2896
2897
2898
2899
2900
3537
5686
2902
2904
2905
2906
2908
2910
2911
2913
2915
2916
2918
6649
2921
2922
2926
2927
2929
2934
2935
2937
2938
2939
2940
2942
2966
7087
3448
2944
2945
2947
2952
2955
2956
2958
2959
2960
2961
5409
2962
2963
2964
2965
2967
2970
2972
2973
2974
2975
2977
2978
2979
2981
2982
2989
2990
2991
2992
2993
2995
12529
2996
2997
2998
3000
3003
3004
9996
3005
3006
3008
3010
3011
3016
3017
3019
3021
3022
3023
3024
3028
3030
3031
3033
3034
3035
3036
3037
4767
3038
3039
7341
3041
3043
3044
3045
3046
3048
3051
3052
3053
3054
3055
3056
3057
3058
3059
6377
3062
3149
3064
3065
3066
3067
3068
3069
3070
3072
3073
3077
3078
3079
3081
3083
3084
3085
3086
3087
3089
3090
3091
4427
3092
3093
3094
3095
3096
3097
3098
3099
3100
3102
3103
3105
3106
3107
3108
3109
3110
3111
3112
14162
3113
3114
3115
3116
3117
3118
3119
3120
3121
3123
3124
3125
3126
3127
3128
3129
3130
3131
3133
3134
3135
3136
7403
11596
12847
10396
11198
5481
3138
3141
3143
3147
3148
3150
3151
3152
3153
3188
3319
3262
3154
3156
3157
3160
3161
7039
3162
10062
3167
3168
3169
3170
3171
3174
3175
3176
3177
3178
3179
3181
3184
6244
3189
3191
13194
3192
3194
3195
3522
6760
3198
3203
3204
6418
3205
3208
3214
3215
3217
3218
3220
3221
3224
3225
3226
3227
3232
3233
3235
3236
3237
3238
3239
3242
3244
3245
3246
3247
3248
3249
3250
3252
3253
3255
3256
3257
3258
3263
3265
3266
3544
3268
6680
3269
3271
3272
3274
3275
3276
3277
3278
3279
3281
3283
3285
3286
3288
3289
3290
3291
3293
3295
3296
3298
3299
3301
3303
3304
10922
3305
3306
3307
3308
3309
3310
3311
3314
3318
3320
3321
3322
3323
3328
3329
3330
3332
3333
3335
3336
3337
3338
3339
3340
3343
3347
3348
3352
3353
3355
3357
3358
3360
3362
3364
3369
3371
3372
3373
3374
3375
3376
3377
3378
3383
3384
3386
3387
3388
3391
3392
3393
3394
3396
3402
3408
3409
3410
3412
3414
3415
3417
3418
3420
3421
3422
3425
3426
3428
3429
3434
3435
3437
4362
3439
3441
3442
3457
3444
3446
3447
3450
3454
3455
3456
3460
3461
3462
3463
3464
3465
3467
3469
3470
3471
3472
3473
3475
3476
3478
3482
3483
3485
10649
3490
3491
3492
3494
3495
3496
3497
3498
3499
3500
3501
5016
3503
3505
3506
3507
3508
3509
3510
3512
3984
3515
3518
3520
3521
3523
3524
3525
3527
3528
3529
3531
3532
3533
3534
3535
3536
4731
3539
3542
3543
3546
3547
3548
3549
3550
3552
3553
3555
3556
3557
3559
3561
3562
3563
3566
3567
3568
3569
3570
3571
3572
3573
3574
3575
3576
3577
3578
3580
10743
3581
3582
3583
3584
3585
3586
3587
3589
3590
3591
3592
3593
3594
3595
3596
3598
3600
3601
3602
3603
3604
3605
12268
4774
3611
3612
3613
3614
3615
3616
3617
3618
3619
3620
4655
5267
7832
3621
3622
3624
3626
3627
3629
3630
3632
3634
3635
3636
3637
3638
3640
3641
3642
3645
3647
3648
3649
3681
3652
3653
3654
5739
7476
3655
3656
3657
3658
3659
3660
3661
3662
3663
3665
3666
3667
3668
3669
3732
3813
3670
3671
3672
3673
3674
3675
3677
3680
3682
3685
3687
3688
3689
3690
3691
3692
3693
3695
3696
3697
3698
3700
3703
3704
3706
7563
3712
3713
3714
3715
3716
3719
3720
3721
3722
3723
3726
3728
3729
3730
3733
3734
3735
3736
3737
3738
3739
3741
3742
3743
3745
3746
3747
3748
3749
3750
3751
3752
3753
3756
3757
3758
3761
3762
3992
8806
9163
3766
3767
9853
8286
3769
3771
3772
3773
3774
3775
3776
3779
3782
3790
3792
3794
3795
3796
3797
3799
3800
3801
3804
3805
3807
3808
3809
3810
3816
3817
3818
3820
3823
3824
3825
3827
3828
3831
3832
3834
3838
3839
3840
3841
3843
6900
3845
12760
3847
3849
3853
3854
3857
3859
3862
3863
3864
3867
3868
13785
3869
3870
3872
4909
7356
3879
3880
3881
3883
3884
3885
11089
14357
3886
3887
3891
5892
3893
3897
3898
3900
3904
3905
3906
3908
3910
8701
3912
3913
3918
3919
3921
3922
3924
3925
3926
3927
3928
3930
3931
3932
3934
3935
3938
3939
3940
3941
3943
3944
3946
3947
13724
3952
5954
3953
3956
3957
3958
3959
3960
3961
3965
3966
3968
3969
3970
3971
3973
3974
3975
3976
3977
3978
3979
7241
3980
3981
3982
3983
3988
3989
3990
4113
11966
3994
3996
3997
3998
4000
4001
4002
4003
4004
4005
4006
4007
4008
4009
4010
4014
4015
4016
4019
4020
4021
4022
4023
4024
4025
4026
4027
4031
4032
4033
4038
4039
4042
4044
4045
9209
4048
4049
4050
4051
4054
4055
4056
4057
4058
4062
4064
4067
4068
4069
4070
4073
4074
4075
4076
4077
4078
4079
4082
4083
4084
4086
4087
4089
4090
15372
4092
4093
4094
4096
4097
4099
4102
4103
4104
4106
4107
4108
4110
4111
4112
4115
4116
4119
4120
4121
4122
4123
4124
4125
4126
4127
4128
4129
4130
4131
4132
4133
4134
4135
4136
4137
4138
4139
4140
4141
4142
4143
4145
4148
4149
4150
4180
4153
4155
4159
4160
4161
4162
4164
4168
4172
4175
4176
4178
5724
4182
4183
4184
4185
4187
4190
4191
4192
4193
4195
4197
4199
4201
4204
4205
4206
4212
4214
4215
4220
4221
4222
14635
4223
4227
4228
4229
4232
4233
4234
4235
4237
4239
4240
4728
4243
4245
4246
4248
14030
4249
4250
4252
4253
4254
4257
4261
4263
5254
4265
4269
4271
4272
4274
4275
4276
4277
4278
4279
15010
4282
4284
4286
4287
4288
4289
4291
7240
5359
4292
4293
4294
4629
4296
5191
4300
4302
4303
4304
4305
4306
4307
4308
4310
4312
4315
4318
4319
4320
4321
4323
4327
4328
4330
4331
4332
4333
4334
4336
4337
5172
4339
4341
4342
4343
4344
4346
4347
4350
6905
4351
4352
4442
4354
4355
4357
4358
4359
4468
4361
4364
4365
4366
4367
4368
4369
4370
4371
4372
4373
4376
4377
4378
4381
4387
4388
4389
4392
4393
4394
4395
4397
16712
4399
4402
4403
4405
4406
4408
4409
4410
4412
4413
4415
4417
5355
4418
4420
4421
4422
4424
4425
4429
4430
4431
4434
4436
4437
4438
4440
4441
4444
4445
4446
4447
4449
4452
4454
12700
4630
4456
4457
4458
4460
4461
4462
4463
4464
4466
4467
4470
4471
4472
4473
4475
4476
4479
4480
4481
4482
4483
4484
4485
4486
4487
4489
4490
4491
4492
4493
4494
4496
4497
4499
4500
4504
4507
4508
4510
4514
4517
4519
4520
4523
4524
4525
4526
4527
4528
4531
4532
4533
4534
4535
4537
4538
4540
4543
4545
4548
4551
4552
4553
4554
4555
4556
4557
4559
4560
4562
4564
4565
4566
4567
4570
8159
4571
4572
4573
4574
4575
4576
4577
4578
4579
4580
4581
4582
4585
4586
4587
4589
4590
4592
4593
4595
4596
4597
4599
4600
4602
4603
13845
4604
4605
4606
4607
4608
4610
4612
4613
4614
4618
4619
4620
4621
4625
4627
4628
4631
4632
4635
4636
4637
4638
4640
4642
4643
4644
4645
4646
4649
4650
4651
4652
4654
5527
4656
4658
4659
4660
4665
4666
4668
4670
4671
4672
4673
4675
4677
4678
4679
4680
4684
4685
4686
4690
4692
4693
4694
4696
4697
4701
4705
4706
8535
4707
4708
4710
4711
4712
4714
4715
4716
4719
4720
4721
4725
4726
4727
4729
4730
4735
4736
4737
4738
4739
4740
4741
4742
4745
4747
4750
4751
4752
4754
4755
4758
4759
4760
4761
4762
4763
4766
4768
4770
4771
4773
9218
4775
4777
4778
4779
5111
4781
4782
4784
4787
4788
4792
4793
4795
5997
4797
4798
4799
4801
4804
4813
4814
5366
4815
4816
4818
4821
4822
4824
4825
4826
4829
4832
4834
4835
4836
4837
4838
4839
4843
4844
4847
4849
4852
4853
4854
4855
4859
4862
4864
4866
4867
4870
4876
4877
4878
4879
4881
4885
4886
4887
4888
4890
4892
4894
4895
4897
4898
4900
4905
4908
4910
4912
4913
4914
4916
4918
4920
4922
4924
4931
4932
4934
4936
6707
4937
4938
4940
4941
4942
7178
4943
4944
4945
4947
4948
11396
4950
4951
4952
4953
4957
4958
4961
4963
4964
4965
4967
4968
4969
4970
4972
4973
4974
4975
6292
4977
4978
4980
4984
4986
4988
4989
4991
4992
4993
4995
4997
4998
4999
5001
5006
5008
5010
5011
5012
5013
5014
5015
5018
5020
5021
5022
5091
5027
5028
5029
5037
5038
5039
5040
5042
15175
5044
5045
5050
5051
5052
5053
5054
5055
5056
5057
5062
5063
5066
5068
5070
5071
5072
5073
5075
5076
5078
5079
5081
5082
5084
5085
5086
5088
5093
5096
5097
5099
5105
5107
5118
5119
5120
5121
5123
5124
5125
5126
5127
5128
5133
5134
5137
5138
5139
5144
5149
5152
5153
5155
5157
5158
5159
5160
7983
5161
5163
5164
5165
5166
5167
5168
5169
5170
5173
5174
5175
5176
5177
5178
5179
5180
5181
5182
5183
5184
5186
5187
5188
5189
5192
5193
5194
5195
5196
5197
6247
5198
5199
5203
5204
5206
5207
5208
5209
5210
5211
5212
5213
5214
5216
5218
5219
5220
5221
5222
5223
5224
5225
5227
5229
5230
5231
5234
5235
5236
5237
5238
5239
5241
5242
5243
5244
5245
5246
5248
5249
5250
5251
5252
5253
5256
5257
5259
5260
5261
5262
5263
5264
5265
5268
5269
5271
5272
5274
5275
5276
5277
5278
5280
5281
5282
5283
5284
8448
5285
5286
5288
5289
5290
5293
5294
5296
5297
5298
5299
5300
5301
13660
5302
5303
5304
5306
5307
5309
5311
5312
5313
5314
5315
5316
5317
5318
5319
5320
5321
5322
5323
5324
5326
5327
5328
5329
5330
5331
5332
5333
5334
5337
5338
5339
5342
5344
5345
5348
5349
5350
5351
5352
5354
5357
5358
5360
5362
5363
5364
5365
5367
5368
5370
5371
5372
5373
5376
5377
5378
5379
5382
5383
5384
5385
5386
5387
5388
5389
5390
5392
5393
5394
5396
5397
5398
5399
5400
5401
5402
14411
5403
5404
5405
5406
5407
5410
5412
5415
5416
5417
5418
5419
5420
5421
7383
5422
5423
5424
5425
5428
5429
5431
5433
5434
5435
5436
5437
5438
5439
5440
5442
5446
5448
5449
5450
5451
5453
5455
5456
5457
5458
5459
5460
5461
5462
5463
5464
5465
5466
5467
5470
5471
5473
5474
5476
5477
5478
5479
5480
5482
5485
15217
5489
5490
5491
5492
5494
5495
5496
5497
5498
5501
5502
5503
5504
5505
5506
5507
5509
5510
5511
11892
5513
5514
5515
5516
5517
5518
5519
5520
5521
5522
5523
5524
5525
5526
5528
5529
5530
5531
5532
5533
5534
5535
5536
5537
5538
5539
5540
5542
5543
5544
5545
5546
5547
5548
5549
5550
5551
5553
5554
5555
5556
5557
5558
5559
5560
5561
5562
5563
5564
5565
5566
5567
5568
5569
5570
5571
5572
5573
5574
5575
5576
5577
5578
5579
5580
5581
5583
5584
5585
5586
5587
5588
5590
5591
5592
5593
5594
5595
5596
5597
5598
5599
5600
5601
5602
5603
5604
5605
5606
5607
5608
5609
5610
5611
5612
5613
5614
5615
5616
5618
5619
5620
5621
5622
5623
5624
5625
5626
5627
5628
5630
5631
5632
5633
5634
5635
5636
5637
5638
5639
5640
5641
5642
8633
5643
5644
5645
5646
5648
5649
5650
5651
5652
5653
5654
5655
5656
5657
5658
5659
5660
5661
5662
5663
5664
5666
5667
5668
5669
5670
5671
5672
5673
5674
5675
5676
5678
5679
5680
5681
5682
5683
5684
5685
5688
5689
5690
5691
5692
5693
5694
5695
5696
5697
5698
5699
5701
5703
5704
5705
5706
5707
5708
5709
5710
5711
5713
5714
5715
5716
5717
5718
5719
5720
5721
5722
5723
5725
5726
5728
5729
5730
5731
5732
5733
5734
5735
5736
5737
5738
5740
5741
5742
5743
5744
5745
5746
5747
5748
5749
5750
5751
5752
5753
5754
5756
5757
5758
5759
5760
5761
5762
5763
5764
5765
5766
5767
5768
5769
5770
5772
5773
5774
5775
5776
5778
5781
5782
5783
5784
5785
5787
5790
5791
5793
5794
5795
5798
5799
5800
5803
5805
5806
5807
5809
5812
5813
5815
5816
5817
5818
5820
5821
5822
5823
5824
5825
5831
5834
5837
5841
5843
5844
5845
5846
5847
5850
5851
5852
5853
5854
5855
5856
5857
5858
5862
5865
5867
5869
5872
5876
5877
5878
5879
5880
5883
5884
5886
5887
5888
5890
5891
5894
5895
5897
5898
5900
5902
5903
5908
5910
5911
5912
5914
5916
5917
5920
5922
5924
5927
5928
5929
5930
5932
5933
5935
5936
5938
5939
5940
5941
5943
5948
5955
5956
5958
5959
5961
5968
5969
5970
5971
5972
5973
5974
5975
5977
5981
5983
5984
5985
5988
5990
5992
5993
5995
5996
5999
6000
6001
6005
6009
6011
6013
6014
6015
6016
6019
6023
6026
9911
6028
6029
6030
6031
6032
6034
6035
6039
6040
6041
6042
6043
6044
6045
6046
6049
6050
6052
6054
6058
6061
6062
6063
6064
6065
6066
6067
6069
6070
6071
6072
6073
6075
6076
6077
6080
6082
6083
6085
6086
6087
6089
6090
6091
6092
6095
6096
6097
6098
6101
6102
6103
6104
6107
6109
6111
6112
6114
6116
6118
6119
6120
6121
6122
6125
6126
6127
6129
6131
6134
6135
6136
6137
6139
6143
6144
6146
6147
6148
6150
6151
6152
6155
6157
6158
6159
6160
6161
6162
6163
6166
6175
6176
6177
6178
6181
6182
6183
6185
6186
6187
6188
6189
6190
6191
6192
10291
6193
6194
6197
6198
6199
6200
6202
6203
6204
6205
6206
6207
6208
6210
6211
6212
6213
6214
6218
6219
6223
6225
6226
6227
6228
6229
6230
6232
6233
6234
6235
6239
6241
6242
6243
7520
6245
6246
6248
6249
6250
6251
6253
6255
6256
6257
6260
6261
6263
6264
6266
6267
6270
6275
6278
8668
6283
6284
6285
6286
6287
6294
6295
6296
6297
6299
6300
6302
6303
6304
6305
6306
6307
6308
6309
6310
6312
6313
6315
6316
6318
6319
6321
6322
6323
6324
6325
6326
6331
6333
6334
6335
6336
6337
6338
6340
6345
6346
6347
6349
6350
6351
6353
6354
6355
6356
6358
6359
6361
6362
6365
6366
6367
6370
6372
6373
6374
6375
6376
6378
6380
6382
6383
6384
6385
6386
6388
6389
6390
6391
6393
6395
6396
6397
6398
6399
6400
6401
6403
6404
6405
8733
6407
6408
6409
6410
6411
6415
6416
6420
6421
6422
6423
6426
6428
6429
6431
6432
6433
6434
6435
6436
6438
6439
6440
6441
6443
6444
6445
6449
6450
6452
6513
6456
6457
6458
6459
6460
6463
6464
6465
6467
6468
6469
6470
6471
6472
6474
6475
6477
6478
6479
6480
6481
8691
6484
6485
6486
6488
12028
6631
6489
6491
6492
6493
6496
6497
6498
6499
6500
6502
6503
6504
6507
6508
6509
6510
6511
6512
6514
6515
6517
6518
6520
6524
6525
6530
6534
6537
6539
6542
6543
6547
6549
6552
6553
6554
6555
6557
6559
6560
6561
6562
6563
6567
6571
6576
15560
6580
6582
6586
6589
6592
6597
6602
6603
6607
6609
6611
6612
6613
6614
6615
6616
6617
6618
6619
6620
6623
6625
6626
6627
6628
6629
6630
6632
6633
6634
6635
6638
6639
6640
6641
6642
6644
6648
6650
6651
6652
6655
6656
6658
6659
6663
6664
6665
6667
6670
6671
6672
6674
6675
6677
6678
6679
6681
6684
6685
6686
6687
6688
6692
6695
6696
6700
6701
6702
6706
6709
6711
6715
6716
6724
6725
6727
6728
6730
6731
6732
6733
6734
6735
6736
6741
6742
6743
6744
6746
6747
6749
6750
6755
6756
6758
6763
6765
6766
6767
6769
6770
6773
6774
6776
6778
6780
6783
6786
6787
6790
6791
6794
6796
6797
6800
6802
6805
6806
6807
6809
6812
6815
6821
6823
6825
6827
6829
6832
6833
6834
6835
6836
6839
6841
6846
6847
6850
6853
6854
6855
6857
6858
6863
6864
6865
6867
6868
7030
6874
6875
6876
6877
6878
6879
6883
6884
6886
6890
6892
6893
6894
6895
6897
6898
6899
6902
6903
6904
6907
6909
6910
6913
6914
6915
6916
6919
6920
6921
6923
6924
6925
6928
6929
6930
6935
6937
6938
6939
6941
6944
6946
6947
6948
6949
6954
6956
6957
6960
6961
6964
6965
6969
6971
6972
6973
6974
6975
6977
6978
6979
6980
6981
6982
6983
6984
6987
6988
6989
6990
6991
6992
6993
6995
7001
7003
7004
7005
7010
7011
7017
7269
7018
7020
7022
7023
7025
7026
7028
7029
7031
7035
16592
7038
7042
7044
7046
7047
7048
7049
7050
7051
7053
7056
7057
7058
7062
7063
7064
7065
7066
7067
7070
7072
7073
7074
7075
7076
7077
7078
7079
7082
7083
7084
7085
7086
7088
7089
7091
16062
7093
7094
7095
7099
7101
7102
7104
7105
7107
7112
7113
7114
7115
7117
7118
7120
7124
7128
7130
14520
7131
7132
7133
7134
7136
7138
7139
7144
7145
7147
7148
7149
7152
7154
7156
7167
7168
7181
7182
7961
7184
7190
7235
7191
7193
7194
7196
7197
7201
7202
7203
7204
7206
7207
7211
7213
7214
7215
7216
7217
7218
7219
7220
7221
7222
7225
7226
7227
7229
7236
7242
7245
7246
7247
7248
7250
7251
7252
7253
7254
7255
7257
7259
7261
7264
7266
7273
7276
7278
7284
7286
7287
7288
7289
7297
7299
7300
7309
8390
7310
7311
7313
7468
7315
7317
7319
7321
7322
7324
7325
7329
7331
7333
7336
7338
8547
7340
7344
7346
7348
7350
7351
7352
7353
7354
7360
7361
7362
7363
7367
7371
7373
7375
16055
16504
15132
7378
7381
7382
7385
7387
7389
7396
7397
7399
7407
7408
7409
7411
7412
7413
7416
7417
7419
7421
7422
7423
7424
7427
7429
7430
7432
7435
7439
7714
7440
7442
7443
7446
7454
7455
7459
7460
12989
7471
7472
7483
7486
7487
7492
7494
7498
7501
7502
7504
7521
7527
7530
7531
7538
13351
7552
7554
7555
7557
7565
7566
7567
7570
7572
7578
7581
7582
7583
7584
7586
7589
7592
7594
7597
7599
7608
7613
7614
7615
7617
7623
7627
12148
7629
9432
7630
7633
7635
7638
7640
7641
7644
7645
7652
7653
7654
7657
7659
7660
7662
7663
7665
7666
7668
7669
7670
7671
7675
7676
7677
9477
7678
7679
15206
7680
7681
7682
7683
7684
7685
7686
7687
7689
7690
7692
7693
7695
7698
7700
7702
7703
7704
7718
7719
7722
7725
7728
7730
7731
7735
7739
7740
7741
7742
7745
7750
7752
7772
7760
7761
7762
7767
7768
7769
7773
7774
8199
7775
7776
7778
7785
7787
7790
7791
7793
9951
7795
7797
7798
7799
7801
7802
7803
7804
7805
11854
7806
7807
7809
7810
8676
7811
7812
7816
7817
7821
7822
7823
7826
7830
7831
7834
7835
7836
7840
7841
14969
7853
7876
7896
7900
7910
7936
7966
7975
7978
7982
8001
8010
8038
8050
8076
8080
8093
8109
8120
8138
8146
8150
8153
8154
8158
8164
8172
8176
8177
8188
8194
8196
8205
8210
8211
8215
8216
8221
8223
8226
8227
8232
8233
8236
8241
8249
8250
8254
8256
8258
8263
8266
8267
8275
8276
8277
8279
8280
8282
8291
8292
8309
8314
8316
8320
8321
8323
8324
8326
8329
8331
8332
8333
8335
8337
8339
8345
8347
8350
8362
8364
8365
8367
8370
8371
8375
8378
8383
8385
8386
8388
10654
8392
8395
8398
8402
8408
8413
8416
8420
8422
8424
8427
8435
8437
8438
8440
8442
8444
8445
8446
8447
8450
8451
8452
8453
8454
8456
8457
8458
8459
8460
8462
8463
8464
8476
8478
8479
8484
8485
8490
8491
8492
8495
8496
8498
8500
8501
8503
8504
8508
8516
8517
8518
8519
8525
8527
8530
8532
8534
8539
8540
8541
8542
8552
8553
8555
8558
8562
8564
8568
8569
8573
8578
8579
8581
8583
8585
8586
8589
8592
8596
8598
8604
8605
8606
8607
8608
8610
8611
8613
8614
8617
8618
8623
8624
8625
8627
8631
8637
8646
8647
8648
8649
8650
8651
8652
8654
8655
8657
8658
8660
8662
8665
8666
8669
8670
8672
8675
8677
8681
8682
8684
8685
8686
8687
8693
8696
8700
8702
8704
8705
8708
8709
8712
8713
8716
8717
8722
8723
8724
8725
8731
8732
8739
8740
8744
8748
8758
8770
8778
8785
8796
8804
8822
8824
8835
8841
8863
8868
8874
8887
8888
8893
8894
8901
8923
8926
8929
8930
8933
8936
8941
8946
8958
8963
8976
8986
8988
8993
8994
8998
9004
9008
9010
9011
9016
9017
9019
9025
9029
9030
9035
9041
9046
9048
10131
9053
9058
9059
9066
9068
9070
9074
9076
9077
9088
9102
9108
9113
9114
9117
9122
9126
9128
9130
9131
9134
9135
9141
9144
9149
9151
9155
9159
9165
9168
9173
9174
9177
9179
9183
9184
9185
9189
9190
9191
9196
9197
9205
9207
9208
13912
9211
9212
9214
9217
9222
9223
9229
9232
9234
9237
9238
9240
9243
9246
9247
9249
9250
9251
9252
9253
9255
9256
9257
9258
9259
9262
9266
9269
9275
9276
9277
9282
9283
9284
9285
9286
9287
9288
9289
9291
9292
9293
9294
9299
9301
9304
9308
9309
9310
9312
9317
9318
9319
9322
9324
9326
9329
9334
9336
9340
9341
9343
9344
9348
9349
9352
9353
9359
9361
9364
9366
9373
9376
15037
9378
9381
9384
9386
9390
9391
9392
9394
9395
9396
9397
9398
9401
9402
9403
9404
9408
9411
9412
9413
9415
9416
9419
9421
9426
9427
9428
9430
9431
9433
9434
9436
9437
9439
9441
9442
9445
9448
9452
9453
9457
9458
9462
9463
9467
9468
9469
9470
9471
9472
9475
9476
9478
9481
9482
9483
9491
9494
9500
9501
9505
9506
9553
9507
10313
9508
9514
9515
9516
9520
9526
9529
9530
9531
9540
9541
9542
9546
9547
9548
9549
9551
9552
9554
9555
9556
9571
9575
9581
9583
9585
9586
9591
14081
9596
9599
9601
9603
9604
9605
9608
9610
9612
9613
9616
9617
9618
9620
9621
9623
9624
9625
9626
9627
9628
9629
9630
9632
9633
9634
9636
9638
9640
9641
9642
9645
9646
9647
9649
9650
9653
9656
9659
9660
9661
9662
9663
9664
9665
9666
9667
9668
9669
9670
9671
9673
9674
9676
9680
9681
9682
9683
9687
9688
9689
9690
9691
9693
9695
9697
9698
9701
9702
9705
9706
9707
9710
9711
9712
9713
9714
9715
9718
9720
9722
9724
9726
9727
9728
9729
9730
9733
9734
9739
9740
9741
9743
9744
9746
9748
9749
9750
9751
9752
9753
9755
9757
9758
9759
9760
9762
9765
9767
9773
9775
9776
9780
9782
9791
9796
9797
9798
9799
9800
9866
9801
9802
9804
9805
9809
9810
9811
9814
9819
9820
9821
9825
9826
9827
9828
9830
9832
9833
9834
9838
9839
9843
9846
9847
9851
9852
9855
9856
9857
9858
9859
9860
9862
9863
9865
9867
9868
9869
9870
9871
9872
9873
9877
9884
9886
9887
9888
9890
9892
9894
9895
9896
9897
9898
9900
9903
9904
9905
9907
9908
9909
9912
9913
9914
9919
9920
9921
9922
9927
9929
9932
9933
9934
9935
9936
9938
9940
9941
9942
9943
9948
9949
9950
9953
9954
9955
9956
9958
9960
9961
9962
9963
9964
9965
9966
9969
9970
9971
9973
9974
9975
9977
9979
9981
9982
9990
9991
9997
9998
9999
10001
10004
10005
10009
10011
10012
10013
10016
10018
10021
10023
10024
10027
10029
10030
10034
10035
10037
10042
10044
10045
10046
10047
10052
10060
10061
10063
10064
10067
10068
10070
10074
10075
10076
10081
10084
10086
10087
10089
10099
10101
10102
10104
10108
10109
10110
10116
10120
10121
10122
10123
10124
10126
10128
10133
10136
10139
10149
10151
10152
10153
10155
10159
10160
10166
10168
10169
10171
10173
10175
10176
10181
10183
10185
10186
10189
10197
10198
10201
10202
10204
10213
10218
10219
10227
10231
10239
10250
10252
10253
10255
10256
10261
10268
10270
10281
10290
10292
10296
10299
10301
10303
10305
10309
10315
10317
10319
10322
10323
10324
10328
10330
10332
10334
10336
10337
10338
10339
10342
10348
10350
10352
10353
10355
10356
10357
10363
10367
10368
10369
10373
10374
10377
10387
10389
10397
10399
10404
10407
10409
10416
10422
10426
10428
10429
10438
10441
10443
10451
10452
10458
10460
10465
10467
10468
10471
10473
10475
10476
10477
10478
10486
10489
10495
10499
10507
10509
10511
10513
10518
10524
10534
10538
10546
10548
10550
10551
10559
10560
10568
10570
10574
10577
10579
10588
10589
10590
10595
10602
10603
10605
10606
10925
10612
10614
10616
10618
10619
10621
10625
10630
10634
10635
10639
10640
10641
10643
10648
10651
10652
10658
10666
10668
10674
10679
10683
10693
10708
10712
10717
10733
10737
10755
10762
10763
10772
10775
10789
10805
10809
10812
10817
10821
10822
10823
10825
10833
10841
10842
10847
10856
10868
10882
13480
10891
10894
10896
10908
10920
10924
10930
10938
10946
10953
10962
10966
10968
10969
10972
10974
10979
10980
10982
10983
10985
10991
10989
10992
10993
10996
10999
11002
11004
11007
11009
11012
11016
11019
11020
11027
11030
11031
11032
11033
11034
11037
11039
11042
11043
11044
11045
11046
11047
11051
11055
11058
11059
11062
11063
11064
11066
11070
11071
11072
11078
11080
11084
11086
11092
11094
11099
11109
11405
11111
11118
11123
11133
11135
11136
11137
11138
11139
11141
11142
11146
11148
11153
11160
11167
11175
11180
11188
11190
11193
11201
11209
11224
11229
11237
11249
11251
11253
11255
11258
11286
11302
11307
11309
11314
11320
11322
11325
11326
11334
11346
11353
11359
11361
11363
11369
11375
11380
11387
11397
11411
11414
11417
11439
11441
11442
11443
11447
11450
11453
11455
11457
11458
11461
11464
11465
11472
11474
11482
11483
11487
11488
11491
11492
11493
11496
11502
11506
11514
11518
11519
11527
11530
11531
11535
11543
11547
11553
11555
11557
11559
11560
11562
11563
11564
11567
11571
11574
11576
11584
11585
12788
11597
11609
11610
11621
11622
11625
11628
11629
11635
11637
11640
11644
11646
11648
11653
11655
11659
11662
11671
11674
11680
11681
11684
11686
11687
11689
11690
11694
11695
11696
11701
11702
11703
11704
11705
11707
11710
11712
11713
11723
11725
11727
11729
14150
11731
11732
11734
11735
11738
11741
11743
11744
11745
11747
11748
11749
11752
11753
11757
11761
11763
11764
11765
11766
11770
11771
11779
11783
11785
11787
11789
11792
11794
11796
11800
11801
11802
11803
11804
11805
11810
11811
11813
11815
11817
11820
11822
11825
11827
11828
11829
11830
11831
11832
11834
11835
11836
11840
11841
11842
11843
11844
11848
11849
11851
11852
11853
13052
11855
11856
11858
11859
11861
11862
11863
11864
11867
11869
11870
11872
11876
11877
11878
11879
11880
11881
11882
11883
11886
11888
11889
11891
11894
11896
11897
11899
11900
11901
11902
11903
11904
11905
11906
11907
11908
11909
11910
11911
11916
11917
11918
14952
11922
11923
11926
11929
11930
11931
11935
11937
11938
11942
11947
11948
11950
11951
11954
11955
11958
11961
11962
11964
11965
11968
11970
11971
11975
11976
11977
11979
11980
11981
11983
11984
11985
11986
11987
11990
11991
16149
11992
11993
11994
11995
11996
11998
11999
12000
12002
12003
12004
12005
12008
12012
12014
12017
12020
12026
12029
12031
12034
12037
12038
12041
12043
12044
12047
12048
12049
12050
12052
12053
12056
12060
12063
12064
12066
12068
12069
12070
12071
12072
12073
12075
12076
12077
12080
12081
12082
12083
12085
12089
12091
12092
12094
12095
12096
12098
12099
12101
12102
12103
12104
12105
12108
12110
12111
12112
12113
12114
12115
12116
12118
12119
12120
12121
12123
12124
12126
12127
12128
12129
12133
12134
12135
12137
12140
12141
12142
12146
12147
12149
12150
12151
12152
12154
12156
12159
12160
12161
12162
12163
12164
12166
12168
12170
12173
12179
12180
12181
12182
12185
12187
12188
12189
12190
12193
12194
12195
12196
12197
12200
12201
12202
12203
12512
12206
12207
12209
12210
12212
12214
12215
12216
12218
12219
12220
12221
12226
12227
12228
12231
12234
12236
12238
12239
12241
12242
12243
12245
12248
12249
12250
12251
12252
12256
12257
12258
12259
12261
12263
12266
12267
12269
12270
12274
12276
12277
12278
12280
12282
12283
12285
12286
12287
12288
12289
12290
12291
12292
12294
12296
12297
12299
12300
12301
12302
12303
12304
12305
12306
12311
12313
12315
12316
12317
12318
12319
12321
12323
12324
12327
12328
12329
12334
12335
12337
12340
12341
12342
12343
12345
12348
12349
12350
12351
12352
12353
12355
12357
12358
12360
12361
12362
12363
12366
12367
12368
12374
12375
12376
12377
12381
12382
12384
12385
12388
12389
12390
12391
12392
12394
13563
12395
12397
12398
12399
12400
12401
12402
12403
12404
12405
12408
12412
12413
12415
12416
12417
12418
12419
12421
12422
12423
12426
12428
12429
12430
12431
12432
12435
12436
12437
12438
12441
12442
12446
12448
12449
12452
12454
12459
12460
12461
12463
12464
12465
12466
12469
12470
12471
12472
12473
12475
12477
12479
12480
12481
12483
12486
12487
12490
12492
12494
12499
12505
12506
12507
12510
12513
12514
12516
12517
12518
12521
12522
12523
12524
12527
12533
12534
12535
12537
12542
12544
12547
12549
12552
12564
12565
12573
12576
12579
12580
12590
12592
12595
12596
12597
12598
12602
12603
12605
12607
12609
12613
12615
12621
12622
12623
12626
12631
12633
12634
12640
12641
12652
12655
12657
12659
12660
12665
12666
12667
12669
12670
12672
12673
12676
12677
12679
12680
12681
12682
12684
12686
12687
12688
12690
12692
12693
12696
12698
12699
12702
12706
12707
12708
12710
12712
12717
12719
12721
12723
12725
12728
12729
12733
12734
12737
12738
12740
12741
12743
12744
12745
12746
12747
12749
12751
12753
12754
12756
12757
12758
12761
12762
12763
12764
12766
12767
12768
12770
12771
12772
12773
12774
12776
12778
12779
12780
12781
12784
12785
12787
12789
12794
12795
12796
12797
12798
12802
12803
12808
12809
12812
12813
12814
12815
12816
12817
12818
12821
12823
12827
12828
12830
12831
12833
12835
12837
12840
12841
12842
12844
12845
12846
12848
12849
12850
12852
12854
12855
12856
12857
12858
12859
12860
12864
12867
12869
12873
12875
12876
12877
12879
12881
12883
12886
12887
12891
12892
12894
12896
12897
12898
12900
12908
12911
12914
12915
12923
12926
12931
12936
12938
12940
12943
12944
12945
12948
12950
12956
12958
12960
12966
12969
12972
12973
12981
12984
12986
12988
12991
12993
13001
13002
13003
13005
13007
13008
13010
13014
13016
13019
13023
13030
13031
13033
13035
13036
13037
13038
13041
13042
13045
13047
13048
13053
13054
13055
13057
13058
13060
13061
13062
13063
13064
13065
13067
13068
13070
13071
13074
13075
13076
13077
13078
13079
13080
13082
13083
13086
13087
13091
13094
13097
13098
13099
13101
13103
13105
13106
13107
13113
13114
13118
13122
13125
13128
13130
13131
13132
13134
13137
13138
13139
13140
13141
13142
13144
13145
13148
13150
13151
13153
13154
13155
13156
13158
13160
13162
13163
13166
13167
13168
13169
13170
13173
13174
13176
13178
13179
13180
13181
13182
13183
13187
13189
13190
13191
13193
13195
13196
13197
13198
13199
13200
13202
13203
13204
13205
13206
13207
13208
13210
13211
13212
13213
13215
13216
13218
13221
13222
13229
13234
13236
13237
13239
13246
13248
13250
13252
13253
13255
13256
13257
13258
13261
13262
13263
13265
13270
13271
13272
13276
13277
13278
13284
13285
13288
13289
13291
13295
13297
13298
13299
13302
13303
13305
13306
13310
13311
13314
13315
13318
13319
13325
13328
13329
13330
13336
13342
13349
13354
13360
13361
13363
13369
13372
13376
13377
13378
13379
13383
13384
13386
13387
13389
13390
13392
13393
13398
13404
13407
13410
13417
13419
13420
13422
13425
13426
13431
13433
13436
13437
13438
13439
13440
13444
13445
13446
13447
13451
13454
13458
13459
13464
13465
13466
13467
13468
13469
13470
13472
13474
13475
13477
13478
13481
13482
13483
13484
13487
13488
13496
13498
13501
13511
13513
13514
13518
13520
13523
13526
13532
13534
13543
13549
13552
13553
13556
13557
13558
13560
13566
13569
13572
13576
13578
13583
13584
13586
13587
13588
13590
13594
13595
13599
13600
13601
13603
13604
13606
13607
13611
13614
13615
13616
13619
13621
13622
13623
13625
13627
13629
13630
13640
13641
13645
13646
13650
13653
13656
13659
13666
13667
13668
13674
13675
13679
13680
13684
13685
13686
13688
13692
13693
13697
13699
13700
13701
13703
13705
13707
13712
13715
13716
13717
13719
13722
13729
13732
13739
13740
13741
13744
13746
13748
13751
13754
13765
13766
13767
13773
13774
13775
13779
13787
13791
13793
13795
13797
13799
13801
13804
13805
13806
13809
13810
13811
13813
13814
13819
13823
13826
13827
13832
13833
13834
13835
13839
13840
13841
13842
13844
13848
13849
13850
13851
13852
13854
13855
13858
13861
13862
13864
13865
13867
13868
13869
13870
13872
13873
13875
13878
13879
13880
13881
13885
13890
13893
13894
13895
13900
13902
13905
13906
13907
13909
13913
13917
13921
13926
13927
13928
13939
13947
13950
13952
13954
13956
13957
13958
13959
13960
13963
13965
13969
13970
13973
13974
13975
13976
13977
13978
13979
13980
13981
13983
13985
13986
13987
13994
13995
13996
14000
14002
14004
14005
14006
14009
14013
14014
14015
14016
14017
14021
14022
14026
14032
14034
14035
14037
14038
14039
14042
14043
14050
14051
14053
14054
14056
14063
14065
14066
14067
14068
14070
14072
14075
14076
14077
14078
14079
14082
14083
14086
14092
14093
14095
14097
14098
14099
14101
14113
14120
14121
14122
14126
14127
14128
14132
14135
14137
14140
14143
14155
14157
14158
14160
14161
14164
14166
14169
14201
14204
14216
14225
14235
14245
14258
14271
14272
14308
14309
14326
14334
14335
14338
14340
14345
14347
14353
14358
14360
14362
14370
14374
14376
14380
14394
14395
14403
14406
14408
14409
14410
14412
14417
14421
14427
14434
14435
14436
14443
14445
14448
14450
14456
14458
14461
14466
14468
14469
14470
14472
14473
14474
14476
14482
14484
14485
14487
14490
14493
14494
14495
14497
14498
14499
14500
14507
14508
14512
14513
14517
14518
14519
14521
14522
14523
14524
14525
14526
14527
14528
14529
14531
14532
14537
14538
14539
14540
14541
14544
14547
14548
14550
14552
14553
14554
14555
14557
14558
14560
14561
14562
14567
14568
14569
14570
14571
14572
14578
14580
14582
14583
14584
14585
14586
14587
14590
14591
14594
14595
14597
14600
14602
14603
14604
14607
14609
14612
14613
14614
14616
14621
14624
14625
14628
14629
14630
14633
14636
14639
14640
14641
14642
14646
14647
14653
14654
14655
14656
14658
14662
14663
14665
14667
14668
14669
14670
14672
14673
14675
14677
14678
14679
14680
14681
14685
14686
14687
14690
14692
14695
14701
14705
14706
14710
14712
14716
14717
14718
14719
14721
14722
14723
14724
14727
14728
14732
14734
14736
14740
14743
14745
14748
14749
14750
14753
14755
14758
14759
14760
14761
14762
14765
14768
14769
14772
14774
14775
14776
14777
14781
14783
14786
14788
14790
14793
14794
14796
14797
14798
14799
14805
14806
14807
14810
14815
14816
14820
14823
14825
14833
14834
14836
14844
14845
14846
14848
14851
14853
14856
14858
14860
14865
14870
14877
14879
14880
14881
14882
14884
14885
14889
14890
14891
14894
14895
14896
14898
14899
14901
14902
14903
14904
14905
14907
14910
14912
14913
14914
14915
14916
14918
14919
14921
14922
14923
14924
14925
14928
14930
14932
14933
14934
14935
14938
14939
14940
14941
14942
14945
14946
14947
14948
14949
14950
14951
14953
14955
14957
14959
14962
14963
14964
14965
14966
14967
14968
14970
14971
14972
14975
14976
14978
14981
14982
14983
14984
14987
14988
14989
14990
14991
14992
14993
14995
14996
14997
14998
14999
15000
15001
15004
15005
15006
15007
15008
15009
15011
15013
15014
15015
15016
15017
15019
15020
15023
15024
15027
15029
15031
15033
15034
15035
15040
15042
15048
15049
15050
15051
15052
15053
15055
15056
15057
15058
15060
15062
15063
15064
15065
15066
15069
15070
15071
15073
15074
15077
15078
15079
15080
15081
15084
15086
15087
15089
15091
15092
15094
15095
15096
15097
15098
15099
15102
15103
15104
15106
15107
15108
15109
15110
15111
15114
15116
15121
15122
15123
15124
15125
15129
15130
15131
15134
15135
15136
15140
15141
15142
15145
15149
15151
15152
15154
15155
15156
15159
15161
15164
15168
15169
15171
15173
15174
15176
15177
15178
15179
15180
15182
15184
15185
15187
15188
15189
15191
15192
15194
15197
15198
15199
15200
15201
15211
15214
15216
15218
15221
15223
15225
15226
15233
15234
15236
15242
15243
15245
15248
15249
15250
15251
15253
15254
15261
15262
15263
15264
15266
15267
15270
15274
15276
15277
15283
15285
15286
15287
15288
15290
15294
15295
15297
15301
15305
15307
15311
15313
15314
15315
15316
15317
15318
15321
15323
15326
15327
15328
15329
15331
15332
15333
15334
15335
15337
15338
15340
15343
15345
15350
15355
15357
15358
15359
15360
15362
15365
15366
15369
15370
15374
15376
15377
15382
15384
15385
15386
15388
15392
15397
15398
15400
15408
15412
15414
15415
15416
15422
15451
15492
15506
15509
15522
15529
15534
15543
15546
15549
15552
15567
15575
15577
15591
15596
15597
15605
15608
15610
15611
15615
15617
15632
15642
15652
15657
15663
15665
15666
15667
15670
15672
15679
15685
15686
15687
15691
15695
15696
15701
15702
15703
15706
15710
15712
15718
15721
15722
15727
15736
15739
15740
15741
15743
15746
15749
15757
15758
15762
15765
15768
15771
15779
15780
15781
15784
15792
15800
15807
15809
15811
15814
15816
15817
15818
15821
15825
15826
15827
15832
15836
15837
15840
15843
15844
15851
15852
15856
15861
15866
15872
15873
15876
15887
15888
15889
15893
15896
15897
15899
15901
15903
15904
15906
15914
15916
15921
15923
15926
15930
15932
15933
15943
15945
15947
15950
15952
15955
15956
15957
15962
15963
15966
15967
15970
15971
15977
15979
15981
15983
15988
15991
15995
15998
15999
16000
16001
16002
16007
16008
16009
16010
16011
16012
16013
16018
16020
16025
16027
16031
16032
16033
16034
16039
16042
16043
16045
16050
16059
16060
16066
16071
16073
16077
16078
16079
16080
16081
16082
16083
16084
16085
16090
16098
16107
16112
16116
16119
16123
16132
16135
16138
16143
16145
16146
16147
16150
16159
16163
16164
16165
16167
16168
16170
16171
16174
16178
16179
16181
16182
16183
16184
16188
16189
16192
16195
16197
16206
16207
16212
16214
16216
16218
16219
16220
16221
16222
16224
16227
16230
16233
16234
16236
16237
16238
16239
16241
16251
16271
16277
16285
16292
16297
16298
16299
16300
16306
16308
16314
16320
16332
16345
16347
16348
16357
16359
16360
16367
16370
16371
16375
16377
16383
16384
16388
16389
16394
16410
16415
16418
16419
16421
16425
16427
16428
16430
16431
16437
16441
16445
16449
16454
16457
16466
16476
16478
16480
16483
16484
16486
16489
16497
16503
16505
16508
16509
16510
16511
16512
16514
16516
16517
16519
16520
16521
16528
16529
16530
16532
16540
16542
16544
16545
16546
16549
16553
16556
16557
16559
16560
16562
16565
16569
16570
16573
16577
16578
16580
16582
16586
16588
16590
16591
16597
16598
16600
16602
16603
16604
16608
16613
16614
16616
16623
16629
16632
16633
16634
16638
16639
16641
16645
16646
16649
16651
16653
16654
16655
16657
16658
16660
16663
16665
16666
16667
16669
16670
16673
16675
16676
16678
16684
16687
16690
16691
16692
16694
16705
16707
16709
16710
16711
16715
16717
16720
16722
16725
16726
16728
16729
16733
16735
16736
16738
16739
16740
16742
16746
16747
16748
16749
16755
16759
16760
16761
16763
16769
16770
16772
16775
16776
16777
16783
16787
16788
16789
16792
16794
16797
16802
16803
16806
16807
16808
16810
16812
16813
16814
16816
16817
16818
16823
16824
16825
16826
16831
16833
16838
16839
16840
16846
16847
16852
16860
16863
16867
16870
16871
16872
16876
16879
16880
16881
16884
16886
16887
16888
16889
16890
16892
16893
16898
16899
16902
16903
16904
16906
16908
16909
16911
16912
16913
16915
16917
16937
16941
16952
16953
16957
16961
16972
16977
16988
16997
17001
17014
17021
17023
17024
17027
17028
17029
17030
17035
