0
1
5888
7465
4
51
6
7
10
13
12
14
9211
18
4385
11399
11713
20
2885
23
24
25
26
27
30
31
32
33
85
38
363
39
42
50
56
515
227
9302
12951
6840
8517
70
71
444
75
76
12704
676
82
86
87
89
90
91
93
94
8097
95
99
101
102
106
107
112
1223
9836
113
2652
116
117
122
123
124
127
1895
136
3506
137
141
143
1313
3524
9232
664
11084
9069
13357
144
241
243
1591
2233
13561
1162
3295
8896
146
153
163
12536
164
684
165
169
170
542
174
180
184
186
190
191
192
195
196
4813
9230
9231
5712
13754
2718
198
199
321
203
235
208
222
4074
223
226
13412
10839
2924
7579
247
230
11811
233
11142
234
6713
246
3289
249
254
255
260
8168
725
4718
271
272
273
280
282
283
3902
3446
288
367
290
293
294
295
296
7662
300
302
303
304
307
309
311
312
319
320
9533
323
325
327
328
331
332
334
338
341
344
345
2651
395
348
351
354
355
358
3364
360
11825
364
365
370
371
373
376
378
379
380
384
385
386
387
503
388
389
390
391
393
394
396
397
398
399
400
401
402
403
404
405
406
407
408
409
410
411
412
413
414
415
416
417
418
419
420
421
422
5416
3978
4831
423
424
425
426
427
428
429
430
431
432
433
434
435
436
437
439
440
441
445
446
447
448
10710
458
459
1408
465
466
9511
471
477
486
489
491
493
502
7054
507
512
7343
513
514
518
522
527
7047
12304
530
538
539
541
548
550
551
552
555
556
559
560
563
565
571
628
574
581
583
584
585
590
591
595
600
604
612
613
5552
615
619
624
627
629
630
635
641
642
643
644
645
938
646
651
657
661
662
663
10776
4632
669
1768
12561
821
670
12226
671
673
995
11884
6257
697
1146
681
1602
685
696
9078
701
9229
7900
702
703
4842
2657
710
711
712
713
715
716
717
718
723
731
732
734
738
2015
742
743
745
748
750
900
755
756
757
758
759
760
761
762
763
764
765
768
770
773
774
775
776
777
780
781
782
783
844
1085
784
785
788
794
795
797
798
800
805
811
806
818
819
820
824
826
830
831
832
833
836
845
851
853
857
5749
862
864
865
866
867
869
873
878
879
880
881
883
884
885
891
898
901
903
905
7105
11874
12133
906
6635
11216
1885
908
909
913
914
13161
924
925
927
928
931
932
933
934
935
936
13904
3541
939
940
941
12108
8282
13595
942
943
946
948
954
956
1954
959
960
961
962
963
964
965
968
971
972
973
975
977
979
983
986
989
991
993
994
996
1003
1007
1008
1011
1013
1015
1016
1022
1023
6350
1027
1033
1034
1036
1038
1039
1043
1049
1050
1051
1055
1059
1060
1061
1062
1063
1064
1065
1068
1069
1070
1072
1076
1079
1080
1082
1084
1086
1087
1088
1090
12083
1093
1096
1176
1097
1099
1102
1103
1106
1110
1111
1112
1113
1114
1116
1117
1123
1124
1127
1135
1136
1138
1142
1143
1145
4086
1149
1159
1160
8504
13025
3234
6932
4245
3332
1503
1163
1165
1175
3186
4221
1180
1181
1182
1184
1185
1190
1191
1193
1196
1197
1201
1202
1203
1204
1207
1215
1217
1220
1222
1224
1225
1228
1230
1234
1235
1236
1241
1248
1250
1251
1252
1253
1254
1256
1261
1263
1264
1265
1266
1267
1269
1702
1270
1854
1271
1272
1275
1276
1279
1281
1282
1285
1286
1296
1301
1662
1306
1307
1309
1310
1312
1316
1317
1318
1322
1324
1328
1329
1333
1334
7510
6073
1337
1338
1340
1344
1345
1347
1349
1356
1369
1370
7185
1372
1373
1376
1382
1384
1386
1395
1396
1399
1404
1406
1409
1411
1419
1421
1423
1424
1438
1442
1450
1451
12871
1455
1476
1482
1488
1489
1493
1499
2520
1501
1504
1505
1874
4694
1508
9768
1515
1517
1520
1523
1528
1531
1532
1533
1535
1536
1538
1539
1540
1541
1543
1545
1546
1547
1552
1553
1555
1557
1558
1562
1563
1564
1567
1569
1571
1574
1575
1576
1577
1578
1579
1581
1582
1583
1584
1585
1586
1587
1588
1590
1592
1594
1595
1597
1605
1608
1609
1613
1614
1616
1620
1623
1624
1627
15800
1629
1631
1632
1633
1635
1636
1637
1638
1639
1645
1647
1648
1653
1655
3907
11655
1658
1660
1661
1666
1669
1670
1671
1673
1674
1675
1676
1677
1678
1681
1683
1684
9177
1686
1690
1692
1693
1694
1695
1700
10004
4927
1701
1707
1709
1713
1714
1715
1720
1723
1724
1725
1726
1729
1730
1731
1740
1744
1745
1750
12444
14022
1751
1752
1753
1757
1758
1759
1760
1765
1767
10841
1769
1771
1772
1780
1784
4791
1787
1792
1795
1804
1812
1813
1814
1818
1822
7395
1824
1826
1829
1830
1831
1835
1837
1842
1844
1845
1850
1851
1852
1853
4058
1859
1864
5381
1868
1869
1872
1873
1883
1884
6413
1887
1891
1893
1894
2981
7551
1901
1904
1906
1910
1913
1915
1917
1918
1920
1923
1924
1927
1929
1937
1938
1939
1941
1942
1944
1951
1952
14238
1955
1959
1961
1967
1975
1985
1986
1987
1992
1993
2004
2011
2012
2013
2014
2020
2026
11428
2028
2035
2036
2037
2039
2040
2043
2049
2050
2053
2055
2057
2067
2068
2069
2070
3465
2226
2073
2075
2083
2086
3683
2087
2090
2094
2100
2102
2108
2109
2112
2114
2116
2117
2118
2120
2121
2122
2124
2125
2126
2127
2128
2130
2132
9282
13303
6809
2135
2136
2139
2141
2145
2150
2155
2160
2163
2164
11164
2166
2169
2172
2174
2176
2180
2183
2184
2185
2186
2187
2188
2190
2192
2195
2196
2197
2198
2199
2200
2203
2204
2206
2207
2208
2210
2211
2212
2213
2214
2215
2216
2220
2221
2223
2225
2227
2228
2229
2230
2232
2236
2239
2240
2247
2248
2249
2250
2252
2253
2257
2258
2259
2261
2262
2263
2265
2266
2270
2271
2273
2274
2276
2277
2278
2282
2283
2285
2286
2287
2288
2289
2290
2295
2296
2298
2299
2303
2305
2306
2307
2309
2310
2312
2315
2316
2317
2318
2319
2322
2323
2325
2326
2328
2329
2332
2333
2334
2335
2336
2337
2338
2339
2342
2343
2345
2346
2347
2348
2350
2353
11557
2357
2358
2359
2361
2360
2362
2364
2367
2371
2372
2375
2376
2377
2379
2381
2383
2384
2386
2387
2389
2390
2391
2392
2393
2394
2395
6438
2396
2399
2400
2402
8918
2405
2406
2407
2408
2409
2410
2411
2413
2414
2416
2417
2419
2420
2421
2422
2425
2431
2432
2436
2437
2438
2439
2441
2442
2443
2444
2447
2450
2456
10336
3401
2457
2461
2462
2464
11225
2466
2471
2473
2474
2475
2477
2480
2481
2482
2484
2485
2488
2489
2491
2496
13920
2497
2500
2502
2503
2504
2505
2510
2513
2516
2518
2521
2523
2524
2525
2526
2527
11218
2615
13560
2528
2529
2530
13775
2531
2532
2533
2534
5765
5246
2537
2538
2539
2540
2544
2545
2546
2554
2555
2557
2562
2563
2564
2568
2571
2574
2575
2577
2578
2581
2582
2587
2588
2591
2594
2599
2600
2603
2606
13323
2611
2617
2619
2620
2622
2623
2624
2625
2626
2627
2632
2633
2634
2635
2639
2640
2641
2642
2643
2644
2646
2649
2650
9728
9827
4883
6808
12997
2653
2654
2655
2656
2658
2659
2663
2668
2670
2674
2675
2677
2679
2681
2683
2684
2687
2690
2691
2692
2693
2694
2695
2699
2709
2710
2711
2714
2716
2717
2722
2723
2727
2734
2735
2736
2737
2738
2739
2741
2744
2745
2750
2751
2752
2754
2757
2758
2759
2760
2765
2766
2768
2770
4472
2772
4115
2779
2780
2781
2782
2783
2784
2785
2786
2788
2789
2793
15215
3228
2795
2796
4094
2797
2798
2799
2803
2804
2805
2807
2812
2815
2817
2819
2821
2823
2824
2826
2828
2830
2831
2833
2837
2842
2844
2848
2850
2855
2856
2860
2863
2868
2869
2871
2875
2877
2880
2882
2883
2884
2888
2889
2893
2895
2897
2898
2900
2909
2910
9071
2915
2919
2926
2928
2930
2936
2937
2939
2941
2942
2943
2947
2948
2952
2953
2959
2963
2965
2969
2971
11429
2978
2979
2982
2985
2988
2990
2992
2996
2997
2999
3002
3005
3006
3007
6850
3009
3011
3014
3017
3019
3020
3021
3022
3028
3029
3031
3036
3039
3044
3046
3048
3053
3054
3055
3059
6289
3063
3064
12529
3074
3079
3086
3089
12308
7869
3090
3091
3092
3095
3096
3103
3105
3108
3110
3111
3113
3119
3122
3124
3139
3143
8785
3147
3148
3149
3156
3157
3158
3267
3159
3165
13524
3166
10970
3178
3180
3181
10279
3187
3197
3202
3207
3211
3213
3214
3216
3219
3230
3233
3237
3249
3250
3253
3262
3264
4269
3274
3276
5698
3281
3286
3287
3470
3296
3300
3302
3305
3311
3313
3314
3315
3317
3321
3324
3330
14039
3333
3335
3336
3337
3344
3350
3353
3355
3362
3363
3368
3370
3371
3374
7905
3376
8601
3377
3379
3380
3383
3385
3386
3389
3393
3394
3396
3399
3402
3404
3405
3408
3411
3412
3417
3420
7656
3425
3426
3431
3432
3434
3436
12553
3441
6405
3444
12577
3453
3454
3455
3457
3458
3460
3464
3468
3469
3472
3473
3477
3479
3482
3483
3484
3493
3494
3496
3497
3498
3501
3502
3515
3518
3519
3523
15536
3528
3531
3532
3535
3536
3537
9544
3538
3545
3546
3552
3560
3564
3566
3568
3570
3574
3575
9068
3579
3583
3584
3588
3748
3590
3592
3593
3596
3599
3601
3603
3604
3605
3608
3611
3612
3625
3626
3627
3634
7007
3635
3640
3644
3646
3647
3648
3651
3652
3658
3664
3665
3667
3668
3682
3684
3685
3687
3691
3694
3699
3711
3713
5709
3717
3723
3724
3728
3749
5796
3750
3751
3754
3755
3777
5518
3781
3784
6386
3785
3786
3798
3799
3801
3805
3807
3809
3810
3811
3814
3815
3817
3818
3821
3825
3831
3846
3847
3848
3854
3855
3857
3863
3864
3865
3866
5960
3877
3879
3880
3885
3888
3890
3893
3895
3900
3908
3913
3919
3921
3925
3928
3935
3936
3937
3938
3942
3943
3947
3948
3949
3952
3954
3956
3957
3958
3959
3961
3966
3971
3973
3977
3979
3980
3981
3983
3984
3985
3991
3993
3999
4001
4007
4008
4012
4018
4019
4021
4024
4027
4028
4030
4040
4044
4059
4062
4064
4065
4066
4069
4071
6112
6269
4077
4080
4084
4085
4123
4124
7479
4129
4137
4143
4147
4148
4149
4156
4159
4162
4163
4171
4174
4176
4177
4180
4183
4187
4436
4189
4195
4200
4203
4206
4209
4214
8956
4228
4233
4242
13189
4247
4249
4250
4251
4252
4260
4272
4273
6708
4275
4282
4473
4283
4284
4984
4288
4290
5545
4291
4296
4300
4301
4305
4308
9390
4310
4313
4314
4317
4318
4319
4320
4321
4324
4325
4326
4327
4330
4333
4334
4337
4339
4342
4343
4352
4353
4355
4356
4357
10880
9007
5167
4362
4363
4364
4365
13719
4368
4372
4373
4374
4375
4379
4380
4384
4386
7994
4387
4391
4394
4395
4397
4400
4404
4408
4410
4411
4414
4424
4427
4431
4432
4438
4443
4446
4447
4448
4449
6103
4455
4459
4460
4465
4467
4469
4471
4475
4478
4483
4484
4488
4490
4491
11900
4492
4493
4494
4495
4500
4501
4503
4506
4512
4516
4518
4519
4520
4521
4522
4525
4529
4530
4537
4539
4540
4542
4544
4548
4552
4560
4561
4564
4565
4566
13811
4568
7360
4569
4571
4572
4575
4576
4582
4584
4588
4589
4590
4594
4596
4598
4602
4606
4608
4610
4613
4614
4615
4617
4618
4619
4620
4621
4623
4625
4626
4627
4628
4629
4631
4633
4634
4635
4637
4638
4639
4642
4643
4644
4645
4646
4647
4648
4649
4652
4655
4661
4662
4663
4664
4665
4666
4668
4669
4670
4671
4673
4675
4677
4680
4682
4683
4684
4685
4686
4687
4688
4689
4859
4690
4691
4692
4693
4695
4696
4699
4704
4705
4706
4707
4708
4710
4711
4712
4713
4715
4717
12915
4719
4722
4723
4726
4728
4729
4730
4732
4735
4736
4737
4740
4742
4744
4745
4746
4747
4748
4749
4750
4752
4754
4755
4757
4759
4760
4763
4768
4770
4773
4775
4776
4777
4779
4781
4785
7355
4792
4793
4794
4800
4802
4803
4805
4806
4807
4808
4809
4810
4811
4812
4863
4819
4820
4823
4825
4836
4841
6152
9435
4843
9518
4846
4847
4852
4857
4865
4866
4867
4868
4869
4870
4871
4872
4875
4879
4880
4882
4889
4890
4891
8853
4892
5443
4894
4899
4900
4901
4902
4904
4908
4914
4918
4921
4922
4926
10114
9364
4928
4930
4931
4933
4936
4937
4938
4944
4945
4947
4948
4949
4951
4952
4953
4955
4959
4961
4964
4966
4968
4971
4972
4973
4974
4975
4977
4979
4983
4987
4989
4990
4992
4994
4996
4998
4999
5002
5005
5006
5008
5010
5011
5012
5013
5015
5017
5019
5020
5021
5022
5023
5024
5027
5028
5032
5034
5035
5037
5041
5536
10914
8327
14452
5047
5048
5053
5056
5057
5060
5063
5068
5069
5084
5085
5086
5091
5098
5103
5106
5107
5108
5112
5118
5119
5123
5124
5737
5126
5128
6659
5129
5130
5132
5135
5137
5138
5139
5142
5143
5144
5145
5150
5153
5154
5157
5158
5159
5162
5163
10530
5164
5169
5170
5172
5173
5176
5180
5182
5185
5187
5188
5189
5190
5191
5199
5200
5203
5206
5209
5212
5213
5217
5218
5219
5221
5222
5223
5232
5233
5235
5236
5237
5238
5247
5251
5252
5253
5256
5257
5258
5260
5261
5263
5267
5268
15005
5270
5274
5277
5278
5282
5283
5286
5288
5290
5291
5293
5296
5298
5299
5302
5303
5304
5307
5313
5315
5316
5317
5319
5323
5324
5329
5335
5336
5340
5344
5348
5352
5353
5356
5357
5359
5360
5363
5364
5365
5366
5367
5370
5371
5372
5373
5374
5377
5379
5380
5382
5383
5384
5385
5390
5392
5393
5401
5403
5405
5407
5410
5411
5414
5415
5417
5419
5420
5421
5424
10857
5428
5432
5435
5437
5438
5439
5440
5628
5444
5446
5451
5452
5456
5459
5462
5463
5466
5467
5469
5471
5474
5478
5479
5481
5484
5486
5487
5491
5500
5506
5507
5509
5524
5527
5533
5538
5539
5543
5544
8143
5551
5559
5562
5567
5571
5573
5577
5580
5581
5584
5587
5602
5606
5611
5615
5616
5618
5621
5622
5629
5631
5636
5640
5642
5644
5647
15433
5651
5653
5665
5667
5668
5674
5675
5676
9516
5678
5679
5682
5686
5692
5696
5697
5700
5701
5702
5704
5707
5708
12798
5710
6448
5715
5717
5719
5720
5721
5722
5729
5734
5736
14515
15259
14621
5738
5741
5744
5747
5748
5751
5753
5755
5758
5760
5763
5764
5769
5773
6797
5774
5777
5778
5779
5783
5785
5787
5790
5792
5793
5794
10832
5801
5803
5804
5808
5809
5810
5811
5814
5815
5816
5817
5820
5821
5824
5829
5830
5841
5843
5844
5845
5846
5847
5850
6088
5853
5855
5856
5857
5859
5860
5861
5864
5865
5867
5871
5872
5873
5877
5880
5883
5884
5889
5890
5891
5893
5897
5899
5900
5901
5902
5906
5908
5911
5916
5920
5922
5927
5929
5933
5934
5936
5937
5938
5944
5947
5951
5952
5954
5957
13482
6031
5959
5964
5967
5970
5972
5973
5976
5977
5979
5980
6332
5984
13438
5986
5988
5994
5996
5997
5998
5999
6001
6003
6005
6006
6007
6008
6010
6011
6012
6013
6015
6016
14493
6017
6019
6025
6026
6029
11132
6032
6033
6034
6038
6040
6041
6042
6043
6045
6049
6050
6051
6052
6056
6057
6059
6251
6060
6061
6062
6066
6067
6068
6069
6070
6077
6078
6080
6081
6082
6086
6087
6091
6099
6102
6104
6106
6113
6116
6117
6124
6126
6132
6133
6134
6135
6136
6137
6138
6140
6141
6144
6145
6146
6148
6166
6150
6151
6154
6155
6158
6160
6162
6165
6889
6167
6169
6175
6179
6181
6182
6185
6186
6190
9127
6194
6198
6201
6202
6204
6208
6209
6215
6220
6221
6223
6224
6225
6226
6229
6231
6232
6233
6240
6241
6242
6243
6244
6247
6248
6250
6256
6258
6259
6262
6263
6265
6267
6271
6272
6273
6276
6277
6278
6279
6283
6288
6296
6297
6299
6300
6302
6303
6337
6304
6308
6309
6313
6314
6315
12298
6316
6317
6321
6322
6323
13146
6324
6327
6328
6329
6334
6335
6336
6339
6343
6344
6345
6347
6351
6352
6353
6354
6356
6357
6358
6359
6361
6363
6365
6367
6368
6369
6373
6375
6376
6377
6382
6387
6392
6394
6396
6397
15042
6399
6401
6404
6406
6409
6412
6414
6416
6418
6420
6423
6424
6425
6426
6427
6428
6430
6431
6433
6434
6435
6436
6439
6440
6441
6442
6447
6451
6452
6453
6455
6457
6458
6459
6582
6462
6463
6467
6468
6471
6473
6476
6479
6480
6481
6482
6483
6486
6488
6491
6493
6494
11740
6496
6497
6499
6501
6507
6513
6514
6517
6518
6519
6520
6522
6526
6527
6528
6530
6532
6533
6534
6536
6537
6539
6542
6547
6549
6550
6553
6557
6561
6563
6565
6566
6568
6570
6571
6572
6573
6576
6578
6579
6580
6583
6586
6593
6594
6595
6596
6597
6598
6601
6602
6603
6604
6605
6606
6607
6608
6611
6612
6615
6619
6622
6627
6628
6629
6630
6636
6639
6640
6646
6648
6650
6653
6654
6655
6656
6660
6662
6663
6664
6670
6671
11127
6673
6674
6677
6678
6685
6687
6688
6689
6694
6697
6698
6700
6701
6703
6704
6734
6711
6712
6724
6726
6727
6730
6732
6733
6735
6736
6737
6739
6740
6744
6745
6746
6747
6748
6750
6751
6753
6754
6755
6756
6757
6759
6760
6761
6764
6765
6768
6769
6771
6773
6774
6776
6777
6778
6779
6781
6784
6786
6788
6789
6794
6795
6796
6801
6804
6807
6810
6812
6813
9116
6816
6817
6822
6823
6824
6825
6827
6829
6832
6837
6838
6839
6841
6843
6844
6849
12387
6851
6852
6853
6854
6855
6857
6859
6860
6862
6863
6865
6866
6867
6868
6870
6871
6874
6877
6878
6881
6884
6887
8256
11004
6888
6890
6891
6896
6899
6900
6901
6906
6914
6918
6919
6928
6929
6930
6934
6937
6938
6939
6942
6944
6946
6947
6948
6949
6950
6951
6953
6956
6957
6958
6959
6960
6961
6962
6963
6964
6967
6970
6971
6974
6979
6985
6991
6992
6996
6997
6998
6999
7000
7001
9227
7563
7009
7010
7012
7013
7016
12273
7017
7018
7019
7022
7024
7025
7026
7027
7028
7029
7033
7036
7037
7039
7040
14607
7042
7043
7046
7048
7053
7057
7058
7059
7062
7065
7068
7074
7077
7078
7081
7083
7085
7086
7087
7090
7091
7093
7097
7098
7099
7100
7103
7104
7107
7114
7117
7118
7119
7120
7124
7127
7128
7130
7135
7141
7144
7145
7148
7160
8831
7164
7166
7167
7171
7173
7174
7176
7179
7183
7188
7191
7192
7193
7194
7196
7197
7199
7200
7201
7205
7207
7208
7209
7210
7213
7216
7217
7220
7223
7224
7225
7226
7228
7235
7236
7237
7238
7241
7242
7245
7246
7247
7248
7249
7250
7251
7252
7256
7260
7261
7262
7264
7266
7267
7268
7269
7271
7272
7273
7274
7275
7279
7281
7282
7286
7287
7291
7294
7295
7300
7301
14098
7303
7304
7307
7308
7312
7313
7318
7319
7320
7322
7323
7326
7327
7331
7332
7334
7340
7342
7344
7346
7347
7349
7350
7351
7361
7353
7354
7357
7358
7359
13887
7363
7364
7366
7368
7369
7371
7373
7374
7375
7378
7379
7383
7384
7385
7386
7389
7390
7391
7392
7394
7396
7397
7399
7400
7401
7402
7405
7406
7407
7529
7408
7412
7413
7415
7416
7417
7418
7419
7420
7421
7422
7423
7424
7425
7426
7427
7429
7430
7431
7432
7434
7436
7437
7438
7439
7440
7442
7443
7444
7445
7448
7449
7451
7453
7454
7455
7456
7457
7458
7463
7464
13433
7466
7467
7470
7473
7474
7475
7477
7478
7483
7484
7485
7487
7488
7489
7490
7491
7492
7493
7495
7496
7498
7506
7507
7508
7509
7511
7514
12703
7515
7516
7517
7520
7521
7523
7524
7525
7526
7527
7528
7530
7531
7532
7533
7534
7535
7536
7539
7541
7542
7543
7544
7548
7552
7555
7556
7558
7560
7561
7562
7564
7565
7569
7570
7571
7572
7573
7574
7575
7576
7578
9203
7580
7582
7585
7589
7592
7594
7595
7596
7597
7598
7599
7600
12676
7601
7603
7605
7606
7608
7609
7610
7611
7612
7615
7616
7619
7622
7624
7625
7626
7628
7629
7631
7632
7633
7634
7637
7638
7640
7642
7643
7644
7647
7648
7649
7652
7657
7658
7660
7661
7663
7664
7665
7668
7669
7670
7671
7673
7674
7675
7677
7678
7680
7681
7682
7684
7685
7687
7688
7689
7695
7696
7702
7707
7708
7710
7711
7713
7721
7722
7726
7729
8317
7733
7734
7735
7740
7742
7744
7745
7746
7747
7749
7753
7758
7759
11379
7761
7765
7766
7767
7770
7772
7773
7775
7777
7780
7782
7783
7784
7785
7787
7789
7790
7794
7797
7800
7805
7808
7809
7810
7811
7812
7818
7820
7821
7831
7832
7844
7845
7846
7848
7852
7857
7859
7862
7863
7864
7872
7878
7880
7882
7883
7888
7890
7891
7892
7895
7896
7898
14770
7907
7911
7912
7915
7916
7920
7921
7924
7926
7928
7929
7930
7931
7932
7934
7935
7936
7937
7938
7939
7940
7941
7942
7945
7946
7948
7949
7951
7954
7958
7959
7961
7963
7965
7967
7970
7973
7974
7975
7976
7979
7980
7984
7987
7988
7989
7990
7998
8003
8005
8007
8010
8012
8013
8014
8015
8016
8018
8019
8022
8023
8024
8025
8027
8028
8029
8032
8033
8034
8035
8036
8038
8040
8043
8044
8046
8048
8050
8052
8054
8056
8057
8059
8060
8066
8068
8069
8071
8073
8074
8075
8077
8082
8083
8084
8089
8090
8092
8093
8096
8099
8101
8104
8105
8106
8110
8113
8114
8116
8118
8119
8120
8121
8124
8126
8127
8128
8129
8132
8134
8136
8137
8139
8145
8147
8149
8151
8153
8154
8155
8157
8160
8162
8163
8167
9831
9471
8169
8170
8171
8177
8179
8180
8181
8182
8185
8191
8192
8193
8195
8196
8200
8210
8203
8204
8206
8208
8209
8211
8212
8215
8217
8222
8223
8224
8225
8226
8229
8230
8232
8234
8236
8238
8239
8240
8241
8242
8243
8247
8248
8252
8253
8254
8255
8259
8263
8264
8265
8267
8268
8269
8270
8271
8276
8277
8279
8280
8281
8284
8287
8288
8289
8290
8291
8292
8294
8295
8296
8297
8298
8299
8300
8301
8302
8303
8304
8306
8307
8308
8309
8310
8311
8312
8313
8314
8315
8318
8319
8320
8321
8322
8323
8324
8325
8326
8329
8333
8334
8335
8336
8338
8339
8340
8342
8343
8344
8345
8346
8347
8349
8350
8351
8352
8353
8355
8357
8360
8362
8363
8364
8365
8366
8367
8368
8369
8370
8371
8372
8373
8374
8376
8378
8379
8381
8382
8383
10606
8384
8385
8386
8387
8388
8389
8390
8391
8392
8393
8394
8395
8396
8397
8398
8399
8400
8402
8403
8404
8405
8406
8407
8408
8409
8410
8412
8413
8415
8416
8417
8418
8419
8420
8421
8424
8425
8426
8427
8428
8429
8430
8433
8436
8437
8438
8439
8440
8441
8444
8445
8446
8447
8448
8449
8450
8451
8452
8453
8454
8455
8456
8459
8462
8463
8464
8465
8467
8468
8470
8471
8472
8474
8475
8476
8480
8481
8482
8483
9996
8484
8485
8486
8488
8490
8491
8492
8493
8494
8495
8497
8498
8499
8500
8502
8503
8505
8506
8507
8508
8510
8513
8515
8516
8518
8519
8520
8521
8523
8525
8526
8527
8528
8529
8530
8531
8532
8534
8535
8536
8537
8538
8539
8540
8541
8543
8545
8546
8547
8548
8550
8551
8553
8554
8557
8559
8560
8562
8564
8567
8569
8571
8572
8573
8575
8576
8577
8578
8580
8581
8582
8584
8585
8587
8589
8590
8592
8593
8594
8596
8598
8599
8600
8602
8603
8604
8605
8606
8607
8608
8610
8613
8614
8616
8617
8619
8620
8624
8625
8626
8627
8628
8629
8630
8631
8633
8634
8635
8636
8637
8638
8639
8640
8641
8642
8643
8644
8645
8646
8647
8648
8649
8650
8652
8653
8654
8655
8657
8659
8660
8662
8664
8665
8667
8669
8671
8672
8673
8674
8676
8677
8678
8679
8680
8681
8682
8683
8686
8690
8693
8694
8696
8698
8699
8700
8705
8707
8708
8709
8710
8711
8713
8718
8719
8725
8726
8730
8731
8732
8734
8735
8737
8739
8740
8742
8744
8745
8746
8747
8748
8752
8754
8756
8758
8760
8761
8763
8764
8765
8766
8767
8770
8771
8772
8773
8774
8775
8776
8778
8779
8786
8787
8795
8796
8799
8801
8803
8804
8808
8810
8812
8815
8816
8818
8821
8823
8824
8825
8828
8829
8830
8833
8836
8838
8843
8849
8852
8856
8922
8862
8863
8866
8867
8868
8870
8875
8876
8881
8883
8884
8885
8886
8888
8889
8890
8891
8893
8894
8895
8897
8898
8900
8903
8904
8905
8908
8909
8910
8913
8914
8919
8920
8921
8923
8924
8925
8926
8932
8936
8937
8939
8941
8942
8944
8945
8946
8947
8950
8954
8955
8957
8958
8959
8964
8966
12572
8976
8973
8974
8975
8978
8980
8981
8984
8989
8990
8992
8993
8994
8995
8996
8997
9000
9002
9003
9006
9008
9009
9011
9012
9017
9019
9020
9022
9026
9027
9028
9031
9034
9036
9040
9043
9045
9046
9047
9048
9049
9051
9052
9053
9054
9055
9057
9058
9059
9060
9061
9062
9063
9066
9067
9070
9073
9074
9075
9077
9079
9080
9081
9083
9088
9092
9093
9094
9095
9096
9097
9098
9100
9101
9103
9105
9108
9109
9111
9112
9113
9114
9115
9117
9118
9121
9122
9123
9125
9126
9128
9132
9133
9138
9140
9145
9146
9149
9150
9152
9153
9155
9158
9159
9160
9162
9165
9166
9167
9168
9169
9170
9171
9175
9176
9181
9182
9183
9185
9187
9188
9193
9194
9199
9200
9201
9204
9206
9208
9209
9212
9215
9217
9219
9220
9221
9224
9225
9228
9235
9236
9238
9240
9241
9242
9243
9244
9245
9246
9249
9250
9251
9252
9253
9254
9258
9260
9262
9263
9264
9265
9266
9268
9269
9270
9272
9273
9274
9279
9280
9283
9284
9285
9286
9287
9289
9291
9295
9296
9297
9298
9299
9301
9303
9305
9307
9309
9311
9312
9313
9315
9317
9318
9319
9320
9321
9322
9323
9324
9325
9326
9328
9330
9331
9334
9335
9336
9337
9338
9341
9342
9343
9344
9345
9346
9347
9349
10689
9350
9353
9354
9355
9356
9357
9358
9359
9361
9362
10438
9365
9367
9369
9371
9374
9375
9379
9381
9382
13441
9383
9384
9385
9388
9392
9395
9396
9405
9406
9407
9410
9415
9417
9423
9426
9427
9430
9431
9433
9436
9437
9438
9439
9440
9441
9445
9446
9448
9449
9453
9454
9458
9460
9461
9462
9463
9473
9475
9476
9477
9481
9485
9486
9488
9489
9490
9492
9494
9499
9503
9504
9505
9506
9507
9509
9510
9513
9515
9520
9521
9523
9527
9528
9531
9532
9535
9536
9537
9539
9540
9552
9553
9554
9555
9556
9557
9560
9561
9563
9564
9565
9567
9570
9571
9572
9573
9577
9578
9579
9582
9583
9584
9586
9587
9589
9590
9594
9595
9596
9599
9600
9601
9602
9603
9605
9606
9607
9609
9610
9611
9612
9615
9618
9619
9622
9627
9628
9629
9630
9631
9632
9633
9635
9637
9640
9641
9642
9644
9645
9647
9648
9652
9653
9654
9656
9660
9662
9663
9666
9667
9668
9669
9670
9671
9675
9676
9677
9679
9682
9683
9684
9685
9687
9689
9690
9691
9698
9699
9701
9702
9708
9709
9711
9712
9713
9716
9717
9718
9720
13987
9722
9723
9726
9729
9730
9732
10163
9733
9737
9739
9740
9742
9743
9744
9745
9746
9749
9751
9752
9753
9754
9755
9756
9758
9759
9760
9761
9762
9765
9766
9767
9769
9771
9772
9773
9775
9776
9777
9778
9779
9780
9781
9782
9786
9788
9789
9790
9850
11861
9791
9794
9798
9799
9801
9802
9803
9804
9805
9806
9808
9809
9810
9814
9818
9821
9823
9824
9826
9830
14139
9832
9837
9838
9840
9841
9844
9845
9846
9847
9848
9852
9853
9854
9855
9858
9860
9862
9864
9867
9870
9871
9872
9873
9874
9876
9877
9878
9881
9882
9883
9885
9886
9887
9888
9889
9890
9891
9892
9896
9898
9899
9901
9902
9904
9905
9906
9907
9908
9909
9910
9913
9915
9916
9917
9918
9920
9921
9922
9925
9927
9928
9929
9930
9931
9934
9939
9942
9943
9945
9946
9947
9948
9950
9955
9957
9959
9960
9961
9962
9963
9966
9970
9971
9972
9973
9974
9975
9977
9978
9980
9982
9985
9986
9987
9988
9989
9990
9991
9992
9993
9995
9997
9999
10000
10002
10003
10005
10006
10009
10011
10012
10014
10015
10017
10019
10022
10023
10024
10025
10028
10029
10032
10033
10034
10035
10037
10038
10039
10042
10044
10045
10047
10048
10053
10055
10056
10057
10060
10061
10066
10069
10073
10080
10084
10086
10087
10088
10090
10104
10106
10108
10112
10116
10118
10121
10122
10124
10126
10128
10133
10134
10136
10137
10139
10140
10141
10143
10144
10149
10150
10151
10153
10154
10155
10156
10162
10164
10165
10166
10170
10171
10172
10173
10174
10176
10177
10180
10181
10190
10191
10193
10194
10196
10198
10199
10200
10204
10205
10206
10208
10213
10220
10222
10224
10225
10229
10230
10232
10234
10239
10241
10243
10244
10250
10251
10252
10254
10255
10256
10257
10259
10260
10261
10263
10267
10268
10273
10274
10278
10280
10281
10284
14533
10285
10286
10287
10288
10291
14078
10292
10293
10294
10295
10299
10300
10305
10309
10316
10326
10329
10331
10350
10356
10359
10362
10364
10369
10372
10374
10375
10381
10382
10383
10386
10389
10391
10392
10396
10402
10407
10408
10410
10413
10415
10417
10418
10422
10428
10431
10435
10436
10443
10446
10447
10448
10453
10454
10460
13309
10464
12562
10467
10468
10471
10472
10477
10479
10488
10490
10494
10496
10498
10500
10505
10507
10511
10512
10513
10514
10517
10520
10523
10524
10529
10531
10532
10533
10535
10537
10541
10544
10546
10547
10549
10553
10554
10569
10571
10573
10574
10575
10576
10580
10582
10592
10594
10597
10601
10605
10612
10615
10617
10626
10629
10630
10632
10633
10634
10636
10637
10638
10639
10640
10641
10643
10647
10648
10649
10650
10652
10654
10657
10658
10661
10664
10665
10668
10669
10672
10673
10675
10677
10678
10682
10684
10686
10691
10692
10693
10694
10701
10703
10705
10708
10918
10711
10712
10714
10721
10724
10726
10727
10731
10734
10737
14333
10741
10743
10746
10747
10750
10751
10756
10757
10759
10760
10761
10764
10765
10768
10769
10777
10779
10782
10783
10786
10787
10788
10792
10793
10794
10795
10800
10801
10866
10802
10803
10804
10805
10807
10810
10812
10813
10814
10815
10817
10818
10819
10820
10821
10822
10824
10825
10831
10834
10835
10837
12169
11273
10843
10844
10845
10847
10851
10852
10856
10859
10861
10862
10863
10864
10868
10869
10870
10871
10874
10875
10876
10879
10881
13467
10882
10883
10886
10888
10890
10891
10893
10895
10897
10900
10902
10903
10904
10905
10907
10908
10912
10913
10921
10922
10927
10928
10936
10940
10943
10944
10956
10963
10967
10968
13005
10972
10975
10980
10983
10985
10986
10987
10994
10995
10997
10998
11000
11002
11003
11010
11026
11028
11030
11037
11045
11048
11049
11050
11051
11052
11054
11056
11062
11063
11066
11067
11069
11070
11071
11074
11075
11078
11081
11083
11087
11089
11091
11101
11102
11104
11105
11107
11108
11111
11113
11117
11122
11124
11125
11126
11128
11129
11130
11131
11136
11137
11138
11139
11141
11143
11145
11146
11148
11149
11150
11152
11833
11153
11155
11156
11157
11158
11159
11160
11162
11163
11165
11166
11167
11168
11169
11170
11171
11173
11174
11175
11177
11178
11179
11180
11181
11182
11183
11184
11185
11186
11189
11190
11191
11192
11195
11196
11197
11198
11199
11200
11203
11204
11206
11207
11208
11210
11211
11212
11213
11215
11217
11219
11220
11221
11226
11228
11229
11230
11234
11235
11237
11241
11242
11243
11244
11246
11247
11249
11250
11251
11253
11255
11257
11261
11262
11263
11264
11265
11266
11267
11268
11270
11271
11272
11274
11276
11277
11278
11280
11281
11282
11283
11287
11291
11292
11539
11293
11294
11295
11298
11300
11303
11304
11305
11308
11309
11310
11313
11315
11317
11319
11320
11323
11325
11326
11327
11331
11332
11333
11339
11341
11343
11344
11349
11350
11351
11352
11354
11355
11356
11357
11360
11361
11362
11363
11364
11365
11368
11370
11377
11383
11388
11394
11395
11400
11401
11404
11405
11406
11408
11410
11411
11412
11414
11415
11416
11420
11422
11423
11424
11426
11433
11435
11436
11437
11439
11441
11442
11447
11451
11452
11455
11457
11458
11461
11462
11463
11468
11469
11473
11474
11475
11476
11479
11481
11482
11483
11484
11486
11488
11493
11499
11502
11503
11505
11509
11511
11513
11516
11517
11518
11519
11520
11521
11525
11526
11529
11530
11532
11542
11543
11545
11546
11547
11548
11559
11560
11563
11565
11568
11570
11574
11575
11577
11583
11585
11589
11594
11598
11601
11602
11604
11608
11609
11611
11617
11618
11619
11624
11625
11630
11633
11635
11650
11654
11657
11658
11666
11668
11669
11673
11675
11679
11683
11686
11691
11694
11703
11707
11709
11711
11770
11715
11722
11735
11743
11744
11746
11749
11750
11753
11756
11758
11765
11769
11771
11774
11775
11776
11777
11781
11784
11785
11786
11788
11789
11790
11791
11793
11795
11802
11803
11806
11814
11819
11822
11824
11826
11829
11830
11831
11835
11838
11839
11842
11843
11845
11846
11849
11851
11852
11853
11854
11856
11859
11860
11864
11866
11867
11868
11871
11878
11879
11880
11882
11885
11886
11887
11889
11897
11899
11902
11903
11904
11905
11906
11907
11909
11910
11911
11912
11913
11914
11915
11916
11919
11920
11921
11922
11923
11924
11925
11926
11928
11933
11934
11935
11937
11940
11941
11942
11943
11949
11951
11952
11957
11959
11960
11961
11963
11964
11965
11967
11968
11969
11971
11973
11976
11978
11979
11988
11987
11989
11991
11992
11994
11996
11997
11998
12000
12001
12002
12003
12004
12011
12013
12014
12017
12020
12022
12025
12029
12030
12031
14366
12035
12037
12038
12040
12041
12043
12045
12047
12048
12049
12050
12052
12053
12055
12057
12058
12061
12064
12067
12071
12072
12073
12074
12076
12077
12088
12089
12090
12091
12095
12097
12101
12105
12106
12107
12109
12110
12114
12116
12118
12120
12125
12126
12128
12134
12135
12138
12147
12148
12151
12156
12157
12158
12160
12162
12164
12165
12168
12170
12171
12172
12173
12174
12176
12177
12178
12180
12183
12184
12185
12192
12194
12196
12197
12199
12202
12203
12206
12207
12212
12213
12215
12216
12218
12219
12220
12223
12230
12234
12235
12473
12237
12240
12244
12247
12248
12250
12251
12254
12258
12259
12263
12268
12269
12271
12272
12274
12275
12276
12277
12282
12289
12303
12290
12295
12296
14791
12301
12302
12310
12311
12313
12314
12317
12321
12325
12327
12329
12331
12334
12337
12342
12343
12344
12345
12346
12348
12351
12355
12357
12358
12359
12360
12361
12375
12363
12364
12366
12367
12369
12370
12372
12373
12374
12377
12379
12381
12382
12383
12384
12385
12386
12388
12389
12391
12392
12393
12394
12397
12398
12399
12400
12402
12404
12405
12406
12407
12408
12410
12411
12413
12416
12417
12418
12420
12421
12422
12423
12424
12425
12426
12429
12430
12431
12433
12434
12436
12437
12439
12440
12441
12442
12443
12445
12446
12447
12448
12450
12451
12452
12453
12454
12455
12456
12457
12458
12460
12461
12463
12464
12465
12466
12467
12468
12470
12471
12472
12474
12475
12476
12477
12478
12480
12482
12485
12486
12487
12488
12489
12490
12493
12494
12498
12500
12506
12508
12509
12510
12511
12513
12514
12515
12517
12520
12521
12523
12524
12525
12527
12530
12531
12532
12538
12539
12540
12541
12543
12547
12548
12549
12550
12552
12556
12557
12558
12559
12560
12563
12565
12567
12568
12570
12571
12574
12575
12576
12578
12579
12580
12581
12585
12586
12588
12591
12593
12600
12604
12605
12612
12616
12623
12626
12631
12634
12636
12637
12638
13268
12639
12642
12646
12649
12652
12653
12658
12661
12663
12666
12667
12669
12672
12673
12674
12677
12678
12680
12684
12687
12688
12689
12690
12691
12694
12696
12697
12698
12701
12702
12706
12710
12714
12715
12719
12725
12726
12727
12728
12729
12730
12733
12738
12742
12745
12746
12751
12752
12756
12757
12758
12760
12764
12766
12767
12769
12772
12773
12790
12774
12776
12779
12783
12788
12795
12797
13797
12799
12802
12804
12805
12807
12808
12809
12810
12811
12813
12814
12816
12817
12818
12821
12823
12824
12826
12828
12829
12830
12832
12835
12837
12839
12844
12848
12853
12854
12856
12862
12863
12864
12865
12866
12867
12868
12870
12875
12877
12878
12879
12880
12881
12882
12885
12886
12887
12894
12897
12899
12902
12903
12904
12905
12906
12907
12909
12913
12914
12918
12920
12921
12923
12926
13710
12927
12930
12931
12932
12933
12936
12938
12939
12941
12943
12944
12945
12947
12948
12950
13214
12952
12953
12954
12955
12957
12961
12962
12963
12965
12967
12971
12972
12973
12974
12976
12977
12981
12984
12985
12986
12987
12992
12994
12995
12996
13000
13002
13003
13006
13007
13008
13009
13011
13013
13015
13016
13018
13021
13023
13026
13027
13029
13031
13033
13035
13036
13039
13040
13041
13042
13043
13047
13048
13049
13050
13051
13052
13054
13059
13060
13061
13062
13063
13064
13065
13067
13068
13073
13075
13077
13078
13080
13084
13085
13086
13087
13090
13091
13092
13095
13098
13103
13104
13105
13111
13112
13113
13115
13116
13117
13120
13121
13122
13123
13124
13125
13127
13131
13132
13133
13135
13136
13137
13138
13139
13140
13142
13143
13144
13147
13148
13151
13153
13155
13156
13157
13159
13160
13163
13167
13304
13172
13173
13174
13178
13179
13180
13181
13184
13187
13188
13190
13191
13192
13193
13195
13196
13197
13198
13199
13200
13201
13202
13203
13204
13206
13208
13211
13212
13213
13215
13216
13217
13218
13219
13220
13222
13223
13224
13227
13228
13229
13231
13236
13237
13239
13240
13242
13244
13246
13249
13250
13251
13252
13254
13256
13258
13259
13260
13264
13266
13267
13270
13272
13273
13275
13276
13277
13278
13279
13280
13282
13286
13287
13288
13289
13292
13294
13295
13298
13299
13300
13301
13302
13305
13306
13307
13313
13314
13316
13317
13319
13320
13321
13322
13325
13326
13330
13333
13334
13335
13338
13339
13340
13343
13345
13347
13348
13350
13351
13353
13354
13355
13358
13361
13363
13364
13365
13368
13369
13370
13371
13372
13374
13375
13376
13379
13380
13381
13384
13385
13386
13387
13392
13393
13394
13395
13396
13397
13398
13399
13400
13402
13405
13406
13407
13409
13410
13411
13413
13415
13417
13419
13420
13422
13425
13426
13429
13431
13432
13434
13435
13437
13440
13442
13443
13444
13446
13447
13448
13449
13451
13453
13455
13456
13457
13458
13459
13460
13462
13463
13464
13465
13466
13468
13469
13470
13472
13473
13474
13477
13479
13480
13481
13483
13484
13486
13487
13489
13490
13491
13494
13495
13496
13497
13498
13499
13500
13501
13502
13503
13504
13505
13507
13508
13509
13877
13510
13512
13514
13515
13516
13517
13518
13521
13522
13523
13525
13526
13527
13528
13529
13530
13531
13533
13534
13538
13539
13540
13541
13542
13543
13544
13545
13548
13550
13553
13556
13557
13558
13562
13563
13565
13567
13568
13570
13571
13574
13576
13578
13580
13581
13582
13585
13586
13588
13589
13591
13593
13594
13600
13601
13603
13604
13607
13610
13612
13617
13618
13623
13624
13625
13627
13630
13631
13632
13633
13634
13635
13639
13640
13642
13643
13650
13652
13653
13654
13655
13656
13658
13659
13661
13663
13664
13666
13667
13669
13670
13673
13676
13679
13680
13681
13682
13683
13686
13688
13689
14035
13691
13696
13699
13700
13704
13705
13706
13707
13708
13711
13712
13713
13714
13717
13718
13720
13721
13722
13723
13725
13727
13730
13731
13732
13733
13734
13735
13736
13737
13739
13740
13741
13745
13747
13748
13749
13750
13751
13752
13755
13758
13759
13760
13761
13762
13763
13765
13767
13769
13771
13772
13774
13779
13780
13782
13784
13785
13790
13792
13794
13795
13796
13798
13799
13801
13802
13803
13804
13805
13806
13808
13809
13813
13815
13819
13820
13829
13830
13832
13833
13834
13835
13836
13837
13840
13841
13842
13849
13856
13857
13859
13862
13863
13864
13865
13866
13867
13869
13870
13871
13873
13874
13875
13876
13878
13880
13881
13882
13883
13884
13885
13888
13889
13895
13897
13898
13899
13900
13901
13903
13905
13907
13909
13910
13911
13912
13913
13914
13915
13916
13917
13918
13921
13923
13924
13925
13927
13928
13929
13932
13933
13934
13936
13937
13938
13939
13940
13941
13942
13943
13944
13947
13949
13951
13952
13954
13955
13956
13957
13959
13962
13964
13965
13966
13967
13968
13969
13970
13971
13972
13973
13974
13977
13978
13979
13980
13981
13983
13984
13985
13986
13988
13989
13990
13992
13993
13994
13995
13996
13997
13998
13999
14000
14002
14003
14006
14007
14008
14009
14012
14013
14014
14015
14017
14018
14024
14025
14026
14027
14028
14029
14030
14031
14032
14034
14036
14037
14038
14040
14041
14042
14043
14044
14046
14048
14049
14050
14051
14052
14053
14056
14057
14058
14059
14060
14061
14062
14064
14065
14066
14067
14068
14069
14070
14071
14072
14073
14074
14075
14076
14077
14079
14080
14081
14082
14083
14084
14085
14086
14088
14089
14090
14091
14092
14093
14094
14096
14097
14102
14103
14105
14106
14107
14109
14111
14113
14114
14116
14118
14119
14120
14121
14122
14124
14126
14127
14128
14129
14130
14131
14132
14138
14140
14141
14142
14143
14144
14145
14146
14147
14148
14149
14151
14152
14153
14154
14156
14157
14158
14159
14160
14161
14162
14167
14168
14170
14171
14172
14173
14174
14175
14176
14177
14178
14179
14181
14184
14185
14186
14187
14190
14192
14193
14194
14195
14196
14198
14199
14200
14201
14203
14204
14205
14210
14211
14212
14213
14214
14215
14217
14218
14219
14220
14221
14222
14223
14224
14225
14226
14228
14229
14230
14231
14232
14234
14236
14240
14241
14242
14243
14244
14245
14246
14247
14250
14251
14252
14253
14254
14255
14256
14257
14258
14260
14261
14262
14264
14265
14266
14267
14268
14269
14271
14272
14274
14275
14276
14277
14279
14280
14281
14282
14283
14284
14285
14286
14287
14288
14289
14290
14292
14294
14295
14298
14299
14301
14302
14305
14308
14309
14310
14311
14312
14313
14316
14317
14319
14321
14322
14324
14325
14326
14327
14329
14330
14334
14335
14336
14338
14339
14340
14341
14343
14344
14345
14346
14347
14350
14351
14353
14354
14356
14357
14358
14359
14360
14361
14362
14363
14365
14367
14369
14370
14372
14373
14375
14376
14378
14379
14380
14381
14382
14384
14385
14386
14387
14388
14389
14393
14395
14396
14397
14398
14399
14400
14401
14402
14403
14404
14405
14406
14407
14408
14409
14411
14412
14415
14418
14419
14420
14421
14422
14423
14425
14426
14429
14433
14434
14436
14438
14440
14442
14443
14446
14448
14449
14450
14451
14454
14455
14459
14461
14463
14464
14465
14467
14468
14469
14470
14471
14474
14475
14476
14477
14478
14479
14481
14482
14483
14484
14485
14486
14487
14488
14490
14494
14495
14496
14497
14498
14499
14501
14502
14503
14504
14505
14506
14508
14509
14510
14511
14512
14513
14516
14517
14518
14521
14523
14526
14527
14528
14529
14531
14532
14535
14537
14538
14540
14542
14543
14544
14546
14547
14554
14555
14557
14558
14559
14560
14561
14562
14563
14564
14565
14566
14567
14568
14569
14572
14573
14574
14577
14578
14580
14581
14582
14583
14584
14587
14589
14590
14591
14595
14597
14598
14599
14602
14603
14604
14605
14608
14609
14611
14614
14619
14622
14623
14624
14625
14626
14627
14631
14632
14633
14634
14636
14637
14640
14642
14644
14650
14651
14653
14654
14655
14658
14659
14662
14664
14667
14669
14670
14675
14680
14681
14686
14688
14694
14695
14697
14700
14703
14708
14710
14712
14713
14716
14719
14726
14732
14734
14735
14738
14741
14743
14747
14748
14753
14754
14755
14757
14760
14761
14764
14765
14768
14771
14772
14776
14778
14779
14783
14785
14787
14789
14790
14792
14794
14796
14797
14798
14800
14801
14802
14803
14805
14806
14807
14809
14810
14815
14817
14818
14821
14825
14826
14827
14829
14830
14834
14835
14836
14838
14842
14845
14849
14851
14852
14853
14854
14855
14856
14857
14858
14859
14860
14861
14862
14864
14865
14867
14868
14869
14870
14872
14874
14876
14878
14879
14880
14881
14882
14883
14885
14886
14887
14888
14889
14891
14892
14893
14895
14896
14897
14898
14899
14902
14903
14904
14905
14906
14909
14910
14911
14912
14913
14914
14915
14916
14918
14920
14921
14922
14923
14924
14925
14926
14931
14934
14936
14937
14938
14939
14940
14942
14943
14944
14946
14948
14949
14951
14952
14953
14954
14956
14958
14960
14961
14962
14963
14964
14968
14970
14975
14976
14977
14978
14979
14981
14982
14984
14985
14986
14988
14990
14991
14993
14994
14996
14997
14998
14999
15000
15001
15002
15003
15009
15010
15011
15012
15013
15014
15015
15016
15017
15018
15019
15021
15022
15023
15024
15025
15026
15027
15028
15029
15033
15034
15035
15036
15038
15039
15043
15044
15045
15046
15047
15048
15049
15050
15051
15052
15055
15057
15060
15061
15062
15063
15064
15066
15067
15069
15071
15072
15073
15074
15075
15076
15078
15080
15081
15082
15083
15084
15085
15087
15088
15090
15095
15098
15101
15102
15104
15106
15107
15110
15111
15112
15113
15114
15115
15118
15119
15122
15123
15124
15125
15126
15127
15128
15130
15131
15133
15134
15136
15137
15138
15139
15140
15143
15144
15148
15149
15150
15151
15152
15153
15155
15156
15159
15160
15162
15164
15168
15169
15171
15173
15175
15176
15177
15179
15180
15181
15182
15183
15184
15186
15188
15191
15194
15196
15197
15199
15200
15201
15203
15205
15206
15207
15209
15210
15211
15212
15213
15214
15216
15217
15219
15220
15221
15222
15223
15226
15227
15228
15230
15233
15234
15238
15239
15241
15242
15243
15245
15248
15249
15250
15251
15252
15254
15256
15257
15260
15262
15263
15265
15266
15269
15273
15276
15280
15281
15286
15287
15288
15292
15293
15296
15301
15303
15304
15307
15308
15309
15310
15311
15313
15314
15315
15316
15319
15320
15321
15322
15323
15324
15326
15327
15329
15330
15331
15334
15336
15338
15339
15340
15341
15342
15343
15344
15346
15347
15348
15350
15351
15352
15354
15357
15358
15359
15361
15362
15365
15366
15367
15368
15369
15370
15371
15374
15376
15377
15378
15379
15381
15383
15385
15386
15387
15388
15389
15390
15391
15392
15394
15395
15396
15397
15398
15399
15402
15403
15405
15406
15407
15408
15409
15410
15411
15412
15413
15414
15415
15416
15417
15418
15420
15421
15422
15424
15425
15426
15427
15429
15431
15432
15434
15437
15438
15439
15440
15443
15444
15445
15446
15447
15449
15450
15451
15452
15453
15458
15459
15460
15461
15462
15463
15464
15466
15467
15468
15469
15470
15471
15472
15473
15474
15475
15476
15477
15482
15483
15484
15486
15487
15488
15489
15491
15492
15493
15495
15496
15499
15500
15501
15502
15504
15505
15508
15509
15511
15513
15515
15517
15518
15519
15521
15525
15526
15528
15533
15534
15537
15538
15539
15540
15541
15542
15543
15544
15545
15547
15548
15549
15553
15554
15555
15557
15558
15559
15560
15562
15563
15564
15566
15569
15570
15571
15573
15575
15576
15578
15580
15581
15582
15584
15587
15589
15590
15591
15593
15594
15598
15603
15605
15610
15616
15617
15618
15621
15622
15626
15635
15640
15644
15652
15653
15657
15658
15661
15664
15674
15675
15676
15677
15678
15680
15683
15686
15687
15688
15691
15692
15694
15695
15696
15704
15708
15709
15711
15712
15713
15716
15717
15718
15724
15725
15726
15727
15730
15733
15734
15735
15736
15737
15739
15740
15741
15743
15745
15746
15748
15750
15752
15753
15756
15757
15759
15760
15762
15765
15766
15768
15769
15770
15771
15772
15773
15776
15777
15778
15779
15781
15783
15786
15788
15789
15790
15791
15792
15793
15794
15795
15799
15803
15805
15807
15809
15811
15812
15816
15817
15819
15820
15821
15822
15825
15826
15827
15831
15832
15833
15834
15837
15839
15843
15845
15846
15850
15851
15852
15853
15854
15855
15857
15858
15860
15861
15862
15863
15864
15868
15870
15871
15872
15873
15876
15877
15878
15879
15882
15883
15884
15885
15889
15890
15891
15892
15893
15899
15901
15902
15903
15904
15905
15906
15907
15908
15909
15910
15911
15912
15913
15914
15915
15916
15919
15921
15922
15923
15924
15925
15926
15927
15928
15929
15930
15932
15933
15934
15935
15936
15937
15938
15939
15940
15941
15942
15943
15944
15945
15946
15947
15948
15949
15950
15951
15952
15953
15954
15955
15956
15957
15958
15959
15960
15961
15962
15964
15965
15966
15967
15969
15970
15971
15972
15974
15975
15976
15977
15978
15979
15982
15986
15987
15988
15989
15991
15992
15993
15994
15995
15997
15999
16002
16003
16007
16010
16011
16012
16013
16015
16017
16019
16020
16021
16023
16025
16026
16032
16033
16038
16042
16044
16045
16047
16049
16050
16051
16053
16057
16058
16064
16065
16072
16073
16074
16075
16076
16077
16078
16079
16080
16082
16083
16084
16085
16086
16087
16088
16089
16090
16091
16094
16095
16096
16097
16098
16099
16100
16101
16102
16103
16104
16106
16107
16108
16109
16110
16113
16114
16115
16116
16117
16118
16119
16120
16121
16122
16123
16125
16127
16128
16129
16130
16131
16132
16133
16134
16135
16137
16138
16140
16141
16142
16143
16144
16146
16147
16148
16149
16150
16152
16154
16155
16156
16157
