0
1
3299
4641
7
8
539
11
418
12
23
27
968
468
1557
601
28
927
31
32
33
34
36
4760
3403
37
66
38
40
41
104
42
1471
43
841
2614
45
46
50
59
2641
71
61
62
870
64
69
3585
241
67
68
72
156
1845
821
73
642
131
761
829
74
76
77
79
80
81
82
1016
1249
706
84
85
86
87
89
91
93
94
98
100
102
2179
107
108
112
113
116
119
120
121
122
123
124
125
127
128
130
132
133
134
137
138
139
140
141
143
144
182
150
145
416
2826
146
147
148
149
151
153
158
164
165
195
166
167
168
4908
169
170
177
178
179
181
1328
397
191
192
193
225
196
197
2976
1893
3519
198
200
1202
203
204
205
206
207
208
209
211
212
214
216
2032
217
219
220
222
1744
231
232
233
236
237
240
244
245
248
249
252
255
257
1907
1429
503
570
258
260
261
262
263
301
264
265
269
270
275
2681
276
278
279
282
285
4659
286
288
3520
942
328
289
290
293
298
1247
299
300
305
307
308
311
313
315
317
318
319
320
321
324
325
326
1984
327
329
330
331
332
333
336
337
340
341
342
3354
343
344
345
346
348
349
350
351
352
353
356
357
358
361
362
363
364
1335
365
367
368
370
371
373
374
375
376
377
378
381
384
385
389
391
393
394
395
396
399
1386
403
404
405
412
414
415
417
2892
2390
1658
419
421
422
2903
2396
423
5218
424
425
426
428
429
435
437
438
440
442
444
445
446
448
450
451
455
456
461
462
1214
463
465
466
467
469
470
475
1196
952
476
478
481
484
485
486
487
3062
488
489
490
492
493
495
3776
496
497
498
499
2727
500
501
2197
502
504
505
506
507
508
510
511
514
519
520
521
2025
523
525
527
528
529
531
532
536
537
538
541
542
545
547
549
777
554
555
556
557
558
559
564
565
566
567
568
569
2481
571
572
573
574
575
576
581
582
583
584
585
586
587
589
590
591
592
949
593
594
596
597
598
599
600
602
605
606
607
608
609
610
611
613
614
615
616
617
618
619
1024
620
623
3389
624
625
626
627
629
631
632
636
637
638
640
641
644
645
646
647
648
649
650
651
652
653
654
655
656
657
659
660
662
663
664
665
666
1334
667
668
669
670
671
672
673
674
675
677
678
681
682
683
684
686
687
691
696
2643
3109
697
699
700
701
702
703
709
710
711
712
990
713
716
719
720
721
722
723
725
726
727
729
733
734
735
736
737
739
740
744
746
748
749
753
754
755
2710
756
758
760
1078
762
763
764
765
769
774
776
778
779
780
782
783
785
786
789
790
792
793
794
798
799
2290
2291
800
802
803
804
806
807
810
813
814
815
816
818
819
820
822
901
824
1130
827
828
830
831
833
834
835
836
837
838
839
840
842
843
844
846
845
848
850
851
853
854
855
856
4151
857
858
859
861
863
868
871
874
875
880
884
885
886
887
888
889
890
891
3875
892
893
894
895
897
898
899
2409
903
1058
906
908
909
911
912
913
914
915
917
923
924
926
928
929
930
931
932
935
936
1004
938
939
941
1031
943
944
947
948
950
951
953
954
955
957
958
959
960
961
962
963
965
967
3099
6326
970
971
972
973
974
981
976
977
978
979
980
982
984
988
989
991
996
997
998
999
1000
1002
1003
4183
1005
1008
1009
1014
1072
1093
1015
1017
1019
1020
1021
1022
1023
1026
1027
1029
1862
1032
1033
1035
1039
1040
1044
1045
1046
1047
1048
1050
1052
1054
1055
1056
1057
1059
1060
1062
1065
1066
1069
1073
1076
1077
1079
1080
1082
1084
1085
1086
1089
1096
1097
1101
1102
1105
1106
1111
2353
3074
1113
1117
1119
1122
3529
1123
1125
4114
1127
1129
1133
1140
1142
1144
1145
1150
1152
1157
1158
1910
1159
1160
1161
1163
1165
1167
1170
1173
1174
1175
1176
1178
1179
1180
1181
1184
1188
1190
1191
1201
1203
1204
1205
1206
1210
1211
1212
1216
1221
1223
1225
1226
1227
1243
1228
1229
1232
1234
1235
1236
1237
3667
1238
1241
1242
3706
4526
1244
1246
1250
1251
1252
1255
1256
1257
1261
1268
1269
1270
1271
1272
1273
1274
1275
1278
1282
1283
1286
1288
3576
1341
1290
1291
1293
1294
1295
1296
1297
1301
1302
1303
1307
1309
1310
1312
1313
1314
1319
1321
1325
1326
1327
1331
1332
1333
1336
1338
1339
1343
1344
1348
1349
1352
1354
1355
2404
2598
2634
1906
1356
1358
1359
1361
1362
1365
1366
1367
1369
1370
1373
1377
1379
1380
1381
1384
2717
1385
1387
1388
1391
1392
1393
1395
2741
1397
1400
1401
1402
1405
1406
1408
1409
1410
1415
1417
1418
1421
1430
1431
1432
1433
1434
2535
1435
1436
1437
1439
1442
1443
1445
1446
1447
1448
1449
1450
1453
1454
1456
1461
1462
1464
1465
1472
1473
1474
1479
1482
1484
1485
1486
1487
1488
1491
1492
1493
1495
1496
1497
1499
1502
1504
1505
1506
1507
1509
1510
1512
1516
1518
1521
1522
1527
1528
1530
1532
1534
1535
4529
2146
2386
1536
1537
1538
1539
1541
1543
1547
1552
1553
1555
1558
1559
1560
1561
1562
1565
1566
1567
1573
1576
1578
1580
1583
4822
1585
1587
1589
1590
1593
1596
1603
1604
1606
1607
1608
1613
1614
1618
1622
1625
1626
1628
1630
1634
1637
1642
1644
1647
1656
1660
1661
1668
1671
1672
1674
1676
1682
1684
1685
1686
1690
1691
1692
1695
1696
1698
1700
1703
1709
1710
1715
1717
1721
1723
1724
1726
1727
1728
1729
1731
1732
1735
2766
1745
1746
1749
1756
1759
1763
1768
1773
1775
1778
1779
1780
1781
1783
1786
1788
1790
1791
1795
1800
1801
1804
1805
2405
1806
1809
1811
1813
1815
1817
1819
1822
1824
1827
1831
1834
1838
1842
1843
1844
1848
1849
1850
1853
1854
1855
1856
1858
1859
1864
2687
1865
1866
1867
1869
1871
1874
1875
1876
1878
1879
1883
3783
1884
1885
1888
1891
1892
1894
1895
1901
1902
1904
1911
1912
1913
1914
1915
1916
1919
1921
1922
1923
1924
1925
1926
1929
1930
1931
1938
1939
1941
1944
1946
1951
1952
1953
1960
1964
1967
1968
1972
1974
1975
1976
1977
1979
1981
1982
1983
1988
1991
1992
1994
1998
2213
2001
2003
2004
2005
2010
2014
2016
2017
2018
2019
2021
2022
2026
2035
2036
2037
2038
2039
2040
2502
2043
2045
2047
2050
2051
2052
2053
2054
2055
2056
2057
2058
2059
2061
2062
2063
2064
2065
2067
2068
2069
2070
2076
2077
2078
2080
2081
2083
2084
2087
2088
2089
2091
2092
2094
2096
2098
2099
2100
2102
2103
2105
2107
2108
2109
2111
2112
2113
2114
2115
2175
2116
2119
2120
2121
2122
2124
6347
2125
2127
2128
2129
2131
2134
2135
2136
4816
2402
2137
2138
2139
2140
2141
2142
2143
2149
2152
2155
2158
2159
2160
2161
2162
2163
2164
2174
4604
2178
3411
2183
2185
2187
2188
2189
2192
2193
2194
2198
2200
2202
2206
2207
2208
2762
2216
2217
2220
2221
2222
4394
2223
2226
2227
2229
2235
2236
2238
2247
2249
2250
2251
2253
2255
2257
2259
2263
2264
2271
2276
2279
2280
2281
2282
2283
2284
2285
2289
5167
2292
2296
2302
2304
2305
2312
2314
2316
2317
2963
2318
2320
2329
2331
2335
2336
2337
2340
2345
2346
2347
2351
2352
2355
2358
2359
2361
2364
2365
2366
2372
2373
2374
2376
2379
2380
2382
2384
2387
3807
2391
2394
2397
2400
2401
2403
2408
2410
2412
2413
2414
2415
2416
2417
2418
2419
2420
2421
2422
2423
2426
2432
2434
2437
2438
2439
2440
2441
2445
2446
2447
2450
2732
3202
2452
2453
2455
2456
2457
2459
2461
2463
2466
2467
2468
2478
2480
2482
2484
2486
2488
2492
2494
4920
2496
2497
2500
2501
2504
2506
2508
2510
4312
2511
2520
2527
2528
2529
2530
2533
2536
2537
2541
2545
2546
3722
4971
2550
2551
2552
2553
2555
2560
2561
2575
2584
2588
2596
2597
2600
2602
2603
2604
2605
2610
2612
2613
2616
2617
2618
2619
2620
2621
2622
2624
2625
2626
2632
2636
2637
2638
2640
2691
3243
2642
3913
4048
3060
3881
2644
3338
3751
2645
2649
2651
2652
2655
2657
2658
2660
2661
2665
2667
2670
2674
2676
2678
2679
2680
2682
2684
2685
2686
2690
2692
2696
2697
2698
2699
2701
2704
2709
2713
2715
2716
3685
2719
2720
2721
2723
2724
2726
2728
2730
2733
2740
2750
2753
2756
2764
4849
4846
2966
2767
2768
2769
2770
2771
2775
2777
2780
2782
2783
2784
2786
2787
2788
2792
2795
2797
2798
2802
2803
2806
2811
2812
2815
2816
2817
2819
2820
2822
2823
2825
2827
2828
2829
2830
2831
2835
2836
2837
2840
2842
2846
2847
2849
2850
2853
2854
2855
2858
2862
2863
2864
2865
2868
4552
2871
2873
2874
2875
2876
2881
2883
2887
2888
2889
2890
2891
2895
2896
2898
2899
2900
2901
2904
2905
2906
2907
2910
2911
2912
2915
2916
2918
2922
2923
2924
2925
2926
2927
2928
2929
2930
2931
2932
2934
2935
2936
2937
2938
2939
2940
2941
2942
2944
2945
2947
2948
2950
2953
2954
2955
2956
2957
2961
2962
2964
2965
2968
2970
2973
2974
2975
2981
2982
2983
2984
2985
2986
2987
2988
2989
2990
2991
2992
2993
2994
2996
2998
2999
3001
3002
3003
3005
3007
3008
3011
3012
3014
3015
3016
3017
3018
3019
3021
3024
3025
3027
3028
3029
3030
3031
3034
3035
3036
3037
3038
3041
3043
3047
3048
3049
3051
3052
3053
3054
3057
3059
3064
3065
3066
3067
3068
3387
3076
3078
3080
3082
3083
3085
3087
3233
3088
3090
3093
3096
3097
3098
3100
3101
3102
3103
3105
3107
4565
3112
3113
3114
3115
3116
3117
3118
3119
3120
3121
3122
3125
3126
3129
3130
3131
3132
3134
3135
3136
3139
3140
3141
3142
3143
3145
3146
3147
3148
3151
3153
3157
3158
3161
3171
3172
3183
3184
3186
3188
3192
3193
3194
3195
3196
3198
3199
3200
3204
3205
3207
3208
3209
3210
3211
3212
3213
3216
3218
3219
3220
3223
3224
3225
3228
3229
3230
3231
3232
3234
3235
3239
3240
3242
3247
3248
3249
3251
3252
3253
3255
3257
3400
3258
3260
3263
3264
3267
3271
3272
3273
3276
3278
3279
3282
3283
3285
3286
3289
3292
3294
3300
3301
3302
3303
3306
3310
3312
3317
3318
3319
3325
3326
3328
3331
3334
3340
3341
3342
3348
3350
3351
3352
3355
3356
3360
3365
3366
3367
3368
3369
3370
3372
3373
3376
3378
3381
3382
3383
3385
3386
3388
3390
3392
3393
3394
3395
3396
3398
3399
3402
3404
3405
3406
3407
3408
3409
3410
3413
3415
3417
3419
3422
3424
3427
3428
3431
3432
3433
3434
3437
3438
3441
3448
3449
3451
3452
3454
3455
3456
3458
3460
3461
3467
3471
3472
3478
3479
3480
3482
3485
3486
3487
3490
3491
3492
3496
3497
3499
3504
3506
3512
3517
3518
3525
3527
3528
3532
3533
3534
3535
3537
3540
3542
3543
3545
3546
3548
3552
3553
3557
3560
3563
3566
3567
3568
3570
3571
3573
3574
3579
3581
4669
3583
3586
3593
3596
3598
3600
3601
3603
3604
3605
3610
3616
3617
3618
3624
3625
3626
3636
3637
3638
3643
3644
3647
3648
3650
3651
3652
3653
3655
3808
3656
3657
3658
3661
3664
3668
3673
3675
3676
3677
3678
3679
3684
3686
3688
3692
3694
4858
3695
3696
3697
3698
3699
3707
3708
3709
3711
3715
3717
3718
3721
3725
3732
3734
3737
3743
3745
3754
3758
3759
3763
3764
3767
3775
3777
3778
3779
3780
3781
3784
3787
3794
3795
3796
3797
3802
3803
3804
3809
3812
3814
3815
3816
3818
3819
3822
3823
3825
3826
3827
3828
3829
3830
3831
3832
3833
3834
3835
3836
3837
3838
3839
3840
3841
3843
3844
3845
3846
3847
3849
3854
3855
3856
3857
4577
3858
3859
3860
3861
3862
3863
3864
3944
3865
3866
3867
3868
4455
3871
3872
3874
3978
3876
3878
3879
3880
3882
3883
3885
3886
3887
3889
3890
3892
3893
3894
3895
3896
3897
3898
3900
3901
3903
3904
3905
3906
3909
3910
3911
3912
3914
3916
3917
3919
6165
3920
3921
3922
3923
3924
3925
3926
3927
3928
3929
3930
3931
3932
3933
3938
3940
3941
3942
3943
3945
3946
3947
3948
3949
3950
3952
3953
3954
3955
3957
3958
3959
3960
3962
3964
3965
3966
3967
3968
3970
3971
3972
3973
3974
3976
3980
3982
3983
3984
3985
3986
3987
3988
3989
3990
3991
3992
3993
3994
3995
3996
3998
3999
4000
4001
4002
4004
4005
4006
4007
4008
4009
4010
4011
4012
4013
4014
4015
4016
4017
4018
4020
4021
4022
4024
4025
4026
4029
4032
4035
4036
4037
4038
4040
4042
4043
4044
4050
4053
4055
4056
4057
4058
4059
4060
4063
4065
4072
4073
4076
4078
4082
4083
4086
4092
4093
4095
4096
4097
4100
4105
4107
4108
4110
4111
4112
4113
4115
4116
4117
4118
4122
4124
4125
4126
4127
4128
4129
4131
4132
4133
4134
4135
4136
4137
4138
4139
4140
4141
4143
4144
4145
4146
4147
4149
4150
4152
4153
4154
4156
4157
4158
4159
4160
4161
4162
4163
4164
4165
4167
4168
4169
4171
4172
4173
4174
4175
4176
4177
4178
4179
4180
4181
4182
4184
4185
4188
4199
4201
4202
4205
4209
4214
4219
4227
4230
4233
4235
4236
4238
4245
4256
4257
4258
4259
4260
4266
4267
4271
4279
4280
4284
4286
4288
4289
4291
4294
4301
4313
4314
4315
4316
4317
4318
4319
4324
4330
4331
4334
4339
4345
4349
4350
4355
4356
4366
4370
4371
4375
4376
4381
4382
4383
4387
4389
4391
4392
4395
4401
4404
4409
4412
4413
4414
4415
4417
4418
4419
4420
4421
4423
4424
4427
4428
4430
4432
4433
4434
4439
4435
4436
4437
4440
4442
4446
4449
4451
4454
4456
4457
4459
4460
4462
4463
4465
4467
4468
4469
4470
4471
4475
4477
4478
4484
4485
4487
4488
4491
4494
4495
4497
4499
4500
4503
4504
4505
4506
4507
4509
4510
4513
4514
4515
4520
4521
4523
4524
4525
4528
4531
4533
4534
4535
4537
4544
4550
4551
4554
4555
4556
4558
4560
4561
4562
4563
4566
4567
4568
4569
4570
4571
4572
4573
4574
4575
4576
4578
4579
4580
4581
4582
4583
4584
4586
4587
4590
4592
4593
4594
4596
4598
4599
4605
4608
4609
4611
4612
4616
4617
4619
4620
4645
4621
4622
4623
4627
4628
4629
4631
4632
4634
4635
4636
4638
4639
4640
4642
4643
4644
4646
4647
4648
4649
4651
4652
4653
4654
4655
4656
4658
4661
4662
4664
4665
4666
4667
4668
4670
4671
4672
4673
4674
4675
4677
4679
4680
4681
4682
4684
4685
4686
4687
4688
4689
4690
4691
4693
4695
4697
4699
4700
4703
4712
4714
4721
4722
4725
4726
4727
4728
4729
4734
4738
4740
4743
4744
4752
4754
4755
4757
4758
4759
4762
4767
4771
4774
4775
4776
4777
4778
4783
4785
4787
4788
4791
4793
4794
4795
4796
4798
4802
4804
4806
4810
4811
4812
4813
4814
4815
4817
4819
4820
4821
4823
4824
4826
4827
4830
4833
4835
4837
4838
4839
4840
4841
4842
4845
4847
4848
4850
4851
4852
4855
4859
4860
4861
4863
4864
4865
4866
4867
4868
4869
4870
4871
4872
4874
4875
4876
4878
4880
4884
4885
4887
4891
4892
4895
4897
4899
4902
4903
4905
4907
4911
4912
4915
4918
4924
4930
4931
4932
4933
4934
4935
4936
4940
4941
4942
4944
4945
4949
4953
4954
4955
4956
4959
4961
4963
4964
4965
4968
4970
4973
4974
4976
4977
4978
4979
4980
4981
4982
4984
4985
4986
4988
4989
4990
4992
4993
4997
4998
4999
5000
5001
5002
5003
5006
5008
5010
5011
5012
5014
5015
5018
5019
5021
5022
5024
5027
5030
5031
5032
5033
5034
5036
5037
5038
5040
5043
5044
5046
5047
5048
5049
5052
5053
5056
5061
5063
5065
5068
5070
5071
5073
5074
5078
5080
5082
5084
5085
5086
5087
5088
5089
5091
5093
5094
5097
5099
5100
5102
5103
5105
5106
5108
5110
5111
5112
5113
5114
5115
5117
5118
5119
5120
5121
5122
5123
5124
5125
5126
5127
5128
5129
5130
5131
5132
5133
5134
5136
5137
5138
5139
5140
5141
5142
5144
5146
5147
5148
5149
5151
5152
5153
5154
5155
5157
5158
5159
5160
5162
5165
5166
5168
5169
5170
5171
5172
5173
5174
5175
5176
5177
5178
5179
5180
5182
5183
5185
5187
5189
5190
5191
5192
5193
5194
5195
5196
5198
5200
5203
5204
5206
5208
5209
5210
5211
5213
5214
5216
5217
5219
5220
5221
5222
5223
5224
5225
5226
5227
5228
5229
5230
5232
5233
5234
5236
5237
5238
5239
5240
5241
5242
5243
5244
5245
5246
5247
5248
5249
5251
5253
5254
5255
5256
5257
5258
5261
5263
5266
5267
5268
5269
5271
5272
5273
5274
5276
5277
5278
5279
5280
5281
5283
5284
5285
5286
5287
5290
5291
5292
5294
5295
5296
5297
5298
5299
5301
5304
5305
5307
5308
5312
5313
5315
5321
5322
5323
5324
5325
5327
5328
5330
5331
5333
5334
5335
5336
5337
5338
5339
5340
5341
5342
5343
5344
5346
5347
5348
5349
5350
5351
5352
5353
5354
5355
5356
5360
5361
5363
5365
5366
5368
5369
5370
5371
5373
5376
5377
5378
5431
5441
5447
5449
5460
5466
5486
5495
5496
5517
5532
5534
5537
5544
5559
5565
5566
5600
5602
5618
5621
5629
5631
5634
5641
5643
5649
5652
5664
5666
5669
5773
5674
5683
5713
5718
5720
5726
5729
5750
5751
5752
5753
5754
5757
5760
5762
5763
5764
5765
5766
5768
5769
5770
5772
5775
5776
5777
5778
5779
5780
5781
5784
5785
5786
5790
5791
5792
5795
5797
5800
5801
5804
5805
5806
5807
5812
5813
5814
5821
5823
5826
5828
5829
5830
5833
5834
5836
5838
5839
5841
5842
5843
5844
5845
5846
5849
5851
5852
5855
5856
5859
5864
5871
5874
5878
5879
5880
5881
5885
5889
5891
5892
5893
5895
5896
5897
5898
5900
5901
5902
5903
5904
5905
5906
5907
5908
5916
5917
5918
5919
5920
5921
5922
5923
5924
5929
5932
5937
5938
5939
5942
5945
5955
5956
5958
5961
5963
5964
5971
5972
5974
5979
5985
5987
5992
5993
5994
6012
6013
6019
6020
6021
6022
6023
6029
6031
6034
6041
6042
6047
6178
6063
6067
6074
6092
6096
6103
6114
6117
6128
6131
6140
6142
6144
6145
6152
6154
6160
6162
6163
6164
6169
6175
6176
6183
6186
6189
6190
6192
6195
6197
6201
6205
6206
6207
6208
6221
6233
6246
6248
6258
6262
6264
6268
6271
6278
6279
6286
6290
6291
6295
6299
6302
6305
6306
6307
6308
6309
6312
6314
6315
6322
6327
6331
6335
6338
6344
6345
6348
6349
6350
6352
6353
6355
6356
6357
6360
6361
6363
6365
6369
6370
6372
6375
6377
6378
6379
6382
6383
6385
6391
6393
6394
6396
6399
6400
6401
6404
6406
6409
6410
6412
6413
6414
6415
6416
6417
6418
6421
6423
6426
6432
6434
6443
6448
6450
6456
6457
6458
6460
6461
6463
6466
6472
6473
6475
6476
6478
6481
6482
6483
6484
6485
6487
6490
6491
6496
6497
6499
6500
6501
6503
6504
6512
6513
6514
6517
6518
6519
6520
6522
6525
6526
6527
