4
1203
5
2724
1993
75
207
6233
1596
95
6
7
4602
11
1729
1730
1073
402
5469
10
3427
5002
9772
20
7732
12
15044
17636
335
560
6884
1316
316
1469
6526
3317
19
46
35
11425
3013
11654
1127
5683
211
37
224
807
72
391
1069
4337
4042
1883
14397
306
54
289
2928
7475
56
58
419
61
482
262
5003
64
71
96
1327
3001
93
74
78
80
587
82
2021
84
87
88
98
9809
90
447
92
1267
2428
3046
97
1536
99
8466
927
102
105
106
1635
113
114
4096
116
118
119
4927
121
122
4450
123
124
126
137
143
4003
166
1667
1661
5502
170
1202
1273
173
177
178
9563
179
180
186
187
3700
190
9606
760
10266
191
192
259
5463
193
2431
203
2085
204
206
208
666
210
215
1544
217
219
7808
12166
7549
227
228
3535
6238
2398
5855
231
237
238
242
247
252
5202
5551
263
268
1185
1838
2102
5625
269
270
5066
2800
1658
3068
271
272
6473
273
2052
7049
3961
955
1823
276
279
280
282
283
284
2066
288
4383
292
466
294
351
296
297
1030
299
2312
2460
4895
300
302
303
304
699
1468
305
308
311
313
315
1543
16980
318
321
322
327
5163
5397
438
477
328
342
332
333
334
2310
341
346
1954
347
11257
618
350
353
357
5082
362
368
2609
369
371
372
373
374
375
377
378
379
545
3912
509
3418
383
387
388
390
2568
839
1464
2802
392
395
398
399
400
5953
2211
8138
5394
403
1588
2941
4159
9605
2726
13481
11341
13631
404
405
409
411
412
415
418
639
424
426
427
434
2537
11406
502
5790
435
437
3428
7020
439
444
445
8979
448
450
453
3867
456
1102
5591
6709
457
10186
459
461
462
5478
463
467
471
468
6089
469
8319
17131
474
14058
12315
476
486
488
498
501
8917
8735
503
7972
9355
543
504
8664
5615
507
508
13829
15623
3944
511
6265
7748
10085
14090
4023
515
7267
518
521
981
524
525
527
1697
8682
6236
4778
529
530
532
4305
684
2706
658
857
533
534
537
538
539
540
542
544
990
546
548
549
550
551
552
557
558
559
1394
1592
563
564
566
567
568
570
573
2436
3079
9755
2089
1598
9673
4830
1887
6885
1395
1342
1015
2426
574
575
576
578
580
12641
9434
582
585
586
17067
15286
590
5245
3999
591
592
593
594
595
596
597
599
9804
2332
603
608
612
613
615
616
3878
617
7002
1085
4052
620
621
622
623
14050
624
626
628
630
632
3285
635
636
2292
2096
3127
642
643
646
648
649
2589
650
651
652
653
654
656
657
660
661
663
664
668
671
672
673
675
677
682
3563
683
1356
688
693
698
700
701
703
706
4182
707
708
1678
709
715
716
6634
741
717
718
719
722
723
726
728
4454
729
730
731
735
1272
736
738
16048
739
1130
9965
2175
742
743
744
745
747
750
755
758
759
761
762
766
767
769
773
7924
776
12350
777
5776
778
780
785
788
5741
11355
792
796
797
798
799
801
802
804
805
806
5457
3853
809
811
814
817
1551
819
9739
820
822
823
825
826
827
828
829
830
832
8614
834
835
5317
7079
836
16988
837
838
841
842
6590
843
844
845
17246
847
849
4054
850
851
852
1042
853
854
855
856
859
860
861
862
863
864
866
869
871
872
873
874
7344
10169
5980
875
876
877
879
882
883
5096
884
885
922
886
887
889
4487
890
2624
2625
2212
10392
4670
892
893
896
897
899
903
904
907
909
910
911
913
914
920
924
9100
5500
925
926
930
938
942
943
944
945
946
950
953
4498
7897
956
957
960
962
965
967
10419
969
973
975
980
8802
982
985
9455
991
995
6833
1021
1001
1002
1004
1005
10564
8490
1007
13682
1011
1012
1014
1016
1018
7527
1019
1022
1029
6785
3841
8232
2739
5342
1031
1032
1033
1037
1039
1040
1043
1045
1046
1049
1051
1056
1057
1060
1062
1063
1064
1066
1067
1068
9953
1071
1074
13818
1075
1077
1079
1081
1082
1083
1084
9069
1087
1088
1091
1092
1093
1094
1096
1097
1098
4472
1099
1101
11087
7964
6699
1367
1103
1105
1107
1108
1110
1112
1113
1115
1116
4783
1117
1121
1122
1123
1124
1125
1126
1298
1128
1129
1133
1134
1136
1138
4220
4221
1140
3307
1141
1145
1147
1150
1157
1158
1159
1223
1160
1162
1163
1164
1165
1166
1167
1506
1168
2232
1169
1170
1173
1175
7880
2030
10450
7540
1176
1843
1546
1178
1180
1181
1182
1184
17003
6211
1187
2769
7205
1189
1190
1195
1198
1199
1200
1201
12644
11752
4146
3957
7350
2507
4834
2115
6609
1772
5076
2677
2649
7450
7091
7314
1204
1734
1205
1208
1209
11451
1211
1212
1213
16104
1214
1218
1219
1220
1221
1222
1224
1226
1404
1229
1232
1233
1237
1238
1239
1241
6187
1244
6066
1245
1246
1251
1252
1253
1254
1255
1261
1262
1263
2927
1266
9088
8512
1268
1269
1271
1275
1276
1279
1280
4563
10903
7531
6254
4665
1283
11230
1284
1285
1286
1287
1289
1292
2561
2420
1293
1295
1296
1299
1301
1516
3557
1302
1305
1306
1309
1311
1312
1314
1315
1318
1320
1321
1323
1324
1832
1325
1326
1328
1329
1331
1333
1334
1336
1337
1338
1339
1344
1345
1695
1347
1348
1349
1352
1353
1354
1357
1358
1359
1360
1363
1365
1366
1369
1710
1370
1372
1373
1375
1379
9213
1381
6013
1386
1390
1392
1393
7496
1396
1398
1401
1402
1403
1415
1418
1419
1427
1428
1432
1435
1436
1439
1440
1442
1444
1446
16354
5437
1452
1453
1454
1455
1456
1457
1459
1461
1462
1466
1470
1472
2005
1473
1476
1477
1478
1952
1481
1482
1489
1492
1494
1495
1499
1500
1504
1505
7881
7282
1508
1509
1510
1511
1519
1521
1522
1524
1525
1885
1527
14940
5618
1846
1528
1529
1531
1533
1534
1535
1537
1541
1545
1547
1550
1555
1558
1559
6028
8541
1587
2231
1563
1564
1565
1567
1568
1573
1575
1576
1580
1581
1586
1763
1589
1590
6474
1851
1591
5139
12213
1593
1595
5999
1597
1599
1600
1837
1601
1602
1603
1605
5842
1607
1613
1615
1616
1618
2006
2166
1619
1620
6280
1623
1625
1626
1627
1628
1629
1631
1632
1789
9909
1633
6876
1639
1640
6034
1641
1643
1644
1645
1646
12950
1648
1649
1651
1652
3327
1654
1655
1656
6863
1657
1662
1663
1664
1669
1671
1686
1688
1690
1691
1692
1694
1696
1698
1700
1701
1705
1706
1707
1709
1712
1714
1716
1717
1718
1719
1721
1722
1727
1728
3572
2108
4350
1731
1733
3075
1741
1742
1743
1746
1748
1753
1756
1759
1760
10885
1762
1764
1765
5480
1766
1768
1773
1778
1782
1783
1784
1786
1787
1788
1910
1790
9666
1794
1799
1802
1804
1805
1809
1812
1818
1819
1827
1828
1829
1830
10761
1831
1909
1834
1835
5337
5982
1840
1842
1844
1845
1849
1850
1853
1857
4611
1859
1860
1866
1869
1872
1874
1877
1878
1879
2666
1880
1881
1882
1921
1884
11708
1890
1891
1892
6778
1895
1897
1899
1900
1901
1903
1904
4073
1905
1906
1907
1908
1914
1916
1917
1920
13164
1922
1923
1929
1931
1932
1933
1934
1936
1938
1939
1941
1943
1944
1946
1947
1948
1951
1953
1959
1960
1961
1962
6670
1964
1966
1969
1971
1976
8278
1981
1982
6243
1984
1985
1986
1990
1991
1992
13059
1994
1995
1999
2000
2002
2004
14307
14203
15463
2010
2012
2014
2019
2020
2567
2255
2483
2296
9982
2023
2025
2026
2028
2029
2033
2036
2037
2041
2042
2044
9961
2045
2046
2047
2049
2050
2051
2055
2058
2061
2062
2064
2065
2573
2069
2070
16537
2072
2075
2076
2083
2084
5485
6307
6198
8475
2086
2088
2093
3074
2099
3856
2101
2103
2107
4272
2109
2111
2114
2118
2119
2121
2122
2123
2127
2129
2130
2133
6810
2134
2139
2140
2141
2146
2147
2150
2153
2160
2161
2162
2164
2165
2167
2168
9113
2171
2174
2176
2177
2178
2179
2183
2184
2953
2185
2186
2187
2188
2190
2192
2195
2196
2198
2199
2200
2202
2203
2205
2207
2208
2209
2216
2218
2220
2226
2227
2228
2229
2230
8477
2235
2236
2237
2240
11736
2241
2242
2243
2246
2248
2249
2250
2251
2253
2254
2259
2260
2261
4732
2263
2265
2267
2268
2270
2272
2273
2274
2275
2277
2278
2281
2282
2284
2285
2286
2287
2289
3642
2290
16832
8357
16761
17597
2293
2294
2295
2297
2299
2300
2301
2302
2304
2305
2306
2307
4644
2308
2309
2311
2313
2317
2320
2321
2322
2323
2324
4135
2325
2327
2328
2359
2329
2330
2331
2334
2335
2336
2337
2339
2340
2341
2342
2343
2345
2346
2347
2348
2349
2350
2351
2352
2356
2357
2358
2363
2364
2365
2367
2368
2369
2370
2371
2373
2375
2376
4534
2379
2382
2383
2384
2386
2389
2391
2392
2393
2394
2396
2401
2402
2403
2404
2407
2409
2412
2413
2414
2417
2418
2419
2542
2422
2423
2424
2433
3004
2427
2429
2430
2434
2437
2438
2439
2440
2442
2443
2444
2445
2447
2448
2449
2450
2452
16450
16534
2453
2454
2455
2457
2458
2459
2461
2462
2464
2466
2467
2468
2469
2473
2474
2475
2477
2478
2480
2482
2484
2485
2486
2487
2491
2494
2495
2497
5325
2499
2500
2502
2503
2504
2505
2506
2805
2508
2510
2511
2512
7052
2513
2514
2515
2517
2519
2520
2521
2523
2524
2528
2530
2531
2532
2534
2535
2536
11717
2538
2539
2543
2544
2545
2654
2547
2548
2549
2551
2553
2554
2555
2556
2559
17205
2564
2897
6165
2569
2570
2571
12456
2572
2575
2576
5628
2577
2579
2580
2581
2585
2586
2587
2588
10219
2590
2591
2592
2593
2594
2596
2597
2598
2600
2601
2602
2603
2604
2605
2607
3740
2608
2610
2611
2612
2613
2614
2616
2619
2620
17045
2621
2622
2626
2627
2629
2630
2631
2633
2634
2635
2639
2642
2644
2646
2647
2648
2651
2652
2653
3895
2658
2659
2660
2661
2662
2663
2664
2665
2667
2668
2669
2671
2674
2675
6735
8472
2678
2681
2683
2685
2687
2688
2689
5232
2690
2691
2692
2696
2698
2699
2701
2702
2704
2705
17700
2709
2710
2711
2712
2713
2714
2716
2717
2718
2719
2721
2722
2723
2727
2728
2729
2730
2731
2732
9273
3000
2734
2735
2736
2737
2738
2740
2741
2742
2743
2744
2745
2748
2751
2752
2753
10147
2754
2755
2758
2761
2765
2766
2767
2768
2770
2771
2772
2773
10018
2774
2775
2782
2785
2786
9356
2787
2789
2793
2797
2957
2798
2803
2804
2806
2807
2808
2809
2811
2813
2819
2820
7010
3678
2822
2823
2826
2829
2832
10328
2833
12216
2835
4648
7736
2838
2839
2840
2842
2843
2844
2848
2849
2853
2854
2855
2857
2860
2861
2864
2866
2867
2868
2870
2872
2873
2874
2876
16200
16460
2878
2880
2883
2886
2887
2889
2890
2896
2900
2901
2904
2905
2908
2914
2918
2920
2922
2929
2930
2931
2933
2935
2936
2940
2943
2944
2949
2950
2951
2958
2959
2961
2962
2963
2966
2969
2970
2971
2972
2975
2976
2977
2979
2981
2986
2987
2990
2992
2993
2994
2996
2997
2998
3003
3010
3011
3012
3014
3015
3019
3020
3024
3026
3028
3029
3032
3036
3037
3038
3041
3043
3045
14623
4684
3525
3047
3048
3049
3050
3051
4909
3053
3055
3056
3061
3063
3067
3071
3072
3077
3080
3081
3082
3087
3089
3091
5359
3092
3093
3095
3100
3102
3107
3109
3366
3111
3112
3115
3701
3118
3120
3121
3123
3124
3134
3135
3136
3142
3145
3150
3169
3172
3177
3178
3181
3182
3183
3184
3188
3189
3190
3192
3193
3194
3195
3196
3198
12068
3199
3202
3206
3208
3217
3222
3224
3226
3228
3229
3231
4902
6791
6708
3233
3235
3236
3239
3242
3245
3246
3247
3248
3249
3251
3254
3261
17162
3264
3266
3267
3270
3272
3273
3279
3280
3281
4674
15428
3286
3287
3288
3289
3291
3294
3296
3300
3301
3302
12836
3305
3308
3309
3310
3311
3312
3313
3314
9869
3316
3318
3319
3320
3322
3323
3325
3326
3328
3329
5807
3335
3338
3339
3340
3341
3343
3348
3352
3358
3359
3360
3361
3362
3364
3365
3367
3368
3369
3370
3371
3374
3375
3377
3378
3380
3382
3383
3384
3386
3387
3389
3390
3391
3392
3394
3396
3397
3401
3402
3403
3404
3405
3406
3407
3409
3411
3413
3415
3417
3419
3422
3424
3425
10927
6705
3426
3429
3433
3435
3440
3441
3446
3448
3451
3452
3453
3454
3456
3458
3460
3465
3468
9732
3469
7001
3470
3471
3472
3475
3477
3479
3480
3481
3484
3485
3487
11234
10917
15883
3492
3493
3494
3495
3497
3498
8621
3501
3502
3503
3504
3508
3509
3510
3512
3513
3515
3516
3519
3526
3528
3529
3530
3533
3534
3779
3537
3538
3542
3543
3545
3547
3548
3551
3552
3555
3556
3560
3562
3564
3566
3570
3573
3575
3576
3577
3580
3590
3592
3599
3602
3604
3605
3606
3607
3608
3615
3617
3618
3620
3622
3624
3625
3626
3627
3628
3633
3634
3635
3636
3637
3638
3639
3640
3641
3645
3647
3649
3651
3652
3653
3654
3655
3656
3657
3659
3660
3672
13755
3676
3677
3679
3684
3685
3691
7803
3692
3694
3698
6108
3703
3705
3706
3708
3709
3713
3714
3722
3723
3724
6606
3725
3731
3732
3734
3737
3739
3742
3743
3744
3747
3748
3757
3758
3760
3761
3763
3764
3766
3768
3769
3771
3772
3775
3776
3777
3778
3780
3782
3783
3785
3786
3788
3794
3795
3797
3801
3802
3804
3805
3806
3809
3812
3816
3818
3819
3821
7896
3823
3824
3825
3827
3829
3836
3837
3838
3839
17574
7728
3840
3844
3848
3850
3851
3852
3854
3857
3858
3860
3861
3863
3864
3865
3866
3869
3870
3871
3872
3877
3879
3882
3886
12906
3887
6411
3888
3889
3893
3896
3898
3899
3900
3901
3902
10221
3906
3908
3910
3914
3918
3919
3920
3922
3923
3925
3927
3930
3934
3939
3941
3943
3945
3946
3947
3950
3953
3955
3956
3958
3966
3967
3970
3972
3973
3974
16131
3975
3977
3978
3979
3981
3982
3984
3985
3986
3987
3991
3992
3993
3995
3998
4000
4002
5811
4008
4010
4018
4019
4022
4024
4025
4026
4029
4033
4034
4035
4036
4038
4039
4040
4044
4608
4046
4048
4049
4051
4053
4055
4056
4057
4059
4061
4064
4068
4069
4072
4078
8798
4074
4076
4079
4081
4082
8679
9181
4083
4086
4088
4089
4100
4101
16992
4102
4108
16491
4111
4112
4116
4119
4120
5888
4128
4130
4131
4132
4136
4137
4138
4141
4143
4210
6287
4144
4311
6513
4150
4151
4152
4155
4156
4157
4160
7200
4164
4167
4168
4169
4171
4174
4178
4180
17066
4184
4186
4682
4187
4188
4191
4193
4196
4198
4202
4204
4205
4206
4209
4212
4215
4217
4233
4235
4236
4237
4238
10531
4241
4246
4248
4254
4256
4260
4261
4266
4268
4271
4273
4275
4278
4291
11049
4295
4298
4300
4304
4306
4308
15426
4470
4313
4314
4316
4317
4318
4320
4321
4322
4323
4326
4327
4329
4331
4332
4334
4336
8729
4338
4339
4340
4341
12778
4343
4345
4346
4348
4349
4353
4354
4355
4359
4361
4362
4363
4364
4366
4369
4370
4371
4374
4375
4376
4379
4380
4997
4381
4382
4384
4385
4386
4388
4389
4390
16574
13169
4392
4393
4395
4396
4397
4398
4399
4402
4403
5520
4404
4406
4408
4409
4412
4413
4414
4415
4417
4418
4421
4423
4427
4428
4432
4433
4434
4437
4439
4440
4446
4448
4449
4455
4456
4458
4459
4460
4461
15412
4462
4464
4465
4468
4469
4471
4476
4479
4482
4483
4484
4486
4491
4492
4494
4499
4501
4505
4506
4507
4509
4516
4517
4522
4524
4525
4526
4527
4528
4531
4532
4535
4536
4537
4539
4540
4543
4546
4550
4551
4552
4554
4556
4557
4558
4559
4560
4561
4562
6850
4564
4565
17626
4566
4568
4569
4571
4572
4573
4574
4576
4577
4578
4579
4580
4581
4582
4583
4585
4586
4587
4589
4590
4591
4592
4593
4594
4595
4596
4598
4601
4603
4606
4607
4609
4610
4615
4616
4620
4622
4623
4630
4631
4632
4639
4643
4645
4647
4649
4650
14032
4654
4655
4659
4660
4661
4662
4663
4664
4666
4668
4671
4672
4675
4676
4677
4679
11450
4680
4681
4683
6942
4689
4692
4693
4694
5140
4698
4700
4701
4704
4707
4708
4711
4714
4715
4718
4721
4722
4723
4724
4730
4734
4738
4740
4741
4744
4745
4746
4747
4748
4749
4750
4751
4752
4753
4754
4755
4756
4758
4760
4761
4762
4763
4764
4766
4767
4769
4770
4772
4773
4775
4777
4779
9950
4790
4791
4792
4796
4799
4804
4805
4806
4807
4809
4810
4812
15296
4814
4816
4820
4821
4822
4825
4828
4829
4831
7635
4833
4836
4837
4838
4840
4841
4842
4843
4844
4845
4846
4847
4851
4852
4853
4854
4855
4857
4859
4862
4863
4865
4866
4868
4869
4870
4871
4872
4873
4875
4876
4877
4878
4879
4881
4883
5972
4887
4889
4893
4896
4897
4901
4903
4907
4910
4911
4912
4913
4914
4915
4918
4924
4920
4921
4926
4928
4929
4933
4935
4936
4937
4938
4941
4942
4944
4945
4946
4948
4950
4953
4954
4956
4957
4958
6464
4960
4961
4962
4963
4964
4965
4970
4971
4972
4982
4983
4984
4986
4992
4993
4995
4998
5001
5004
5005
5006
5008
5010
5011
5012
5013
5015
5016
5021
5022
5023
5026
11397
5028
5029
5031
5033
5034
5036
5037
5038
5039
5040
5044
5046
5051
5052
5054
5055
5056
5060
5061
5062
8496
5063
5064
5067
5068
5070
5071
5073
5075
5078
5080
5083
5090
5091
5092
5093
5095
5097
5098
5100
5102
5103
5105
5106
5107
5108
5109
5110
5111
5113
5117
5118
5120
5121
5123
5126
5130
5131
5133
5134
5135
5136
5612
5142
5143
5144
5145
5146
5150
5151
5153
5154
5155
5159
5160
5164
5169
5170
5171
5174
5177
5178
5180
5181
5184
5186
5188
5189
5191
5193
5195
5197
5198
5199
5200
5201
5203
5204
5205
5211
5213
5214
5216
5217
5218
5219
5220
8533
5221
5222
5225
5229
5230
5231
17663
5233
5234
5236
5237
10117
5243
5244
5246
5247
5250
5252
5253
5257
5258
5259
5260
5261
5262
5265
5269
5270
5273
5278
5279
5280
5281
5283
5285
5286
5287
5293
5295
5300
6558
5302
5303
5305
5306
5307
5308
5311
5314
5315
5316
9295
5319
5322
5323
5324
7240
5326
5329
5330
5333
5335
5338
8892
5345
5347
5361
5364
5366
5367
5370
5373
5374
5378
5379
5380
5381
5382
5387
5390
5396
5399
5403
5404
13180
5406
5407
5410
5419
13914
5421
5424
5428
5434
5435
5436
5440
5443
5445
5447
5454
5459
5462
5466
5468
5471
16649
5472
7311
5473
5477
5479
5484
5486
5488
5489
5491
5492
5494
5495
5496
5498
12363
5499
5501
7132
5505
5506
5507
5508
5514
5515
5516
5517
5518
5519
7300
6151
8959
5521
5522
5523
5524
5525
5530
5533
5534
5536
5537
5539
5540
11942
5544
5545
5546
5549
5552
5553
5555
5556
5557
5558
5560
5564
5566
5567
5569
5570
5571
5572
5575
5576
5577
5578
5579
9690
5580
5582
5584
5586
5587
5589
5590
15488
15489
15492
15493
5592
5593
5595
5596
5600
5603
5604
5605
5606
5610
5611
5613
5614
5616
10562
7812
11646
5617
5619
5622
5624
5630
5631
5632
5634
5636
5639
5640
5644
5646
5647
5648
5649
9615
5651
5652
5654
5655
5656
5657
5658
5662
5663
5664
5665
8296
5667
5670
5672
5673
5675
5676
11926
5684
5685
5687
5688
5689
5690
5691
6156
5695
5696
5697
5725
5698
5700
5701
5702
5703
5704
5705
5707
5710
5712
5716
5717
5718
5719
5722
5723
16962
5730
5740
5743
5745
5746
5750
5751
5753
5756
7902
5757
5758
5759
5761
5762
5764
5765
5767
5768
5769
5771
5772
5773
5777
5778
5779
5780
5781
5782
5783
5788
5789
5791
5792
5796
5798
5799
5801
5804
5806
5808
5809
5813
5817
5819
5820
5822
10032
5823
5824
5826
5827
5834
5835
5836
5839
5840
5841
5843
5844
5845
5846
5848
5849
5851
5852
5853
5854
5856
5858
5859
5861
5862
5865
5866
5869
5872
5873
5874
5876
5877
5880
5884
5886
5889
5890
5891
5896
5897
5901
5903
5906
5907
5908
5909
5910
6221
5913
5914
5915
12798
5917
5918
5919
5920
5921
5925
5927
5930
5934
5935
5937
5938
5940
5942
5943
5944
5947
5950
5951
5952
5954
5957
5958
5960
5963
5965
5967
5969
5970
5973
5974
5979
5981
5984
17062
5985
5987
5988
5989
5990
6294
5992
5993
6208
5994
5996
5997
10066
5998
6003
6004
6005
6006
6007
6014
6016
6018
6024
6025
6026
6027
6030
10097
6032
6033
6035
6037
6043
6045
6046
6047
6048
6049
6054
6057
6058
6060
6061
6062
6064
6068
6072
6076
6077
6079
6080
6087
6088
6092
6095
6097
6100
6102
6103
6104
6106
9046
6110
6113
6114
6116
6118
6120
6121
6123
6124
6125
6126
6127
6128
6129
6131
6140
6142
6143
6145
6149
6150
6152
6154
6157
6159
6161
6163
6166
6167
6168
6169
6171
6172
6173
6179
6544
6181
6183
6185
6186
6192
6194
6196
6200
6202
6205
6206
6210
6212
6214
6216
6217
6219
13016
6222
6234
6237
6242
6677
6244
6247
6249
6256
6257
6258
6260
6262
6269
6272
6273
6274
6275
6277
6279
6288
6291
6295
6296
6298
6300
6301
6303
6314
6315
6317
7043
6321
6325
6326
6328
6329
6330
6331
6333
6334
6337
6340
6341
6343
6344
6346
6347
6351
6352
6353
6354
6357
6358
6360
6366
6370
6371
6731
6374
6375
12040
6376
6378
6380
6381
6382
6385
6386
6387
6388
6390
6393
6398
6399
6400
6402
6408
6409
6410
14760
9112
6412
6414
6415
6416
6417
6419
6422
6423
6431
6435
6595
6444
6446
6451
6453
6456
6457
6458
6460
6462
6465
6466
6467
6471
6472
6475
6478
6480
6484
6487
6488
6492
6496
6504
6505
6506
6508
6512
6515
6516
6520
6521
16502
6524
6528
6529
6540
6541
13221
6548
6550
6551
6552
8304
6553
6556
6561
6562
6565
6566
6567
6568
6574
6581
6582
6584
6585
6586
6589
6591
6594
6596
6597
6598
6604
6608
6611
6612
6613
6614
6617
6618
6619
6620
6623
6625
6627
6632
6633
6636
6639
6641
6644
6645
6647
6648
6649
6650
6651
6652
6656
6657
6658
6659
6780
6662
6663
6664
6672
6676
6678
6679
6680
6681
6684
6687
6688
6690
6692
9669
6696
6697
6703
6704
6706
6707
6714
6715
6716
6720
6721
6722
6723
6726
6729
6734
6736
6739
6740
6741
6744
6745
6747
6749
6750
6751
6752
6754
6756
6758
6762
6763
6764
6770
6771
6772
6773
6779
6781
6784
6789
9958
10797
6793
13811
6794
6795
6796
6799
6800
6803
6805
6809
6811
6812
6813
6815
6818
6830
6835
6837
6838
6840
6842
6843
6844
6845
6847
6849
7606
6851
6852
6853
6857
6861
6862
6864
6871
6875
6878
6880
6881
6882
6883
6889
6892
6896
6897
6900
6903
6904
6905
6907
6909
6910
6914
6917
6918
6920
6921
6922
6923
6925
6928
6929
6934
6936
6943
6944
6945
6947
6948
6950
6952
6953
6957
6960
6961
6964
6965
6967
6968
6970
6971
6972
6974
6976
6978
6980
6981
6982
6983
6985
6986
6987
6988
6989
6990
6991
6992
6995
6996
7000
7694
7003
7005
7006
7007
7011
7012
7013
7018
7022
7023
7025
7030
7034
7035
7042
7044
7046
7050
7051
7053
7055
7056
7057
7058
7059
7063
7066
7067
7070
7071
7073
7075
7078
10458
7083
7084
7087
7088
7089
7090
7096
7098
7099
7103
7112
7113
7121
7130
7131
7139
7142
7143
7145
7146
7148
7151
7152
7153
7156
7157
7164
7168
7173
7175
7176
7177
7178
7182
7183
7188
7190
11678
7194
7196
7198
7203
7204
7206
7207
7208
7209
7210
7212
7215
7216
7217
7218
7221
7222
7224
7225
7228
8187
7229
7230
7232
7234
7235
7237
7238
7241
7243
7244
17361
16530
7246
7250
7258
7260
7261
7262
7264
7265
7268
7269
7270
7272
7275
7276
7279
7280
7288
7283
7284
7287
7289
7291
7295
7310
7312
7317
7321
7324
7326
7329
7330
7331
7332
7335
7338
7340
7341
7345
7348
7354
7359
7362
7368
7370
7372
7375
7379
7380
7381
7390
7394
7395
7396
7399
7400
7401
7403
7407
7408
7409
7411
7414
7415
7416
7417
7418
7419
7420
7424
7429
7430
7431
7432
7436
7442
7443
7448
7449
7455
7456
7457
7459
7460
7461
7462
7463
7464
7467
7468
7470
7472
7473
7474
7477
7478
7480
7481
7484
7485
9712
7487
7488
7490
7492
7493
7494
7497
7498
7499
7500
7501
7502
7503
7504
7505
7506
7507
7508
7509
7510
7512
7515
7518
7520
7521
7524
7525
7526
7529
7530
7532
7534
7535
7536
7541
7542
7543
7546
7547
7548
7550
7552
7554
7559
7560
7561
7563
7564
7566
7568
7571
7572
7575
7578
7579
7581
7584
7585
7586
7590
7592
7593
7596
7597
7598
7599
7600
7601
7603
7604
7612
7615
7618
7620
7621
7622
7623
7624
7625
7626
7627
7629
7630
7634
7636
7640
7646
7647
7649
7651
7652
7655
7659
7661
7662
7663
7665
7666
7668
7674
10252
7676
7677
7678
7680
7682
7684
7687
7688
7689
7690
7691
7695
7697
7700
7704
7706
7707
7709
7710
7711
7714
7715
7717
13802
7727
7729
7731
7734
7735
13690
7737
7738
7739
7744
7745
7746
7749
7753
7754
7909
7759
7760
7762
7763
14582
7764
7766
7770
7773
7774
7776
7777
7779
7781
11647
7782
10897
7783
7784
7787
7788
7789
7790
8327
8201
7796
7797
7798
7799
7801
7802
7806
7807
7809
7813
7814
7815
7822
7823
7824
7825
7826
7827
7829
7830
7834
7835
7836
7839
7840
7841
7842
7844
7845
7847
7848
7849
7851
7853
7854
7856
7858
7860
7861
11395
7973
8021
7862
7919
7864
7867
7869
7871
7872
7875
7876
7883
7884
7889
7891
7893
7898
7899
7903
7905
7906
7907
7908
7910
7911
7912
7913
7915
7916
7918
7920
7922
7925
7927
7928
7930
7931
7933
7934
7936
7940
7941
7942
7943
7944
7945
9245
7946
7947
7948
7949
7950
7952
7956
7957
7959
7960
7963
7965
7966
7967
7968
7969
9383
7974
7975
7976
7977
7979
7980
7982
7983
7985
7988
7990
7991
7992
13613
7993
7994
9034
7996
7997
7998
7999
8000
8001
8002
8003
8005
8006
8009
8010
8011
8012
8013
8015
8018
8022
8023
8025
8028
15796
8035
8049
8051
8055
8068
8069
8100
8102
8109
8111
8113
8127
8128
8129
8130
8132
8141
8142
8143
8145
8148
8149
8150
8151
8152
8154
8156
8157
8158
8159
8160
8162
8163
8166
8167
8168
8171
8175
8178
8179
8181
8182
8183
8188
8189
8190
8194
8197
8198
8203
8205
8206
8207
8208
8209
8211
8212
8213
8214
8215
8216
8218
8219
8221
8222
8223
8224
8226
8227
8229
8235
8239
8245
8246
8248
11983
8252
8255
8257
8258
8259
8260
8261
8263
8264
8265
8267
8268
8269
8271
8277
9407
8279
8280
17165
8282
8284
8286
8288
8289
8290
8291
8294
8298
8299
11511
8300
8301
8303
8307
8308
13518
8313
8314
8318
8320
8321
8322
8323
8324
8325
8326
8328
8333
8337
8338
8341
8342
8347
8349
8353
8354
8355
8356
8360
8361
8366
8368
8370
8371
8375
8376
8377
8378
8379
8382
12139
8384
8385
8387
8388
8389
8390
8394
8397
8398
8399
8401
8406
8407
8408
8410
8413
8414
8415
8418
8420
8424
8429
8430
8432
8433
8435
8439
8443
8445
8448
8449
8452
8454
8461
8465
8467
8469
8473
8474
8478
8481
8482
8483
8484
8485
8487
8491
8492
15905
8497
8500
8502
8504
8505
8506
8508
8509
8516
8517
8518
8522
8523
8525
8527
8529
8530
8532
8534
8536
8538
8539
8540
8543
8544
8546
8547
8548
8553
8555
8557
8559
8560
8561
8562
8563
8565
8567
8569
8570
8572
8574
8576
8577
8579
8580
8582
8585
8586
8588
8589
8590
8598
8600
8601
8602
8604
8607
8608
14560
8609
8613
8615
8617
8618
8619
8622
11065
8624
8626
8629
8631
8633
8637
8641
8642
8644
8645
8652
8658
8662
8663
8665
8667
8669
8670
8672
8673
8674
8675
8678
8680
8681
8686
8688
8691
8693
8696
8697
8702
8703
8705
8706
8710
8711
8715
8718
8721
8726
8728
8738
8740
8742
8745
8748
8749
8750
8760
8766
8770
8772
8773
8777
8778
8780
8781
8784
8786
8787
8790
8791
8792
8799
8800
8801
8805
8808
8810
8811
8812
8813
8814
8815
8820
8822
8823
8824
8827
8831
8833
8834
8836
8838
8840
8845
8846
8848
8849
8850
8851
8853
8854
8855
8857
8859
8860
8864
8907
8874
8875
8878
8881
8889
8890
8893
8898
8899
8900
8904
8908
8910
8913
8916
8918
8920
8921
8930
8931
8933
8934
8939
8941
8942
8944
8945
8950
8956
8961
8965
8967
8969
8973
8974
8976
8978
8984
8985
8986
8989
8991
8995
8997
8999
9006
9009
9010
9013
9018
10952
9020
9021
9024
9025
9028
9030
9032
9035
9037
9038
9040
9047
9049
9051
9053
9054
9055
9057
9059
9060
9064
9066
9068
15560
9070
9073
9076
9077
9080
9083
9087
9089
9090
9092
9093
11928
9096
9098
9101
9103
9105
9106
9108
9110
9111
9114
9116
12162
9117
9118
9119
9121
9125
9126
9129
9131
9133
9135
9136
9137
9138
9140
9142
9144
9145
9146
9148
9151
9152
9153
9156
9157
9160
9162
9166
9167
9170
9171
9172
9174
9175
9178
9179
9180
9184
9185
9186
9189
9193
9195
9196
9197
9198
9199
9200
9201
9202
9203
9206
9207
9208
9215
9216
9218
9219
9220
9221
9223
9224
9225
9227
9228
9230
9232
9234
9236
9237
9238
9239
9240
9243
9244
9247
9249
9251
9255
9257
9261
9265
9266
9268
9270
9272
9274
9282
9283
9284
9288
9290
9292
9294
9916
9299
9300
9303
9305
9306
9308
9313
9317
9318
9319
9325
9326
9369
9349
9337
9341
9343
9345
9350
9352
9358
9360
9362
9363
9366
9368
10619
9372
9379
9381
9382
9385
9387
9391
9393
9402
9403
9404
9405
9406
9412
9418
9419
9421
9422
9426
9428
9432
9433
9439
9440
9441
9447
9448
9449
9450
9451
9454
9458
9459
9460
9464
9466
9467
9468
9469
9471
9474
9476
9477
9479
9480
9481
9482
9483
9485
9492
9496
9497
9498
9500
9503
9507
9510
9514
9519
9520
9521
9522
9524
9525
9526
9528
9529
9530
9532
9533
9535
9539
9540
9541
9542
9544
9546
9548
9551
9553
9554
9558
9559
9561
9562
9564
9568
9569
9572
9573
9578
9582
9583
9587
9590
9591
9593
9594
9595
9597
9599
9600
9601
9603
10123
9610
9611
9613
9617
9620
9621
9624
9629
9630
9631
9633
9637
9638
9640
9641
9643
9646
9649
9650
9657
9661
9663
9668
9671
10783
9674
9677
9678
9679
9685
9689
9691
9692
9695
9696
9697
9698
9699
9701
9702
9704
9710
9711
9713
9714
9715
9716
9717
9718
9719
9720
9721
9722
9723
9724
9725
9726
9727
10517
9729
9730
9733
9735
9737
9742
9744
9746
9748
9749
9750
9753
9754
9760
9761
9763
9764
9765
9766
9767
9768
9773
9774
9775
9779
9782
9783
9784
9785
9786
9787
9788
9791
9792
9796
9805
9806
9807
9808
9810
9811
9813
9814
9815
9816
9819
9820
9821
9822
9823
9824
9826
9827
9828
9829
9830
9831
9832
9833
9834
9835
9837
9840
9841
9843
9844
9845
9846
9847
9848
9849
9852
9859
9860
9861
9863
9867
9871
9875
9877
9882
9886
9888
9892
9893
9894
9895
9899
9902
9905
9908
9910
9912
9915
9917
9919
9928
9930
9932
9934
9936
9937
9939
9941
9942
9943
9947
9948
9951
9955
9956
9959
9962
9973
9974
9975
9979
9980
9983
9984
9988
9989
9991
9994
9999
10000
10001
10003
10004
10005
10011
14927
10012
10015
10016
10019
10020
10022
10024
10025
10027
10028
10029
10030
10031
10035
10036
10037
10041
10044
10045
10047
10051
10052
10054
10055
10056
10058
10059
10060
10063
10067
10069
10073
10074
10075
10076
10084
10086
10087
10090
10092
10096
10100
10101
10102
10105
10108
10109
10111
10113
10114
10115
10120
10121
10125
10128
10130
10136
10140
10142
10144
10148
10150
10152
10153
10154
10156
10157
10159
10160
10163
10164
10166
10167
10170
10172
10176
10177
10178
10179
10181
10183
10184
10187
10191
10195
10196
10197
10202
10203
10204
10205
10206
10209
10210
10211
10212
10213
10214
10217
10220
10227
10228
10230
10233
10235
10237
10239
10240
10241
10242
10243
10244
10245
10251
10253
10254
10255
10258
10261
10262
10269
10270
10273
10274
14195
10275
10281
10282
10286
10288
10292
10295
10296
10302
10303
10306
10310
10314
10317
10318
10320
10321
10322
10323
10325
10326
10332
10333
10336
10341
10346
10350
10356
10359
14229
10367
10369
10372
10375
10378
10379
10382
10387
10388
10393
10396
10397
10398
10399
10402
10408
10411
10412
10416
10418
10420
10426
10428
10429
10430
10438
10444
10446
10447
10448
10451
10452
10455
10457
10459
10460
10463
10464
10466
10468
10469
10471
10474
10475
10477
10478
10482
13354
10490
10494
10497
10498
10499
10503
10504
10508
10509
10515
10516
10520
10521
10522
10523
10524
10525
10528
10534
10538
10540
10542
10543
10548
10549
10550
10553
10556
10557
10560
10561
10565
10566
10567
11097
10569
10575
10576
10582
10586
10587
10589
10594
10595
10596
10597
10598
10599
10600
10602
10603
10608
10610
10611
10617
10621
10622
10632
10633
10634
10639
10641
10642
10643
10645
18330
10647
10649
10650
10654
10655
10669
10670
10672
10675
10676
10678
10680
10681
10682
10690
10695
10696
10699
10705
10706
10709
10711
10713
10715
10718
10720
10722
10726
10729
10730
10731
10733
10734
10735
10737
10740
10741
10742
10745
10746
10750
10754
10756
10758
10759
10760
10763
10764
10765
10766
10768
10769
10770
10771
10773
10775
10777
10779
10780
10782
10786
10787
10788
10789
10790
10791
10792
10793
10794
10795
10796
12978
10798
10799
10802
10803
10804
10807
10808
10809
10812
10813
10814
10815
10816
10818
10820
10822
10823
10824
10825
10826
10827
10831
10836
10837
10839
10844
10845
10846
10848
10852
10853
10859
10860
10861
10862
10868
11332
11247
11416
10869
10874
10875
10880
10881
10883
10884
10889
10890
10893
10894
10895
10898
10909
10916
11810
10921
10923
10924
10925
10928
10929
10930
10933
10934
10936
10937
10940
10941
10947
10949
10951
10953
10954
10955
10957
10961
10963
10967
10968
10969
10970
10972
10973
10974
10975
10976
10977
10978
10979
10980
10981
10982
10983
10984
10986
10988
10990
10991
10992
10993
10994
10997
10998
10999
11000
11001
11002
11003
11005
11006
11007
11011
11012
11013
11017
11018
11019
11021
11022
11023
11024
11025
11027
11028
11030
11032
11033
11034
11035
11036
11038
11039
11041
11043
11044
11045
11046
11048
11051
11053
11054
11056
11057
11059
11061
11062
11063
11064
11066
11068
11071
11072
11073
11074
11075
11076
11077
11078
11079
11081
11083
11084
11085
11088
11089
11090
11091
11094
11095
11099
11100
11102
11103
11104
11105
11107
11108
11109
11110
11112
11113
11115
11116
11117
11118
11120
11122
11124
11125
11127
11128
11129
11130
11133
11134
11135
11136
11138
11142
11143
11144
11145
11149
11150
11151
11152
11153
11154
11155
11156
11157
11158
11160
11162
11163
11164
11168
11169
11170
13000
11171
11173
11177
11179
14863
11180
11183
11185
11186
11189
11191
11192
11196
11198
11201
11202
11206
11210
11213
11214
11217
11221
11222
11226
11229
11233
11235
11236
11237
11238
11239
11240
11241
11242
11243
11244
11245
11246
11248
11250
11251
11252
11253
11254
11256
11259
11260
11261
11262
11263
11264
11265
11266
11267
11268
11269
11270
11271
11272
11273
11274
11276
11278
11281
11283
11285
11287
11288
11290
11291
11292
11293
11294
11295
11299
11300
11301
11302
11304
11305
11307
11308
11309
11310
11312
11314
11318
11319
11320
11322
11323
11325
11327
11331
11335
11336
11338
11339
11342
11344
11345
11346
11348
11350
11352
11353
11884
11356
11357
11360
11363
11364
11366
11368
11369
11371
11372
11373
11376
11378
11379
11381
11384
11386
11387
11388
11389
11391
11393
11396
11666
11399
11402
11403
17153
11409
11410
11411
11413
11415
16638
11419
11420
11423
11424
11427
11428
11431
11440
11442
11443
11445
11447
11454
11458
11459
11462
11466
11467
11468
11472
11475
11476
11479
11480
11482
11484
11485
11487
11488
11489
11492
11494
11495
11497
11498
11500
11502
11506
11508
11510
11512
11513
11517
11518
11519
11521
11522
11524
11526
11527
11528
11529
11532
11533
11534
11535
11536
11539
11541
11542
11543
11544
11549
11550
11553
11554
11556
11557
11559
11560
11561
11565
11566
11568
11569
11572
11574
11577
11579
11580
11581
11582
11583
11586
11587
11588
11589
11590
11591
11594
11595
11596
11598
11602
11603
11604
11605
11606
11607
11608
11612
11613
11616
11619
11620
11621
11623
11624
11625
11626
11629
11630
11631
11632
11633
11634
11639
11641
11643
11644
11645
11648
11651
11655
11656
11658
11659
11660
11661
11663
11665
11667
11668
11672
11675
11676
11679
11680
11681
11682
11683
11684
11686
11688
11689
11690
11691
11692
11693
11696
11697
11698
11700
11703
11709
11710
11711
11712
11714
11716
11720
11722
11723
11724
11725
11727
11730
11733
11739
11740
11741
11744
11745
11747
11748
11750
11753
11756
11757
11759
11760
11762
11767
11769
11770
11773
11774
11775
11776
11778
11780
11782
11783
11784
11786
11787
11790
11791
11792
11793
11797
11798
11799
11800
11801
11804
11805
11806
11807
11808
11811
11812
11813
11814
11815
11817
11820
11824
11826
11836
11837
11838
11840
11842
11844
11845
11847
11848
11850
11852
11853
11855
11858
11859
11862
11863
11864
11869
11871
11874
11876
11879
11883
11886
11887
11889
11891
11893
11894
11895
11896
11899
11901
11902
11903
11904
11905
11907
11910
11911
11912
11914
11915
11916
11917
11918
11919
11924
11927
11929
11931
11932
11933
11934
11935
11937
11941
11944
11947
11949
11950
11951
11952
11953
11956
11957
11960
11961
11962
11963
11964
11965
11966
11967
11968
11969
11971
11972
11974
11975
11976
11978
11981
11982
11984
11985
11988
11989
11990
11991
11994
11995
11998
12003
12004
12005
12006
12007
12008
12009
12012
12015
12016
12017
12019
12020
12026
12028
12029
12031
12032
12033
12034
12035
12037
12038
12039
12042
12043
12044
12045
12046
12048
12049
12051
12053
12054
12056
12057
12062
12064
12065
12066
12069
12070
12071
12072
12074
12077
12079
12081
12082
12084
12085
12087
12088
12090
12092
12093
12094
12095
12097
12099
12121
12100
12101
12102
12103
12104
12107
12108
12111
12116
12117
12118
12119
12120
12124
12125
12126
12127
12128
12130
12131
12135
12136
12137
12138
12140
12141
12144
12145
12147
12148
12149
12153
12155
12156
12157
12159
12160
12161
12168
12169
12170
12171
12173
12175
12176
12177
12178
12181
12183
12191
12193
12196
12197
12199
12201
12202
12203
12204
12206
12207
12211
12212
12217
12222
12226
12227
12228
12231
12232
12233
12235
12237
12243
12245
12247
12249
12250
12251
12253
12254
12257
12258
12259
12260
12261
12264
12266
12268
12269
12270
12271
12274
12276
12278
12279
12282
12284
12292
12293
12294
12295
12297
12299
12306
12307
12308
12311
12312
12313
12314
12323
12324
12325
12326
12327
12329
12330
12331
12332
12334
12336
12338
12344
12345
12347
12349
12351
12352
12354
12355
12356
12357
15729
12359
12362
12364
12367
12368
12369
12370
12371
12372
12373
12374
12375
12377
12378
12379
12380
12381
12382
12383
12384
12385
12387
12390
12391
12392
12393
12394
12395
12396
12397
12399
12400
12401
12402
12403
12404
12405
12406
12407
12408
12409
12410
12411
12412
12414
12415
12416
12417
12418
12419
12420
12421
12422
12423
12424
12425
12427
12428
12430
12431
12432
12433
12434
12435
12436
12437
12438
12439
12440
12441
12442
12443
12444
12445
12446
12447
12448
12449
12450
12451
12452
12453
12454
12455
12457
12459
12460
12461
12462
12464
12467
12468
12469
12470
12471
12472
12473
12474
12475
12476
12477
12478
12479
12480
12481
12482
12483
12484
12485
12486
12487
12488
12489
12490
12492
12493
12494
12495
12497
12498
12499
12500
12501
12502
12503
12504
12505
12506
12508
12509
12510
12511
12512
12513
12514
12515
12516
12518
12519
12521
12522
12523
12525
12527
12528
12529
12530
12531
12532
12533
12534
12537
12538
12540
12541
12542
12543
12544
12546
12548
12549
12550
12551
12552
12554
12557
12559
12560
12561
12564
12567
12568
12569
12571
12572
12576
12577
12578
12579
12580
12581
12582
12583
12585
12586
12587
12588
12589
12591
12592
12593
12594
12595
12596
12597
12598
12599
12600
12601
12602
12603
12604
12605
12606
12607
12608
12609
12610
12611
12612
12613
12614
15150
12615
12616
12617
12618
12619
12620
12621
12622
12623
12624
12625
12626
12627
12629
12630
12631
12632
12633
12634
12637
12638
12639
12640
12642
12643
12646
12647
12648
12649
12650
12651
12652
12653
12654
12655
12656
12657
12658
12659
12660
12661
12662
12663
12664
12665
12668
12669
12670
12671
12672
12673
12676
12677
12678
12680
12681
12682
12683
12684
12685
12686
12687
12689
12690
12691
12692
12693
12695
12696
12697
12698
12699
12700
12703
12704
12705
12707
12708
12709
12710
12711
12712
12713
12714
12715
12716
12717
12718
12719
12720
12721
12722
12724
12725
12726
12727
12728
12730
12731
12732
12733
12734
12735
12736
12737
12738
12739
12740
12741
12742
12743
12744
12745
12746
12748
12749
12750
12751
12752
12753
12754
12757
12758
12759
12760
12761
12762
12763
12764
12765
12766
12767
12768
13329
12769
12771
12772
12773
12775
12777
12780
12781
12782
12783
12784
12785
12786
12787
12788
12789
12790
12791
12792
12794
12796
12797
12801
12802
12803
12804
12806
12807
12808
12810
12811
12812
12815
12817
12818
12819
12822
12823
12824
12825
12826
12827
12828
12829
12830
12831
12833
12834
12835
12837
12838
12839
12840
12842
12843
12844
12845
12846
12847
12848
12850
12851
12852
12853
12854
12855
12856
12857
12858
12860
12862
12863
12864
12865
12866
12867
12868
12869
12870
12872
12873
12874
12875
12877
12878
12880
12881
12882
12883
12885
12886
12887
12889
12890
12892
12893
12894
12895
12896
12897
12898
12899
12900
12901
12902
12903
12904
12905
12907
12908
12909
12910
12912
12914
12915
12916
12917
12919
12920
12921
12922
12923
12925
12926
12927
12928
12929
12930
12931
12932
12933
12935
12936
12937
12938
12939
12940
12941
12942
12943
12944
12945
12947
12948
12949
12951
12952
12953
12954
12955
12956
12957
12958
12959
12960
12961
12962
12964
12965
12966
12967
12969
12970
12971
12972
12973
12974
12975
12976
12979
12981
12982
12984
12986
12987
12988
12989
12990
12991
12992
12993
12994
12996
12997
12998
12999
13001
13003
13004
13006
13007
13008
13009
13010
13011
13012
13013
13014
13015
13017
13019
13021
13022
13023
13024
13025
13029
13030
13032
13033
13034
13035
13036
13037
13038
13039
13041
13042
13043
13045
13046
13047
13049
13050
13051
13052
13053
13054
13055
13056
13060
13061
13062
13063
13065
13066
13067
13068
13069
13070
13071
13072
13073
13075
13076
13077
13078
13080
13081
13082
13083
13084
13085
13086
13087
13088
13089
13090
13091
13092
13093
13094
13095
13096
13097
13098
13100
13101
13102
13105
13106
13107
13109
13110
13111
13112
13113
13114
13115
13116
13117
13118
13119
13120
13121
13122
13123
13124
13126
13127
13128
13129
13130
13131
13132
13133
13134
13135
13136
13137
13138
13139
13142
13143
13144
13145
13146
13148
13150
13152
13153
13154
13155
13156
13157
13158
13160
13161
13162
13163
13165
13166
13167
13168
13170
13171
13172
13173
13174
13175
13176
13177
13179
13181
13182
13183
13184
13185
13186
13187
13189
13190
13191
13192
13193
13197
13198
13199
13200
13201
13202
13203
13204
13205
13206
13207
13208
13209
13211
13212
13213
13215
13216
13217
13218
13219
13223
13225
13226
13227
13228
13229
13230
13231
13232
13234
13235
13236
13237
13238
13240
13243
13244
13245
13246
13247
13248
13249
13250
13252
13254
13255
13256
13257
13258
13259
13260
13261
13262
13264
13266
13267
13268
13270
13271
13272
13274
13276
13277
13278
13280
13281
13282
13283
13284
13288
13289
13290
13293
13294
13296
13297
13299
13300
13302
13306
13307
13308
13309
13310
13314
13317
13322
13323
13324
13325
13327
13331
13333
13334
13335
13336
13338
13341
13343
13346
13347
13348
13349
13350
13352
13353
13355
13356
13357
13358
13359
13360
13361
13362
13363
13364
13365
13366
13367
13368
13369
13370
13373
13374
13378
13380
13383
13386
13387
13388
13389
13390
13391
13392
13393
13394
13396
13397
13398
13399
13400
13401
13402
13403
13406
13407
13408
13409
13411
13412
13413
13414
13416
13418
13420
13421
13422
13423
13424
13428
13429
13430
13431
13432
13433
13434
13435
13436
13437
13438
13440
13441
13442
13443
13444
13446
13447
13450
13452
13456
13457
13458
13460
13462
13463
13465
13467
13468
13469
13470
13471
13472
13473
13475
13476
13477
13479
13480
13482
13483
13484
13485
13486
13487
13488
13489
13492
13494
13495
13496
13497
13498
13499
13500
13501
13503
13505
13506
13507
13508
13514
13515
13516
13517
13520
13522
13523
13524
13526
13528
13533
13537
13538
13539
13540
13541
13542
13544
13547
13549
13552
13553
13554
13556
13557
13558
13559
13561
13563
13567
13570
13572
13573
13574
13575
13576
13578
13579
13580
13581
13582
13584
13585
13587
13589
13590
13591
13593
13596
13597
13599
13602
13603
13608
13609
13610
13611
13612
13616
13617
13618
13620
13621
13622
13623
13624
13625
13630
13632
13633
13634
13635
13637
13638
13639
13640
13643
13644
13645
13646
13647
13648
13652
13654
13655
13656
13657
13658
13659
13662
13664
13665
13666
13668
13672
13675
13676
13677
13678
13679
13680
13683
13685
13688
13693
13694
13695
13698
13699
13700
13701
13702
13704
13705
13708
13712
13713
13714
13718
13719
13722
13723
13724
13725
13727
13729
13730
13735
13738
13739
13740
13743
13746
13748
13753
13758
13759
13760
13763
13764
13765
13766
13767
13773
13775
13776
13777
13778
13779
13781
13783
13786
13787
13788
13789
13790
13791
13792
13793
13794
13795
13796
13798
13801
13803
13804
13806
13808
13809
13810
13812
14192
13813
13814
13816
13817
13821
13824
13825
13827
13830
13831
13832
13833
13834
13838
13839
13842
13843
13844
13846
13848
13849
13850
13851
13852
13853
13854
13855
13856
13857
13859
13862
13863
13864
13865
13867
13868
13869
13870
13873
13874
13875
13878
13879
13880
13882
13885
13886
13887
13888
13893
13894
13895
13896
13897
13898
13900
13906
13909
13910
13913
13917
13919
13920
13921
13923
13924
13925
13926
13928
13929
13930
13932
13934
13935
13936
13937
13938
13939
13940
13943
13944
13945
13946
13947
13948
13949
13950
13952
13954
13956
13957
13962
13964
13965
13966
13968
13970
13972
13974
13975
13976
13978
13980
13981
13982
13984
13985
13986
13987
13988
13989
13990
13991
13992
13994
13995
13996
13997
13998
14005
14006
14009
14010
14011
14012
14014
14017
14021
14022
14023
14024
14026
14028
14031
14034
14038
14039
14041
14042
14046
14047
14048
14049
14051
14052
14053
14054
14055
14056
14057
14059
14060
14063
14064
14065
14067
14070
14073
14075
14077
14079
14080
14081
14083
14084
14086
14088
14089
14091
14092
14093
14094
14095
14100
14102
14103
14104
14105
14106
14107
14110
14111
14112
14114
14115
14121
14123
14124
14125
14126
14127
14129
14130
14131
14132
14134
14135
14136
14140
14142
14143
14144
14147
14148
14149
14151
14152
14153
14156
14157
14158
14160
14161
14162
14163
14164
14165
14166
14168
14170
14171
14173
14174
14175
14177
14179
14181
14183
14184
14187
14188
14189
14191
14193
14194
14197
14198
14199
14202
14204
14205
14212
14214
14220
14224
14226
14230
14238
14239
14248
14274
14283
14284
14286
14288
14289
14290
14300
14309
14310
14311
14316
14320
14322
14329
14330
14331
14333
14334
14347
14351
14353
14355
14358
14360
14361
14362
14363
14368
14381
14382
14383
14386
14390
14392
14393
14394
14395
14398
14399
14401
14407
14409
14411
14419
14420
14421
14423
14429
14433
14437
14438
14440
14441
14446
14451
14457
14462
14466
14468
14470
14473
14474
14478
14479
14480
14483
14484
14485
14488
14489
14491
14492
14493
14494
14496
14498
14499
14502
14503
14504
14508
14509
14510
14512
14513
14515
14516
14517
14518
14521
14523
14524
14533
14536
14538
14543
14547
14548
14549
14555
14561
14565
14566
14567
14568
14570
14572
14575
14576
14578
14587
14588
14589
14592
14596
14597
14598
14601
14603
14604
14605
14606
14609
14610
14611
14612
14614
14617
14618
14619
14624
14626
14630
14632
14633
14636
14637
14639
14645
16776
14647
14648
14649
14650
14652
14653
14654
14655
14656
14658
14659
14660
14662
14663
14664
14665
14666
14667
14670
14671
14672
14673
14674
14675
14676
14679
14680
14682
14685
14686
14687
14688
14690
14691
14692
14693
14694
14695
14697
14698
14699
14700
14702
14706
14709
14710
14713
14714
14717
14719
14722
14724
14726
14727
14728
14729
14730
14732
14733
14734
14735
14739
14740
14741
14742
14743
14744
14746
14749
14750
14754
14757
14758
14761
14762
14763
14765
14766
14767
14769
14770
14771
14772
14773
14775
14776
14777
14780
14782
14783
14789
14790
14791
14792
14794
14796
14797
14802
14803
14804
14805
14809
14810
14812
14813
14814
14815
14817
14819
14820
14825
14826
14831
14833
14834
14837
14839
14841
14842
14844
14845
14846
14847
14848
14849
14850
14851
14853
14854
14855
14859
14860
14861
14865
14867
14868
14870
14871
14872
14873
14878
14881
14882
14883
14884
14886
14888
14896
14901
14906
14907
14908
14909
14910
14911
14912
14915
14917
14920
14922
14926
14928
14929
14930
14934
14935
14936
14938
14939
14941
14944
14945
14946
14947
14948
14950
14951
14952
14954
14956
14957
14958
14959
14960
14961
14962
14963
14965
14966
14971
14972
14973
14975
14976
14978
14979
14983
14987
14989
14991
14997
14999
15000
15001
15002
15006
15007
15008
15016
15017
15018
15019
15022
15023
15026
15029
15031
15033
15036
15037
15039
15040
15043
15045
15046
15047
15048
15049
15050
15055
15058
15061
15063
15065
15068
15069
15072
15073
15083
15086
15089
15091
15092
15094
15095
15096
15098
15099
15100
15103
15104
15107
15108
15109
15112
15113
15114
15116
15118
15119
15121
15123
15126
15127
15132
15134
15135
15138
15139
15143
15146
15151
15152
15156
15157
15158
15161
15163
15164
15165
15166
15167
15168
15170
15172
15175
15177
15179
15181
15184
15185
15196
15203
15207
15210
15212
15213
15214
15215
15216
15217
15218
15219
15222
15224
15227
15228
15229
15230
15235
15238
15240
15241
15244
15246
15247
15250
15251
15256
15258
15262
15264
15267
15268
15271
15272
15273
15276
15284
15285
15287
15289
15291
15294
15295
15297
15298
15300
15302
15304
15305
15306
15309
15311
15312
15314
15316
15322
15323
15324
15325
15329
15330
15331
15334
15336
15337
15338
15339
15342
15345
15349
15350
15351
15352
15360
15361
15363
15364
15365
15366
15367
15369
15370
15371
15377
15378
15380
15382
15384
15385
15387
15388
15389
15392
15408
15411
15415
15416
15418
15419
15420
15421
15424
15432
15434
15438
15441
15442
15443
15444
15445
15448
15450
15452
15455
15458
15459
15460
15461
15468
15471
15474
15476
15477
15481
15482
15483
15484
15485
15486
15487
15490
15491
15494
15498
15501
15504
15505
15508
15512
15514
15515
15522
15524
15525
15527
15528
15531
15532
15533
15538
15540
15542
15543
15544
15545
15546
15547
15549
15550
15551
15552
15553
15554
15556
15558
15561
15562
15564
15565
15566
15569
15571
15573
15574
15575
15578
15583
15586
15591
15592
15594
15597
15599
15600
15602
15605
15606
15607
15610
15611
15612
15613
15615
15618
15620
15626
15628
15629
15630
15632
15635
15639
15644
15646
15647
15648
15650
15651
15652
15653
15654
15658
15660
15661
15662
15663
15664
15665
15666
15667
15668
15672
15673
15674
15678
15679
15680
15681
15682
15683
15684
15685
15686
15687
15691
15694
15697
15699
15702
15704
15707
15708
15709
15712
15713
15716
15717
15721
15722
15730
15731
15733
15736
15737
15739
15742
15743
15744
15745
15746
15749
15750
15752
15757
15758
15760
15762
15765
15768
15772
15774
15777
15778
15782
15784
15790
15797
15800
15801
15802
15803
15804
15805
15807
15809
15812
15813
15816
15817
15820
15822
15823
15826
15827
15830
15834
15840
15844
15847
15850
15853
15855
15857
15858
15859
15860
15861
15862
15867
15870
15873
15875
15876
15877
15878
15879
15884
15886
15887
15889
15890
15902
15903
15904
15908
15909
15910
15911
15913
15915
15916
15917
15919
15922
15923
15924
15925
15930
15933
15934
15937
15938
15939
15940
15941
15942
15944
15958
15961
15969
15971
15973
15978
15983
15984
15986
15987
15988
15992
15995
16004
16005
16010
16012
16020
16022
16025
16029
16030
16031
16032
16034
16035
16038
16039
16041
16042
16045
16046
16053
16054
16056
17321
16065
16066
16067
16068
16069
16070
16072
16074
16075
16077
16080
16081
16082
16083
16086
16087
16088
16089
16091
16096
16097
16100
16106
16107
16111
16113
16114
16119
16120
16121
16124
16127
16128
16129
16130
16136
16138
16140
16141
16142
16143
16150
16152
16155
16158
16160
16161
16166
16168
16181
16185
16190
16194
16196
16213
16229
16236
16237
16242
16243
16271
16279
16286
16288
16291
16293
16295
16298
16301
16309
16312
16315
16319
16322
16323
16326
16327
16328
16331
16336
16337
16579
16341
16345
16349
16352
16355
16359
16364
16365
16370
16373
16377
16378
16380
16382
16387
16390
16394
16396
16398
16401
16407
16411
16412
16415
16418
16419
16420
16422
16424
16427
16429
16430
16432
16434
16435
16437
16438
16440
16447
16448
16452
16455
16459
16462
16465
16466
16467
16468
16471
16472
16474
16475
16476
16477
16481
16482
16483
16486
16487
16490
16493
16494
16497
16503
16505
16506
16508
16509
16510
16511
16513
16514
16515
16516
16517
16518
16519
16520
16521
16522
16523
16524
16525
16527
16529
16532
16533
16535
16538
16544
16546
16547
16548
16549
16553
16555
16556
16557
16559
16560
16561
16563
16564
16565
16567
16573
16575
16576
16577
16578
16581
16582
16583
16584
16586
16593
16600
16602
16605
16606
16608
16612
16615
16624
16625
16632
16633
16635
16637
16639
16640
16641
16642
16646
16647
16648
16650
16652
17091
16656
16658
16659
16666
16667
16671
16673
16675
16676
16677
16679
16680
16682
16683
16684
16688
16690
16691
16692
16695
16696
16697
16700
16701
16706
16707
16709
16712
16713
16717
16718
16720
16722
16724
16726
16727
16728
16730
16738
16740
16741
16743
16744
16745
16747
16748
16755
16760
16764
16766
16767
16769
16771
16773
16774
16775
16777
16780
16781
16784
16785
16787
16791
16793
16795
16796
16798
16810
16813
16814
16816
16818
16819
16821
16823
16825
16827
16829
16833
16834
16839
16840
16842
16843
16846
16847
16848
16854
16856
16861
16862
16869
16873
16878
16881
16883
16885
16886
16888
16889
16892
16893
16898
16899
16900
16908
16912
16914
16915
16916
16917
16918
16919
16921
16924
16925
16926
16929
16933
16943
16945
16947
16950
16953
16960
16964
16965
16967
16968
16971
16974
16976
16978
17943
16981
16982
16987
16990
16996
16997
16999
17002
17006
17009
17010
17012
17016
17019
17021
17023
17027
17030
17031
17032
17033
17037
17038
17040
17042
17047
17049
17050
17051
17052
17055
17060
17061
17063
17064
17065
17074
17077
17081
17083
17086
17087
17090
17093
17096
17097
17098
17100
17101
17104
17107
17113
17118
17120
17125
17129
17130
17132
17137
17139
17140
17142
17144
17145
17146
17157
17163
17173
17178
17179
17181
17183
17187
17188
17193
17197
17198
17201
17206
17212
17226
17231
17237
17239
17241
17243
17245
17249
17256
17260
17262
17263
17266
17269
17271
17273
17276
17278
17279
17280
17282
17283
17285
17290
17291
17294
17297
17304
17310
17311
17314
17320
17325
17326
17327
17329
17334
17335
17336
17338
17340
17342
17343
17344
17345
17348
17351
17353
17355
17356
17357
17359
17371
17374
17377
17386
17387
17393
17394
17403
17407
17408
17412
17416
17419
17424
17434
17440
17442
17447
17463
17467
17469
17476
17490
17492
17496
17497
17501
17506
17507
17508
17511
17512
17521
17522
17524
17529
17530
17533
17536
17539
17540
17542
17544
17548
17549
17551
17553
17559
17561
17570
17571
17582
17598
17599
17606
17608
17613
17617
17623
17624
17637
17646
17650
17662
17664
17665
17668
17676
17681
17684
17687
17690
17695
17696
17703
17704
17718
17721
17722
17727
17733
17739
17741
17744
17751
17755
17760
17761
17764
17765
17766
17767
17773
17781
17784
17788
17804
17816
17826
17830
17843
17844
17846
17851
17858
17860
17863
17864
17868
17874
17877
17879
17881
17889
17897
17904
17905
17906
17911
17913
17918
17919
17922
17923
17927
17928
17948
17949
17950
17956
17958
17959
17968
17969
17973
17982
17988
17995
18007
18011
18012
18025
18027
18034
18036
18038
18039
18043
18044
18054
18055
18057
18063
18071
18074
18076
18080
18092
18099
18100
18104
18113
18114
18116
18123
18126
18134
18136
18140
18147
18149
18155
18156
18165
18166
18168
18171
18179
18193
18198
18201
18203
18205
18207
18216
18220
18222
18226
18230
18241
18242
18244
18247
18248
18250
18256
18259
18262
18263
18265
18271
18273
18277
18278
18284
18293
18313
18318
18324
18327
18328
18331
18332
18336
18337
18338
18340
18342
18346
18354
18356
18359
18365
18366
18369
18372
18377
18379
18383
18386
18389
18391
18393
18402
18404
18407
18408
18410
18411
18413
18417
18420
18421
18423
18428
18430
18431
18438
18456
18459
18464
18468
18469
18474
18480
18482
18484
18492
18495
18504
18506
18507
18509
18512
18514
18516
18519
18520
18528
18529
18542
18546
18556
18557
18558
18612
18614
18618
18634
18635
18636
18637
18639
18640
18641
18642
18643
18649
18652
18656
18664
18667
18669
18674
18680
18681
18684
18685
18687
18688
18690
18695
18697
18698
18699
18700
18702
18704
18705
18707
18708
18709
18710
18711
18712
18713
18714
18715
18716
18717
18718
18719
18728
18729
18737
18743
18755
18757
