0
10896
1
4192
2884
16533
11010
4
5
6
7
8
9
10
11
15
16
17
18
8257
19
20
21
22
23
9920
27
24
1024
1603
292
3078
167
2158
4975
248
25
826
7547
26
28
29
30
31
97
79
48
2035
735
53
7254
6905
11674
15055
11967
32
36
39
40
41
42
43
883
5187
3543
45
46
47
49
50
51
52
7598
55
58
59
60
61
590
62
63
66
71
75
76
77
424
9497
6266
78
80
81
83
85
154
86
91
93
96
3181
99
103
10832
105
4600
106
107
109
110
111
112
113
3473
114
115
3449
269
119
120
121
1297
128
130
201
786
5865
133
134
136
137
138
4897
139
145
321
147
149
3601
153
155
157
158
159
162
163
165
166
168
169
5528
6325
170
171
172
174
176
182
184
188
193
288
1025
194
195
196
197
198
199
200
344
794
747
202
203
204
230
911
7062
205
206
207
208
209
210
212
213
4708
1263
214
216
217
220
223
225
226
228
464
229
13328
11071
231
232
234
601
235
236
239
240
242
243
245
246
247
249
250
251
254
255
6843
256
3667
260
262
263
266
5742
11679
267
13869
268
270
271
276
277
279
928
284
286
289
290
291
293
296
1612
1613
299
300
302
303
304
305
306
307
308
309
310
311
312
313
314
315
317
318
319
320
322
323
324
325
1211
326
2292
329
330
331
334
335
336
337
339
340
341
3364
342
588
345
346
350
351
352
353
356
357
359
360
361
362
365
9977
366
369
370
373
16008
5705
15609
374
378
1752
379
381
382
383
384
390
391
395
399
400
405
406
407
2592
859
4599
5233
408
410
411
3510
413
414
416
417
10374
743
425
426
429
431
432
433
435
437
438
439
440
441
442
444
445
447
11629
14086
451
452
457
459
461
5049
465
466
467
468
1079
4740
4070
605
469
470
471
14135
472
473
474
476
478
479
480
481
482
483
484
1398
486
487
488
490
492
496
497
498
11142
500
503
1648
1624
504
508
509
3368
3117
2517
733
510
511
515
4462
523
657
3314
527
528
529
531
1284
532
534
7311
2483
542
536
538
539
11036
6418
3028
11032
4028
543
609
545
3794
8119
7513
3836
548
550
551
4081
556
557
558
560
561
563
564
566
11037
568
569
570
571
572
576
577
579
580
582
583
7177
3599
1072
593
12959
584
586
672
589
592
3093
594
597
608
1136
4241
1841
598
599
3023
600
602
8167
7444
603
11925
604
10173
606
607
610
611
612
614
615
2693
617
1399
5431
621
622
624
699
3813
627
629
630
631
632
633
634
637
639
645
646
649
4400
650
651
652
653
654
655
658
659
1670
664
666
667
671
673
674
677
678
680
682
681
3727
683
685
686
688
689
696
697
698
4578
702
703
704
705
706
707
708
709
710
715
716
717
718
719
723
730
732
734
738
739
741
742
749
753
758
759
761
762
11978
763
765
767
768
769
771
774
775
778
779
780
781
782
9732
784
785
798
787
788
792
793
795
796
797
2185
799
800
801
802
804
1638
805
806
1982
807
4420
809
810
811
815
816
1812
817
819
820
824
825
827
828
829
830
831
832
834
836
837
839
841
842
843
844
845
881
846
847
849
851
3953
852
853
854
855
856
858
860
861
862
864
866
867
868
869
870
873
874
876
878
879
977
880
1273
882
884
887
888
889
890
891
892
4535
893
894
895
896
898
899
900
901
902
903
904
4966
905
906
907
908
909
910
912
913
914
915
916
917
918
919
920
921
922
923
924
925
926
927
929
930
931
932
933
935
936
937
938
939
940
2116
3150
964
11199
942
945
946
947
948
949
950
951
952
953
956
957
958
959
960
961
962
963
4343
966
12232
967
970
971
974
975
976
978
980
981
984
985
986
987
988
989
990
991
3864
993
994
5965
996
3585
14134
997
998
999
1000
1002
1004
1005
1007
1008
1009
1010
1011
1013
1014
1015
1016
1017
1019
1020
1021
1022
1023
4627
11611
1026
1029
1031
1032
1033
1035
1036
1037
1038
1039
1040
1041
1042
1043
1045
1046
1047
10396
1048
11573
1049
1050
1051
7802
1052
1053
1055
1057
1058
1059
1062
1064
1065
1067
1070
1071
9364
6839
1074
1075
1076
1077
1078
1080
1081
1082
1083
1084
1087
1088
1089
1090
1094
1095
1096
1097
1098
1099
1100
1101
1102
1106
1107
1108
1109
1110
1113
1114
15455
1115
1116
1118
1119
1120
1121
1122
1123
1124
1128
1130
1132
1133
1134
1135
4445
1138
1141
10436
1146
1147
10596
1148
1149
1151
3200
1153
1155
6653
8134
1158
1159
1162
1539
1493
1163
1164
1165
1168
1169
1171
1172
1174
1176
1177
1178
1180
1181
1182
1183
1184
3428
1187
1188
1189
1190
1191
1192
1193
1195
1196
1197
1198
1200
1201
1202
1203
1205
1209
1210
6931
1212
1213
1214
1215
1216
1217
1219
1221
1222
1223
1227
1230
1231
1232
1233
1235
1236
1241
1242
1243
1245
1246
1247
1248
1251
1252
1253
9751
1254
1255
1257
1258
1260
1261
1265
1269
1270
1272
7799
1274
1275
1277
1279
1280
1281
1283
1285
1287
1288
1289
1290
1293
1294
1296
1300
1301
1303
1304
1305
1307
1308
1309
1311
1312
1316
1317
1318
1320
1322
1323
1324
1325
1326
1330
1331
1332
1335
1337
1338
1340
1342
1343
1345
2279
1346
1347
1348
1350
1351
1352
1354
1357
1358
1360
1361
1363
1364
1365
1366
1368
3705
1369
1370
1374
1375
1376
1378
1379
1393
1383
1386
1387
1388
1390
1391
1394
1395
1396
15543
15116
6897
1402
1403
1405
1406
1407
1409
1412
1413
1415
1416
1419
1420
1421
1422
1423
1431
1432
1435
1436
1437
1438
1440
6396
1441
1444
1445
1447
1448
1452
14538
1453
1454
1455
1465
1467
1468
1469
1470
1471
1472
1473
1475
1479
1480
1481
1482
1483
1484
1485
1487
1489
1491
1492
1494
1495
1496
1498
1502
1503
1505
1507
1510
1511
1512
1515
1516
1519
1522
1523
1526
1527
1530
1531
1532
1533
1534
1535
1536
3561
1540
1543
1545
1549
1552
1554
1555
1557
1559
1562
1566
1569
1571
1572
1575
1576
1577
1579
1580
1581
1583
1586
1587
1588
1592
1593
1594
1598
1600
3812
7246
1601
1606
2888
1608
1609
1610
1611
1614
1615
1619
1620
1622
1623
3356
1626
1627
1629
1630
1631
1632
1633
1636
1637
1639
1641
1642
1644
1645
1646
1647
1650
1652
1655
1658
1659
1660
1661
1667
1668
1669
1926
1671
1677
1678
1682
1683
1684
3810
1685
1686
1691
1693
1696
1699
1702
1703
1704
1707
1711
1712
1714
1715
1716
2462
1717
1718
1719
1720
1721
1722
1723
1725
1726
1727
1728
1730
1731
1733
1736
1738
1744
1747
1748
1751
1753
1754
1756
1759
1760
6703
1761
5387
1768
1769
1770
1773
1774
1775
1778
1779
1781
1783
5244
1785
1786
1787
1789
1792
1793
1794
1796
1798
1799
1800
1802
1804
1808
1809
1810
1811
1815
1816
1819
1820
1821
1822
1824
1826
1827
1829
1831
1832
1834
1835
1838
1839
1840
1842
1845
1846
1847
1850
1851
1852
1853
1854
1855
1856
1857
1859
1860
1862
1865
1867
1868
1871
1874
1877
1880
1883
1884
1885
1886
1887
1888
1889
1890
1891
1894
1897
1898
1899
1900
1901
1903
1907
1909
1910
1911
1912
3112
1914
1915
1916
1958
1917
1918
1919
1920
1921
1922
1924
1925
1927
1928
1929
1931
1933
1934
2286
1935
1936
1937
1938
1939
1940
1942
1943
1944
1945
1946
1947
1948
1950
1952
6317
1954
1956
1957
1959
1964
9291
1965
1966
1967
1968
1969
1970
1971
1974
1975
1979
1980
1981
1984
1986
1987
1988
1989
1990
1992
1996
1997
1998
2000
2001
2002
2003
2004
2008
2009
2010
2012
2016
2017
2018
2020
2021
2023
2024
2028
2029
2031
2032
9698
2036
2037
2038
2039
2040
2041
9575
2043
2048
2049
2050
2051
2053
2054
2055
2056
2057
2058
2059
2061
2062
2064
2067
2068
2070
2071
2072
2073
2074
2075
2076
2077
2079
2080
2081
2082
2083
2085
2086
2088
2090
2093
2094
2095
2096
2097
2098
2100
2101
2106
2109
2110
2111
3834
3830
2112
2114
2115
2948
2117
2118
2119
2120
2121
2122
2123
2125
2127
2128
2130
2131
2136
2138
2139
2140
2141
2142
2143
2144
2145
2147
2151
2152
2154
2155
2156
2157
2161
2165
2166
2167
2168
2169
2171
2172
2173
2175
2179
2180
2181
2182
2184
2186
2187
2189
2190
2191
2193
2194
2195
2197
2199
2201
2202
2203
11670
2204
2205
2208
2209
2212
2214
2217
2218
2220
2221
2222
2223
2224
2225
2226
2227
2228
2229
2231
2232
2233
2235
2236
2237
2243
2245
4704
2246
2251
2252
2254
2255
2256
2257
2258
2260
6838
2261
2265
2266
2267
2270
2271
2272
2273
2275
2280
2281
2283
2285
5531
2287
2291
2293
2294
7315
2295
2296
3348
2298
2300
2303
2304
2306
2307
2308
7122
2310
2311
2312
2313
2314
2316
2317
2318
2319
2320
2322
2323
2324
2325
2327
2332
2335
2336
2337
2340
2341
2342
2343
2345
2346
2347
2350
2354
2355
2357
2358
2359
2361
2362
2363
2364
2366
2368
2369
2370
2372
2373
2374
2375
2378
2959
2379
2380
2381
2383
2385
2386
2388
2389
2392
2393
2396
2397
2400
2401
2402
2404
2407
14042
2408
2409
2410
2412
2413
2414
2416
2420
2421
2422
2424
2425
2429
2430
2431
2432
2433
2434
2435
2436
2437
2441
2443
2444
2446
2448
2450
2451
2452
2453
2454
2455
2456
6075
2458
2460
2461
2465
2466
2467
2470
2471
2474
2475
2476
2477
2480
2481
2482
13243
2485
2488
2489
2490
2492
2493
2494
2496
2498
2500
11039
2501
2504
2505
2506
2508
2509
2511
2512
2514
2515
2516
2520
2523
2526
2532
2533
2535
2537
2540
2542
2543
2544
2545
2546
2553
2555
2557
2561
2562
12773
2563
2565
2566
2568
2570
2571
2572
2573
2575
2576
2577
2579
2582
2584
2586
2587
2588
2589
2591
2593
2594
2598
2600
2601
2602
2604
2607
2608
2611
2614
2616
2617
2618
2620
2621
2622
2627
2629
2630
2632
2633
2637
2640
2643
2644
2645
2646
2648
2649
2652
2656
2657
2658
2659
2661
2662
3265
2666
2667
2671
2672
2675
2677
2680
2681
2682
2685
2686
2688
2689
2690
2691
2692
2694
2696
2698
2701
2702
2704
5419
2804
3231
2705
2706
2707
2709
2710
2711
2712
2714
2720
2721
2722
2723
2725
2726
2727
2728
2729
2731
2732
2733
2734
2736
2738
2739
2740
2742
2743
2744
2745
2746
2748
2751
2752
2753
2754
2755
2756
2759
2765
2766
2767
2768
2769
2770
2771
2772
2774
2776
2777
2780
2781
2782
2786
2788
2790
2791
2792
2793
2794
2796
2797
2798
2799
2802
2808
2810
2811
2814
2817
2818
9419
2820
2821
2823
2824
2825
2828
2829
2830
2832
2833
2834
2836
2838
2845
2846
2847
2848
2849
2852
2853
2854
2855
2859
2861
2868
2869
2870
2871
2872
2874
2875
2877
2878
2880
2881
2885
2886
2889
2890
4525
2892
2896
2899
2900
2901
2902
2903
2904
2905
2907
2909
2911
2912
2913
2915
2916
2922
2923
2924
2925
2926
2930
2931
2933
2934
2935
2936
2940
2942
2946
2947
2949
2951
2952
2953
2955
2958
2966
2968
2969
2972
2975
2976
2980
2982
2983
2984
2986
2988
2989
2990
2991
2992
2995
2996
2998
2999
15173
11280
10286
3000
3001
3005
3007
3011
3012
3013
3014
3016
3018
3020
5623
3024
3027
3032
3033
5546
3035
3037
3039
3041
3042
3043
3044
3046
3051
3052
3053
3055
3056
3058
3060
3061
3064
3067
3069
4928
3071
3074
3075
3076
3077
3082
3083
10045
3086
6779
3087
3088
3089
3278
3094
3095
3096
3098
3099
3105
3107
3110
3111
3114
3115
3116
3124
3125
3128
3129
3131
3135
3138
3144
3146
3148
3153
3155
3157
3158
3159
3164
3166
3168
3173
3174
3175
3177
3178
3183
3184
3185
3186
3188
3190
3191
3198
3201
3202
3203
3204
3205
3208
3209
3211
3212
3217
3218
3221
4098
3223
3225
3226
3227
3228
3230
3665
3232
3233
3234
14341
3236
3237
3238
3239
3241
3242
3244
3245
3247
3248
3249
3251
3256
3257
3258
3260
3261
3262
3264
10608
3266
3270
3271
3272
3274
3275
3276
3280
3281
3282
3285
3286
3287
3288
3289
3290
3292
3293
3294
3297
3299
3300
3302
3303
3304
3306
3308
3309
7289
3310
3311
15213
3990
3316
3319
3320
3321
3324
10169
3328
3329
3333
3334
3335
3336
3339
3340
3342
3343
3344
3345
3346
3347
3351
3353
3355
3363
3367
3375
3377
3378
3379
3380
3381
3383
3384
3387
3388
3391
3392
3393
3396
3397
3398
3399
3401
3404
3406
3407
6121
3411
3412
3774
3416
3417
3419
3420
3423
3424
3425
3426
3427
4148
3430
3432
3434
3435
3440
3442
3443
3444
3445
3446
3447
3448
3451
3452
3453
3454
7947
3458
3459
3460
3461
3465
3467
3469
4417
3470
3471
3472
3477
3479
3480
3482
3483
3484
3485
3488
3493
3494
3495
3498
3500
3502
3503
3504
3505
3506
3507
3509
3511
3512
3515
3516
3517
3518
3519
3520
3528
3529
3537
3538
3540
10106
3544
3546
3547
3551
3553
10290
3554
3555
3556
3557
3558
3560
3564
3565
3566
3570
3571
3572
3574
3576
3577
3580
3581
3582
3586
3588
3589
3590
3591
3595
3596
3597
3598
3602
3603
3606
3607
3611
3614
3616
3619
3620
3621
3622
3623
3624
3626
3627
3629
3632
3633
3636
3637
8175
3638
3640
3641
3642
3643
3644
3649
3650
3654
3655
3657
3658
3660
3663
3666
13241
3669
3670
3671
3672
3673
3676
3677
3678
5976
3679
3680
3681
3682
3683
11391
3684
3685
3686
3687
3689
3690
3692
3693
3694
3695
3696
3699
3700
3701
3702
9120
3708
3710
3711
3712
3713
3714
3715
3717
3718
3719
3720
3721
3723
3724
3725
3726
3728
3730
3731
3732
3733
3734
3735
3736
3737
3738
3741
3742
3743
3744
3745
3747
3749
3750
3751
3753
3754
3756
3758
3759
3760
3761
3762
3763
3764
3765
3767
3768
3769
3770
3777
3778
3779
3784
3785
12751
7095
3786
3790
3791
3792
3795
3796
3798
3799
3800
3801
3802
3803
3804
3805
3807
3808
3811
7656
3814
3815
9731
3819
3823
3829
3831
3832
3835
3837
3838
3840
3841
3842
3843
3844
3846
3848
3852
3853
3854
3855
3857
3858
3861
3862
3863
3866
3868
3870
3873
3875
3876
3877
3881
3882
3883
3885
3886
3887
3889
5322
3890
3892
3893
3896
3900
3903
3907
3909
3912
3913
3914
3916
3917
5045
3918
3919
3920
3921
3922
3923
3926
3929
3930
3933
3934
14585
3935
4047
3939
3941
3942
3943
3946
3948
3950
3951
3952
3955
3956
3960
3961
3966
3967
3969
3971
3972
3973
3975
3976
3977
3982
3987
3989
3991
3992
3993
4001
4002
4004
4005
4006
4007
4008
4009
4011
4014
4015
4016
4017
4018
4021
4022
4023
4026
4027
4029
4036
4038
4039
4041
4042
4046
4048
4049
4063
4052
4054
4056
4057
4059
4061
4062
7506
4064
4065
4066
4068
4069
4071
4072
4074
4076
4077
4078
4083
4084
4086
4089
4090
4091
4092
4096
4099
4103
4104
4105
4108
4109
4111
4113
4115
4118
4119
4122
4124
4126
4127
4128
4129
4134
4139
4140
4141
4142
4143
4146
4151
4154
4157
4160
4161
4162
4164
4166
4167
4170
4171
4173
4174
4176
4180
4181
4184
4188
4189
4191
4194
4196
4198
4199
4201
4203
4205
4208
4209
4210
4212
4217
4219
4220
4221
4223
4226
4229
4231
4232
4233
4234
4235
4236
4238
4239
4240
4243
4244
4245
4247
4248
4250
4251
4252
4254
4255
4256
4257
4259
4260
4261
4262
4263
4265
4266
4267
4268
4269
4271
4272
4273
4274
4275
4276
4277
4278
4280
4281
4282
4285
4286
4288
4289
4290
4291
4292
4293
4294
4296
4297
4302
4303
4304
4305
4306
4307
4308
4309
11505
4310
4311
4314
4316
4317
4319
4321
4322
4323
4324
4325
4326
4330
4331
4333
4336
4338
4340
4341
4342
4344
4346
4347
4348
4349
4350
4352
4353
4358
4359
4361
4362
4363
4364
4365
4366
4367
4368
4370
4371
4372
4374
4375
4376
4378
4379
4380
4381
4382
4383
11259
4384
4385
4387
4388
4389
4390
4392
4393
4395
4399
4401
4404
4405
4408
4409
4410
4411
4413
4414
4415
4416
4418
4419
15958
4421
4423
4424
4428
4429
4431
4433
4434
4436
4437
4438
4439
4440
4442
4443
4444
4446
4449
4450
4453
4455
4457
4458
4459
4464
4466
4467
4468
4469
4470
4471
4473
4474
4475
4476
4478
4481
4482
4483
4484
4485
4486
4487
4488
4493
4495
4496
4500
4501
4508
4513
4514
4524
4827
4527
10414
4528
4530
4534
4536
4537
4538
4539
4546
4548
4549
4550
4551
4554
4555
4556
4557
4558
4562
4563
4565
4567
4570
4572
4575
4576
4579
4580
4582
4584
4586
4588
4589
4591
4592
4593
4594
4595
4596
4597
4601
4602
4603
4605
4606
4610
4611
4613
4614
4617
4618
4623
4624
4625
4626
4629
4630
4631
4633
4634
4635
4636
4637
4638
4642
4643
4645
4649
4653
4656
4658
4659
4660
9686
4663
4664
4666
4668
4669
4672
4675
4677
4678
4680
4681
4682
4684
7128
4686
4687
4688
4691
4692
4695
4701
11209
4705
4706
4707
4709
4711
4713
4715
4716
4717
4718
4722
4723
4724
4728
4731
4739
4742
4747
4749
4752
4755
4756
4757
4762
4764
4768
4772
4773
4776
4779
4785
4789
4790
4793
4795
4798
14608
4800
4804
4806
4807
4811
4813
4815
4816
4818
4819
4820
4821
4826
4828
4831
4832
4833
4834
5168
4835
4837
4839
4842
4850
4852
4853
4856
4864
4869
4870
4872
4873
4875
4877
4883
4885
4886
4889
4891
4895
4901
4902
4907
4910
4911
4912
4913
4914
4916
4921
4922
4923
4927
4929
4930
4935
4939
4940
4947
4948
4949
4953
4956
4964
4965
4971
4972
4973
4974
4977
4978
4980
4981
4982
4984
4985
4987
4991
4993
4995
4996
4998
5005
5009
5013
5016
5031
5032
7135
5035
5039
5040
5042
5043
5044
5047
5050
5051
14256
5055
5057
5065
5071
5076
5077
5078
5079
5083
5085
5086
5088
5090
5095
5096
5105
5106
5109
5112
5113
5114
5116
5117
5119
5122
5123
5126
5127
5128
5131
5134
5140
5149
5151
5154
5156
5162
5642
5183
5185
5201
5202
5210
5227
5239
7578
5247
5250
5251
5252
5256
5262
5266
5269
5270
5275
5276
5287
5289
5293
5307
5310
5312
5316
5320
5321
5328
5372
5330
5332
5333
5337
5338
5339
5340
5346
5347
5349
5350
5357
5358
5362
5363
5367
5368
5373
5376
5380
5382
5386
5390
5391
5397
5607
5412
5414
5415
5416
5420
5422
5425
5429
5432
5436
5438
5451
5452
5454
5459
5463
5466
5471
5486
5493
5498
5502
5508
5510
5512
5516
5517
5521
5522
5524
5527
5530
5535
5543
5545
5549
5556
5560
5568
5571
5583
5585
5588
5589
5591
5593
5597
5598
5599
5601
5605
5613
5617
5626
5629
5631
5632
5639
5640
5641
5644
5647
5652
5656
5657
5658
5664
5665
5666
5670
7754
5672
5681
5682
5685
5693
5695
5706
5717
5726
5730
5733
5735
5737
5738
5740
5741
5743
5745
5751
5754
5755
5756
5762
5767
5772
5777
5782
5784
5790
5798
5802
5805
5806
5807
5809
5810
5828
5829
5830
5832
5841
5843
5846
5847
5848
5851
5854
5856
5858
5860
5862
5868
5871
5873
5877
5878
5880
5882
5883
5884
5893
5894
5896
5898
5899
5900
5902
5904
5905
5906
5909
5910
5914
5917
5920
5921
5922
5927
5928
5931
5932
5933
5934
5935
5942
5944
5945
5947
5948
5949
5950
5952
5956
5958
5959
5960
5961
5966
5968
5969
5970
5971
5973
5974
5979
5983
5984
5985
5986
5987
5988
5989
5990
5996
6000
6001
6004
6006
6008
6009
6011
6012
6014
6016
6017
6019
7000
6020
6021
6023
6024
6026
6028
6029
6031
6032
6038
6039
6041
6042
6049
6051
6052
6053
6055
6056
6057
6060
6063
6064
6074
15102
6080
6084
6085
6086
6091
6097
6106
6108
6109
6112
6113
6117
11212
6122
6124
6132
6136
6139
6140
6142
6143
6144
6148
6151
6154
6161
6162
6165
6167
6169
6174
6184
6185
6186
6187
6191
6192
6195
6197
6198
6202
6206
6208
6209
6210
6211
6213
6214
6215
6216
6217
6218
6219
6220
6224
6225
6228
6229
6232
6234
6240
6241
6244
6245
6248
6250
6253
6255
6260
6263
6265
6271
6273
6276
6277
6279
6284
6285
6288
6290
6293
6300
6301
6312
6316
6319
6320
6324
6326
6327
6328
6331
6334
6339
6340
6341
6342
6345
6346
6351
6356
6358
6359
6362
6364
6365
6366
6369
6374
6378
6379
6383
6388
6389
6391
6393
7603
6397
6400
6402
6403
6404
6406
6407
6408
10383
6409
6411
6419
6423
6424
6564
6425
6429
6430
6431
6435
6436
6442
6444
6445
6446
6448
6449
6450
6452
6460
6463
6466
6469
6472
13918
6473
6477
6480
6491
6494
6497
6500
6501
6502
6504
6509
6512
6515
6523
6528
6535
6536
6545
6548
6551
6552
6557
6563
6570
6576
6577
6578
6580
6583
6584
6588
6591
6592
6596
6597
6598
6602
6604
6608
6609
6610
6616
6618
6623
6624
6626
6627
6630
6635
6637
6638
6646
6650
6652
6655
6663
6666
6678
6679
6681
6683
6684
6685
6688
6694
6698
6700
6706
6713
6714
6717
6727
6730
6731
6733
6734
6739
6742
6744
6746
6747
6748
6750
6751
6753
6754
6755
6762
6764
6768
6769
6770
6773
6775
6782
6791
6793
6800
6803
14021
6807
6810
6813
6815
6820
6821
6824
6826
6827
6828
6830
6833
6835
13095
6844
6846
6850
6852
6854
6855
6857
6858
6859
6860
6861
6863
6868
6869
6870
6871
6875
6878
6879
6880
6881
6882
6883
6884
6885
6886
6887
6889
6892
6894
6895
6896
6898
6900
6901
6902
6904
6906
6908
6909
9807
9971
6911
6913
6914
6915
6916
6921
6922
6923
6924
6925
6926
6927
6929
6930
6934
6935
6938
6939
6940
6941
6942
6943
6944
16391
6945
6946
6950
6951
6952
6955
6956
6957
6959
6960
6961
6962
6963
6972
6974
6975
6976
6977
6981
6983
6986
6987
6988
6989
6990
6992
6997
6998
7001
7003
7005
7006
7007
7009
7010
7011
7015
7017
7019
7020
7023
7027
7028
7029
7030
7031
7032
7033
7035
7036
7038
7039
7042
7043
7044
7045
7050
7053
7055
7056
7063
7067
7068
7069
7070
7073
7075
7077
7084
7079
7080
7081
7086
7090
7096
7098
7102
7103
7104
7105
7106
7110
7113
7114
7115
7116
7119
7121
7123
7125
7129
7132
7133
7136
7140
7142
7143
7144
7146
7147
7151
7152
7153
7154
7159
7160
7161
7164
7167
7170
7173
7175
7178
7179
7183
7186
7194
7195
7196
7197
7198
7201
7202
7203
7209
7210
7213
7214
7219
7220
7222
7225
7226
7229
7230
7231
7232
7234
7237
7238
7241
7242
7244
7245
10731
7247
7248
7253
7258
7265
7266
7267
7270
7273
7274
7276
7277
7280
7281
7283
7292
7293
7298
7299
7300
7302
7303
7304
7305
16021
7308
7309
7313
7316
7317
7318
7320
7322
7323
7324
7325
7326
7330
7332
7338
7339
7340
8232
7342
7343
7344
7346
7347
7348
7350
7352
7358
7359
7363
7365
7366
7368
7370
7371
7372
7373
7378
7383
7389
7391
7393
7395
7397
7398
7399
7402
7409
7411
7412
7413
7418
7419
7426
7431
7435
7436
7437
7440
7445
7448
7452
7454
7455
7461
7468
10275
7473
7474
7478
7482
7483
7486
7491
7494
7496
7497
15131
7502
7508
7509
7521
7522
7528
7529
7532
7533
7535
7537
7541
7546
7548
7549
7552
7553
7554
7556
7557
7563
7571
7574
7577
7579
7580
7581
7588
7594
7597
7600
7606
7616
7621
7630
7631
7632
7647
7648
7651
7652
7653
7655
7657
7660
7661
7834
7665
7673
7666
7667
7670
7674
7675
7676
7677
7680
7686
7687
7691
7692
7696
7699
7700
7701
7702
7706
7707
7711
7714
7715
7716
7718
7720
7723
7726
7727
7728
7729
7730
7735
7736
7738
7739
7741
7742
7743
7748
7751
7753
7758
7760
7761
7763
7764
7766
7767
7768
7771
7775
7777
7779
7780
14672
7785
7786
7788
7791
7792
7793
7797
7798
7804
7807
7808
7812
7817
7818
7821
7827
7829
7833
7835
7838
7839
7841
7847
7848
7851
7852
7855
7857
7858
7862
7866
7867
7872
7873
7876
7881
7882
7883
7887
7888
7889
7890
7891
10217
7893
7894
7895
7896
7897
7901
7902
7905
7909
7912
7913
7915
7919
8723
7920
7922
7924
7927
7928
7932
7933
7934
7935
7936
7937
7938
7940
7941
7943
7944
7945
7946
7949
7952
7953
7954
7955
7956
7957
7958
7959
7961
7962
7966
7967
7969
7970
7971
7972
7974
7976
7978
7982
7983
7984
7987
7988
7989
7991
7992
7993
7996
8000
8001
8002
8003
10280
8005
8006
8007
8009
8011
8012
8013
8014
8017
8019
8020
8021
8022
8023
8025
8029
8033
8034
8035
8036
8038
8039
8040
8047
8054
8055
8056
8057
8058
8059
8060
8062
8064
8067
8076
8077
8078
8080
8081
8082
8084
8085
8086
8089
8090
8097
8100
8101
8102
8104
8105
8111
8112
8113
8114
8115
8121
8122
8125
8128
8129
8131
8133
8135
8142
8143
9952
8144
8145
8146
8147
8148
8149
8151
8156
8157
8158
8162
8163
8164
8168
8171
12245
8177
8179
8180
8182
8188
8190
8193
8195
8196
8197
8198
8204
8207
8217
8218
8219
8220
8223
8224
8226
8229
8230
8231
8233
8235
8236
8238
8245
8247
8248
8249
8250
8251
8253
8256
9530
8259
8264
8265
8269
8275
8276
8280
8282
8283
8291
8308
8317
8318
8322
8332
8342
8345
8347
8350
8352
8355
8361
8369
8375
8381
8397
8398
8408
8410
8422
8429
8459
8478
8479
8512
8528
8542
8543
8544
8546
8550
8553
8556
8558
8561
8575
8576
8581
8586
8588
8613
8614
8632
8661
8668
8670
8684
8691
8704
8708
8716
8758
8791
8800
8813
8821
8824
8831
8861
8866
8895
8915
8929
8939
8942
8950
8976
8984
10761
9002
9009
9010
9034
9035
9045
9089
9110
9119
10329
9129
9138
9147
9154
9183
9190
9207
9210
9229
9250
9276
9286
9301
9306
9312
9339
9342
9356
9392
9398
9464
9466
9467
9468
9469
9470
9471
9474
9476
9479
9481
9484
9486
9487
9488
9492
9493
9495
9496
9498
9500
9501
9502
9504
9505
9506
9507
9508
9510
9511
9513
9514
9515
9516
9517
9518
9521
9522
9523
9524
9528
9529
9531
9533
9534
9539
9540
9541
9545
9546
9549
9550
9551
9552
9554
9556
9557
9561
9564
9565
9566
9569
9571
9576
9577
11965
9578
9579
9580
9581
9583
9585
9586
9590
9591
9594
9595
9601
9602
9604
9605
9606
9608
9611
9612
9613
9615
9616
9617
9619
9621
9622
9624
9626
9627
9631
9632
9635
9636
9638
9648
9650
9652
9653
9654
9655
9657
9659
9662
9664
9665
9667
9670
9671
9673
9676
9677
9679
9681
9682
9684
9685
9687
9688
9689
9691
9693
9694
9696
9699
9700
9706
9707
9708
9710
9711
9712
9714
9715
9719
9720
9722
9723
9727
9730
9733
9735
9736
9737
9740
9742
9745
9746
9748
10018
9749
9750
9752
9753
9755
9756
9757
9760
9764
9765
9767
9768
9770
9774
9776
9778
9779
9781
9782
9783
9785
9787
9788
9789
9790
9791
9792
9795
9800
9801
9802
9804
9805
9809
9810
9811
9814
9815
9817
9819
9821
9827
9828
9829
9831
9832
9833
9834
9835
9837
9838
9839
9840
9841
9842
9843
9845
9846
9847
9848
9849
9852
9854
9856
9857
9858
9859
9860
9862
9865
9866
9867
9869
9870
9871
9873
9874
9875
9876
9877
9880
9881
9883
9884
9886
9890
9893
9894
9898
9901
9905
9907
9909
9910
9912
9913
9914
9915
9918
9921
9922
9926
9927
9928
9929
9930
9931
9932
9933
9934
9936
9937
9940
9941
9942
9944
9947
9948
9949
9951
9953
9955
9956
9959
9961
9962
9963
9964
9965
9966
9968
9969
9973
9974
9978
9979
9980
9981
9982
9985
9986
9987
9988
9989
9990
9992
9993
9995
9996
10340
10000
10001
10003
10005
10006
10007
10009
10010
10011
10012
10014
10016
10017
10019
10020
10021
10023
10027
10028
10029
10030
10031
10035
10036
10039
10040
10042
10043
10044
13341
10047
10048
10049
10050
10052
10054
10055
10057
10058
10060
10066
10067
10068
10070
10072
10073
10074
10075
10079
10080
10081
10082
10083
10085
10086
10087
10089
10092
10093
10094
10099
10100
10101
10103
10104
10105
10109
10110
10112
10113
10114
10117
10121
10122
10123
10124
10127
10130
10133
10134
10135
10141
10149
10150
10157
10158
10160
10161
10162
10163
10164
10165
10168
10195
10170
10172
10174
10175
10178
10181
10183
10186
10203
10204
10205
10207
10209
10211
10213
10214
10215
10218
10221
10222
10224
10227
10229
10231
10232
10236
10238
10241
10243
10244
10246
10247
10249
10254
10258
10261
10262
10263
10265
10271
10272
10276
10277
10278
10279
10281
10283
10284
10288
10289
10291
10297
10298
10299
10300
10301
10302
10303
10305
10306
10307
10309
10313
10314
10317
10318
10321
10322
10324
10325
10327
10328
10331
10332
10333
10334
10335
10336
12266
10339
10342
10343
10344
10345
10349
10350
10351
10356
10358
10359
10360
10361
10362
10363
10367
10368
10371
10372
10373
10453
10375
10376
10378
10380
10382
10384
10385
10386
10387
10388
10390
10391
10393
10394
14068
10397
10399
10401
10402
10403
10405
10406
10407
10793
10408
10410
10411
10412
10416
10417
10418
10420
10421
10422
10425
10426
10427
10428
10429
10432
10433
10434
10435
10437
10438
10439
10445
10447
10448
10449
10450
10451
10454
10456
10457
10459
10463
10465
10466
10467
10468
10471
10475
10478
10482
10483
10484
10485
10486
10487
10489
10490
10491
10493
10495
10496
10498
10499
10500
10501
10502
10503
10504
10505
10506
10507
10508
10509
10510
10515
10516
10518
10519
10525
10528
10529
10531
10532
10534
10536
10537
10540
10541
10543
10544
10546
10547
10550
10551
10554
10556
10558
10559
10560
10563
12246
10564
10565
10566
10567
10571
10579
10580
10582
10583
10584
10585
10586
10587
10588
10593
10595
10598
10599
10600
10603
10607
10609
10612
10615
10617
11905
10620
10622
10623
10624
10626
10627
10628
10630
10631
10637
10644
10645
10647
10650
10652
10653
10656
10657
10660
10662
10664
10667
10670
10671
10672
10673
10674
10676
10677
10678
10680
10682
10683
10685
10686
10687
10688
10689
10690
10691
10692
10693
10694
10695
10697
10698
10699
10701
10703
10705
10707
10708
10709
10713
10714
10716
10717
10718
10719
10720
10723
10724
10727
10729
10730
10732
10733
10734
10735
10737
10738
10741
10747
10748
10749
10750
10752
10753
10756
10757
10758
10760
10762
10763
10764
10765
10766
10767
10768
10769
10770
10772
10774
10775
10777
10780
10781
10783
10784
10785
10786
15588
15561
10965
10966
10787
10788
10789
10790
10792
10794
10795
10797
10798
10799
10801
10803
10804
10806
10807
10810
10811
10812
10815
10820
10821
10822
10823
10825
10826
10827
10828
10829
10830
10831
10833
10834
10837
10839
10840
10841
10842
10845
10846
10849
10851
10855
10856
10858
10860
10861
10862
10863
10865
10866
10867
10868
10874
10875
10876
10878
10882
10883
10884
10885
10886
10889
10890
10891
10892
10893
10894
10895
10897
10900
10901
10902
10903
10904
10907
10910
10911
10915
10917
10918
10919
10920
10921
10922
10923
10924
10925
10930
10931
10932
10934
10938
10939
10941
10942
10943
10944
10945
10948
10949
10950
10952
10953
10954
10955
10957
10958
10969
10970
10971
10975
10976
10977
10979
10980
10981
10982
10983
10984
10986
10987
10989
10990
10992
10993
10994
10996
11001
11006
11007
11008
11011
11013
11014
11016
11019
11021
11022
11023
11024
11026
11027
11029
11030
11035
11038
11042
11044
11047
11050
11053
11054
11055
11056
11059
11060
11061
11062
11064
11066
11067
11070
11072
11073
11076
11077
11078
11079
11080
11081
11082
11083
11084
11085
11087
11088
11089
11090
11091
11092
11093
11094
11096
11098
11101
11102
11103
11106
11111
11113
11116
11117
11122
11126
11127
11128
11131
11132
11133
11137
11138
11139
11140
11141
11143
11144
11145
11146
11147
11148
11149
11150
11151
11153
11154
11155
11156
11158
11159
11160
11161
11162
11165
11166
11167
11168
11169
11170
11171
11172
11173
11174
11178
11180
11181
11182
11183
11184
11185
11186
11190
11191
11192
11195
11196
11198
11200
11201
11202
11203
11204
11205
11207
11208
11211
11213
11214
11215
11217
11218
11219
11222
11224
11226
11228
11230
11233
11234
11238
11241
11242
11243
11244
11246
11247
11248
11249
11252
11253
11254
11255
11256
11257
11260
11261
11263
11264
11265
11267
11268
11270
11271
11272
11274
11277
11279
11281
11282
11283
11285
11286
11287
11288
11289
11292
11293
11294
11295
11296
11297
11298
11299
11300
11301
11302
11303
11307
11309
11310
11311
11312
11316
11317
11318
11321
11322
11325
11327
11328
11329
11330
11331
11332
11333
11335
11336
11338
11340
11341
11344
11346
11348
11350
11355
11357
11359
11360
11361
11362
11363
11364
11365
11366
11368
11369
11370
11371
11372
11373
11375
11376
11377
11378
11379
11381
11382
11383
11385
11386
11387
11388
11393
11394
11395
11397
11398
11401
11402
11404
11405
11406
11407
11409
11412
15090
11414
11415
11417
11418
11419
11420
11421
11422
11423
11426
11429
11430
11431
11433
11434
11435
11436
11437
11438
11441
11442
11443
11444
11447
11448
11450
11451
11454
11455
11456
11458
11459
11460
11461
11462
11463
11469
11471
11472
11474
11475
11476
11477
11478
11479
11481
11482
11484
11488
11489
11491
11492
11494
11495
11496
11497
11498
11501
11502
11508
11511
11513
11517
11518
11521
11523
11525
11526
11527
11529
11530
11531
11533
11539
11541
11544
11545
11546
11549
11556
11558
11560
11561
11562
11565
11566
11569
11572
11576
11577
11579
11580
11582
11585
11587
11589
11590
11592
11593
11597
11598
11602
11604
11606
11607
11608
11609
11615
11616
11617
11618
11620
11621
11622
11623
11626
11627
12206
11628
11630
11631
11632
11633
11635
11638
11642
11643
11644
11645
11646
11648
11649
11650
11651
11655
11656
11657
11659
11662
11672
11673
11677
11678
11680
11682
11683
11685
11686
11689
11690
11691
11695
11698
11699
11700
11701
11702
13856
11705
11706
11707
11708
11709
11713
11715
11716
11717
11722
11723
12302
11733
11736
11738
11739
11741
11742
11743
11746
11747
11749
11751
11752
11754
11756
11760
11765
11766
11769
11771
11772
11773
14629
11775
11776
11777
11779
11784
11787
11788
11790
11793
11794
11800
11803
11804
11805
11807
11808
11813
11814
11817
11818
11820
11822
11823
11830
11834
11836
11841
11844
11857
11872
11873
11876
11884
11888
11893
11895
11902
11908
11912
11914
11918
11930
11931
11933
11935
11943
11948
11949
11955
11958
11961
11962
11963
11964
11966
11972
11976
11977
11982
11985
11986
11988
11989
11990
11993
11994
11996
11997
11998
11999
12001
12002
12004
12006
12009
12014
12017
12019
12026
12027
12028
12030
12031
12032
12035
12036
12040
12046
12051
12065
12066
12069
12070
12073
12079
12081
12083
12091
12096
12097
12100
12102
12104
12105
12107
12109
12113
12124
12125
12126
12132
12136
12137
12138
12141
12146
12148
12154
12159
12161
12164
12165
12167
12169
12172
12173
12174
12175
12179
12181
12183
12184
12185
12186
12189
12190
12191
12192
12194
12196
12198
12199
12200
12201
12205
12208
12213
12217
12218
12219
12222
12223
12224
12226
12227
12228
12229
12230
12233
12236
12237
12238
12239
12240
12241
12242
12244
12247
12249
12250
12252
12254
12256
12264
12268
12269
12270
12271
12273
12274
12277
12279
12280
12281
12283
12286
12290
12291
12293
12295
12296
12300
12301
12308
12310
12312
12316
12317
12318
12321
12322
12323
12325
12326
12327
12329
12330
12332
12334
12335
12337
12338
12341
12343
12344
12346
12347
12348
12350
12351
12352
12353
12355
12356
12357
12358
12359
12362
12363
12364
12367
12371
12374
12378
12380
12382
12384
12386
12393
12397
12398
12401
12406
12409
12410
12415
12417
12421
12424
12425
12429
12430
12431
12432
12433
12435
12436
12440
12442
12445
12446
12448
12453
12454
12456
12459
12460
12463
12465
12467
12468
12469
12472
12473
12474
12475
12477
12478
12481
12533
12534
12538
12539
12552
12564
12565
12567
12571
12573
12589
12605
12607
12612
12621
12625
12626
12629
12649
12659
12671
12680
12695
12703
12718
12719
12721
12722
12724
12726
12728
12731
12733
12734
12737
12738
12739
12742
12747
12750
12752
12754
12762
12764
12767
12769
12770
12776
12779
12780
12781
12785
12787
12789
12798
12799
12802
12806
12807
12809
12810
15036
12811
12813
12815
12820
12821
12822
12827
12828
12830
12831
12832
12833
12836
14155
12839
12845
12848
12850
12854
12855
12858
12860
12861
12865
12867
12868
12870
12873
12876
12877
12884
12888
12889
12891
12893
12898
12901
12908
12910
12911
12916
12917
12918
12919
12920
12921
12922
12926
12928
12931
12933
12935
12937
12940
12944
12945
12948
12950
12954
12955
12957
12960
12965
12966
12967
12969
12970
12971
12972
12973
12974
12979
12980
12982
12983
12985
12986
12987
12990
12993
12994
12996
12997
12999
13000
13001
13003
13004
13005
13006
13007
13010
13011
13012
13013
13014
13015
13016
13017
13019
13020
13021
13022
13023
13024
13027
13028
13029
13031
13033
13034
13035
13036
13037
13038
13039
13040
13041
13042
13044
13046
13048
13049
13050
13052
13595
13053
13054
13056
13057
13058
13059
13060
13062
13063
13064
13067
13068
13071
13073
13075
13076
13078
13080
13083
13084
13086
13087
13089
13093
13094
13097
13100
13101
13102
13104
13105
13107
13108
13109
13110
13112
13113
13114
13115
13116
13117
13118
13119
13120
13122
13123
13124
13125
13126
13128
13129
13130
13133
13134
13135
13140
13142
13145
13146
13147
13148
13149
13150
13151
13152
13153
13154
13155
13159
13160
13161
13162
13165
13166
13167
13168
13169
13174
13175
13176
13178
13180
13182
13183
13184
13185
13187
13190
13191
13192
13193
13195
13197
13198
13200
13201
13202
13203
13206
13207
13208
13209
13210
13211
13213
13215
13216
13217
13218
13221
13222
13223
13226
13227
13229
13230
13231
13232
13234
13237
13239
13242
13244
13245
13247
13248
13249
13252
13254
13257
13261
13264
13265
13266
13267
13268
13272
13273
13274
13275
13276
13277
13279
13281
13282
13283
13284
13286
13287
13289
13290
13292
13293
13294
13298
13299
13301
13304
13305
13306
13308
13309
13310
13313
13315
13317
13319
13320
13321
13325
13326
13329
13330
13335
13336
13337
13340
13342
13343
13344
13345
13346
13347
13348
13349
13350
13351
13352
13353
13354
13356
13357
13359
13360
13361
13362
13363
13364
13365
13366
13367
13368
13369
13370
13372
13373
13374
13375
13376
13377
13378
13379
13380
13382
13383
13384
13386
13387
13391
13392
13393
13394
13395
13397
13399
13400
13401
13402
13403
13404
13406
13407
13408
13418
13409
13410
13413
13415
13416
13417
13420
13422
13423
13424
13426
13427
13429
13430
13431
13433
13434
13435
13437
13438
13441
13442
13443
13444
13445
13446
13447
13448
13449
13450
13451
13452
13453
13454
13455
13456
13457
13458
13459
13461
13462
13463
13464
13465
13467
13468
13469
13470
13471
13472
13474
13475
13476
13478
13480
13481
13482
13483
13485
13487
13488
13490
13491
13492
13493
13494
13495
13496
13498
13501
13503
13504
13505
13506
13507
13510
13511
13512
13513
13514
13515
13516
13518
13520
13521
13522
13523
13525
13526
13528
13530
13531
13533
13534
13536
13540
13542
13543
13544
13547
13549
13552
13553
13554
13556
13557
13558
13560
13561
13562
13563
13564
13565
13566
13567
13569
13570
13571
13572
13573
13578
13579
13580
13581
13582
13584
13586
13588
13589
13590
13593
13596
13597
13599
13600
13601
13602
13603
13604
13605
13606
13607
13608
13609
13610
13611
13613
13615
13616
13619
13621
13622
13626
13627
13629
13630
13631
13632
13633
13636
13638
13641
13642
13645
13646
13647
13648
13649
13652
13653
13654
13655
13656
13661
13663
13664
13666
13668
13670
13672
13675
13678
13679
13680
13681
13682
13683
13684
13685
13686
13688
13689
13690
13691
13692
13693
13694
13695
13696
13700
13701
13705
13706
13707
13708
13709
13710
13711
13712
13713
13714
13715
13716
13717
13720
13721
13723
13724
13725
13727
13729
13730
13731
13732
13733
13734
13735
13736
13737
13739
13740
13741
13742
13744
13745
13747
13750
13751
13752
13753
13756
13757
13760
13761
13762
13763
13765
13766
13768
13769
13770
13771
13772
13776
13778
13779
13780
13781
13782
13784
13789
13790
13791
13793
13795
13796
13797
13798
13799
13800
13801
13802
13803
13805
13806
13808
13809
13810
13811
13812
13813
13814
13815
13816
13817
13822
13823
13824
13825
13827
13828
13829
13830
13834
13835
13836
13837
13838
13839
13840
13841
13842
13843
13844
13845
13846
13847
13848
13851
13852
13853
13854
13857
13860
13861
13864
13866
13868
13871
13872
13873
13874
13875
13876
13880
13881
13882
13883
13884
13885
13888
13889
13890
13891
13893
13896
13897
13898
13982
13899
13900
13901
13902
13903
13904
13905
13906
13909
13910
13912
13914
13915
13916
13917
15843
15462
15382
13920
13922
13923
13926
13927
13929
13930
13931
13932
13934
13935
13937
13938
13940
13941
13942
13944
13947
13951
13954
13958
13960
13961
13962
13964
13966
13971
13975
13976
13978
13979
13980
13981
13983
13984
13985
13986
13987
13988
13989
13990
13991
13994
13995
13996
13997
13998
13999
14000
14002
14003
14004
14005
14008
14012
14013
14015
14019
14020
14022
14023
14024
14026
14028
14029
14030
14031
14032
14033
14034
14035
14037
14039
14040
14041
14044
14045
14046
14047
14049
14050
14051
14052
14053
14054
14055
14056
14059
14061
14064
14066
14084
14070
14071
14073
14074
14076
14083
14633
14085
14088
14093
14094
14095
14098
14099
14100
14101
14106
14107
14108
14110
14111
14113
14114
14115
14116
14117
14119
14121
14122
14123
14124
14125
14126
14127
14128
14129
14131
14132
14136
14137
14138
14139
14141
14142
14145
14146
14148
14149
14150
14151
14157
14158
14159
14160
14161
14162
14163
14164
14165
14166
14167
14169
14171
14172
14174
14175
14176
14177
14178
14180
14181
14183
14185
14186
14187
14188
14189
14190
14192
14193
14194
14195
14199
14200
14201
14202
14203
14204
14205
14206
14207
14210
14211
14213
14215
14216
14217
14218
14219
14223
14225
14226
14229
14230
14231
14232
14234
14461
14236
14238
14240
14241
14242
14243
14245
14246
14247
14249
14251
14252
14254
14255
14257
14258
14259
14262
14265
14266
14269
14270
14271
14272
14273
14275
16598
14276
14277
14278
14279
14280
14281
14283
14284
14286
14290
14293
14294
14298
14300
14302
14303
14304
14305
14306
14307
14308
14309
14310
14311
14312
14314
14315
14316
14317
14318
14319
14320
14321
14326
14327
14328
14330
14331
14334
14335
14336
14337
14338
14339
14340
14343
14345
14346
14347
14350
14351
14352
14353
14354
14356
14357
14358
14359
14361
14362
14363
14365
14366
14367
14368
14369
14370
14373
14374
14375
14376
14377
14378
14380
14382
14384
14386
14388
14389
14391
14392
14395
14396
14397
14398
14399
14400
14401
14402
14406
14407
14409
14411
14412
14413
14414
14415
14416
14417
14418
14419
14420
14421
14422
14423
14424
14425
14426
14427
14429
14430
14431
14432
14433
14434
14437
14438
14439
14440
14441
14442
14443
14445
14447
14448
14449
14450
14451
14452
14455
14456
14457
14459
14460
14462
14463
14464
14465
14466
14467
14468
14469
14471
14472
14473
14475
14476
14477
14479
14480
14481
14482
14484
14485
14487
14488
14490
14493
14494
14495
14498
14501
14502
14503
14505
14506
14508
14509
14510
14512
14514
14516
14518
14521
14525
14526
14527
14529
14530
14531
14532
14533
14534
14536
14537
14539
14540
15160
14541
14543
14546
14547
14551
14552
14554
14555
14556
14557
14558
14561
14563
14564
14565
14566
14569
14570
14571
14573
14574
14575
14576
14578
14579
14580
14583
14584
14588
14590
14592
14595
14596
14597
14598
14599
14601
14602
14603
14604
14605
14606
14607
14609
14611
14612
14613
14614
14615
14617
14619
14620
14621
14622
14623
14624
14626
14628
14630
14631
14632
14634
14635
14637
14638
14640
14641
14642
14645
14646
14647
14649
14650
14653
14654
14656
14658
14660
14662
14663
14665
14666
14667
14669
14670
14671
14674
14676
14677
14679
14680
14681
14682
14683
14684
14685
14687
14688
14689
14690
14692
14694
14695
14696
14697
14698
14699
14700
14701
14703
14704
14705
14706
14707
14710
14713
14714
14715
14716
14717
14718
14719
14720
14721
14722
14723
14724
14725
14726
14727
14729
14731
14732
14733
14734
14735
14737
14739
14740
14742
14743
14744
14745
14746
14747
14748
14749
14750
14752
14753
14754
14755
14756
14757
14758
14759
14762
14766
14767
14768
14769
14770
14771
14772
14773
14774
14775
14776
14777
14779
14780
14781
14782
14783
14784
14785
14786
14787
14788
14789
14790
14791
14792
14793
14794
14795
14796
14797
14799
14800
14801
14803
14804
14806
14807
14808
14810
14811
14812
14814
14815
14817
14818
14821
14823
14825
14828
14829
14830
14833
14835
14836
14838
14840
14841
14844
14845
14847
14848
14849
14851
14852
14853
14855
14856
14857
14860
14862
14863
14865
14868
14869
14870
14871
14872
14873
14874
14876
14877
14878
14879
14881
14882
14883
14885
14886
14888
14889
14891
14892
14893
14894
14896
14897
14899
14901
14903
14904
14905
14906
14908
14910
14911
14913
14916
14917
14918
14921
14923
14924
14925
14927
14933
14934
14935
14938
14940
14941
14943
14950
14951
14952
14959
14964
14965
14968
14970
14971
14972
14973
14976
14978
14979
14980
14981
14987
14991
14992
14995
14999
15001
15002
16225
15003
15006
15007
15008
15009
15015
15017
15020
15022
15026
15030
15031
15032
15038
15040
15044
15045
15053
15060
15061
15065
15068
15070
15072
15073
15075
15077
15078
15080
15083
15086
15087
15088
15091
15092
15095
15096
15097
15098
15100
15101
15103
15104
15106
15108
15112
15113
15114
15115
15117
15118
15121
15123
15124
15126
15127
15129
15132
15133
15135
15136
15139
15142
15144
15145
15146
15147
15148
15152
15153
15155
15156
15157
15158
15159
15162
15164
15166
15167
15168
15169
15170
15172
15182
15185
15186
15187
15188
15189
15190
15193
15194
15198
15204
15207
15208
15209
15210
15214
15215
15217
15219
15221
15222
15223
15225
15226
15227
15230
15239
15243
15244
15245
15247
15248
15250
15252
15254
15255
15257
15259
15263
15264
15268
15270
15272
15273
15274
15276
15282
15284
15287
15288
15292
15294
15295
15296
15297
15298
15299
15302
15305
15306
15307
15308
15310
15311
15313
15314
15315
15316
15317
15318
15319
15320
15321
15323
15326
15327
15330
15331
15332
15333
15335
15336
15337
15339
15340
15341
15342
15344
15347
15348
15349
15350
15351
15352
15353
15356
15358
15360
15361
15364
15366
15368
15369
15370
15371
15372
15376
15379
15380
15381
15383
15388
15389
15391
15392
15393
15394
15398
15399
15400
15401
15402
15404
15405
15406
15408
15409
15410
15412
15413
15414
15415
15417
15418
15419
15420
15421
15422
15423
15424
15425
15428
15429
15430
15432
15433
15434
15435
15436
15437
15439
15441
15442
15443
15444
15446
15447
15448
15449
15451
15452
15453
15454
15456
15458
15459
15460
15461
15463
15464
15465
15466
15468
15470
15471
15472
15474
15475
15476
15477
15478
15479
15480
15485
15486
15487
15488
15489
15492
15493
15494
15495
15496
15497
15498
15500
15501
15506
15508
15510
15511
15514
15515
15516
15517
15518
15519
15520
15521
15522
15523
15524
15525
15526
15527
15528
15530
15531
15532
15533
15534
15535
15536
15539
15540
15541
15544
15545
15546
15547
15548
15549
15550
15552
15553
15554
15555
15556
15557
15558
15559
15560
15562
15563
15564
15565
15566
15567
15568
15569
15571
15572
15573
15574
15575
15576
15577
15579
15580
15581
15583
15585
15587
15589
15590
15591
15592
15593
15594
15596
15597
15598
15599
15600
15601
15605
15607
15608
15610
15611
15612
15613
15615
15617
15618
15619
15620
15621
15622
15623
15624
15625
15627
15628
15629
15630
15631
15632
15633
15635
15636
15637
15639
15640
15641
15642
15645
15646
15647
15649
15650
15651
15653
15654
15655
15656
15658
15659
15661
15662
15663
15664
15665
15666
15667
15668
15669
15671
15672
15674
15675
15676
15677
15679
15681
15683
15684
15686
15687
15688
15689
15691
15692
15694
15695
15697
15698
15701
15702
15704
15706
15708
15709
15710
15711
15712
15713
15719
15720
15721
15722
15723
15726
15728
15730
15734
15736
15737
15741
15743
15744
15747
15750
15751
15752
15753
15755
15757
15758
15759
15760
15762
15763
15764
15766
15768
15770
15772
15776
15777
15780
15782
15784
15785
15787
15790
15792
15793
15798
15802
15809
15813
15814
15820
15821
15822
15823
15824
15826
15828
15829
15830
15831
15832
15836
15837
15838
15839
15840
15841
15842
15845
15846
15847
15850
15852
15853
15857
15858
15859
15861
15863
15864
15865
15866
15867
15868
15873
15875
15876
15877
15878
15879
15880
15881
15883
15884
15888
15889
15890
15891
15893
15894
15895
15896
15897
15898
15904
15907
15908
15909
15910
15912
15914
15915
15918
15919
15922
15923
15925
15927
15929
15930
15932
15933
15934
15935
15937
15939
15941
15944
15949
15951
15952
15953
15954
15956
15957
15959
15960
15965
15966
15967
15968
15970
15972
15973
15974
15975
15976
15978
15981
15983
15986
15990
15991
15994
15996
15997
15998
15999
16001
16002
16005
16007
16009
16010
16011
16012
16014
16019
16020
16022
16026
16027
16029
16030
16031
16032
16033
16035
16038
16039
16040
16041
16042
16043
16044
16045
16046
16047
16048
16049
16050
16051
16052
16053
16054
16055
16056
16057
16058
16059
16060
16061
16062
16063
16066
16068
16069
16071
16073
16074
16075
16078
16079
16080
16081
16082
16083
16084
16085
16087
16088
16089
16091
16094
16096
16097
16099
16100
16102
16103
16104
16105
16106
16107
16108
16114
16117
16118
16119
16120
16123
16124
16125
16126
16128
16129
16130
16131
16133
16135
16136
16137
16138
16139
16140
16142
16144
16145
16146
16148
16149
16152
16154
16155
16157
16158
16159
16160
16162
16163
16164
16166
16167
16168
16169
16170
16171
16172
16173
16175
16176
16177
16178
16179
16180
16181
16182
16183
16184
16186
16187
16188
16189
16190
16192
16193
16194
16196
16197
16198
16199
16200
16201
16202
16203
16204
16205
16206
16208
16209
16210
16211
16212
16213
16214
16215
16216
16217
16218
16219
16221
16222
16223
16224
16228
16230
16231
16233
16234
16235
16236
16237
16240
16241
16242
16243
16244
16245
16247
16249
16250
16252
16254
16256
16257
16258
16260
16262
16264
16266
16267
16271
16272
16273
16282
16285
16286
16287
16291
16293
16295
16297
16298
16299
16301
16305
16306
16310
16312
16314
16315
16316
16317
16318
16319
16321
16323
16324
16328
16329
16332
16335
16342
16344
16345
16349
16352
16353
16354
16356
16359
16361
16362
16364
16367
16369
16370
16371
16372
16373
16374
16375
16376
16377
16380
16382
16383
16385
16386
16387
16388
16389
16392
16393
16394
16396
16397
16398
16399
16402
16404
16408
16409
16410
16411
16412
16413
16414
16415
16416
16417
16418
16419
16423
16424
16425
16426
16428
16429
16434
16435
16437
16439
16442
16444
16445
16446
16447
16448
16449
16451
16452
16453
16455
16458
16459
16460
16461
16462
16466
16467
16469
16471
16473
16474
16475
16476
16479
16480
16481
16482
16483
16484
16486
16487
16488
16489
16490
16491
16492
16493
16498
16500
16503
16505
16509
16510
16512
16513
16514
16515
16516
16517
16518
16519
16520
16521
16522
16524
16525
16526
16528
16529
16530
16531
16532
16534
16535
16538
16539
16540
16541
16542
16543
16544
16545
16548
16550
16551
16552
16557
16558
16559
16561
16562
16564
16569
16573
16575
16577
16578
16579
16580
16583
16585
16586
16587
16588
16593
16594
16595
16596
16597
16599
16600
