1
51
2
3
4
5
5264
8627
8
11
31
12
1375
16
216
545
29
174
19
961
1453
707
2004
9244
6621
20
81
26
24
25
212
7453
28
189
1517
13890
7017
4077
8814
913
41
42
43
66
46
1347
47
336
52
4425
53
54
55
59
939
60
71
6488
61
11574
62
64
65
68
10250
75
69
438
72
73
519
74
10176
9853
82
83
84
204
86
88
90
91
92
93
94
95
99
100
102
103
108
114
115
116
119
120
121
11320
5846
123
125
196
126
127
4912
132
5908
138
139
141
143
145
146
147
151
152
153
154
302
7505
165
166
167
170
175
173
8699
179
180
181
188
2740
4988
964
741
190
1712
9971
191
193
194
195
198
203
209
579
210
211
215
217
218
219
220
221
234
294
298
301
306
307
308
310
311
314
316
319
13488
320
1269
324
325
13624
538
328
331
332
333
335
14523
3372
10577
337
338
339
340
2079
341
342
343
344
345
346
348
350
358
361
362
365
366
367
4467
368
369
4386
371
376
377
378
380
381
383
387
388
395
396
399
400
403
405
406
1108
410
413
415
416
919
417
419
420
581
423
424
425
426
437
427
428
529
2301
430
1520
431
432
433
1212
884
439
4466
444
445
446
447
450
451
453
454
456
457
458
6456
6714
461
462
463
469
470
1794
12009
1105
473
474
4882
2582
477
590
478
4561
7766
1815
480
484
485
944
6460
487
488
489
4436
490
721
491
494
3957
495
496
498
499
8423
500
501
505
507
509
511
512
5118
516
517
4968
5151
521
527
528
9738
530
2401
8999
539
544
549
550
552
554
555
556
557
559
561
562
564
566
568
569
570
571
572
575
576
15318
578
618
584
585
1714
589
591
593
876
594
595
597
598
599
600
604
605
606
607
608
611
612
614
729
637
615
616
619
620
621
623
624
625
5490
626
627
629
846
630
631
3267
11644
632
634
635
636
12292
12357
638
639
640
641
643
645
647
651
654
657
660
661
662
663
664
665
666
667
668
669
671
672
673
1898
9182
674
675
676
679
681
682
683
684
686
693
696
698
700
702
703
705
706
2737
708
1029
714
717
720
722
724
728
731
736
737
739
740
742
743
769
772
773
775
831
777
780
781
786
788
791
1222
793
797
798
2640
801
804
810
812
813
814
820
822
1352
825
829
7409
830
1330
833
835
836
837
839
840
843
845
10073
5286
847
848
849
851
852
853
854
856
857
859
860
861
862
865
867
872
874
8325
875
901
877
880
882
883
13999
888
889
891
892
893
2628
1799
9211
894
895
896
897
3575
898
902
1011
903
904
906
908
909
910
912
7623
14699
8695
914
915
3442
1784
7678
921
923
924
928
929
12522
936
938
3392
1031
940
943
947
948
949
950
951
952
953
954
956
957
9324
958
959
960
1327
962
963
966
967
970
971
972
973
974
975
10190
1205
977
978
979
980
981
982
1353
983
984
986
990
991
992
993
994
995
998
999
1000
1001
6565
1002
1007
1008
1009
1012
1013
1014
1015
1017
1018
1019
1020
1021
1022
1023
1024
1025
1030
1152
2952
6002
1139
2874
1050
1032
1033
1034
1035
1037
1039
5063
1040
9974
1041
1042
8716
1044
1045
1046
1048
1049
1051
1742
1053
1055
1056
1057
1058
1059
1061
3032
1062
1063
1064
1065
1066
1068
8949
1070
1071
1072
1074
1078
1079
1080
1081
1084
1085
1087
1088
1089
11453
1092
1093
10128
1094
1095
1098
1099
1100
1103
1104
1901
1107
1111
1115
1116
1117
1118
1124
1127
1128
1129
1133
1134
1135
1137
1138
1141
1142
1143
1144
1145
1146
1147
1150
1151
1153
1155
1156
1158
1159
5004
1160
1161
1162
1163
1164
2679
1168
1169
1172
1175
1176
6183
6794
4227
1177
1178
1179
1183
1184
1187
1189
1190
1191
1193
1194
1195
1197
1198
1200
1203
1206
1207
1211
1215
1216
1217
1220
1223
1227
1232
1235
1236
1238
1788
1239
1242
1244
1245
1247
1248
1249
1251
1252
1253
1396
1258
1259
1261
1266
1267
1268
1270
1272
1273
1276
13372
1278
1280
1281
13721
1286
1289
1290
1291
1292
1294
1295
1297
1298
1303
1306
1307
1310
1311
1315
1321
1324
1325
1326
6799
1328
1329
1332
1335
1340
1341
1343
1346
1350
1351
1358
1359
1362
1363
1364
1367
1368
1369
1370
1371
1374
2622
1376
1377
1378
1379
1381
12562
1386
1387
1391
1392
1394
1395
1397
1398
1399
1401
1402
1403
1407
1408
1410
1411
1413
1414
1415
1416
1417
1418
6680
1419
1420
1421
1424
1425
1426
1427
1428
1429
1430
1432
1434
1435
1436
1437
1438
4575
1441
6022
1442
1443
1445
1446
1448
1449
1450
1451
1454
1455
1457
1460
1463
1464
1465
1467
1468
1469
1472
1474
1475
1477
1479
1481
1483
1485
1486
1487
12010
1489
2576
1490
1493
1494
1495
1498
10981
1502
1503
1504
3095
1505
1506
1508
1509
1510
1511
1513
1515
2530
1519
1521
1522
1525
1529
1530
1533
1535
1537
1538
1539
1540
1542
1543
1544
1545
1547
1548
1549
1550
1552
5288
5791
1553
1558
1561
1562
1563
1570
1571
1574
1575
1576
1579
1580
1584
1589
1590
1591
6292
1595
1599
1601
1602
1604
1605
1606
1610
1611
1615
1616
1619
1621
1622
1623
1624
1626
1627
1628
1629
1633
1635
2056
16536
1637
1642
1644
1645
8751
1648
1649
1651
1652
1653
6076
1657
1658
1659
1661
1664
1672
1675
1676
1679
1681
1682
1685
1719
1686
1687
1688
1690
1691
1692
1693
1695
1696
1699
1700
1701
1703
1704
1709
1710
7627
1713
1715
1716
1720
1721
1724
1725
1732
1736
1738
1739
1746
1747
1751
1758
1759
1760
1763
1764
1766
1768
1769
1773
1775
1779
1780
1783
1785
5098
1885
1789
1791
1793
10393
1797
1798
1800
1802
1803
1806
1807
1808
1809
1811
1813
1814
1817
10496
1818
1824
1828
1829
1833
1836
1838
2595
3242
7091
1843
1844
1845
1846
1847
1849
1850
1851
1854
1855
1857
1874
1875
1876
1877
1878
1881
1884
1886
1887
1888
1889
1891
1892
11704
7539
1895
1897
1899
1903
5142
1905
1906
1909
1910
1912
1914
1915
1916
1917
1923
1928
1929
1932
1933
1934
1938
1939
1940
1942
1943
1944
1945
1948
1949
1952
1953
1954
12229
10070
1956
1957
1958
1959
1960
1961
1962
1963
1964
1965
1966
1969
1973
1974
1976
1977
1981
1982
1986
1987
1991
1992
1994
1995
1996
1997
1999
2001
2006
2007
2008
2009
2010
2011
2015
2016
2017
2652
2019
2021
2023
2026
2027
2028
2030
2033
2035
2036
2037
2038
2039
2041
2042
2043
2049
2050
2052
2053
2054
2055
2058
2059
2062
2063
2065
2069
2070
2071
2072
2074
2078
2080
2086
2090
2091
2092
2096
2097
2098
2104
2105
2108
2112
2120
2127
2130
2131
2132
2133
2134
2135
11833
2203
2136
2138
2140
2141
2142
2143
2144
6017
2145
2146
2147
2245
2148
2149
2151
2152
2155
2159
2161
2163
2164
2165
2166
2168
2170
2173
2174
2175
2177
2178
2181
2182
2183
2184
2186
2189
2196
2197
2200
2201
2202
2204
2206
2207
2209
2439
11438
10068
4405
2210
2211
2212
2213
2278
2215
2216
2217
2220
2221
2222
2224
2226
2227
2228
2229
2230
2231
2232
2233
2234
2236
2238
2241
2244
2247
2251
2254
2257
2260
2262
2264
2265
2266
2267
2268
2271
2272
2276
2277
2279
2280
2281
2282
2286
2288
2289
2290
2291
2292
2297
2298
2303
2304
2307
2308
2309
2310
2312
2313
2314
2315
2316
2317
2318
2324
2326
2327
2328
2332
2333
2336
2337
2340
2341
5537
2342
2346
2349
2350
2351
2355
2359
2360
2361
2364
2376
2377
2378
2379
2382
2383
2384
2385
2387
2388
2392
2394
2398
2399
2400
2402
2403
2404
2407
2409
2415
6220
2416
2418
2420
2426
2430
2431
3451
2437
2440
2445
2450
2451
2452
2454
2456
2457
2461
2464
2465
2468
2471
2472
2473
2474
2475
2477
2480
2482
2483
2484
2485
2487
2488
2491
2492
2495
2496
2497
7177
11705
2498
3051
3428
2500
2501
2502
2503
2504
2505
2506
2507
2509
2515
2517
2518
2521
2522
2526
2527
2528
2531
2533
2535
2536
2537
2538
2539
2540
2541
2542
2552
2553
2555
2558
2560
2564
2565
2566
2567
2568
2570
2572
2575
4868
2577
2578
2581
2584
2588
2589
2591
2597
2602
2603
2604
2608
2609
7127
2610
2613
2614
2619
2627
2629
2630
2631
2632
2633
2636
2639
2641
2645
2647
2650
2653
2656
2657
2658
4373
2659
2661
2662
2665
2666
2667
2669
2670
2675
2676
2680
11043
2681
2682
2688
2689
2691
2692
2694
2699
2707
2713
2719
13657
2721
16557
2731
2732
2735
2736
10730
2748
2749
2750
2752
2760
2764
2765
2766
2770
2772
2776
2778
2786
2794
2797
2798
2799
2800
2801
2802
2803
2805
2810
2811
2816
2818
2820
2823
2824
2825
2826
2827
2829
2830
2831
2839
2841
2843
2844
2846
2849
2851
2858
2859
2860
2862
2864
2865
2871
2872
2877
2879
2881
2886
2894
2896
2897
2902
2903
2904
2907
2908
2911
2912
2914
2915
2917
2919
2923
9851
2925
11027
2926
2928
2931
2935
2936
2939
2940
4078
2945
2957
2959
2962
2964
2967
2970
2972
2975
2977
2980
2982
2983
2985
2990
2999
3003
3005
3008
17153
3012
3019
3020
3022
3024
3033
3034
3041
3043
3044
3047
3048
4991
3049
3050
3053
3054
3055
3057
3060
3070
3073
3074
3077
3081
3082
3091
3101
3102
3109
3110
3114
3116
3125
3126
3128
3132
3135
3139
3140
3142
3143
3146
3152
3154
3155
3230
3233
3240
3253
3255
3258
3263
3265
3266
3268
3269
3272
3273
3275
3276
3277
3278
3281
3283
3285
3288
3299
3300
3302
3306
3308
3312
3317
3319
3322
3323
3324
3326
3330
3331
3332
3335
3340
3343
3345
3352
3355
3356
3358
3364
3365
3370
3373
3374
3375
3382
3383
3384
3385
3388
3389
3391
3393
3394
3398
3399
3400
3403
3409
3411
3412
3416
3418
3421
3424
3432
3433
3435
3438
3441
3443
3445
3446
3447
3448
3454
3456
3457
3458
3459
3461
3462
3463
3479
3484
3487
3503
3509
3536
3541
3543
3545
3547
3548
3549
3558
8241
3559
3565
3569
3573
3574
3576
3627
3642
3689
3695
10351
3697
3698
3771
3847
3911
6208
4127
3941
3956
3984
4012
4017
12542
4049
10139
4128
4133
4135
4136
4137
4138
4139
4140
4141
4142
4144
4146
4148
4150
4156
4160
4162
4163
4164
4167
4174
4175
4176
8816
4182
4183
4184
4185
7812
4190
4192
4202
4204
4210
4211
4214
4218
4220
4221
4222
4223
4225
4226
5089
4231
4232
4235
4236
4237
4245
4251
7295
4257
4260
4269
4270
4271
4272
4276
4277
4278
4281
4286
4288
7750
4290
4294
4298
4299
4301
4302
4304
4307
4309
4311
4317
4320
4322
4324
4327
4345
4328
4330
4338
4339
4341
4347
4350
4353
4358
4365
4366
4369
4371
4372
4375
4377
4378
4379
4382
4390
4391
4396
4407
4409
4419
4421
4424
4427
4433
4437
4440
4441
4446
4450
4454
4455
4458
4459
4461
4470
4475
4476
10900
4477
5602
4481
4486
4490
4492
4498
4504
4507
4508
4510
4511
4512
4513
4516
4521
4528
4533
4542
4543
9155
4544
4546
4547
4552
4553
4557
4558
4563
4567
4574
12428
4582
4583
4585
4586
4589
4594
4597
4602
4603
4608
4611
4612
4613
4615
4616
4618
4620
4622
4623
4624
4625
4628
4629
4634
4636
4637
4639
4640
4641
4642
4643
4645
4646
4648
4649
4650
4651
4652
4654
4655
4656
4657
4658
4659
4661
4662
4663
4664
4666
4667
4669
4674
4676
4677
4678
4679
4683
4685
4686
4688
4689
4690
4694
4697
4698
4700
4701
4702
4704
4705
4706
4707
4708
4712
4714
11412
4715
4719
4723
4728
4729
4733
4734
4743
5871
4744
4746
4748
4750
4751
4759
4762
4763
4764
4765
4766
4769
4774
4776
4784
6745
4785
11420
4787
4789
4792
4793
4795
4802
4803
4804
4808
4813
4814
4819
4821
4824
4825
4829
4830
11135
4833
4834
4835
4837
4839
4840
4841
4844
4847
4848
4849
4854
4857
4860
4862
4867
4870
4871
4879
4881
4883
4887
4889
4894
4895
4900
4907
4910
4914
9340
4915
5704
9279
4917
4919
4924
4927
4928
4933
4934
4936
4939
4944
4946
4949
4950
4952
4953
4956
4960
4962
4963
4964
4965
4967
4973
4974
4977
4981
5524
4983
4986
10573
4990
4992
4996
4998
4999
5000
5002
5003
5005
5006
5007
5008
5010
5011
11217
5015
5017
5018
5019
5023
5026
5028
5030
5032
5033
5040
5045
5046
5048
5049
5051
5052
5056
5058
5061
5066
5069
5070
5071
5072
5074
5075
5078
5082
5083
5092
5094
8060
5096
5099
5100
5105
5109
5113
5114
5115
5116
5119
5121
5122
5125
5126
5127
5129
5132
5135
5137
5144
5150
5154
5158
5160
5161
5162
5165
5166
5167
5172
5173
5178
5179
5182
5187
5193
5200
5202
5203
5207
5208
5209
5212
5213
5215
5216
5218
5222
5224
5225
5226
5227
5230
5231
5232
5233
5234
5237
5972
5239
5242
5243
5245
5246
5249
5250
5252
5255
5258
5260
5261
5266
5267
5268
5269
5278
5279
5281
5283
5285
5290
5291
5292
5293
5299
5300
5303
5304
5305
5307
5308
5311
5312
5313
5314
5315
5316
5317
5318
5321
5322
5325
5326
5328
5329
5330
5331
5336
5338
5339
5341
5342
5343
5344
5346
6134
5347
5348
5349
5351
5352
5353
5354
5356
5357
5360
5362
5363
5364
5367
5368
5369
5371
5373
5374
5375
5379
5380
5382
5384
5385
10311
5387
5391
5392
5393
5394
5396
5397
5398
5400
5402
5403
5404
5405
5406
5407
5408
5410
5411
5414
5415
5418
5420
5421
7166
5422
5423
5424
5430
5431
5432
5435
5436
5437
5442
5444
5445
5446
5449
5450
5451
5452
5453
5454
5455
5457
5458
5459
5460
6277
5465
5466
5468
5470
5471
5472
5475
5476
5479
5480
5482
5483
5485
5486
5487
5489
5491
5492
5494
5496
5499
5500
5501
5503
5504
5505
5506
5507
5509
5510
5511
5512
5513
5514
5516
5518
6946
5519
5521
5522
5523
5526
5527
5528
5530
5531
5532
5534
5536
5580
5645
5538
5539
5540
5542
5543
5546
5547
5548
5550
5551
5553
5556
5559
5561
5562
6385
5563
5568
5571
5573
5579
5581
5583
5587
5590
5591
5595
5596
5600
5601
5603
5604
5608
5610
5611
5612
5613
5615
5617
5619
5621
5622
5628
5629
5630
5632
5633
9287
5635
5637
5638
5640
5643
5644
5646
5649
5650
5651
5653
5657
5658
5660
5661
5663
5664
5665
5666
5670
5673
5674
5676
5677
5681
5682
5686
5692
5693
5695
5696
5697
5698
5699
5701
5702
5703
5705
5706
5709
5710
5711
5712
5715
5716
5718
5719
5720
5722
5724
5730
5731
5733
5734
5735
5738
5739
5740
5742
5743
5744
5745
5746
5747
5749
5751
5753
5754
5758
5759
5760
5761
5762
5763
5766
5767
5768
5770
5772
5776
5778
5779
5780
5782
5784
5785
5794
5800
5801
5802
5803
5807
5809
5810
5812
5813
5815
5817
5820
5821
5822
5823
5825
5826
5827
5828
5829
5830
5832
5834
5836
5837
5839
5840
5841
5842
5843
5844
5847
5848
5851
5852
5856
5859
5862
5863
5864
5866
5867
5869
5873
5875
5878
5889
5891
5893
5894
5895
5898
5899
5902
5903
5907
5909
5910
5912
5913
5914
5915
5917
5918
5919
5920
5921
5922
5924
5925
5926
5927
5928
5931
5932
5934
5936
5938
5939
5940
5941
5942
5943
5945
5946
5947
5948
5949
5950
5952
5953
5959
5960
5961
5962
5964
5965
5966
5967
5968
5969
5970
5976
5977
5978
5980
5982
5983
5984
5985
5986
5987
5988
5989
5990
5991
5992
5993
5994
5996
5997
5999
6001
6003
6004
16179
16862
6006
6007
6008
6011
6012
6014
6015
6016
6018
6019
6020
6023
6025
6026
6027
6028
6030
6031
6032
6033
6035
6037
6038
6039
6041
6043
6045
6047
6050
6052
6053
6054
6055
6059
6062
6066
6072
6073
6075
13617
6077
6078
6079
6081
6082
6084
6085
6089
6090
6091
6093
6095
6096
6099
6100
9306
6101
6105
6106
6108
6109
6110
6112
6113
6114
6117
6118
6119
6120
6121
6124
6126
6127
6128
6129
6130
6131
6135
6141
6142
6143
6144
6145
6149
6152
6153
6154
6157
6158
6159
6160
6162
6163
6165
6166
6167
6168
6169
6171
6174
10881
6175
6176
6177
6178
6181
6182
6184
6186
6187
6189
6191
6193
6197
6198
6200
6201
6202
6204
6205
6207
6209
6210
6212
6213
6214
6217
6218
6219
6221
6223
14296
6224
6225
6226
6227
6228
6230
6234
6237
6239
6240
6247
6251
6252
6253
6254
6255
6256
6261
6262
6267
6268
6270
6272
6281
6285
6289
7502
6294
6295
6296
6301
6304
6305
6308
6309
6310
6311
6314
6318
6319
6320
6323
6324
6327
6329
6331
6332
6333
6335
6336
6338
6339
6340
6341
6342
6343
6344
6346
6347
6349
6350
6351
6356
6357
6359
6361
6364
6365
6370
6371
6372
6374
6376
6377
6378
6379
6381
6382
6383
6384
6386
6387
6388
6389
6392
6394
6396
6398
6399
6401
6404
6405
6409
6413
6421
6424
6427
6432
6438
6439
6441
6443
6445
6448
6449
6939
6450
6451
6452
6453
6454
6455
6457
6459
6464
6466
6468
6470
6473
6477
6479
6482
6483
6484
6486
6487
6491
6492
6495
6498
6499
6500
6501
6503
6511
6513
6517
6520
6522
6526
6528
6529
6531
6537
6540
6543
6549
6552
6554
6559
6560
6561
6563
6564
6567
6568
6570
6573
6576
6578
6579
6580
6582
6585
6586
6592
6593
6595
6597
6598
6601
6603
6607
6608
6609
6615
6618
6620
6624
6625
6628
6629
6631
6637
6640
6643
6644
6646
6647
6648
6649
6651
6653
6654
11264
6657
6658
6660
6662
6665
6667
6668
6669
6672
6676
6677
6678
6679
6681
6683
6684
6686
6688
6690
6691
6693
6700
6701
11112
14458
6703
6704
6706
6710
6712
6713
6715
6716
6717
6719
6720
10127
6721
6724
6725
6727
6730
6731
6736
6738
6744
6751
6757
7879
6758
6760
6765
6768
6774
6777
6779
6781
6782
6892
6787
6788
6790
6792
6797
6802
6803
6812
6815
6820
6823
6824
6828
6829
6830
6831
6832
6833
6835
6837
6839
6841
6843
6845
6846
6849
6850
6853
6854
6855
6856
6859
6860
6861
6863
6865
6869
6872
6873
6875
6878
6879
6881
6882
6885
6886
8752
6896
6897
6898
6899
6900
6902
6903
6904
6905
6906
6908
6909
6914
6916
6917
6921
6922
6924
6926
6927
6930
10433
6932
6933
6934
6935
6938
6940
6941
6943
6944
6951
6952
6953
6954
6957
6958
6959
6962
6964
6965
6967
6970
11920
6972
6975
6978
6980
6982
6983
6984
6985
6986
6988
6989
6990
6992
6994
6995
6997
6998
6999
7001
7003
7004
7005
7007
7008
7009
7010
7012
7013
7014
7015
7016
7018
7019
7020
7021
10735
7024
7025
7026
7028
7031
7033
7036
7037
7039
7040
7041
7043
7044
7045
7046
7047
7048
7049
7050
7053
7054
7055
7057
7058
7059
7066
7069
7070
7072
7073
7074
7076
7077
7078
7079
7085
7086
7087
7088
7089
7090
7092
7093
7095
7101
9676
7102
7103
7104
7105
7106
7107
7109
7110
7112
7114
7115
7120
7122
7123
7124
7125
16330
7128
7129
7130
7131
7133
7135
7138
7139
7141
7144
7145
7146
7150
7159
7179
7161
7163
7169
7171
7172
7173
7174
7176
7181
7184
7185
7186
7188
7189
7191
7196
7197
7198
7199
7200
7201
7202
7204
7731
7205
7208
7209
7211
7213
7214
7215
7218
7220
7223
7225
7227
7230
7232
7234
7235
7237
7238
7239
7241
7243
7244
7245
7246
7248
7250
7251
7252
7253
7254
7255
7256
7258
7260
7262
7265
7268
7272
7273
7275
7278
7279
7280
7282
7284
7285
7287
7288
7289
7290
7291
7292
7293
7294
11700
7296
7298
7299
7301
7302
7303
7304
7305
7306
7307
7309
7313
7314
7315
7316
7318
7319
7320
7321
7322
7323
7324
7325
7327
7328
7332
7333
7334
7335
7337
7338
7339
7340
7341
7343
7344
7345
7346
7347
7348
7349
7350
7351
7352
7353
7354
7355
7356
7358
7359
7360
7361
7362
7363
7365
7368
7369
7370
7371
7372
7373
7374
7376
7377
7378
7379
7380
7381
7383
7384
7385
7386
7387
7388
7389
7390
7391
7392
7393
7394
7396
7397
7399
7400
7401
7402
7403
7405
7406
7407
7410
7411
7412
7414
7415
16185
13510
7416
7417
7418
7419
7422
7423
7424
7425
7426
7428
7429
7430
7431
7434
7435
7439
7440
7441
7444
7446
7448
7449
7455
7456
7457
7458
7460
7461
7462
7464
7466
7467
7468
7470
7472
7474
7475
7477
7478
7479
7480
7481
7483
7484
7485
7486
7487
7488
7489
7490
7491
7493
9164
7497
7498
7499
7501
7503
7506
7507
7513
7514
7515
7516
7517
7518
7519
7520
7521
7522
7523
7524
7525
7530
7531
7533
7534
7535
7536
7537
7538
7541
7542
7543
7545
7546
7547
7548
7549
7550
7552
7553
7555
7556
7557
7558
7559
7560
7562
7563
7565
9721
7567
7568
7569
7570
7573
7574
7575
7576
7578
7580
7581
7582
7583
7584
7585
7586
7587
7588
7589
7590
7591
7592
7595
7596
7597
7598
7599
7600
7601
7602
7605
7606
7609
7610
7611
7612
7614
7615
7617
7618
7619
7620
7621
7624
7628
7629
7631
7632
7634
7635
7636
7637
7638
7639
7640
7641
7643
7644
7645
7646
7647
7648
7649
7650
7651
7652
7653
7654
7655
7656
7658
7659
7660
7661
7662
7664
7666
7667
7668
7670
7671
7673
7674
7675
7676
7677
7679
7680
7682
7683
7684
7685
7686
7690
7691
7692
7693
7694
7695
16911
7696
7697
7698
7699
7701
7703
7704
7705
7706
7707
7708
7709
7710
7711
7712
7713
7715
7716
7718
7720
7721
7722
7723
7724
7725
7726
7727
7728
7729
7730
7732
7734
7735
7736
7737
7738
7739
7740
7741
7742
7743
7744
7745
7746
7747
7748
7749
7753
7754
7755
7757
7758
16249
7759
7760
7761
7762
7764
7765
7767
7768
7769
7770
7771
7774
7775
7776
7777
7779
11048
7780
7782
7784
7785
7786
7787
7788
7789
7790
7791
7792
7793
7794
7795
7796
7797
7798
7799
7801
7802
7805
7808
7809
7811
7813
7814
7815
7817
7819
7820
7822
7825
7826
7827
7828
7834
7836
7837
7840
7843
7844
7846
7847
7848
7849
7852
7854
7855
7858
7859
7861
7862
7863
7864
7865
7866
7867
7870
7872
10723
10148
7873
7874
7876
7877
7878
7880
7881
7882
7883
7886
7887
7889
7890
7891
7892
7893
7894
7895
7896
7897
7898
7899
7900
7901
7902
7903
7904
7905
7906
7907
7908
7909
7910
7911
7912
7913
7914
7916
7917
7918
7919
7921
7922
7923
7924
7925
7926
7927
7930
7932
7933
7935
7936
7939
7940
7941
7943
7945
7946
7950
7951
7955
7956
7977
8028
7957
7958
7962
7965
7967
7968
7969
7970
7971
7972
7974
7976
7978
7979
7982
7983
7984
7985
7986
7987
7989
7990
7991
7992
7993
7994
7995
7996
7997
7998
7999
8001
8002
8004
8005
8006
8007
8008
8009
8010
8011
8012
8014
8016
15113
8017
8018
8025
8026
8027
8029
8032
8033
8034
8035
8037
8038
8039
8040
8041
8042
8043
8045
8046
8047
8049
8050
8051
8054
8055
8056
8057
8058
8061
8062
8063
8065
8066
8067
8068
8073
8074
8075
8076
8080
8083
8086
8088
8089
8090
8091
8092
8093
8095
8099
8100
8101
8102
8103
8106
8107
8110
8111
8112
8115
8117
8118
8119
8120
8122
8123
8124
8126
8127
8128
8130
8132
8133
8135
8136
8138
8139
8141
8142
8144
8145
8146
8147
8148
8149
8153
8156
8157
8158
8159
8160
8161
8163
8164
8165
8166
8167
8168
8169
8170
8171
8174
8176
8178
8181
8182
8184
8186
8188
8192
8194
10096
8196
8198
8199
8201
8204
8205
8206
8207
8208
8337
8209
8210
8211
8213
8214
8215
8218
8220
8221
8222
8225
8227
8230
8231
8232
8234
8236
8237
8239
8240
8589
8242
8243
8244
8245
8248
8249
8250
8251
8252
8253
8254
8255
8258
8260
8261
8266
8267
8268
8270
8275
8276
8280
8284
8288
8294
8295
8297
8301
8303
8304
8308
8312
8313
8314
8316
8323
8324
8329
8333
10625
8338
8341
8345
8348
8349
8355
8359
8360
8367
8369
8370
8372
8375
8376
8378
8379
8380
8382
8384
8385
8386
8388
8389
8392
8394
8396
8398
8406
8407
8414
8415
8416
8419
8420
8421
8422
8425
8428
8430
8432
8435
8437
8438
8440
8442
8443
8445
8446
8449
8451
8453
8454
8456
8458
8459
8461
8465
8467
8469
8471
8473
8475
8479
8482
8483
8495
8496
8500
8501
8506
8507
8508
8510
8511
8513
8517
8521
8523
8525
8526
8530
8532
8537
8538
8539
8545
8547
8548
8578
8549
8552
8555
8561
8563
8567
8575
8579
8580
8585
8586
8590
8591
8595
8598
8600
8603
8605
8606
8612
8616
8617
8621
8622
8623
8624
8625
8629
8632
8634
8635
8637
8638
8639
8642
8644
8646
8647
8649
8654
8655
8658
8660
8661
8662
8664
8665
8669
8670
8671
8677
8679
8683
8684
8688
8691
8694
8696
8697
8698
8702
8704
8705
8707
8712
8713
8717
8719
8720
8723
8724
8725
8726
8728
8729
8730
8731
8732
8733
8734
8736
8738
8739
8741
8742
8744
8745
8747
8750
8754
8755
8756
8757
8759
8763
8765
8767
8768
8772
8773
8774
8777
8781
8783
8787
8788
8790
8791
8792
8797
8798
8806
8818
8822
8823
8825
8826
8829
8830
8831
8832
8833
8834
8835
8839
8941
8841
8848
8851
8853
8854
8857
8858
8862
8863
8866
8867
8868
8869
8870
8872
8874
8875
8876
8884
8885
15931
16201
8886
8890
8895
8897
8900
8902
8903
8905
8908
8909
8910
8918
8923
8925
8927
8930
8932
8935
8936
8940
8944
8945
8948
8950
8952
10934
8953
8956
8959
8965
8973
8978
8979
8981
8983
8985
8986
8988
8989
8990
8991
8992
8994
8996
8997
9000
9001
9003
9004
9005
9007
9009
9010
9011
9013
9016
9019
9022
9023
9025
9026
9028
9029
9031
9034
9037
9038
9039
9041
9042
9043
9044
9046
9048
9049
9052
9055
9056
9057
9059
9060
9061
9063
9064
9065
9069
9071
9073
9074
9075
9076
9078
9081
9082
9084
9085
9087
9088
9090
9091
9092
9093
9096
9097
9101
9103
9105
9108
9110
9111
9112
9113
9114
9115
9116
9118
9120
9121
9122
9125
9127
9128
9129
9134
9136
9141
9142
9145
9147
9148
9153
9154
9162
9163
9166
9168
9171
9172
9173
9178
9179
9183
9184
9185
9187
9188
9189
9191
9192
9193
9194
9195
9196
9197
9200
9202
9204
9205
9207
9210
9212
9214
9217
9218
9219
9220
9223
9224
9225
9226
9227
9229
9230
9231
9232
9234
9235
9236
9237
9239
9240
9296
9245
9246
9247
9253
9256
9260
9261
9262
9263
9270
9271
9274
9276
9283
9284
9285
9286
9290
9293
9297
9303
9308
9312
9313
9315
9316
9318
9320
9321
9322
9323
9330
9331
9333
9334
9335
9338
9339
9341
9342
9343
9344
9346
9348
9349
9350
9353
9355
9356
9357
9359
9362
9363
9366
9367
9368
9370
9371
9372
9377
9378
9404
9406
9409
9410
9411
9412
9413
9414
9415
9420
9421
9423
9426
9430
9432
9433
9434
9435
9436
9438
9439
9440
9442
9443
9444
9447
9449
9451
9452
9455
9456
9458
9459
9462
9464
9523
9524
9525
9529
9530
9533
9536
9538
9540
9542
9545
9546
9547
9550
9553
9555
9558
9559
9563
9564
9566
9567
9568
9569
9571
9574
9577
9580
9581
9583
9584
9586
9589
9592
9593
9595
9601
9605
9606
9607
9608
9610
9611
9612
9614
9615
9619
9620
9621
9622
9623
9624
9628
9630
9634
9636
9637
9640
9645
9646
9647
9649
9650
9653
9654
9655
9656
9660
9661
9664
9665
9666
9667
9672
9677
9679
9680
9681
9682
9685
9688
9689
9692
9693
9695
9697
9698
9699
9700
9703
9706
9709
9710
9712
9714
9715
9716
9718
9719
9722
9723
9726
9728
9729
9731
9732
9733
9734
9736
9737
9739
9740
9741
9743
9744
9746
9750
9754
9757
9758
9759
9763
9765
9766
9769
9770
9772
9774
9776
9778
9779
9780
9781
9782
9783
9786
9787
9788
17102
9790
9792
9793
9794
9795
9796
9799
9800
9801
9802
9806
9807
9808
9809
9810
9811
9812
9813
9817
9818
9819
9820
9822
9823
9825
9826
9830
9832
9834
9835
9836
9838
9841
9842
9845
9846
9849
10370
9857
9858
9859
9863
9864
9865
9866
9867
9868
9869
9870
9871
9873
9874
9876
9879
9880
9883
9884
9885
9886
9887
9888
9889
9891
9892
9896
9898
9900
9901
9902
9903
9905
9909
9912
9913
9917
9918
9919
9920
9923
9924
9925
9927
9929
9930
9932
9933
9935
9936
9937
9940
9941
9943
9945
9946
9947
9948
9949
9950
9951
9956
9957
9958
9959
9960
9962
9964
9965
9966
9967
9968
9969
9970
9972
9973
10205
9975
9976
9978
9979
9980
9982
9983
13505
9984
9985
9986
9987
9988
9989
9990
9991
9992
9994
9995
9997
9998
10000
10001
10004
10006
10008
10009
10012
10013
10014
10015
10017
10018
10019
10021
10022
10023
10024
10026
10027
10028
10031
10032
10036
10037
10038
10039
10041
10042
10043
10051
10052
10055
10059
10794
10067
10071
10072
11592
10075
10076
10077
10079
10084
10085
10086
10088
10089
10090
10093
10095
10098
10100
10101
10103
10104
10105
10107
10110
10111
10112
10113
10114
10115
10116
10117
10118
10122
10123
10124
10126
10129
10130
10133
10135
10138
10140
10142
10144
10145
10147
10151
10152
10154
10156
10157
10159
10160
10161
10162
10164
10165
10169
10170
10173
10175
10177
10179
10183
10184
10185
10186
10191
10192
10194
10196
10197
10198
10202
10203
10204
10206
10207
10208
10209
10211
10212
10214
10215
10221
10222
10223
10224
10225
10226
10227
10230
10231
10232
10234
10235
10236
10237
10240
10241
10242
10243
10249
10251
10252
10253
10258
10260
10261
10262
10263
10265
10267
10268
10269
10274
10277
10278
10279
10280
10281
10282
10285
10286
10288
10289
10291
10293
10549
10294
10296
10297
10298
10300
10303
10304
10305
10306
10310
10313
10316
10317
10318
10319
10320
10321
10323
10324
10326
10328
10329
10330
10333
10335
10337
10339
10341
10342
10343
10345
10346
10347
10349
10350
10352
10354
10356
10357
10358
10359
10360
10361
10362
10363
10364
10366
10367
10368
10371
10372
10374
10375
10377
10378
10379
10380
10385
10386
10387
10388
10389
10390
10394
10395
10396
10399
10400
10403
10405
10407
10408
10409
10410
10411
10412
10413
10417
10420
10421
10423
10426
10430
10431
10432
10434
10435
10436
10437
10439
10440
10441
10442
10443
10444
10447
10448
10449
10450
10451
10453
10456
10457
10458
10460
10463
10464
10466
10470
10472
10474
10476
10478
10480
10481
10482
10483
10484
10485
10489
10490
10492
10495
10497
10501
10502
10505
10506
10507
10508
10510
10511
10512
10514
11354
10520
10524
10526
10527
10528
10530
10531
10532
10533
10534
10538
10541
10544
10546
10547
10550
10558
10559
10560
10561
10562
10564
10567
10568
10569
10575
10580
14827
10581
10586
10589
10591
10592
10593
10595
10596
10604
10605
10606
10608
10609
10612
10614
10616
10617
10618
10619
10620
10622
10624
10628
10629
10631
10632
10634
10636
10637
10639
10643
10646
10648
10650
10651
10652
10655
10656
10657
10660
10662
10663
10664
10665
10666
10667
10668
10672
10673
10674
10677
10678
10679
10681
10682
10684
10687
10689
10690
10695
10698
10699
10700
10702
10704
10705
10706
10707
10708
10709
10711
10713
10715
10719
10721
10722
10725
10726
10728
10729
10731
10733
10734
10736
10741
10743
10744
10745
10747
10749
10751
10753
10754
10755
10757
10758
10759
10760
10763
10764
10765
10769
10770
10771
10772
10773
10776
10777
10778
10780
10785
10786
10787
10788
10796
10798
10801
10802
10803
10804
10808
10810
10811
10812
10815
10817
10818
10819
13380
10820
10821
10823
10824
10826
13630
10828
10829
10830
10831
10833
10834
10836
10837
10839
10840
10841
10843
10844
10845
10848
10850
10856
10857
10861
10863
10866
10868
10870
10871
10872
10875
10879
10880
10885
10887
10888
10889
10891
10892
10896
10897
10901
10902
10904
10905
10906
10908
10909
10910
10911
10912
10914
10917
10920
10922
10923
10925
10926
10928
10931
10932
10933
10935
10937
10939
10940
10941
10944
10946
10947
10950
10952
10954
10955
10956
10957
10958
10961
10962
10963
10964
10965
10966
10967
10968
10969
10971
10972
10976
10977
10978
10979
10980
10982
10984
10985
10987
10991
10993
10994
10995
10996
10997
10998
10999
11002
11003
11005
11012
11015
11016
11017
11018
11019
11021
11022
11024
11026
11029
11031
11032
11033
11034
11037
11041
11047
11049
11052
11053
11055
11056
11058
11060
11061
11062
11063
11066
11067
11069
11070
11071
11072
11074
11075
11077
11079
11082
11084
11087
11089
11091
11092
11093
11094
11095
11098
11099
11103
11108
11109
11111
11116
11117
11118
11120
11121
11127
11134
11136
11137
11138
11139
11141
11142
11143
11144
11147
11150
11151
11154
11155
11491
11157
11158
11159
11160
11164
11165
11167
11170
11172
11176
11178
11180
11181
11182
11183
11188
11189
11190
11194
11195
11197
11198
11200
11201
11202
11203
11204
11206
11209
11210
11212
11215
11216
11218
11219
11220
11221
11222
11224
11225
11226
11227
11228
11229
11230
11232
11233
11236
11238
11239
11240
11242
11246
11247
11248
11249
11250
11252
11253
11255
11256
11257
11258
11261
15783
11265
11266
11267
11269
11271
11272
11274
11275
11276
11280
11283
11285
11286
11287
11288
11289
11293
11297
11300
11306
11308
11309
11311
11314
11315
14995
11316
11319
11321
11322
11323
11324
11326
11327
11328
11329
11332
11336
11337
11339
11340
11343
11344
11347
11349
11350
11351
11352
11357
11358
11359
11360
11361
11363
11364
11365
11366
11368
11369
11371
11372
11374
11377
11378
11379
11384
11385
11386
11387
11388
11391
11392
11394
11397
11398
11399
11400
11401
11402
11403
11404
11406
11407
11409
11411
11413
11415
11417
11419
11425
11426
11428
11429
11430
11431
11433
11434
11437
11439
11440
11442
11443
11444
11445
11446
11448
11450
11451
11452
11457
11459
11460
11461
11463
11464
11466
11467
11468
11469
11470
11471
11472
11984
12015
11473
11474
11475
11477
11483
11489
11490
11495
11496
11497
11498
11499
11500
11502
11503
11504
11507
11511
11512
11513
11514
11516
11517
11521
11525
11526
11527
11530
11532
11533
11534
11535
11536
11537
11541
11542
12179
11544
11546
11547
11548
11551
11552
11553
11554
11555
11556
11559
11561
11563
11564
11566
11567
11571
11572
11576
11577
11578
11581
11585
11587
11588
11589
11593
11597
11600
11604
11605
11608
11612
11613
11614
11616
11617
11619
11620
11621
11622
11625
11629
11631
11632
11636
11638
11639
11640
11642
11645
11648
11650
11651
11652
11653
11654
11656
11657
11658
11659
11660
11661
11662
11666
11671
11675
11677
11678
11679
11680
11681
11683
11684
11685
11686
11687
11689
11695
11697
11710
11713
11715
11716
11724
11725
11726
11727
11728
11734
11735
11737
11739
11740
11742
11743
11747
11748
11751
11752
11753
11754
11755
11756
11758
11760
11767
11768
11770
11771
11775
11776
11780
11781
13381
11789
11790
11794
11797
11798
11801
11803
11806
11809
11814
11815
11822
11823
11828
12363
11835
11837
11839
11840
11841
12937
11842
11843
11850
11851
11852
11854
11855
11856
11858
11866
11869
11870
11871
11878
11881
11885
11886
11889
11890
11893
11898
11899
11903
11904
11905
11906
11909
11911
11915
11916
11918
11923
14245
11926
11927
11929
11931
11932
11936
11937
11941
11944
11947
11948
11949
11950
11951
11954
11957
11963
11964
11965
11966
11968
11970
11971
11972
11973
11974
11975
11976
11978
11979
11981
11983
11985
11990
11991
11994
11995
11996
11997
11998
11999
12000
12001
12002
12003
12004
12007
12011
12012
12013
12017
12019
12020
12022
12024
12028
12029
12032
12033
12039
12040
12042
12043
12047
12048
12050
12053
12054
12056
12057
12059
12060
12061
12066
12068
12069
12073
12076
12080
12081
12083
12087
12088
12090
12091
12093
12094
12095
12099
12103
12104
12105
12107
12108
12112
12114
12121
12122
12128
12129
12141
12143
12145
12150
12155
12157
12158
12161
12162
12171
12172
12178
12182
12184
12185
12186
12188
12191
12192
12193
12194
12199
12205
12206
12207
12208
12209
12210
12211
12216
12217
12218
12221
12226
12227
12228
12245
12230
12231
12234
12235
12240
12241
12242
12243
12244
12247
12252
12254
12255
12261
12266
12267
12268
12270
12273
12274
12275
12277
12279
12280
12282
12288
12294
12301
12302
12303
12304
12306
12307
12308
12310
12311
12313
12317
12322
12324
12325
12326
12327
12328
12331
12335
12342
12344
12347
12351
12352
12354
12361
12370
12372
12374
12376
12378
12380
12384
12386
12387
12389
12390
12391
12392
12395
12397
12403
12405
12406
12408
12413
12419
12423
12424
12425
12429
12431
12436
12437
12440
12442
12445
12446
12451
12454
12455
12956
12457
12460
12461
12462
12463
12466
12467
12469
12471
12472
12473
12478
12480
12482
12485
12487
12488
12492
12493
12494
12497
12500
12505
12507
12509
12511
12512
12513
12514
12517
12518
12519
12525
12528
12532
12533
12534
12535
12543
12544
12545
12548
12552
12553
12554
12555
12556
12560
12561
12563
12564
12569
12571
12573
12575
12578
12580
12581
12582
12583
12585
12587
12588
12589
12591
12593
12594
12596
12597
12598
12599
12601
12602
12603
12604
12607
12608
12611
12612
12613
12614
12615
12616
12618
12619
12622
12625
12626
12630
12631
12632
12634
12636
12637
12642
12644
12646
12647
12648
12649
12652
12654
12656
12658
12659
12661
12663
12664
12665
12668
12671
12672
12673
12678
12683
12686
12689
12690
13431
12693
12694
12695
12697
12698
12699
12700
15699
12705
12706
12708
12711
12712
12714
12716
12717
12719
12720
12722
12723
12726
12728
13363
12729
12730
12733
12735
12737
12741
12743
12744
12748
12749
12750
12753
12754
12755
12757
12758
12760
12761
12762
12764
12765
12766
12769
12770
12771
12772
12773
12774
12775
12776
12779
12780
12782
12783
12784
12785
12787
12788
12789
12790
12792
12793
12794
12795
12796
12797
12799
12801
12806
12807
12808
12810
12811
12812
12813
12814
12815
12817
12818
12820
12821
12822
12823
12826
12831
12833
12836
12837
12845
12847
12848
12849
12852
12853
12854
12855
12858
12861
12862
12868
12871
12873
12875
12876
12879
12880
12881
12886
12887
12889
12890
12895
12900
12903
12904
12907
12908
12910
12913
12915
12917
12918
12919
12920
12921
12922
12923
12924
12925
12926
12927
12930
12931
12932
12933
12934
12936
12938
12940
12944
12945
12947
12948
12949
12950
12955
12957
12958
12959
12960
12961
12962
12963
12964
12965
12967
12968
12969
12970
12971
12972
12973
12974
12975
12976
12977
12978
12980
12981
12982
12983
12984
12985
12988
12989
12990
12993
12994
12995
12996
12998
12999
13001
13002
13003
13004
13005
13007
13008
13009
13011
13013
13014
13015
13016
13017
13019
13020
13021
13022
13023
13024
13026
13028
13030
13032
13033
13034
13035
13036
13038
13040
13042
13043
13044
13045
13046
13047
13048
13049
13050
13051
13052
13053
13054
13055
13056
13057
13058
13059
13061
13062
13063
13064
13065
13068
13070
13071
13072
13073
13074
13076
13077
13078
13081
13082
13083
13084
13085
13087
13088
13091
13092
13094
13095
13097
13100
13101
13103
13104
13105
13106
13107
13108
13109
13112
13114
13115
13116
13118
13119
13120
13121
13122
13123
13125
13126
13128
13129
13130
13131
13134
13135
13136
13137
13138
13139
13140
13141
13142
13143
13145
13147
13149
13150
13152
13158
13159
13161
13163
13165
13166
13167
13170
13172
13173
13174
13175
13177
13178
13182
13183
13184
13186
13187
13189
13191
13192
13194
13195
13196
13197
13198
13200
13201
13202
13203
13204
13206
13207
13210
13213
13214
13215
13217
13220
13222
13223
13224
13225
13226
13227
13228
13230
13232
13233
13235
13237
13238
13239
13240
13241
13244
13245
13246
13247
13248
13252
13253
13255
13259
13264
13267
13270
13273
13275
13279
13282
13283
13286
13287
13288
13289
13290
13293
13296
13297
13299
13300
13303
13304
13307
13311
13312
13313
13314
13316
13318
13321
13322
13323
13324
13325
13327
13328
13329
13330
13331
13332
13333
13337
13340
13342
13343
13345
13346
13348
13349
13350
13352
13354
13356
13357
13360
13361
13365
13368
13369
13370
13371
13373
13375
13378
13379
13382
13384
13386
13387
13388
13392
13393
13395
13396
13398
13399
13402
13404
13409
13410
13411
13412
13413
13419
13420
13421
13422
13424
13426
13429
13433
13434
13436
13438
13440
13441
13444
13445
13446
13451
13452
13453
13454
13456
13458
13459
13462
13465
13466
13470
13471
13472
13473
13475
13476
13477
13478
13479
13480
13482
13483
13484
13489
13492
13494
13495
13496
13499
13500
13501
13502
13503
13511
13512
13515
13516
13517
13518
13520
13524
13526
13528
13529
13530
13533
13537
13539
13542
13545
13546
13547
13553
13554
13556
13557
13558
13560
13563
13564
13572
13573
13575
13576
13577
13578
13580
13581
13582
13583
13584
13585
13586
13589
13590
13591
13592
13593
13596
13598
13599
13600
13601
16033
13602
13603
13604
13605
13607
13608
13609
13610
13612
13613
13615
13618
13619
13622
13623
13625
13627
13628
13629
13631
13632
13633
13634
13636
13638
13639
13640
13642
13643
13644
13645
13646
13647
13648
13649
13650
13651
13655
13656
13658
13659
13660
13662
13664
13667
13668
13669
13670
13671
13672
13673
13674
13675
13676
13677
13678
13679
13681
13682
13683
13684
13685
13686
13687
13690
13691
13692
13693
13695
13696
13699
13703
13704
13705
13706
13708
13710
13712
13713
13714
13715
13718
13719
13720
13722
13724
13725
13726
13727
13728
13733
13734
13736
13737
13738
13739
13742
13745
13750
13751
13752
13753
13754
13755
13757
13759
13760
13761
13762
13765
13770
13772
13773
13774
13776
13778
13779
13781
13785
13787
13789
13791
13792
13793
13794
13797
13798
13800
13801
13802
13804
13806
13809
13810
13812
13813
13815
13817
13818
13819
13821
13824
13825
13826
13827
13830
13832
13833
13834
13836
13837
13838
13839
13840
13841
13842
13843
13844
13846
13847
13848
13849
13850
13851
13852
13853
13854
13855
13856
13857
13858
13859
13860
13861
13862
13863
13864
13865
13867
13869
13870
13871
13872
13873
13874
13875
13876
13877
13878
13879
13880
13881
13882
13883
13885
13886
13888
13889
13893
13894
13895
13896
13897
13898
13900
13901
13902
13905
13906
13908
13909
13910
13913
13914
13915
13917
13918
13919
13921
13923
13924
13925
13926
13927
13928
13930
13931
13933
13934
13935
13936
13937
13941
13942
13944
13945
13947
13949
13952
13953
13954
13955
13956
13957
13961
13962
13964
13965
13966
13967
13969
13970
13974
13976
13977
13978
13980
13981
13982
13983
13987
13989
13990
13991
13992
13993
13994
13996
13997
14000
14001
14002
14003
14004
14005
14006
14007
14009
14010
14013
14014
14015
14016
14017
14019
14021
14022
14023
14025
14026
14027
14028
14029
14030
14031
14032
14034
14035
14037
14039
14042
14043
14044
14045
14047
14050
14051
14054
14055
14056
14058
14059
14063
14064
14067
14069
14070
14071
14072
14074
14075
14076
14078
14079
14080
14081
14084
14088
14090
14092
14093
14095
14097
14100
14103
14104
14105
14107
14108
14109
14111
14112
14115
14116
14117
14122
14123
14126
14127
14128
14133
14134
14136
14142
14143
14145
14146
14148
14149
14150
14152
14155
14156
14157
14160
14161
14166
14172
14176
14177
14178
14179
14180
14181
14182
14185
14188
14189
14190
14191
14192
14194
14195
14196
14197
14199
14201
14202
14204
14205
14206
14207
14208
14212
14213
14214
14215
14217
14219
14222
14223
14224
14225
14226
14229
14232
14236
14239
14240
14241
14480
14248
14249
14250
14251
14252
14256
14257
14258
14260
14262
14264
14265
14267
14268
14269
14270
14271
14272
14274
14275
14277
14278
14279
14280
14281
14283
14285
14286
14287
14288
14289
14292
14293
14294
14298
14300
14301
14303
14304
14305
14307
14308
14310
14311
14312
14313
14314
14315
14317
14318
14319
14320
14321
14322
14323
14324
14325
14326
14330
14331
14332
14334
14335
14337
14338
14340
14341
14343
14344
14345
14346
14347
14348
14350
14351
14354
14358
14361
14363
14365
14368
14369
14371
14372
14373
14376
14377
14378
14379
14380
14381
14383
14385
14386
14387
14388
14390
14391
14392
14393
14394
14395
14397
14399
14400
14401
14402
14403
14406
14410
14414
14419
14421
14423
14425
14427
14433
14435
14436
14438
14442
14447
14449
14451
14452
14453
14454
14456
14459
14461
14462
14463
14465
14468
14469
14477
14478
14481
14483
14486
14490
14494
14500
14501
14507
14508
14509
14510
14511
14512
14519
14521
14527
14528
14532
14543
14545
14550
14554
14558
14559
14567
14571
14576
14577
14578
14579
14580
14583
14585
14589
14590
14592
14594
14596
14597
14598
14599
14600
14601
14602
14603
14607
14609
14610
14611
14613
14614
14615
14617
14619
14620
14621
14624
14625
14631
14633
14634
14635
14638
14641
14642
14643
14648
14650
14651
14652
14653
14654
14655
14656
14660
14663
14664
14665
14667
14668
14669
14672
14675
14676
14677
14679
14681
14686
14687
14690
14711
14715
14738
14753
14768
14770
14787
14793
14796
14802
14803
14822
14833
14863
14864
14872
14876
14886
14908
14921
14929
14933
14943
14945
14953
14966
14967
14970
14971
14975
14980
14981
14992
14994
14998
14999
15001
15009
15012
15019
15020
15021
15022
15024
15029
15032
15046
15048
15050
15059
15069
15073
15074
15079
15092
15095
15097
15099
15101
15102
15103
15104
15106
15109
15110
15111
15121
15129
15130
15131
15133
15135
15136
15140
15143
16276
15147
15149
15153
15157
15158
15159
15160
15161
15163
15165
15167
15170
15171
15175
15181
15183
15184
15186
15189
15190
15193
15194
15196
15197
15198
15199
15200
15202
15203
15204
15205
15209
15211
15212
15213
15214
15215
15217
15218
15220
15222
15224
15225
15226
15227
15230
15233
15234
15235
15236
15237
15239
15241
15243
15244
15245
15247
15249
15250
15251
15252
15253
15255
15256
15260
15262
15264
15266
15270
15274
15275
15277
15279
15280
15281
15282
15283
15284
15287
15288
15290
15295
15296
15297
15298
15302
15303
15306
15309
15310
15312
15313
15314
15315
15316
15319
16331
15322
15323
15326
15329
15331
15332
15333
15334
15336
15337
15339
15340
15342
15343
15345
15351
15352
15354
15356
15357
15358
15363
15365
15368
15369
15370
15371
15372
15374
15378
15383
15385
15386
15387
15390
15391
15393
15394
15395
15397
15399
15400
15404
15411
15414
15420
15421
15422
15425
15426
15428
15434
15435
15436
15437
15439
15441
15446
15450
15461
15462
15465
15466
15467
15468
15470
15477
15479
15480
15484
15486
15487
15490
15492
15493
15495
15496
15499
15501
15504
15505
15508
15510
15513
15514
15517
15518
15520
15524
15525
15528
15530
15532
15535
15536
15538
15540
15543
15544
15545
15546
15547
15551
15552
15553
15559
15560
15563
15564
15565
15567
15568
15569
15570
15573
15576
15579
15582
15583
15584
15585
15586
15587
15589
15590
15592
15595
15597
15598
15599
15600
15602
15608
15609
15610
15612
15616
15617
15618
15619
15621
15622
15623
15625
15627
15629
15631
15632
15634
15637
15639
15640
15641
15645
15646
15647
15648
15650
15651
15652
15656
15657
15658
15663
15665
15666
15667
15672
15674
15678
15680
15689
15690
15691
15692
15694
15696
15700
15702
15703
15705
15706
15708
15709
15710
15711
15712
15713
15715
15716
15718
15722
15723
15724
15726
15728
15730
15731
15732
15733
15734
15735
15739
15743
15747
15748
15749
15753
15755
15757
15761
15764
15766
15772
15773
15774
15775
15777
15779
15781
15784
15786
15788
15789
15790
15792
15797
15798
15799
15800
15801
15803
15804
15805
15807
15809
15810
15814
15815
15816
15821
15823
15825
15826
15827
15828
15830
15831
15833
15834
15835
15836
15839
15841
15843
15844
15846
15847
15852
15854
15855
15857
15859
15863
15864
15865
15866
15868
15871
15873
15874
15875
15878
15880
15884
15889
15890
15891
15892
15893
15895
15899
15900
15902
15904
15907
15910
15911
15914
15917
15918
15923
15926
15928
15929
15933
15935
15936
15938
15943
15945
15947
15949
15951
15953
15957
15958
15959
15960
15961
15964
15966
15967
15968
15969
15970
15971
15975
15976
15978
15981
15982
15984
15985
15986
15987
15988
15991
15995
15998
15999
16004
16007
16010
16011
16012
16013
16014
16015
16022
16025
16026
16029
16035
16036
16038
16039
16040
16043
16044
16048
16052
16053
16055
16056
16057
16058
16059
16060
16062
16063
16066
16068
16071
16072
16073
16074
16075
16076
16077
16078
16079
16080
16084
16086
16088
16092
16093
16096
16098
16102
16105
16106
16110
16112
16116
16117
16118
16120
16121
16125
16126
16127
16129
16130
16134
16137
16138
16139
16141
16142
16143
16148
16149
16150
16151
16152
16153
16155
16156
16157
16158
16161
16162
16165
16167
16170
16171
16177
16180
16181
16182
16183
16187
16189
16191
16192
16196
16197
16199
16200
16203
16204
16210
16211
16215
16218
16221
16222
16224
16225
16226
16227
16229
16233
16237
16238
16242
16246
16257
16267
16281
16282
16284
16289
16290
16301
16302
16305
16306
16309
16310
16311
16312
16318
16321
16327
16332
16335
16339
16343
16344
16345
16348
16349
16350
16352
16355
16357
16363
16364
16365
16370
16387
16389
16394
16395
16397
16399
16403
16406
16408
16409
16412
16413
16414
16415
16417
16418
16419
16420
16422
16423
16425
16427
16430
16431
16432
16433
16434
16436
16438
16439
16440
16441
16444
16446
16448
16453
16454
16455
16457
16459
16460
16463
16464
16465
16466
16468
16470
16471
16472
16474
16476
16478
16480
16485
16486
16487
16490
16493
16495
16496
16501
16503
16507
16508
16509
16515
16524
16525
16528
16532
16533
16534
16535
16539
16546
16551
16553
16558
16560
16573
16576
16578
16587
16591
16607
16609
16611
16618
16626
16631
16633
16638
16647
16648
16655
16658
16662
16663
16665
16667
16669
16670
16677
16679
16680
16682
16683
16688
16689
16694
16695
16696
16697
16707
16710
16715
16730
16731
16733
16744
16752
16755
16761
16763
16771
16776
16797
16799
16811
16815
16827
16843
16853
16857
16873
16879
16882
16886
16894
16895
16901
16908
16913
16914
16915
16916
16919
16922
16932
16934
17042
16936
16941
16944
16950
16952
16956
16963
16964
16966
16969
16972
16973
16981
16982
16983
16985
16986
16989
16991
17001
17002
17003
17004
17016
17017
17018
17021
17022
17023
17027
17028
17030
17031
17036
17049
17059
17061
17062
17066
17068
17071
17076
17077
17083
17084
17085
17089
17090
17091
17092
17097
17105
17111
17112
17113
17116
17117
17118
17119
17124
17126
17127
17136
17138
17139
17141
17148
17149
17150
17154
17155
17164
17165
17167
17168
17171
17172
17174
17176
17178
17185
17192
17196
17199
17200
17201
17203
17205
17216
17217
17218
17219
17223
17224
17226
17227
17229
17230
17231
17232
17233
17238
17239
17241
17244
17245
17246
17247
17248
17249
17250
17251
17253
17254
17256
17257
17258
17261
17263
17264
17265
17266
17267
17271
17272
17274
17276
17278
17279
17280
17281
17282
17283
17285
17286
17302
17309
17315
17316
17318
17319
17320
17322
17323
17328
17333
17334
17335
17336
17339
17342
17343
17346
17349
17352
17354
17355
