2
3
5
7
8
9
10
11
12
14
15
16
17
18
19
20
25
26
29
30
31
32
33
34
35
36
37
41
299
39
40
42
43
44
47
48
50
51
52
53
54
55
221
56
57
58
60
61
62
63
64
66
68
69
73
75
78
79
80
81
84
85
86
89
91
92
93
95
96
97
98
99
100
101
102
103
104
105
106
107
108
162
109
110
112
113
114
115
116
118
120
121
122
124
125
126
128
130
132
133
712
654
134
135
136
137
138
139
140
141
143
144
145
146
147
148
149
150
154
155
715
156
157
158
163
166
167
170
171
172
174
175
178
184
185
188
186
187
189
190
191
195
196
197
198
199
200
201
202
204
206
210
211
217
218
219
220
222
223
227
228
233
234
237
239
244
250
253
255
256
257
258
259
261
262
264
265
266
267
268
269
271
272
274
275
276
277
278
280
282
283
284
285
286
287
290
291
292
293
297
298
301
303
304
307
308
309
310
313
314
315
328
336
351
353
356
361
368
369
371
374
377
378
383
389
393
394
397
1260
398
408
409
412
572
637
678
414
897
419
422
437
438
445
453
455
460
461
925
463
468
472
474
478
479
490
508
509
512
514
758
522
524
731
525
531
537
543
547
548
550
551
552
554
555
556
557
563
566
568
570
573
574
578
586
589
591
594
603
607
610
614
616
620
621
623
625
627
635
636
639
640
643
644
645
646
649
650
651
653
662
664
667
668
670
671
672
673
1651
679
680
682
684
685
689
692
694
702
1304
1577
705
709
711
713
714
718
723
724
727
728
730
732
733
735
736
738
1183
741
742
1128
743
744
745
747
751
754
790
759
768
770
775
778
779
781
784
997
785
786
788
789
791
884
792
800
812
815
818
819
820
821
823
824
831
832
834
838
842
845
857
1360
860
861
862
866
1916
867
869
873
1119
874
875
877
879
880
882
885
894
899
989
901
903
907
908
910
915
917
2083
924
927
929
933
938
941
943
949
954
957
964
967
968
977
980
982
988
994
995
1265
1347
1001
1006
1007
1008
1010
1011
1012
1016
1018
1019
1021
1023
1024
1025
1026
1027
1032
1033
1035
1037
1039
1044
1051
1046
1047
1048
1053
1054
1055
1058
1060
1061
1062
1063
1064
1065
1066
1068
1069
1074
1075
1076
1081
1082
1090
1091
1092
1097
1098
1100
1101
1102
1103
1106
1107
1109
1112
1250
1078
1113
1114
1121
1122
1123
1125
1126
1127
1129
1131
1132
1133
1134
1274
1135
1136
1137
1138
1139
1140
1141
1142
1143
1144
1145
1146
1147
1148
1149
1150
1151
1152
1153
1154
1155
1156
1157
1158
1159
1160
1163
1164
1165
1166
1167
1169
1170
1171
1172
1173
1174
1175
1176
1177
1178
1263
1180
1181
1182
1116
2069
1184
1185
1186
1187
1188
1189
1190
1191
1192
1193
1194
1195
1196
1197
1198
1199
1200
1201
1203
1206
1207
1208
1209
1210
1212
1213
1214
1215
1216
1217
1218
1219
1220
1221
1222
1223
1224
1225
1226
1227
1228
1230
1231
1232
1233
1234
1235
1236
1237
1238
1239
1240
1241
1242
1243
1244
1245
1246
1247
1248
1249
1251
1252
1253
1254
1255
1256
1257
1258
1259
1261
1454
1262
1264
1266
1267
1268
1269
1270
1271
1272
1273
1275
1276
1278
1279
1280
1281
1282
1283
1284
1285
1286
1287
1288
1290
1291
1292
1293
1294
1295
1296
1297
1298
1299
1303
1305
1306
1307
1308
1309
1310
1312
1313
1314
1317
1319
1320
1321
1322
1323
1324
1327
1328
1329
1333
1334
1335
1338
1339
1340
1341
1343
1345
1346
1349
1350
1352
1353
1354
1355
1356
1357
1359
1361
1362
1363
1364
1365
1366
1367
1369
1373
1374
1375
1378
1379
1382
1383
1386
1387
1388
1389
1392
1396
1397
1398
1401
1402
1403
1404
1407
1409
1410
1411
1412
1413
1414
1417
1420
1421
1422
1427
1432
1433
1434
1435
1436
1437
1438
1439
1440
1441
1442
1443
1444
1445
1446
1447
1449
1450
1451
1453
1457
1458
1459
1460
1461
1462
1464
1465
1467
1469
1470
1471
1473
1474
1475
1478
1484
1485
1486
1488
1489
1490
1494
1495
1596
1497
1498
1501
1502
1503
1504
1505
1506
1507
1509
1511
1510
1513
1514
1516
1518
1519
1520
1521
1522
1523
1525
1527
1529
1530
1534
1536
1538
1539
1540
1545
1546
1548
1549
1551
1552
1555
1560
1561
1562
1566
1567
1568
1571
1576
1578
1580
1586
1587
1588
1589
1591
1592
1593
1594
1600
1601
1603
1604
1605
1606
1607
1608
1611
1612
1613
1618
1625
1626
1627
1628
1632
1640
1643
1644
1645
1646
1647
1648
1650
1652
1653
1654
1656
1657
1658
1659
1662
1668
1669
1674
1675
1678
1680
1681
1684
1685
1688
1695
1696
1697
1698
1719
1699
1700
1702
1704
1705
1706
1710
1713
1715
1716
1718
1720
1721
1722
1723
1724
1725
1726
1727
1728
1729
1730
1732
1736
1737
1738
1740
1760
1779
1790
1799
1801
1802
1805
1806
1807
1808
1809
1811
1813
1814
1816
1817
1818
1821
1822
1824
1827
1828
1830
1832
1833
1834
1837
1838
1839
1840
1844
1846
1848
1849
1854
1855
1856
1857
1858
1860
1863
1864
1867
1869
1870
1872
1873
1875
1877
1878
1879
1880
1881
1882
1883
1884
1885
1886
1887
1889
1893
1894
1895
1896
1899
1900
1901
1902
1912
1913
1915
1917
1920
1923
1927
1928
1930
1931
1932
1933
1934
1935
1936
1937
1939
1940
1941
1942
1944
1947
1949
1951
1952
1955
1960
1964
1966
1968
1972
1973
1975
1982
1985
1987
1989
1993
1994
1996
1997
1998
1999
2002
2003
2004
2005
2007
2008
2009
2010
2012
2013
2014
2015
2016
2017
2021
2027
2031
2035
2040
2047
2048
2054
2056
2058
2059
2060
2064
2068
2070
2072
2076
2077
2085
2087
2088
2090
2091
2097
2100
2111
2118
2122
2123
2133
2134
2136
2137
