0
1
832
4
7
8
9
10
174
12
13
14
15
512
16
17
18
19
20
498
21
22
23
24
27
28
29
30
31
234
32
33
35
40
43
57
154
732
11791
284
46
49
1261
50
51
52
53
55
56
6694
59
296
64
65
68
69
70
71
72
73
7172
7621
3046
935
104
168
11062
74
76
77
81
85
86
114
1542
87
88
90
91
92
93
94
1624
97
98
100
101
102
105
106
107
109
110
113
118
120
633
4259
122
123
1001
125
128
132
133
135
136
138
140
141
2280
202
15150
2805
142
143
144
146
147
148
149
152
153
2665
365
155
157
158
211
159
161
163
164
166
167
4273
181
772
169
170
171
172
173
175
960
2540
6836
8630
177
178
179
180
183
184
2213
185
188
189
190
193
194
195
196
199
201
898
203
206
210
214
220
435
221
225
226
227
233
239
240
242
243
245
246
2056
247
248
251
13027
253
255
257
258
259
260
261
262
2219
264
265
1055
269
272
280
2479
281
282
283
1937
8541
288
289
290
292
293
295
297
298
300
301
304
305
529
1210
306
307
316
320
324
325
326
327
1731
997
2136
4581
329
330
332
333
334
335
337
338
339
340
341
343
345
968
346
7318
347
348
6237
351
353
354
356
357
359
361
362
363
364
5751
366
368
369
370
371
372
373
374
375
376
377
378
379
380
381
382
383
384
386
3895
389
390
391
392
393
395
396
2649
397
398
399
400
401
404
8207
402
405
406
407
409
413
414
416
417
419
420
421
422
426
427
430
431
432
507
6744
434
6024
2834
437
440
441
7517
6536
1596
985
442
443
1609
1682
446
447
3009
450
453
454
455
456
457
460
464
1415
465
2755
4639
467
6409
1589
1046
470
471
2634
472
474
476
478
480
482
4825
855
750
484
8448
3731
485
486
488
492
1296
493
494
2284
497
502
503
504
505
3567
506
6184
508
509
511
514
970
515
517
525
526
528
3556
530
541
544
546
547
548
4171
3045
618
619
620
621
8281
622
623
624
629
630
632
635
636
638
640
642
644
646
647
648
649
651
654
657
658
659
660
711
713
714
715
716
717
718
719
720
721
4941
722
726
727
731
3697
733
734
735
738
739
742
743
744
745
1105
4849
746
747
11457
748
1773
1041
10261
4922
751
752
753
754
755
756
760
762
769
770
771
773
774
776
777
778
780
781
783
785
788
790
791
792
793
796
797
798
799
800
802
803
805
809
811
812
817
818
819
822
823
824
825
828
831
833
835
839
840
841
6186
843
845
846
847
848
850
851
852
853
857
858
860
861
862
865
867
871
874
875
2146
876
1939
877
879
8056
880
881
882
886
887
888
891
892
893
894
895
896
897
899
3326
900
902
903
904
907
908
909
910
914
915
916
3876
2118
4568
917
918
923
921
922
924
925
926
1072
927
928
929
931
934
938
940
942
943
945
946
947
949
950
993
2858
1345
956
957
959
11720
1364
2072
6860
961
962
963
964
965
967
969
972
973
976
979
981
982
983
984
1916
1266
986
990
992
994
996
999
1000
10550
1003
1005
1009
1010
1012
1021
1023
1024
1025
1028
1029
1030
1031
1036
1530
1195
1037
1040
1042
1043
1045
1048
1049
1050
1051
1053
1054
1057
1061
1062
1063
1066
1068
1071
1073
1077
1080
1081
1083
1084
1085
1086
1087
1088
1089
1091
5076
1093
1096
1097
1098
1100
1101
1104
1106
1107
1108
1109
1110
1111
1112
1113
1114
1115
1116
1117
1119
1125
1126
1127
1128
1130
1133
1134
1137
1139
1140
1141
1143
1144
1146
1147
1152
1157
1159
1160
1161
1162
1163
1164
1165
8880
1166
1167
1173
1180
1183
1185
1186
1187
1188
1189
1191
1192
1193
1194
1196
1197
1198
1200
1201
1346
5220
8775
7370
1302
1203
1205
1206
1207
1208
1209
1211
1212
1213
1214
1216
1218
1219
1220
1221
1222
1223
1225
1226
1227
1229
1233
1234
1235
1236
1237
1238
1240
1241
2478
1242
1243
1244
1245
1249
1250
3847
1251
1259
2929
2414
2279
1260
1267
1269
1270
1272
1273
1275
1276
1277
1279
1281
1282
1284
1285
1294
1297
1303
1304
1307
1308
1309
1311
1313
1314
1316
1317
1322
3307
1323
1324
1325
1327
3433
1328
1330
1333
1334
1338
1341
6875
1342
1347
1349
1356
1358
1359
1360
10347
1363
1369
1370
1371
1375
1379
1380
3884
1385
1388
1389
1392
1393
1394
1396
1402
1403
1404
4047
1405
1406
1407
1408
1410
1413
1414
1418
1419
1420
1421
1426
1427
13482
1430
1431
1432
1436
1437
1438
1439
1440
1441
1448
1450
1453
1457
1470
1471
1473
1474
1475
1478
1479
1481
6034
1483
1484
1487
1488
4384
4385
1492
3275
3191
1493
1494
1503
1504
1510
1512
1517
1518
1520
10569
1521
1522
1523
1524
1525
1527
1528
1531
1532
1534
1535
1536
1538
1540
1541
1545
1549
1550
1552
1553
1554
1556
1557
1558
1559
1561
11748
1562
1563
1566
1567
1568
1569
1570
1575
1578
1580
1581
1584
1586
1590
1593
1594
4114
2579
1597
1598
1602
1606
1608
1613
1614
1617
1619
1620
2016
1621
1625
1628
1629
1632
1634
1636
1637
1638
1639
1640
1641
1643
1648
1649
1650
1651
1652
1654
1657
1658
1659
1663
1666
4698
1667
1669
1670
1671
1672
1674
1675
1678
1681
1685
1686
1687
1691
1693
2067
1697
1698
1699
1701
1702
1706
1711
1716
1717
1719
1720
1721
1722
1725
1728
1729
1735
1737
1738
1742
1743
1744
1747
1754
1755
1760
1761
1763
1764
1767
1770
1772
1775
1776
1779
1780
1782
1788
1790
1793
1801
1802
1804
1806
1810
1811
1817
1819
1821
1827
1828
1832
1833
1836
1837
1838
1840
1843
1851
1852
1854
1858
1861
1862
1864
1866
1868
1872
1875
1876
1879
1880
1881
1884
1886
1887
1888
12007
1890
1892
1893
1894
1897
1901
1905
1906
1907
1908
1911
1912
1913
1914
1915
2731
2668
1917
6693
1918
1919
1922
1925
1926
1927
1929
1930
1933
1936
1938
1945
1951
1953
1954
1957
1959
1961
1964
1965
1967
1969
1970
1972
1973
1974
1979
1982
1983
1991
6140
3591
1993
1999
2002
2004
2009
2011
2015
2018
2019
2021
2023
2027
2029
2037
2040
2041
2044
2048
2049
2051
2055
4676
2057
6090
5860
3005
2059
2060
2061
2062
2063
2066
2068
2071
2081
2105
2082
2084
2086
2087
2090
2091
2094
2099
2100
2102
2103
2104
2108
2115
2119
2120
2121
2122
2126
2127
2128
2129
2135
2436
2137
2138
2141
2144
2145
2148
3129
2155
2163
2164
2166
2170
2171
2172
2173
2175
2177
2178
2180
2182
2183
2184
2185
2186
2188
2189
2190
2197
2198
2199
2200
2201
2210
2211
2212
2215
2218
2220
2221
2223
2236
2237
2239
2242
2243
2244
2248
2249
2251
2252
2253
2254
2257
2258
2259
2260
2261
2266
2267
2268
2269
2270
2272
2273
2274
2277
2281
2282
2283
2285
2288
2289
2290
2292
2295
2296
2297
2299
2300
2301
2302
2303
2305
2309
2312
2315
2316
4117
2318
2321
2322
2323
2327
3530
2328
2329
2330
2334
2336
2338
2339
2341
2344
2347
2349
2351
2353
2356
2358
2359
2360
2361
2362
2363
2364
2365
2366
2370
2371
2372
2373
2374
2376
2377
2378
2382
2384
2385
2389
2390
2391
2392
2393
2395
2396
2399
2400
2401
2403
2404
2405
2406
2407
2413
2416
2418
2420
2426
2428
2430
2433
2435
2439
2440
2444
2445
2448
2452
2456
2457
2458
2460
2461
2463
2465
2467
3420
2470
2473
2474
2475
2476
2477
2487
7953
2488
2489
2490
2491
2492
2493
2495
2496
2497
2498
2501
2502
2503
2504
9356
2509
2510
2511
10721
2512
2513
2514
2518
2519
2520
2523
2524
2529
2532
2535
2536
2537
2538
2542
2546
2550
2554
2555
2558
2559
2560
2562
2563
2564
2572
2573
2574
2575
2576
3402
2580
2581
2582
2587
2589
3737
2590
2592
2593
2594
2597
2598
2600
2601
2602
2603
2604
2605
2612
2613
2615
2616
2617
2623
2624
2625
2628
2632
2633
2635
2637
2638
2644
2647
2648
2650
2651
2652
2654
2655
2658
2660
2661
2662
2663
2664
2666
2667
2673
2674
2677
2678
2679
2680
2681
2682
2683
2684
2686
2687
2688
2691
2693
2694
2696
2697
2698
2702
2707
2708
2709
2710
2711
2713
2714
2716
2718
2722
2730
2732
2735
2738
2743
6341
2745
2746
2747
2748
2752
2754
5387
2757
2758
2759
2761
2762
2764
2766
2767
2772
2775
2778
2783
2784
2786
2788
2789
2791
2792
2796
2798
2803
2807
2809
2813
2814
2815
3144
2816
2817
2818
2822
2824
2827
2830
9933
2833
2835
2836
2842
2844
2845
2847
2849
2852
2853
2854
2856
2857
3047
2861
2864
2867
2869
2876
2877
2880
2882
2883
2885
2886
2887
2888
2890
2891
2892
2894
2896
2898
2900
2901
2902
2903
2905
2906
2907
2912
2913
2917
2918
2921
2922
2923
2924
2925
2928
2932
2933
2937
11207
2938
2940
2941
2942
2946
2950
2951
2956
2960
2963
7874
14652
2973
2975
2976
2982
2985
2986
2987
2988
2990
2991
2992
2994
2995
7561
5046
2996
2999
3000
3002
3003
6912
3006
3008
3010
3012
3013
3014
3018
3019
3020
3025
3028
3029
3031
3035
3038
3039
3040
3044
3522
3048
3049
3051
3052
3054
3055
3057
3058
3059
3063
3064
3065
3066
3072
3073
3075
3078
3079
3081
3085
3091
3093
3094
3101
3103
3107
3108
3109
3111
3112
3114
3115
3117
3118
3119
3123
3127
3128
3132
3133
3134
3135
3138
3143
3145
3146
3149
3150
3156
3158
3161
3163
3172
3175
3177
3184
3188
3192
3211
3212
3213
3217
3219
3221
3227
3228
3230
3234
3235
10487
3237
3241
3243
3244
3253
3256
3258
3259
3261
3262
3266
3267
3268
3269
3276
3277
3278
3285
3287
3290
3293
3298
3299
3300
3304
3306
3308
3309
3310
3312
3314
3315
3316
3320
3323
3324
3327
3335
3336
3337
3339
3343
3345
3347
3349
3350
3351
3355
3357
3359
3360
3361
3366
3367
3368
3372
3373
3378
11915
3380
3394
3400
3401
3483
3403
3665
3405
3409
3411
3412
3415
3419
3485
3422
4891
3424
3427
3430
3432
6176
6606
3891
3434
3438
3441
3442
3443
3444
3445
3446
10649
3447
3449
3454
3457
3461
3462
3466
3467
3523
3468
3470
3471
3472
3473
3474
3475
3476
3479
3482
3486
3488
3489
11178
3495
3496
3497
3498
3499
3502
3503
3504
3505
3507
3508
3509
3510
3514
3516
3517
3518
3520
3521
3525
3532
3536
3539
3540
3541
3544
3545
3546
3547
3548
3549
3552
3555
3557
3558
3566
3568
3570
3571
3573
3575
4651
3576
3578
3582
3583
11348
3584
3587
3589
3590
3592
3595
3596
3597
3598
5959
3651
3656
3657
3658
3661
3663
3666
3667
3668
3671
3672
3673
3676
3677
3679
3683
3684
3685
3686
3688
3690
3693
3694
3696
3699
3701
3702
3703
3704
3705
3706
3707
3710
3713
3720
3721
3722
3723
3724
3725
7617
3726
3729
3730
3733
3735
3736
4232
3738
3740
3743
3745
3749
3750
3751
3752
3753
3754
5206
3885
3756
3761
4304
3762
3763
3764
3767
3769
3770
3771
3773
3774
3775
3777
3778
3780
3781
3782
3783
3784
3786
3789
3791
3792
3793
3794
3798
3799
3800
3801
3804
3805
3806
3807
3808
3809
3814
3815
3816
3817
3820
3824
3825
3828
3829
3831
4043
3837
3842
3843
3844
3846
3849
3855
3856
3857
3858
3860
3861
3863
3864
3865
3867
3869
3871
3874
3877
3879
3882
3883
3887
3890
3892
3893
3899
3904
3906
3907
3910
3911
3914
3915
3916
3917
5919
3919
3921
3922
3923
3925
3926
3928
3929
3931
3932
3938
3939
3940
13019
3941
3952
3953
3956
3957
3958
3959
3960
3961
3963
3964
3965
3969
10080
3971
3972
3973
3977
3978
3980
3988
3992
3993
4006
4007
4011
4012
4015
4020
4022
4023
4025
4027
4028
4032
4038
4040
4042
4048
4053
4058
4060
4061
13156
14654
4064
4065
4066
4067
4068
4079
4080
4081
4082
4086
4088
4089
4091
4092
4094
4100
4102
4103
4108
4109
4110
4111
4113
4119
4121
4125
4130
4131
4132
4133
4136
4139
4143
4146
4149
4152
4620
4155
5028
4156
4157
4160
4162
4163
5669
14728
4164
4165
4166
4167
4169
4170
4172
4173
4174
4175
4179
4182
4183
4184
4188
4189
4190
4191
4194
4195
4197
4199
4200
4202
4203
4204
4205
4207
4209
4210
4211
4212
4213
4214
4216
4218
4221
4222
4223
4225
4227
4228
4229
4233
4234
4235
4236
4240
4243
4244
4245
4247
4249
4250
4255
4256
4262
4264
4267
4269
4270
4272
4275
4277
4278
4280
4283
4284
4286
4289
4290
4292
4293
4294
4295
4297
13666
4299
4302
4303
4306
4308
4309
4311
4312
4313
4315
4316
4318
4320
4321
4326
4327
4329
4332
4333
4334
4335
4336
4337
4339
4340
4342
4343
4345
4346
4348
4349
4350
4353
4354
4355
4356
4357
4360
4362
4364
4366
4369
4371
4372
4376
4386
4387
4388
4390
4392
4394
4395
4396
4397
4398
4400
4401
4403
4404
4405
4408
4410
4411
4425
4426
4429
4433
4434
4435
4438
4442
4443
4444
4447
4449
4450
4451
4454
4456
4458
9691
4462
4466
4471
4474
4477
4478
4479
4480
4484
4488
4489
4490
4491
4493
4494
4495
4496
4500
4501
4503
4509
4510
4512
4519
4521
4522
4524
4528
4529
4530
4533
4538
4541
4543
4544
4547
4550
4552
4553
4554
4556
4559
4562
4565
4567
4569
4570
4571
4572
4576
4578
4579
4580
4583
4586
4589
4591
4593
4594
4595
4597
4598
4599
4605
4606
4607
4609
4612
4614
4616
4617
4619
4621
4622
4623
4628
4630
4631
4632
4633
4638
4640
4641
4643
4644
4645
4648
4649
4650
4652
4653
4656
4661
4662
4663
4671
6904
4682
4687
4688
4689
4690
4691
4694
4695
4697
4699
4700
4704
4705
4706
4707
4708
4710
4712
4713
4714
4715
4716
4717
4718
4720
4724
4726
4728
4729
4731
4733
4735
4736
4738
4741
4745
4747
4748
4750
4751
4752
4754
4755
4756
4758
4761
4765
4769
4771
4772
4773
4775
4776
4777
4780
4781
4782
4783
4784
4785
4786
4787
4788
4789
4792
4793
4794
4795
4796
4798
4799
4801
4802
4804
4806
4807
4811
4812
4814
4816
4817
4819
4820
4822
4823
4824
4828
4829
4830
4831
4832
4833
4837
4838
4840
4841
4844
4847
4848
4851
4852
4853
4854
4931
4858
4859
4860
4861
4863
4866
4870
4871
5002
4874
4877
4878
4881
4883
4884
4887
4888
4890
4893
4894
4896
4902
4904
4908
4909
4910
4911
4915
4917
4924
4927
4929
4930
12016
4934
4935
4936
4937
4938
4939
4940
4942
4943
4945
4948
4950
4951
4952
4953
4954
4955
4956
4958
4959
4961
4966
4968
4971
4972
11241
4974
4975
4976
4977
4978
4979
4980
4981
4982
4983
4984
4986
4987
4988
4990
4991
4992
4993
4995
4999
5000
5001
5004
5007
5008
5010
5014
5015
5016
5018
5021
5023
5024
5027
5029
5030
5034
5035
5039
5042
5045
5047
5048
5051
5052
5053
5054
5057
5061
5064
5065
5066
5067
5070
5071
5073
5074
5075
5077
5078
5081
5082
5084
5086
5087
5089
5090
5092
5093
5094
5095
5099
5100
5101
5102
5103
13630
5104
5105
5106
5107
5108
5111
5112
5114
5115
5116
5117
5121
5122
5123
5124
5125
5126
5127
5128
5129
5131
5132
5134
5136
5137
5138
5139
5141
5142
5143
5145
5146
5147
5149
5151
5152
5153
5155
5156
5157
5158
5159
5163
5164
5165
5168
5169
5170
5172
5173
5175
5177
5179
5180
5187
5189
5190
5191
5192
5193
5194
5195
5196
5197
5198
5199
5200
5201
5202
5203
5204
5208
5209
5210
5211
5213
5214
5215
5216
5217
5218
5221
5223
5224
5225
5227
5229
6353
5230
5231
5232
5233
5235
5236
5237
5238
5239
5241
5242
5244
5245
5246
5247
5249
5250
5251
5252
5253
5254
5255
5256
5257
5259
5261
5262
5264
5265
5266
5267
5268
5269
5270
5273
5275
5276
5278
5279
5280
5281
5283
5284
5285
5286
5288
5289
5290
5292
5293
5294
5295
5296
5298
5299
5300
5301
5302
5304
5305
5306
5307
5309
5310
5311
5312
5318
5319
5322
5323
5324
5325
5327
5328
5329
5331
5334
5335
5336
5339
5340
5342
5343
5344
5347
5348
5349
5351
5354
5355
5356
5358
5359
5360
5363
5364
5365
5366
5367
5369
5371
5373
5376
5377
5379
5380
5381
5382
5383
5386
5388
5393
5395
5396
5397
5399
5401
5402
5405
5407
5413
5415
5416
5417
5419
5420
5421
5426
5429
5432
5434
5440
5448
5452
5453
5454
5456
5457
5458
5460
5464
5466
5757
5468
5469
5470
5471
5473
5478
5479
5481
5483
5484
5485
5486
5489
5492
5495
5498
5499
5500
5501
5502
5503
5504
5506
5507
5508
5509
5513
5514
5516
5520
5521
5522
5523
5524
5525
5526
5530
5536
5537
5538
5540
5542
5547
5548
5550
5552
5556
5564
5565
5571
5573
5574
5575
5581
5582
5583
5585
5587
5588
5589
5590
5594
5597
5598
5599
5600
5601
5603
5604
5605
5606
5607
5613
5614
5616
5617
5618
5630
5634
5638
5639
5640
5643
5644
5645
5649
5651
5652
5653
5658
5664
5665
5666
5667
5674
5677
5683
5684
5685
5688
5689
5690
5692
5693
5695
5696
5703
5704
5705
5707
5708
5709
5712
5713
5716
5718
5719
5720
5721
5723
5725
5726
5728
5732
5735
5736
5737
5738
5741
5742
5746
5748
5750
5752
5753
5756
5758
5759
5760
5763
5764
5767
5768
5769
5770
5772
5773
5776
5778
5808
5779
5782
5783
5784
5785
5787
5792
5796
5797
5799
5800
5801
5802
5804
5805
5809
5811
5813
5814
5815
5816
5818
5819
5821
5822
5823
5824
5825
5827
5829
5830
5832
5833
5836
5837
5838
5839
5840
5842
5845
5846
5847
5848
5849
5850
5853
5855
5858
5861
5864
5866
12348
5869
5870
5872
5874
5876
5882
5885
5887
5888
5891
5893
5895
5902
5904
5906
5909
5910
5911
5916
5920
5921
5924
5925
5926
5928
5930
5934
5935
5936
5937
5938
5940
5942
5945
5946
5947
5948
5949
5950
5951
5952
5953
5955
5956
5957
5960
5961
5962
5963
5965
5966
5968
5971
5972
5973
5975
5976
5977
5978
5979
5980
5984
5987
5989
5990
5991
5993
10979
5994
5995
5996
5998
6000
6001
6003
6004
6005
6007
6008
6009
6010
6012
6015
6016
6019
6020
6021
6022
6023
6025
6026
6027
6029
6030
6031
6032
6033
6036
6039
6040
6045
6046
6049
6050
6052
6054
6055
6058
6059
6061
6062
6065
6067
6068
6069
6071
6072
6073
6074
6075
6076
6078
6079
6080
6086
6087
6091
6093
6094
6096
6097
6098
6099
6100
6101
6102
6103
6105
6106
6107
6108
6114
6115
6119
6120
6121
6123
6124
6125
6126
6127
6129
6135
6141
6143
6144
6145
6151
6152
6153
6154
6155
6157
6159
6161
6164
6165
6169
6175
6177
6178
6180
6181
6187
6189
6194
6195
6199
6203
6208
6211
6213
6228
6230
6235
6240
6247
6248
6249
6250
6251
6253
6254
6257
6258
6259
6261
6309
6313
8670
6315
6322
6328
6335
6339
6342
6344
6345
6346
6351
6352
6355
6357
6360
6361
6362
6372
6375
6376
6377
6381
6384
6385
6386
6387
6389
6392
6395
6396
6398
6399
6400
6404
6405
6406
6407
6412
6413
6414
6415
6417
6419
6421
6424
6428
6430
6431
6432
6434
6436
6437
6440
6443
6444
6445
6446
6447
6448
6449
6450
6452
6454
6455
6457
6458
6460
6462
6463
6466
6468
6469
6470
6472
6473
6474
6475
6476
6482
6483
6484
6485
6488
6489
6491
6493
6494
6495
6498
6499
6500
6501
6502
6503
6505
6506
6507
6511
6513
6518
6521
6522
6524
6525
6526
6527
6531
6532
6533
6537
6538
6539
6544
9946
6546
6547
6548
6551
6552
6553
6556
6557
6561
6562
6523
6563
6565
6566
6568
6583
6584
6589
6590
6591
6592
6593
6603
6605
7640
6607
6609
6610
6618
6619
6620
6621
6622
6629
6634
6636
6638
6641
6643
6645
6646
6648
6649
6651
6660
6661
6668
6678
6680
6685
6687
6692
6699
6701
6702
6703
7043
6711
6715
6718
6720
11387
6721
6722
6726
6728
6729
6731
6734
6737
6748
6750
6751
6752
6753
6760
6763
6764
6765
6766
6767
6772
6773
6774
6775
6777
6780
6782
6783
6785
6789
6790
6791
6792
6793
6795
6796
6798
6799
6801
6802
6807
6808
6809
6810
6812
6815
6816
6818
6819
6821
6822
6823
6827
6828
6829
6831
6832
6833
6834
6835
6840
6845
6846
6849
6854
6855
6857
6858
6859
6864
6868
6872
6874
11357
6881
6884
6886
6887
6889
6891
6893
6899
6900
6901
6902
6907
6909
8844
6911
6918
6922
6923
6924
6925
6929
6930
6933
6934
6938
6941
6944
6945
6948
6949
6951
6955
6958
6961
6962
6963
6964
6966
6968
6969
6972
6974
6975
6978
6979
6981
6982
6983
6987
6989
6996
6999
7001
7002
7005
7007
7008
7011
7020
7021
7024
7025
7030
7032
7033
7037
7041
7044
7045
7047
7048
7049
7056
7058
7059
7060
7063
7065
7068
7070
7071
7072
7075
7077
7078
7080
7081
7082
7083
7085
7086
7090
7091
7094
7097
7102
7107
7109
7110
7113
7114
7115
7116
7118
7119
7120
7122
7123
7124
7128
7130
7131
7132
7133
7134
7136
7141
7144
7145
7147
7148
7149
7150
7151
7152
7153
7159
7160
7161
7166
7167
7168
7169
7171
7173
7174
7177
7181
7184
7185
7186
7188
7189
7190
7191
7192
7193
7194
7195
7196
7198
7200
7203
7204
7205
7207
7209
7213
7217
7218
7219
7221
7225
7231
7232
7235
7237
7239
7240
7243
7245
7246
7247
7248
7249
7250
7251
7252
7253
7254
7255
7257
7267
7275
7277
7283
7287
7290
7291
7297
7298
7301
7302
7307
7313
7314
7320
7322
7325
7326
7328
7329
7330
7334
7337
10382
7338
7350
7352
7354
15036
7357
7359
7360
7361
7371
7380
7381
7382
7387
7389
7392
7396
7397
7399
7401
7406
7423
7425
7427
7431
7433
7435
7437
7440
7443
7455
7458
7460
7463
7465
7470
7471
7473
7474
7475
7477
7478
7481
7483
7485
7486
7487
7489
7492
7499
7501
7504
7505
7506
7508
7509
7510
7516
7519
7520
7521
7522
7525
7528
7529
7530
7531
7532
7533
7534
7536
7537
7541
7542
7544
7545
7546
7548
7549
7550
7555
7556
7562
7563
7564
7565
7566
7567
7572
7574
7575
7579
7583
7588
7589
7591
7593
7594
7596
7597
7598
7599
7600
7602
7603
7604
7605
7606
7607
7611
7612
7619
7620
7624
7626
7629
7630
7632
7639
7641
7642
7643
7644
7650
7651
7654
7655
7657
7659
7660
7661
7662
7663
7665
7666
7668
7669
7675
7676
7679
7680
7681
7694
7696
7699
7703
7714
7715
7717
7719
7723
7724
7725
7727
7730
7732
7734
7737
7738
7740
7742
7744
7747
7748
7749
7750
7751
7756
7758
7759
7760
7764
7765
7774
7775
7780
7781
7782
7783
7787
7789
7792
7793
7794
7797
7799
7803
7804
7806
7807
7808
7811
7812
7819
7824
7825
7826
7832
7833
7834
7839
7841
7844
7845
7846
7847
7848
7849
7851
7852
7853
7855
7856
7857
7858
7859
7860
7861
7862
7863
7865
7866
7869
7871
7872
7873
7875
7876
7879
7880
7882
7883
7884
7888
7889
7890
7892
7893
7895
7896
7897
7898
7899
7901
7902
7903
7904
7906
7907
7908
7909
7912
7915
7916
7917
7918
7919
7921
7922
7924
7929
7932
7933
7934
7936
7937
7938
7939
7941
7942
7943
7944
7946
7948
7954
7957
7960
7961
7962
7963
7967
7968
7969
7972
7974
7975
7977
7980
7981
7982
7983
7985
7986
7987
7988
7989
7991
7992
7993
7996
7997
7998
8002
8005
8006
8007
8013
8015
8016
8017
8018
8019
8022
8023
8024
8025
8028
8030
8031
8032
8034
8036
8038
8042
8043
8044
8045
8046
8047
8050
8051
8057
8059
8060
8061
8062
8064
8065
8066
8068
8074
8076
8080
8081
8082
8085
8087
8089
8091
8095
8098
8099
8100
8102
8103
8104
8106
8108
8109
8110
8111
8113
8114
8118
8119
8121
8123
8124
8125
8129
8131
8132
8133
8134
8135
8136
8143
8145
8146
8147
8148
8151
8152
8153
8154
8157
8158
8160
8161
8162
8169
8172
8174
8177
8178
8180
8181
8182
8184
8185
8186
8188
8193
8196
8197
8198
8199
8200
8201
8204
8205
8208
8211
8212
8213
8214
8216
8217
8219
8221
8222
8223
8224
8225
8226
8227
8228
8229
8231
8233
8234
8236
8238
8239
8242
8243
8252
8253
8254
8255
8256
8257
8261
8262
8264
8290
8265
8266
8267
8268
8270
8272
8276
8277
8278
8279
8280
8282
8285
8286
8287
8288
8291
8292
8293
8294
8295
8297
8298
8301
8302
8303
8304
8307
8308
8309
8310
8312
8314
8315
8318
8319
8321
8324
8325
8326
8327
8333
8334
8338
8339
8340
8341
8342
8343
8345
8349
8350
8352
8355
8356
8357
8358
8360
8363
8364
8365
8367
8369
8370
8371
8373
8375
8379
10799
8380
8383
8384
8385
8387
8388
8389
8390
8391
8393
8395
8399
8400
8401
8403
8404
8405
8406
8407
8408
8409
8410
8412
8413
8414
8416
8417
8418
8419
8420
8421
8422
8424
8425
8427
8429
8430
8431
8433
8436
8437
8438
8440
8441
8442
8446
8449
8454
8455
8456
8460
8461
8470
8474
8475
8476
8477
8480
8482
8483
8484
8491
8492
8493
8494
8495
8496
8497
8499
8501
8502
8510
8511
8512
8514
8515
8516
8517
8520
8521
8523
8524
8527
8528
8529
8532
12399
8533
8534
8535
8536
8537
8538
8539
8540
8544
8545
8547
8548
8549
8550
8551
8553
8554
8556
8557
8558
8559
8560
8561
8562
8563
8564
8565
8566
8568
8570
8571
8572
8573
8574
8575
8576
8577
8578
8579
8580
8581
8582
8584
8585
8586
8587
8589
8590
8591
8593
8594
8595
8596
8597
8598
8599
8600
8601
8602
8603
8605
8607
8608
8609
8611
8612
8614
8615
8616
8617
8618
8619
8620
8621
8623
8624
8625
8626
8627
8628
8629
8631
8632
8634
8636
8638
8640
8641
8642
8643
12628
8644
12556
8646
8647
8648
8649
8650
8652
8653
8654
8655
8656
8657
8658
8659
8660
8661
8662
8663
8665
8666
8668
8669
8671
8672
8673
8675
8676
8677
8678
8679
8680
8681
8684
8686
8687
8688
8689
8690
8692
8693
8694
8695
8697
8698
8700
8701
8704
8705
8706
8707
8708
8709
8710
8711
8713
8715
8716
8717
8719
8720
8721
8722
8723
8724
8726
8727
8728
8730
8731
8733
8734
8735
8736
8737
8739
8740
8742
8745
8748
8749
8750
8751
8757
8759
8763
8765
8774
8778
8779
8780
8783
8790
8792
8793
8796
8799
8802
8803
8807
8808
8812
8813
8818
8819
8820
8829
8833
8836
8839
8841
8843
8847
8852
8853
8875
8876
8879
8884
8899
8911
8912
8913
8917
8938
8976
8993
9016
9062
9063
9091
9112
9131
9136
9139
9164
9196
9244
9283
9296
9298
9308
9317
9320
9325
9338
9339
9346
9355
9358
9377
9393
9424
9432
9451
9466
9471
9488
9500
9513
9527
9542
9558
9564
9575
9577
9580
9594
9607
9609
9620
9622
9624
9642
9643
9650
9661
9666
9672
9675
9684
9726
9728
9734
9737
9757
9760
9798
9801
9803
9863
9867
9888
9889
9894
9896
9898
9899
9900
9902
9904
9905
9908
9912
9915
9922
9926
9927
9935
9937
9938
9939
9941
9942
9944
9945
9948
9951
9953
9954
9955
9958
9959
9960
9961
9962
9963
9964
9966
9969
9973
9974
9978
9979
9980
9983
9985
9996
10000
10001
10002
10003
11811
10004
10005
10006
10007
10008
10009
10011
10016
10017
10018
10024
10025
10044
10045
10049
10050
10051
10054
10055
10056
10057
10058
10060
10063
10065
10068
10070
10071
10074
10081
10082
10083
10084
10085
10086
10087
10088
10094
10095
10096
10097
10099
10100
10101
10102
10104
10108
10110
10113
10116
10118
10119
10120
10121
10123
10126
10127
10128
10130
10132
10134
10136
10150
10152
10154
10160
10162
10163
10167
10168
10171
10175
10185
10187
10189
10190
10196
10201
10207
10208
10209
10212
10213
10215
10220
10224
10228
10230
10231
10233
10238
10240
10242
10244
10248
10249
10253
10254
10255
10256
10262
10263
10264
10270
10276
10277
10278
10285
10287
10293
10294
10295
10297
10301
10303
10305
10306
10307
10308
10311
10314
10315
10316
10317
10325
10326
10331
10332
10335
10343
10344
10346
10349
10352
10355
10357
10358
10363
10364
10367
10372
10375
10378
10383
10388
10389
10394
10397
10398
10402
10403
10404
10405
10408
10409
10411
10414
10415
10417
10418
10419
10422
10423
10424
10425
10426
10428
10429
10432
10433
10434
10436
10438
10439
10440
10441
10442
10443
10445
10446
10450
10451
10452
10454
10455
10456
10462
10464
10465
10466
10468
10470
10473
10474
10475
10477
10481
10482
10484
10485
10488
10489
10491
10492
10493
10497
10498
10499
10503
10504
10506
10514
10517
10518
10520
10521
10524
10525
10526
10532
10533
10534
10535
10536
10539
10541
10542
10543
10545
10547
10549
10552
10553
10563
10564
10568
10570
10575
10576
10577
10580
10582
10583
10584
10587
10589
10594
10596
10602
10603
10604
10605
10607
10614
10616
10617
10620
10621
10623
10626
10628
10630
10631
10632
10633
10635
10637
10641
10642
10644
10645
10646
10651
10652
10653
10655
10657
10660
10664
10665
10666
10668
10669
10673
10674
10675
10676
10677
10678
10682
10684
10685
10686
10687
10688
10689
10690
10691
10692
10694
10695
10697
10699
10701
10702
10703
10704
10705
10706
10707
10708
10710
10711
10714
10715
10716
10717
10718
10720
10723
10724
10725
10726
10728
10729
10730
10734
10736
10737
10738
10742
10743
10744
10745
10747
10748
10749
10751
10752
10753
10754
10755
10760
10761
10762
10765
10767
10768
10769
10770
10771
10772
10773
10774
10775
10777
10779
10781
10784
10785
10786
10787
10788
10791
10792
10793
10795
10796
10797
10798
10800
10802
10807
10808
10809
10812
10814
10816
10818
10819
10821
10823
10824
10825
10828
10829
10831
10832
10833
10834
10835
10837
10838
10839
10840
10841
10842
10843
10844
10845
10846
10847
10849
10850
10851
10852
10853
10854
10856
10857
10858
10859
10861
10862
10864
10865
10866
10867
10869
10870
10871
10872
10874
10876
10878
10879
10881
10882
10886
10887
10890
10892
10895
10896
10897
10898
10900
10902
10903
10904
10906
10909
10911
10913
10916
10917
10920
10923
10925
10926
10927
10932
10933
10935
10936
10938
10940
10941
10942
10943
10944
10946
10947
10948
10949
10950
10951
10952
10953
10954
10955
10956
10957
10959
10960
10961
10963
10964
10965
10967
10968
10969
10971
10972
10973
10974
10976
10978
10980
10981
10982
10984
10985
10989
10990
10991
10992
10993
10994
10995
10996
10998
10999
11000
11001
11003
11004
11006
11007
11008
11012
11013
11014
11017
11018
11019
11020
11021
11022
11025
11026
11027
11030
11031
11032
11035
11036
11037
11041
11042
11044
11045
11051
11052
11053
11054
11055
11056
11057
11058
11059
11060
11061
11063
11065
11067
11069
11070
11072
11522
11073
11074
11075
11077
11082
11083
11084
11085
11086
11093
11095
11097
11098
11100
11101
11103
11107
11108
11111
11112
11113
11114
11116
11117
11118
11119
11120
11121
11122
11123
11125
11127
11129
11130
11133
11134
11136
11137
11138
11139
11140
11141
11142
11143
11145
11147
11148
11149
11152
11153
11154
11155
11156
11157
11159
11160
11161
11162
11163
11164
11165
11168
11169
11172
11174
11175
11179
11181
11182
11185
11188
11189
11190
11191
11192
11193
11194
11197
11198
11199
11202
11203
11204
11206
11208
11209
11210
11211
11212
11215
11216
11217
11222
11224
11225
11226
11227
11232
11233
11234
11239
11243
11244
11247
11248
11249
11250
11251
11253
11255
11256
11258
11259
11257
11262
11264
11266
11268
11269
11270
11271
11273
11274
11276
11277
11279
11280
11282
11283
11284
11285
11286
11287
11291
11292
11293
11295
11296
11297
11298
11299
11300
11301
11302
11305
11306
11307
11308
11309
11310
11311
11312
11313
11314
11315
11316
11317
11318
11319
11322
11325
11326
11328
11329
11330
11331
11333
11334
11336
11341
11344
11350
11351
11353
11354
11356
11364
11367
11368
11371
11375
11376
11377
11382
11383
11384
11385
11388
11394
11395
11396
11399
11400
11401
11402
11406
11407
11410
11413
11414
11418
11419
11421
11425
11426
11427
11428
11430
11435
11437
11441
11447
11448
11451
11454
11455
11456
11458
11465
11466
11468
11470
11471
11475
11479
11480
11483
11488
11491
11492
11493
11495
11496
11498
11499
11501
11503
11505
11506
11508
11509
11510
11511
11512
11513
11514
11515
11517
11518
11521
11523
11524
11525
11526
11527
11528
11529
11530
11531
11532
11533
11535
11536
11539
11540
11541
11542
11543
11544
11545
11546
11547
11551
11552
11553
11556
11557
11558
11559
11560
11561
11562
11563
11566
11567
11568
11569
11570
11571
11572
11573
11574
11575
11579
11580
11581
11582
11583
11584
11585
11586
11587
11588
11589
11591
11593
11594
11595
11596
11597
11598
11599
11600
11601
11603
11604
11605
11606
11607
11608
11609
11610
11612
11613
11614
11616
11617
11618
11620
11621
11622
11623
11624
11625
11626
11627
11628
11629
11630
11631
11632
11633
11634
11635
11637
11638
11640
11641
11642
11643
11644
11645
11646
11648
11649
11651
11654
11656
11657
11658
11659
11660
11661
11663
11665
11666
11667
11668
11670
11671
11673
11674
11675
11676
11677
11678
11680
11681
11682
11683
11684
11685
11686
11690
11691
11692
11693
11694
11696
11697
11698
11699
11700
11701
11702
11703
11705
11706
11707
11708
11709
11710
11711
11713
11714
11717
11719
11722
11723
11724
11726
11727
11729
11730
11731
11733
11734
11735
11736
11738
11739
11741
11742
11744
11745
11746
11747
11749
11751
11753
11755
11758
11759
11760
11762
11763
11764
11765
11766
11767
11768
11769
11770
11772
11776
11777
11778
11779
11780
11782
11784
11785
11787
11788
11789
11790
11793
11794
11796
11797
11798
11800
11801
11805
11808
11809
11812
11813
11814
11815
11816
11817
11818
11819
11820
11821
11822
11823
11825
11826
11827
11828
11829
11830
11959
11831
11833
11834
11835
11838
11839
11840
11841
11842
11843
11844
11845
11846
11847
11848
11850
11851
11852
11855
11856
11858
11859
11860
11862
11864
11865
11866
11867
11868
11870
11872
11873
11874
11875
11876
11877
11878
11880
11881
11882
11884
11885
11886
11887
11889
11890
11891
11892
11893
11894
11895
11896
11897
11898
11899
11900
11901
11902
11904
11905
11906
11907
11908
11910
11911
11912
11913
11914
11917
11918
11920
11921
11923
11924
11925
11926
11927
11928
11930
11931
11933
11934
11935
11936
11937
11938
11940
11942
11943
11944
11945
11946
11947
11949
11950
11953
11954
11955
11957
11961
11962
11964
11966
11967
11968
11969
11971
11972
11974
11975
11976
11977
11979
11980
11982
11983
11984
11988
11989
11990
11991
11993
11997
13761
12000
12002
12003
12005
12006
12008
12009
12010
12015
12017
12018
12021
12022
12024
12026
12027
12029
12030
12031
12036
12037
12038
12040
12041
12043
12044
12046
12047
12048
12049
12050
12052
12053
12054
12055
12056
12057
12058
12059
12060
12061
12062
12063
12065
12066
12067
12068
12069
12070
12073
12074
12076
12077
12078
12079
12080
12081
12082
12083
12084
12085
12087
12089
12090
12093
12094
12095
12096
12099
12101
12106
12107
12108
12110
12111
12112
12115
12116
12117
12119
12120
12121
12122
12124
12125
12127
12128
12129
12130
12131
12132
12133
12135
12136
12137
12139
12140
12141
12142
12144
12145
12146
12147
12148
12149
12150
12151
12152
12153
12154
12155
12157
12158
12159
12163
12165
12166
12167
12168
12170
12171
12172
12173
12176
12177
12178
12179
12180
12181
12182
12183
12184
12186
12187
12188
12189
12190
12191
12193
12195
12198
12200
12201
12204
12207
12209
12210
12211
12213
12214
12216
12217
12218
12219
12220
12221
12222
12223
12224
12225
12226
12227
12228
12230
12232
12234
12235
12236
12237
12239
12240
12241
12242
12243
12244
12246
12247
12249
12251
12252
12253
12254
12255
12256
12257
12258
12259
12260
12261
12262
12264
12265
12266
12268
12270
12271
12272
12274
12275
12279
12280
12281
12283
12284
12285
12288
12290
12291
12292
12293
12295
12296
12299
12300
12301
12302
12303
12304
12305
12306
12308
12309
12310
12313
12315
12317
12318
12319
12320
12321
12322
12323
12325
12326
12327
12329
12330
12332
12333
12334
12335
12338
12339
12340
12341
12342
12344
12345
12350
12352
12353
12354
12355
12357
12359
12360
12361
12362
12363
12365
12366
12367
12368
12369
12370
12371
12372
12373
12374
12375
12376
12378
12379
12380
12382
12384
12387
12388
12389
12390
12391
12392
12393
12396
12397
12398
12401
12402
12404
12406
12408
12409
12410
12411
12412
12415
12416
12417
12419
12420
12421
12422
12426
12427
12428
12432
12433
12434
12435
12436
12437
12438
12440
12443
12446
12447
12449
12450
12452
12453
12456
12457
12458
12459
12460
12461
12462
12463
12465
12466
12467
12469
12471
12472
12473
12477
12479
12481
12482
12483
12484
12487
12488
12489
12490
12491
12493
12494
12495
12496
12497
12498
12499
12500
12501
12502
12503
12504
12506
12509
12510
12512
12514
12516
12517
12519
12520
12521
12522
12523
12524
12525
12526
12527
12530
12533
12534
12535
12536
12537
12539
12540
12541
12542
12543
12544
12545
12547
12548
12550
12551
12552
12553
12554
12786
12557
12558
12559
12561
12562
12563
12564
12565
12567
12568
12569
12570
12571
12572
12573
12575
12576
12578
12579
12580
12581
12582
12583
12584
12585
12587
12588
12589
12590
12591
12593
12595
12596
12597
12599
12600
12601
12603
12604
12605
12607
12608
12609
12610
12611
12612
12613
12614
12615
12617
12618
12619
12622
12623
12624
12626
12630
12632
12634
12637
12638
12640
12641
12642
12645
12646
12649
12653
12654
12657
12658
12659
12661
12664
12665
12666
12668
12669
12673
12676
12677
12678
12681
12685
12688
12689
12691
12693
12694
12696
12697
12699
12704
12706
12707
12709
12710
12711
12712
12715
12718
12723
12724
12728
12729
12730
12732
12734
12735
12736
12738
12741
12742
12743
12744
12745
12746
12747
12748
12750
12751
12752
12753
12754
12755
12756
12757
12759
12760
12765
12767
12769
12770
12772
12774
12777
12778
12780
12782
12787
12788
12796
12798
12799
12800
12807
12808
12809
12810
12812
12813
12816
12819
12820
12822
12823
12825
12827
12828
12835
12836
12837
12839
12840
12842
12843
12845
12846
12847
12849
12850
12852
12853
12854
12855
12856
12857
12863
12864
12865
12866
12868
12869
12871
12873
12874
12875
12876
12877
12880
12881
12882
12883
12887
12888
12892
12893
12894
12895
12896
12897
12900
12901
12902
12907
12908
12910
12911
12912
12914
12915
12917
12918
12921
12923
12924
12925
12931
12935
12938
12943
12944
12945
12948
12950
12951
12956
12957
12959
12961
12963
12967
12968
12973
12974
12976
12980
12981
12983
12984
12985
12992
12995
12996
12997
12998
13001
13002
13006
13008
13010
13011
13012
13017
13018
13020
13022
13028
13029
13031
13033
13034
13038
13039
13040
13041
13042
13045
13046
13048
13049
13050
13052
13053
13054
13056
13058
13059
13062
13065
13068
13070
13073
13076
13077
13079
13080
13081
13082
13089
13090
13091
13093
13097
13098
13100
13101
13102
13103
13104
13105
13106
13107
13108
13111
13113
13114
13115
13118
13119
13122
13127
13128
13129
13130
13132
13134
13135
13140
13141
13143
13144
13145
13146
13151
13154
13155
13158
13161
13162
13163
13164
13173
13174
13175
13180
13181
13182
13184
13185
13186
13188
13189
13191
13194
13196
13197
13198
13199
13201
13202
13203
13204
13206
13207
13208
13214
13215
13216
13219
13220
13221
13223
13224
13225
13226
13227
13230
13232
13234
13237
13238
13241
13244
13245
13246
13247
13249
13250
13251
13252
13254
13255
13256
13258
13259
13260
13261
13262
13263
13264
13266
13267
13268
13269
13270
13271
13272
13273
13274
13276
14328
13278
13279
13280
13281
13282
13283
13284
13286
13287
13289
13291
13292
13295
13296
13298
13300
13303
13304
13305
13306
13307
13308
13309
13310
13312
13313
13316
13319
13321
13323
13324
13326
13327
13328
13329
13332
13333
13336
13337
13338
13339
13340
13341
13342
13343
13344
13346
13347
13348
13351
13352
13355
13359
13360
13362
13365
13366
13368
13370
13371
13373
13374
13375
13377
13378
13379
13382
13383
13384
13386
13387
13390
13391
13396
13397
13399
13402
13405
13406
13410
13411
13413
13414
13415
13419
13420
13421
13422
13425
13426
13429
13431
13432
13433
13435
13436
13437
13438
13439
13440
13444
13447
13448
13449
13456
13458
13459
13460
13464
13465
13466
13467
13471
13472
13474
13478
13479
13480
13485
13486
13487
13488
13489
13492
13494
13495
13497
13498
13499
13500
13502
13503
13504
13505
13506
13507
13508
13510
13511
13512
13515
13516
13517
13521
13523
13524
13525
13526
13527
13528
13530
13531
13532
13533
13537
13538
13539
13540
13542
13543
13544
13545
13546
13547
13550
13551
13552
13555
13556
13558
13559
13560
13562
13563
13564
13565
13567
13568
13570
13571
13572
13573
13574
13575
13577
13579
13580
13581
13582
13583
13584
13585
13587
13588
13589
13590
13591
13592
13593
13595
13596
13597
13598
13602
13603
13604
13605
13606
13607
13608
13609
13610
13611
13612
13613
13614
13615
13616
13617
13618
13619
13620
13621
13622
13623
13624
13625
13626
13627
13628
13629
13631
13633
13634
13635
13637
13639
13640
13642
13643
13644
13645
13646
13647
13648
13649
13650
13651
13652
13653
13654
13655
13656
13657
13658
13659
13660
13661
13662
13663
13664
13665
13667
13668
13669
13670
13672
13673
13674
13676
13677
13678
13679
13680
13681
13682
13683
13684
13685
13686
13687
13688
13689
13690
13692
13693
13694
13695
13696
13697
13698
13699
13700
13701
13702
13703
13704
13705
13706
13707
13708
13709
13710
13711
13712
13713
13714
13716
13718
13719
13720
13721
13722
13723
13724
13725
13726
13727
13728
13729
13730
13731
13733
13734
13735
13736
13737
13738
13739
13740
13741
13742
13743
13744
13745
13746
13747
13749
13750
13751
13752
13753
13754
13755
13757
13758
13759
13760
13762
13763
13765
13766
13767
13768
13769
13770
13773
13774
13775
13776
13777
13778
13779
13781
13782
13783
13784
13785
13786
13787
13788
13789
13790
13792
13793
13794
13795
13796
13797
13798
13799
13800
13801
13802
13803
13804
13805
13806
13807
13809
13810
13811
13812
13813
13814
13815
13816
13817
13818
13819
13822
13823
13824
13825
13826
13828
13829
13831
13832
13833
13834
13835
13837
13838
13839
13840
13841
13842
13843
13844
13845
13846
13847
13848
13849
13850
13851
13852
13853
13854
13855
13856
13857
13858
13859
13860
13861
13862
13863
13864
13865
13866
13867
13868
13869
13870
13871
13872
13873
13874
13875
13876
13877
13878
13879
13880
13881
13882
13883
13884
13885
13886
13887
13888
13889
13890
13891
13892
13893
13894
13895
13896
13897
13898
13899
13900
13901
13902
13903
13904
13905
13906
13907
13908
13909
13910
13911
13912
13913
13914
13916
13918
13919
13920
13921
13922
13923
13924
13925
13926
13927
13928
13929
13930
13931
13932
13933
13934
13935
13936
13937
13939
13940
13941
13942
13943
13944
13945
13946
13947
13948
13949
13950
13951
13953
13955
13956
13957
13958
13959
13960
13962
13963
13964
13965
13966
13967
13968
13970
13971
13972
13973
13974
13975
13976
13977
13978
13979
13980
13981
13982
13983
13984
13985
13986
13987
13988
13989
13990
13991
13992
13993
13994
13995
13996
13997
13998
13999
14001
14002
14003
14004
14005
14006
14007
14008
14009
14010
14011
14012
14013
14014
14016
14019
14020
14021
14022
14023
14024
14025
14026
14027
14028
14029
14030
14031
14032
14034
14035
14036
14038
14039
14040
14041
14042
14043
14044
14045
14047
14048
14049
14050
14051
14052
14053
14054
14056
14057
14058
14059
14060
14061
14063
14065
14066
14067
14068
14070
14071
14072
14073
14074
14075
14076
14077
14078
14081
14082
14083
14084
14086
14087
14088
14089
14090
14091
14093
14094
14095
14096
14097
14098
14100
14101
14103
14104
14105
14106
14107
14108
14109
14110
14112
14113
14114
14115
14116
14117
14118
14119
14120
14121
14122
14123
14124
14125
14126
14127
14128
14129
14130
14131
14132
14133
14134
14135
14136
14137
14139
14140
14141
14142
14143
14144
14145
14146
14147
14148
14149
14150
14151
14152
14153
14154
14155
14156
14157
14158
14159
14160
14161
14162
14163
14164
14165
14166
14167
14168
14169
14171
14172
14173
14174
14175
14176
14178
14179
14180
14181
14183
14184
14186
14187
14190
14191
14192
14193
14195
14196
14198
14199
14200
14201
14202
14203
14204
14205
14207
14208
14209
14210
14211
14212
14213
14214
14215
14216
14218
14219
14220
14221
14222
14223
14224
14225
14227
14228
14229
14230
14231
14232
14234
14235
14237
14238
14239
14240
14241
14242
14243
14246
14247
14248
14249
14250
14251
14252
14253
14254
14255
14256
14257
14258
14259
14260
14261
14262
14263
14264
14265
14267
14268
14269
14271
14272
14273
14274
14275
14276
14278
14280
14281
14282
14283
14284
14286
14287
14288
14289
14290
14291
14292
14293
14294
14295
14296
14297
14298
14299
14300
14301
14302
14304
14305
14306
14308
14309
14310
14312
14314
14316
14317
14318
14319
14320
14321
14322
14324
14326
14327
14329
14330
14331
14332
14333
14334
14337
14338
14339
14341
14342
14344
14345
14348
14349
14351
14352
14353
14354
14355
14357
14358
14359
14362
14363
14364
14365
14366
14367
14368
14369
14370
14371
14372
14373
14374
14375
14376
14377
14378
14379
14380
14381
14382
14383
14384
14385
14386
14387
14388
14390
14391
14392
14394
14395
14396
14398
14399
14401
14402
14404
14405
14406
14407
14408
14409
14410
14411
14412
14413
14414
14415
14416
14417
14418
14420
14422
14423
14424
14425
14426
14427
14428
14430
14433
14434
14435
14436
14437
14438
14439
14440
14441
14442
14444
14445
14447
14448
14449
14450
14455
14456
14457
14459
14461
14462
14464
14465
14467
14470
14472
14474
14477
14478
14479
14480
14483
14485
14486
14487
14488
14489
14490
14491
14494
14495
14496
14497
14498
14499
14501
14503
14504
14505
14506
14507
14508
14509
14510
14514
14515
14516
14518
14521
14524
14525
14526
14529
14530
14531
14532
14538
14539
14540
14541
14542
14543
14546
14547
14548
14550
14551
14552
14554
14557
14558
14561
14563
14566
14569
14570
14575
14576
14578
14581
14583
14589
14590
14593
14595
14596
14597
14598
14599
14600
14602
14604
14605
14606
14607
14608
14609
14610
14613
14614
14623
14624
14629
14630
14636
14637
14639
14645
14646
14648
14650
14651
14657
14659
14660
14661
14666
14667
14668
14672
14674
14676
14677
14678
14679
14685
14686
14687
14688
14689
14690
14693
14694
14697
14699
14706
14708
14715
14716
14718
14719
14720
14723
14725
14726
14727
14730
14734
14735
14736
14738
14740
14743
14744
14746
14748
14750
14751
14752
14757
14759
14762
14766
14775
14780
14781
14782
14788
14789
14793
14797
14798
14799
14802
14804
14805
14807
14809
14812
14813
14814
14817
14818
14823
14828
14831
14832
14837
14839
14847
14849
14851
14856
14858
14862
14863
14870
14871
14872
14878
14885
14886
14892
14896
14903
14904
14908
14909
14913
14918
14921
14924
14929
14937
14938
14948
14951
14954
14956
14957
14959
14961
14966
14968
14970
14982
14984
14988
14991
14994
14995
15001
15004
15011
15026
15027
15059
15061
15063
15068
15070
15072
15073
15075
15076
15077
15078
15082
15085
15088
15090
15093
15095
15098
15100
15101
15105
15106
15107
15110
15113
15116
15117
15119
15120
15121
15123
15124
15125
15128
15131
15134
15135
15136
15138
15142
15144
15146
15147
15151
15153
15155
15157
15158
15159
15160
15161
15164
15166
15173
15174
15175
15177
15181
15184
15186
15187
15192
15193
15196
15199
15202
15203
15206
15210
15212
15216
15220
15221
15224
15225
15228
15230
15232
15233
15240
15242
15244
15246
15247
15249
15250
15254
15258
15267
15271
15272
15276
15293
15298
15301
15304
15341
15344
15350
15359
15361
15364
15365
15368
15372
15375
15380
15381
15383
15389
15390
15391
15392
15409
15419
15420
15423
15427
15431
15432
15433
15434
15436
15441
15444
15445
15451
15457
15458
15460
15462
15466
15467
15468
15471
15472
15474
15475
15477
15479
15480
15482
15484
15488
15492
15493
15494
15495
15497
15498
15499
15500
15501
15502
15505
15506
15507
15508
15509
15513
15515
15517
15520
15521
15528
15529
15535
15539
15540
15547
15557
15559
15560
15564
15569
15571
15574
15575
15576
15577
15578
15588
15592
15594
15597
15623
15624
15633
15636
15643
15644
15647
15648
15649
15650
15652
15654
15655
15656
15658
15659
15666
15668
15669
15673
15674
15675
15676
15677
15679
15681
15682
15683
15684
15686
15687
15688
15689
15690
15691
15693
15695
15696
15697
15698
15699
15700
15702
15703
15704
15705
15707
15708
15709
15711
15713
15714
15717
15719
15720
15721
15722
15723
15724
15725
15727
15728
15729
