0
15334
19057
361
138
21483
494
81
275
148
13833
1784
4279
12382
1
2
36
23157
17798
3
5645
6811
52
923
1247
4
5
30
6
265
436
38
10
11
12
13
14
1318
593
9151
2171
130
112
16
17
18
19
4579
223
20
21
22
23
34
166
14442
493
24436
4853
24
28
20298
2873
27
832
90
5178
29
31
32
1528
10752
28424
33
35
5963
37
20376
39
40
41
42
43
44
7553
11976
6456
45
46
1954
1797
47
48
49
50
22536
51
1313
20013
787
2933
8504
10303
53
17979
54
55
17083
58
59
62
65
66
67
548
68
69
70
6503
13803
10522
6907
12442
72
73
74
516
153
75
76
77
78
439
79
80
195
451
82
871
83
84
85
86
87
88
89
91
2727
92
6457
19045
93
94
2639
95
96
97
98
99
7160
30892
25509
100
7618
27979
17522
3413
16985
101
102
104
105
106
107
14850
233
363
566
108
109
110
111
486
1228
1553
293
113
114
115
1386
1230
15006
116
121
122
123
124
125
126
127
5640
27211
18477
3599
1140
3676
2493
128
129
1400
16577
17733
24077
131
186
132
133
2100
8054
134
135
136
2839
137
139
140
141
142
143
144
9721
145
146
147
149
151
152
1243
154
155
156
157
158
159
8267
7789
3635
8058
160
14927
161
162
163
164
165
2949
20278
168
28395
169
170
171
172
173
174
175
177
865
934
3944
20459
204
4146
440
1307
178
14167
599
179
680
478
180
181
11640
182
15744
1412
1691
9932
15526
12841
16946
3123
11193
15445
16089
1755
15582
4195
15270
7158
183
184
185
187
192
193
194
16576
1475
22407
196
19027
197
198
199
22225
200
201
202
203
15355
27719
206
207
208
209
7919
210
211
9251
212
215
982
5337
26141
217
218
219
220
16677
18670
221
10854
2698
18418
222
224
27023
27960
14109
225
16368
226
229
230
231
4331
232
1218
2774
29469
234
235
236
237
238
239
240
241
243
244
246
1514
247
2548
1641
8286
248
249
250
253
254
255
256
22064
257
258
20252
259
260
2307
261
26113
23278
21972
951
26911
262
263
264
266
268
269
270
12220
463
21332
18423
21467
271
272
273
274
278
279
284
285
286
287
288
292
514
515
294
295
296
297
298
698
299
20439
300
301
302
303
304
5912
305
306
19482
28315
307
309
310
311
312
313
1238
381
315
4764
317
7212
318
360
321
322
323
14607
19806
324
325
326
327
328
329
330
331
332
333
560
335
337
339
343
345
1377
347
348
349
350
351
352
353
354
355
356
4789
357
358
359
475
362
365
366
367
369
370
371
372
14906
373
2486
374
375
378
379
380
382
385
386
20740
387
388
389
27712
391
392
393
394
395
397
398
399
400
401
403
404
13468
407
408
410
412
413
5433
606
414
415
417
418
419
13794
17578
26456
420
421
422
11837
423
426
427
428
2623
2428
429
430
6871
434
435
437
20345
23375
438
441
442
443
445
446
447
448
449
450
452
453
454
455
728
18793
456
457
458
459
462
2498
615
5826
1454
16497
12210
19043
11000
464
465
466
467
471
472
473
474
11160
476
477
481
482
17540
24085
22693
1574
17067
18672
24900
22725
23010
3426
752
23316
483
868
27868
484
5062
8108
9082
510
485
775
584
790
6794
3708
487
492
23197
2243
21381
495
496
497
498
499
500
505
506
509
512
4112
30411
4102
7927
513
4025
25465
28245
3094
15249
12440
988
517
518
4404
519
520
521
522
17746
524
525
526
527
528
531
533
2510
536
537
539
23289
11921
540
541
542
545
546
3279
547
549
550
23806
551
556
558
559
12647
562
563
18688
2917
564
8266
565
567
568
3168
6341
24490
569
570
22487
571
572
28248
573
7409
26732
16645
575
22726
576
577
578
579
580
581
582
583
14903
585
586
589
884
590
16929
11794
591
592
595
20092
597
598
9354
26915
19635
25669
18932
20942
600
601
23125
602
603
604
605
15832
607
608
11784
609
610
611
612
613
614
616
617
618
619
620
621
625
626
627
628
629
694
630
3847
631
632
633
634
635
636
18065
637
638
639
7760
640
15283
641
642
14050
1437
643
645
647
648
649
650
4459
21749
5753
19135
653
654
656
657
658
660
661
662
8524
663
664
665
1455
20246
666
668
669
671
672
673
674
675
677
678
679
681
682
683
685
686
687
22821
688
689
690
691
692
693
23462
695
696
697
699
700
701
702
703
704
705
706
707
708
20119
709
710
711
712
714
715
717
718
719
720
721
725
727
22200
987
729
730
12464
731
732
733
734
735
736
737
738
739
742
743
744
745
746
747
748
751
7749
5530
755
756
757
10897
1950
758
759
760
761
762
763
764
765
766
767
768
769
770
771
772
773
774
3872
778
779
780
781
782
783
784
785
786
788
789
791
792
793
794
795
796
797
798
800
5488
1124
801
802
805
806
807
808
811
812
813
814
815
819
820
821
822
823
824
825
826
1733
828
829
830
1141
831
833
834
835
836
837
5636
838
840
841
842
843
844
845
846
847
848
849
850
851
852
853
854
855
856
857
10220
2591
858
859
863
864
866
867
869
870
872
874
875
876
877
1246
3355
878
879
880
881
882
23775
883
885
886
887
888
889
890
891
892
893
894
895
896
898
3729
26218
29590
958
899
900
901
28185
6636
902
929
903
17273
904
905
908
909
18445
30930
21656
910
911
912
913
914
915
916
917
918
919
920
921
922
17996
24600
1426
1476
928
930
932
933
935
936
937
938
939
940
941
942
943
945
946
947
948
950
952
953
1441
954
955
956
4481
957
1595
5403
959
960
961
962
963
10432
9867
964
1095
965
966
967
968
969
971
972
973
974
975
976
977
978
979
10544
3383
983
984
985
20493
3303
986
989
991
992
993
994
995
996
997
12548
5449
5039
999
1001
1003
1005
1007
1008
1009
16331
1010
1011
1012
1013
1014
1015
1016
1017
1018
5397
1019
1020
1022
1023
18872
1024
1025
1026
1027
1028
1029
1030
1031
30775
1032
1034
1035
1037
1038
1039
1040
1041
1042
1043
1045
1046
1049
1050
1051
1052
1053
1055
1056
1057
1058
14625
2359
2481
1059
1061
1062
1063
1064
1065
1066
1067
1069
1071
1072
1073
1076
27123
1077
1078
1079
1080
1082
1083
1084
1085
1086
1087
1088
1147
1089
1090
1093
1094
1098
1099
1100
1101
1102
1103
21964
13042
1104
1105
1106
1107
7918
1108
1112
1113
1116
1117
19728
1272
1118
1120
1121
1122
12360
12196
1125
6825
1131
1132
1133
1134
1136
1137
15354
1138
1139
1142
1143
13735
1144
7710
1145
1146
20805
1612
12930
2333
1148
1149
1150
1152
1153
1154
1155
1156
1157
1158
1159
1160
1378
1161
1162
1163
16043
2895
1164
1165
1166
1167
1168
1169
1170
1172
1173
1174
1175
1176
1177
1178
1179
1180
1181
1182
1183
18125
1186
1187
1188
1189
3772
1191
1192
1193
17035
12730
17182
1194
1195
1196
1197
1199
1200
1201
1202
1203
1205
1206
1207
1208
1209
1210
1211
1212
1213
1214
1215
16564
1217
1384
1219
1220
9888
17656
1221
1222
1223
5452
1224
1225
1226
1227
1231
1232
1234
1235
1236
1237
7539
1239
1240
26851
1241
1242
1245
1249
1252
1253
1254
1255
1256
1611
1257
1258
1259
19044
1260
1261
1262
1263
2855
2657
2658
1265
1266
1267
1268
1269
1270
1271
1273
1274
1275
1276
1277
1279
1280
1281
1282
1283
1284
27862
1285
1286
1287
1288
1289
1290
1291
1292
14585
1294
1296
1297
1298
1299
1300
1301
1302
1303
1305
1306
14592
1309
12544
10429
11134
1310
1311
1312
21664
16392
6799
13329
2709
8404
1339
1315
1316
1317
5795
1319
1321
1322
27565
1325
1326
18134
1327
1328
1331
1332
1333
1334
1335
1336
1337
1338
14590
1340
1341
1347
1348
1351
1354
1355
1356
1358
1360
1361
13995
1362
1363
1364
1365
11639
1367
1368
1369
1370
1371
5267
1372
14072
4248
1373
1374
13787
1375
1376
12338
1503
1379
1380
1381
1382
1383
1385
1387
1388
1389
1390
1391
1392
1393
1394
1395
1399
2995
1401
1402
1403
1404
1405
1406
1407
1408
1409
1410
1411
21875
18004
12268
1414
1415
1417
1421
1423
21285
1424
1425
16898
1427
1434
24061
1436
1438
1442
4077
1444
1446
1451
1459
1461
1462
1465
1467
1468
1469
1470
1471
1481
1473
1474
1477
11114
22580
1479
1480
20109
23298
1482
1483
1484
1485
1486
1489
14499
1490
1491
4514
10650
1493
26417
8791
1494
1495
1497
1498
1500
1501
11552
1502
1504
1505
1506
1507
1508
3749
1509
1511
1512
1515
1516
1517
1518
1520
1521
1525
1526
1527
1529
1530
1531
3048
1532
1533
1534
1535
1536
1539
1540
1542
1543
1544
1545
1546
1547
1548
1549
1550
1551
1552
1554
1557
3496
1558
1560
1563
1564
1567
1568
1569
1570
1571
1572
1573
1575
1576
1577
1578
1579
1580
1581
1582
1583
1587
1588
1589
1593
1594
1769
1596
1597
1598
1599
12764
1602
3000
26666
1603
1605
1606
1608
1609
1610
7356
1615
1616
1617
5473
1618
1619
1622
1624
1625
1627
1628
1629
1630
1631
4819
1632
4072
1633
1634
7966
1635
1636
1638
1639
1649
1640
1642
1643
1644
1645
1646
1647
1648
1650
1651
1652
1654
1655
1656
1657
1659
1660
1661
1662
1663
1664
1665
1666
1667
15917
1671
1679
4654
1692
1694
1697
1703
1707
7119
1736
1750
1751
1752
12055
1780
1783
1804
1819
1822
1823
1844
17992
1852
1859
1862
1871
1878
1883
1886
1888
1891
1896
1897
1904
1922
1927
1928
1944
1946
1953
6201
18739
1956
1963
1968
1972
1976
1977
1983
1991
1994
1996
1999
2001
2006
5759
2020
2023
2042
2047
2051
20344
14768
2437
2052
3822
2580
2057
2060
2061
2346
2073
8390
5005
2089
2096
2099
2537
17261
2106
2116
2118
2133
2140
2142
2143
2144
2154
16821
5521
2159
2163
2166
2170
2172
2175
9119
2176
2178
2186
2201
2204
2207
2208
2215
4848
2216
2219
2226
2227
18472
7506
2234
2235
2236
2237
2241
2251
2253
2255
2263
2264
2266
2267
2270
2271
2278
2279
23007
2281
17602
2282
28179
18291
22717
2284
2287
2290
2295
2304
2308
2309
2310
2311
2313
2315
2320
2328
12271
2416
2330
2331
2334
2335
2341
2343
17064
2351
2355
2358
20963
2360
2364
2365
2366
2382
2383
2384
2391
2392
5498
2393
2394
2400
2403
2409
2414
2415
2417
2421
2422
2534
2430
2438
2439
2441
2449
2452
2455
2463
2470
2471
2472
2480
2483
20512
4737
7213
15923
2495
19361
2489
2490
2492
2494
2501
2502
2503
2504
2505
2511
2513
2519
2521
2529
2536
2612
2538
2540
2551
5406
2552
2556
2559
2563
2564
2567
2569
2574
2577
2578
2579
2583
18480
3165
2595
2597
2599
2600
2601
2604
2605
2611
2615
2618
2622
2625
2630
2636
2638
2640
13440
2642
2643
2644
2651
2653
2655
2656
10771
25646
5055
2662
2665
2666
2667
13434
2668
2669
29069
2678
8441
2679
2683
2685
2691
2692
2693
2696
2714
2723
2726
2728
28919
2730
2731
2732
20362
2733
2737
2738
2761
7281
2772
10664
2776
2777
2778
2791
2794
7279
2805
2826
2832
6410
2837
3137
2840
2843
2844
2847
2851
2856
2860
2872
2888
2889
2894
2896
2897
2898
2899
2911
2915
2919
2921
2922
2925
2928
2929
26473
2931
2935
2937
2942
2943
2948
2956
2957
2994
2997
2998
11361
3085
13631
3003
3005
3006
3010
3013
3014
3019
3020
3021
3022
3027
3029
4243
3030
3032
3037
3979
20475
3038
3044
3052
3056
3061
3062
3063
3065
3066
21783
3067
20646
10003
3072
3073
3074
3075
3077
3079
4878
3087
3088
3091
4862
3095
3098
3099
3100
3103
3104
3105
3109
3112
3113
3116
3117
3120
3121
3122
3124
3127
3131
3134
3135
9913
3142
3311
3145
3147
3148
3149
3150
3151
3153
3156
8820
3158
3162
3167
16394
3172
3175
3177
3180
3185
6219
4218
4892
3186
3191
9457
3192
3193
3194
3202
3203
3204
3206
3207
3211
3212
3213
3217
3219
3220
3221
3227
3228
16829
3232
3233
11113
3237
3242
3246
3248
3252
3253
3259
3260
3261
3262
3272
3274
3275
9841
3276
19364
3281
3283
3284
3291
3292
28980
3312
3317
3318
14982
22103
3320
3321
3325
3326
3327
3328
3330
3332
3333
3341
3343
3347
4073
3352
3353
3618
3354
3359
25561
4435
3362
3363
3366
3368
3369
3372
3374
3376
3379
3380
3381
3385
3389
3390
3391
3395
3399
3401
3403
3404
3405
3406
3408
23883
3409
3412
3427
3433
3436
3437
10692
3441
3448
3452
3455
3456
3458
3460
3465
3469
3473
3474
20371
3475
3476
3477
3478
3479
3480
3482
3487
3488
3489
3896
3490
3493
3498
3499
3505
3509
3513
3514
3517
3520
3522
3523
3525
3526
3528
25874
8853
9881
6433
10786
14888
5615
3529
3538
3540
3541
3543
3545
3546
3550
3552
3556
3558
3561
3563
3564
3565
3566
3570
3571
3572
11287
3573
3574
27728
3575
3578
3581
3586
19007
3588
3593
3595
7855
22599
3602
3603
3613
3614
17193
3620
3623
3624
3936
3627
3631
3632
3637
3638
3640
4272
3660
3641
3642
3643
3644
3649
3652
3653
3655
3656
3657
3658
21741
3661
3664
3665
3668
3669
3670
3672
3675
3677
3678
3679
3680
3681
3682
3684
3686
15172
3689
3690
3692
3693
3694
3695
3701
3702
6370
3703
3705
3706
3709
3712
3713
3714
3721
3722
3724
3726
30273
23223
14106
3732
3734
3735
5496
5155
3737
3738
3740
3748
5780
5400
3756
3758
3759
3761
3763
3765
3766
4093
3769
3770
3771
3775
3776
3777
3778
3779
3781
3784
3787
5287
3788
3789
3790
3792
3796
3798
3802
4988
3807
3809
3810
6512
3816
8667
16471
3817
3818
3819
3821
3823
3824
3825
3827
3829
3831
3832
3833
3834
3836
3837
3839
3840
3841
4594
4355
3844
3850
3851
3852
3853
3855
3857
3860
3861
3866
3867
3868
21756
3869
3871
11293
3873
3874
3875
3877
3878
3881
3882
3883
3884
3885
4431
3888
3892
3895
15471
3898
3899
3900
3902
3903
3904
3906
3907
3910
3911
3912
3913
3914
3915
18265
3916
3917
3919
3920
3928
5828
3930
3933
5329
16310
3939
3941
13045
3943
3946
3949
3950
3951
3957
3958
3960
3963
3964
3965
5051
3972
3978
3980
3982
3984
8566
3987
3988
3989
3992
3993
3994
3995
3996
3997
3999
4003
4006
4008
8385
5475
4009
4012
4014
12208
4016
8171
12725
5334
6975
4017
4018
9907
4019
4020
4023
4024
18544
9682
4026
4030
4032
4037
4038
4044
4045
4048
4052
12555
4053
4060
4062
4063
4064
4071
4074
8526
4076
4079
4080
4081
4086
4087
4092
4096
4101
4105
4107
4108
4110
4111
4113
8708
4389
4117
4129
4130
4131
4134
4136
4139
4141
4142
4143
4144
7297
10887
4151
4152
4154
4156
4157
4158
4160
4163
4165
4167
4168
4171
4174
4175
4176
4179
4180
4186
4188
4193
15039
4197
4200
4205
4206
17123
4209
4210
4211
5212
4217
26517
10886
4219
4221
4222
4228
4229
4231
4234
4235
4237
4239
7608
4240
4241
4242
4244
4956
4247
4250
4251
4252
6777
4253
4257
4261
6517
4262
4263
4264
4267
4270
7917
18262
4273
4274
4278
4281
4282
4284
4285
4286
4287
4288
4290
4292
4298
4299
4301
4303
4306
4307
4308
4643
4312
4313
4315
4321
4322
4325
4326
16458
4327
4332
4335
4339
4343
4347
17727
4349
4350
4354
4362
4363
4364
4365
17752
4367
4368
4370
4372
4373
4376
4377
4460
4379
4381
4387
4388
4391
4393
4394
4399
4401
4402
4828
4405
4565
9357
4408
4410
4411
4415
4419
4421
4423
4424
4425
4427
4428
4429
4430
10029
4433
4434
11661
4436
7489
4437
4438
4442
4443
4444
4446
4447
4450
4451
4453
4454
4455
4457
4461
4462
4472
4473
4477
4479
4490
4492
4493
4502
4505
4508
4509
4510
4511
4512
4515
4518
4519
4522
7088
8409
4526
4527
4528
4529
4531
4533
4534
4535
4537
4540
14883
4547
4548
4550
4554
4555
4556
4560
4562
9825
11023
4568
4570
4571
5525
4573
4577
4581
4585
4586
4588
8255
4598
7003
4599
4601
4602
4603
4605
4612
4613
4614
4622
11067
4627
4633
4636
4638
4645
4646
4649
4650
4652
7656
13836
4655
4657
4658
4659
4660
4661
4662
4666
4671
23457
4676
4677
4682
4683
4685
4689
4692
4693
4700
4708
4709
4713
4718
4719
4722
4724
4726
4728
4729
4730
4733
4735
4739
4744
4746
4748
5221
4749
4750
4752
4756
4759
4761
4765
4768
4769
4770
4772
4773
4776
4777
4781
4783
4784
4785
4790
30201
4791
4793
4794
4797
4893
4801
4802
4805
4808
4810
4811
4812
4813
4815
4816
4821
4822
4823
4824
4827
15984
4829
4830
4832
4836
4840
4844
4845
4846
4849
4856
4858
4859
4863
4865
4868
4870
4872
4876
4879
4880
4881
4884
4885
4888
4889
8800
4894
4898
4906
7666
4910
4911
4918
4921
4922
4923
4926
4927
4928
4929
4930
4936
4938
4939
4940
4941
4943
4944
4946
4947
4953
4964
4965
4966
4970
4971
4972
4975
4978
9715
4980
4982
4985
4992
4996
4997
5000
5002
5012
5014
5015
5019
5022
5027
5030
5034
5035
17385
5041
7268
5044
5046
5049
5054
5065
5069
5070
5080
5082
5084
5087
5090
5093
16116
5095
5096
5098
5100
5101
5104
5106
5109
5112
5118
5121
5124
5126
5128
5130
5132
5136
5137
5139
5142
5143
5145
5148
5150
5151
5152
5159
5163
5164
8641
5169
5173
5174
5175
5179
5183
5190
5195
5200
5201
5202
5206
5208
5211
5749
5213
5216
5217
5219
5220
5621
5228
5229
5230
5232
5236
5238
5239
5240
5241
5242
5243
5244
5245
5246
5247
5248
5249
5250
5251
5252
5253
5254
5257
5258
5264
5266
5272
5273
5276
5278
5279
5280
5281
5284
5293
5295
5296
5297
5301
5302
5305
5308
5310
5320
5321
7215
5327
5330
5331
5332
5333
5336
5338
5339
5342
5343
5344
5345
5349
5353
5356
5357
5358
5359
5363
5364
5371
5372
5383
19592
5386
5388
5389
5392
5393
5395
5396
5404
5405
5409
5411
5415
5419
5421
5426
5427
5428
5431
5434
5437
5440
5442
6354
5445
5446
5447
5451
5453
5455
5458
5459
5462
5465
5471
5474
5477
5479
5481
5493
5497
5499
5502
5503
5505
5507
5513
5517
5518
5522
5523
5528
5529
5534
5537
5542
5545
5546
5548
5549
5552
5553
5554
5555
5557
5559
5561
9939
5562
5565
8013
5566
5568
7933
5569
5570
5571
5572
5573
5574
5575
5576
5577
5578
5579
5580
5581
5582
5583
5585
5586
5587
5588
5589
5590
5591
5592
5595
5596
5597
5599
5604
5605
5607
5610
5611
5614
5617
5619
5620
5624
5626
5628
5629
5630
5632
5633
5635
5638
5639
5642
5644
5646
5647
5648
5649
5650
5652
5653
19554
5658
5659
5664
5665
5667
5669
5670
5671
18279
5673
5675
5676
5680
5681
5682
5683
5686
5689
5691
5692
5695
5696
5697
5699
5700
5704
5706
5707
5708
5709
5710
5711
5712
5713
5714
5715
5716
5717
5718
5719
5720
5721
5722
5723
5724
5725
5726
5729
5732
5735
5736
5737
5738
5739
5740
5741
5742
5748
5750
5755
5756
5768
5769
5774
5775
5777
14435
5781
5785
5786
5787
5790
5791
5794
5797
5799
5800
5801
5802
5803
5804
5805
5810
5811
14362
5813
5816
5818
5819
5824
5825
22884
5830
5839
5842
5843
5844
5846
5852
5853
5854
5855
5857
5858
5859
5863
5865
5869
5872
5873
5874
5876
5877
5878
5879
5880
5881
5882
5883
5884
5885
5886
5887
5888
5889
5890
5891
5892
5893
5894
5895
5897
5898
5902
5903
5905
5906
5908
5910
5911
5917
5919
5921
5925
5927
5933
5935
5936
5940
5942
5945
16056
5946
5947
5948
5949
8408
5953
5957
5958
5959
5960
5961
5970
5971
5972
5973
6304
14595
5976
5977
5978
5981
5982
5984
5985
5989
5995
5997
5999
6000
6003
6012
6016
6017
6021
6022
6024
6026
6027
6028
6029
6030
6031
6032
6033
6034
6035
6036
6037
6038
6039
6040
6044
6045
6047
6048
6049
6051
6052
25357
6054
6059
6064
6065
6067
6068
6070
6072
6075
6078
6080
6081
6090
6092
8066
6093
6094
6096
6100
6106
6108
6110
6111
6116
6117
6120
6121
6122
6123
6127
6130
6135
6136
6137
6141
6144
6150
6151
6154
6155
6156
6157
6159
6163
6167
6169
6170
6171
6172
6173
6174
6175
6176
6177
6178
6179
6180
6181
6182
6183
6184
6185
6186
6187
6192
6193
6196
6197
6199
6204
6206
6218
6220
6224
6226
10727
6227
6228
6230
6236
6239
6241
6244
6250
6252
6257
6260
6262
6263
6264
6271
6275
6279
6281
6282
6284
6288
6291
7854
6299
6301
6302
6303
6305
6306
6307
6308
6309
6310
6311
6312
6313
6314
6315
6316
6317
6318
6319
6320
6322
6324
6326
12189
6329
6334
6336
6339
6340
6342
6344
6352
6359
7546
6363
6365
17433
6368
6369
6374
6380
6383
6384
6391
6392
20323
6393
6397
6400
6401
6402
6403
6407
6413
6414
6417
6421
6423
6424
6425
6426
6432
6434
6437
6444
6446
6453
9830
6458
6461
6464
6469
6471
6473
6475
6479
6481
6482
24341
6484
6488
6489
6492
21422
6494
6498
6501
6505
6514
6515
6516
6523
6528
6530
6531
6534
6535
6542
6543
6548
6551
6555
6557
6560
6564
6565
6568
6572
6573
6575
6576
6580
6585
6586
6590
27618
20645
6595
6596
6599
6603
6606
6607
6608
6610
6611
6615
6631
6634
6639
6640
6642
6645
6646
6647
6651
6652
6654
6655
6656
6659
6664
7449
6666
6669
6670
6672
6675
6676
6680
6681
6683
6684
6685
6686
6687
6690
6691
6692
6696
6698
6699
6700
10772
6701
6703
6706
6709
6711
6720
6722
6726
6730
6732
6734
6735
6740
6742
6744
6746
6747
6754
6756
6757
6759
6765
6767
6768
6771
6774
6775
6778
6783
8538
6958
6788
6791
6797
6798
6800
6804
18907
6806
6808
6813
6814
6821
6823
6826
6827
6831
6833
6834
6837
6840
6842
6843
6846
6848
6855
6859
8280
6860
6861
6862
6864
6866
6869
6870
18791
6874
6876
6878
6882
6885
6887
6889
6890
6891
6894
6895
6897
6899
6905
6906
8314
6910
6913
6915
6917
6918
6922
6928
6932
6935
6939
6940
6942
6945
6947
6948
12781
6955
8099
6957
6960
6961
6964
6970
6972
6976
6977
6979
6981
6982
6988
6989
11447
6993
6997
6999
7006
7010
7011
7012
7015
7016
7020
7021
7023
7024
7030
7031
7035
7041
7042
7044
7045
7047
7048
7059
7060
7061
7064
7072
7073
7075
17926
7078
7079
7082
15597
7084
7085
7092
7093
7096
7098
7099
7100
7102
7104
7114
7117
12424
7121
7122
7125
7128
7130
7136
7139
7141
7153
7154
7156
7157
7168
7174
7177
7181
7182
7187
7188
7190
7192
7199
7200
7203
7209
7873
8166
7408
7214
7219
7222
7224
7226
7227
7228
7236
7237
7239
7240
7241
7243
7244
7249
7252
7253
7256
7257
7260
7262
7266
7274
7275
7276
7277
7280
8652
7286
7287
7289
7291
7293
7295
7298
7299
7312
7314
7315
7318
7319
7320
7323
7328
7329
7330
7334
7338
7339
7344
7345
7350
7351
7352
7353
7355
14876
10495
7358
7360
7370
7374
7380
7383
7384
7388
7391
7392
7393
7395
7402
7404
28167
23688
28953
28159
7414
7416
7418
7420
7426
7427
7429
7430
7448
7434
7437
7445
7446
7455
7459
7460
7462
7466
7467
7468
7470
7471
7472
9755
7482
7483
7490
7491
8395
7495
7502
8128
7503
7510
7512
7516
7520
7523
7524
7527
18156
7528
7529
7530
7535
7536
12685
7540
7541
7543
7545
7549
7550
7556
7557
7559
7561
7562
7563
8039
7565
7566
7567
7571
7572
7582
7585
7587
7596
7599
7600
7601
7604
7605
7606
7609
7610
7613
7615
7621
7622
7626
7627
7632
7633
7634
7636
7639
7646
7653
7662
7665
7667
7670
7674
7675
7676
7677
7683
7684
7690
7693
7694
7696
7705
7706
7709
26580
7871
7711
7713
7714
7715
19428
7716
7720
7723
7724
7726
7727
7729
7732
7738
7744
7746
7748
7754
7755
7761
7762
7767
7770
7772
7776
7777
13273
7778
7779
7783
7784
7786
8712
7986
10549
10267
15742
16661
7799
7801
7803
7807
7814
7821
7824
7826
7827
7829
7831
7832
7834
7836
7839
7840
7842
7843
7844
7846
7851
7853
7860
7862
7865
7866
7868
7870
7876
7878
7880
7881
7885
7892
7895
7898
7912
7913
7915
7920
7923
7924
7932
7937
7940
7943
7945
7948
7949
7950
7953
7961
7964
7965
7968
7970
7971
7973
7976
7977
7982
7988
7990
7992
7993
7996
7997
7998
8000
8008
8010
8014
8016
8017
8018
8020
8024
8025
8029
8031
8033
8038
20440
8042
8043
8049
8055
8057
8060
20953
8065
8069
8070
8071
8079
8083
8085
8086
8087
8089
8094
8096
8097
8098
8330
8101
8102
8104
8105
8106
8107
8111
8118
8120
8125
8126
8127
8130
8131
8134
8135
8137
8140
8147
8150
8151
8152
8153
8157
8159
8164
8882
25379
18799
18798
8179
8180
8182
8183
8188
8190
8195
8196
8197
8198
8203
8207
8229
8231
8237
8239
8240
8244
8247
8254
8256
8261
8262
8265
8271
8272
8275
8276
8277
8279
9927
8285
8289
8291
8294
8296
8297
8298
8302
8304
8309
10812
8315
8317
8321
8322
8328
8335
8336
8339
8340
8341
8345
8348
8349
8352
8355
8357
8358
8365
8367
8368
8369
8376
8382
8388
8389
15040
8393
8402
8410
8411
8412
8417
8419
8420
8421
8422
8423
8424
8427
8430
8431
8432
8433
8434
8438
8439
8440
8449
8450
8455
8456
8457
8458
8459
8462
8464
8466
8468
8473
8475
8477
8478
8479
8485
8486
8487
8488
8489
8493
8495
9839
8496
8498
8501
8502
8503
8505
8516
8520
8521
8522
8523
13801
8525
8531
8532
8533
8537
8539
8541
8545
8547
8551
8552
8554
11142
8956
8555
8563
8564
8570
8574
8577
8580
8581
8582
8584
8586
8587
8589
8595
8596
8597
8599
8602
8605
8606
8607
8610
8611
8613
8616
8620
8621
8622
8627
8628
8631
8632
8635
8636
8639
8642
9072
8643
8644
8647
8648
8649
8655
8659
8660
8662
8663
8666
16965
8670
8672
8675
8677
8681
8682
8684
8685
8686
8692
8697
8698
8700
8702
8703
8704
8706
8707
8709
8713
8718
8719
8720
8721
8723
8726
8727
8732
8736
8741
8742
8746
8747
8748
8760
8761
8762
8763
18411
8764
8770
8771
8777
8778
8779
8781
8782
8784
8789
29003
8792
8794
8796
8798
8803
8807
8808
8811
8813
8815
8816
8818
15695
8824
8825
8826
8827
8830
8836
8837
8839
8846
8847
8848
8850
8851
8852
8985
8855
8857
8860
8863
8864
8869
8870
8871
8872
8876
8877
8878
8888
8889
8890
8892
8893
8894
8904
8905
8911
8914
8918
8920
8923
8924
8925
8929
8931
8932
8936
8938
8939
9566
8942
8943
8944
8950
14048
8959
8960
8962
8964
8967
8968
8972
8975
8977
8981
8982
8984
8986
8989
8991
8994
8996
9002
9003
9005
9006
9007
9009
9010
9013
9019
9021
9024
9031
9038
9039
9041
9042
9044
9052
9055
9056
9057
9058
9059
9062
9068
9071
9073
9075
9081
9083
9084
9085
26448
9094
9101
9106
9109
9111
9115
9117
9118
9130
9131
9132
9133
9135
9140
9144
9145
9147
9148
9149
9153
9154
9155
9160
9162
9165
9166
9168
19062
9170
12020
9171
9174
9175
9176
9178
9182
9183
11614
9184
9187
9189
9190
9193
9194
9200
9202
9204
9206
9207
9209
9212
9213
9217
9219
9221
9224
9229
9231
9232
9235
9239
9242
9244
9245
9246
9247
9248
9249
9250
9252
9262
9264
9265
9266
9269
9271
9273
9276
9278
9282
9283
9286
9288
9290
9292
9293
9297
9298
9299
9305
9307
9308
9310
9312
9313
9315
9318
9328
9330
9331
9332
9333
29839
10744
9335
9336
9349
9351
9352
9366
9379
9382
9383
9394
9396
9397
9399
12003
9400
9401
9402
9403
9408
9412
9418
9422
9427
9429
9430
9431
9436
9439
9442
9447
9448
9454
9460
9462
9463
9464
11120
9465
9467
9471
9472
9473
9474
9475
9476
9480
9481
9483
9486
9487
9489
9502
26522
9504
9506
9507
9516
9519
9523
9524
9525
9529
9530
12428
9535
9536
9537
9542
9544
9548
9553
9554
9559
9560
9561
9563
9565
9567
9568
9570
9572
9574
9579
9580
9585
9588
9589
9591
12237
9593
9594
9599
9600
9603
9605
9606
9607
9609
9614
9615
9616
9618
9620
9621
9628
9629
9635
9636
30975
9638
9642
9643
9646
9648
9663
9664
9666
9667
9669
9670
9673
9697
9675
9676
9677
9679
9680
9683
9684
9686
9687
9689
9693
9696
9699
9701
9711
9714
17085
9722
9724
9726
9729
9735
9736
9742
9745
9746
9751
9752
9754
9757
9758
9761
9763
9765
9766
9769
9770
9771
9772
9775
9777
9779
9780
9781
9782
9783
9787
9788
9791
9794
9796
9799
9800
9804
9810
23801
9815
9818
9820
9823
9826
9827
9828
9829
9831
9832
9834
9838
9840
9844
9849
9856
9858
9862
9868
9869
9870
9872
9880
9883
9889
9896
9897
9898
9899
12817
9900
9903
9904
9906
9909
9911
9912
16119
9915
9926
9930
9931
9934
9935
9938
18667
9940
9941
9942
9943
9945
9946
9948
9951
9954
9955
9956
9960
9961
9962
16028
9966
9977
9979
9980
9981
10282
9984
9988
9994
10002
10006
10007
10008
12032
10013
10022
10023
10024
10028
10039
10040
10041
10045
10046
10047
10048
10052
10053
10054
10055
10057
10062
10063
10064
10065
10068
10072
10073
10076
10627
10079
10081
10086
10091
10095
10096
10097
10099
10100
10102
10105
10106
10110
10111
10116
10117
10120
10122
10124
10126
10127
10130
10133
10138
10139
10143
10144
10146
10154
10156
10161
10162
10165
10167
10169
10171
10172
10173
10174
10180
10181
10183
10185
10195
10199
10200
10201
10203
10207
10210
10211
10212
10213
10215
10216
10221
10222
10223
10224
10226
10229
10235
10237
10239
10242
10244
10251
10252
10256
10259
10260
10262
10265
10266
10268
10269
10270
10272
10275
10276
10277
13548
10279
10280
12738
10283
10284
10285
10289
28730
10291
10292
10294
10295
10297
10298
10299
10300
10304
10305
10306
10309
10315
10318
10321
10323
10328
10330
10335
10341
10342
10343
10344
10346
10347
10348
10349
10351
10352
10353
10354
10355
10360
10362
10364
10365
10370
10371
10374
10375
10379
10381
10384
10385
10386
10396
10401
10403
10407
10411
10413
10414
10415
10418
10424
10425
10426
10430
10433
10436
10438
10447
10449
10452
10455
10457
10458
10459
10462
10463
10465
10466
10469
10474
10477
10478
10481
10482
10490
10491
10492
10496
10499
10502
10506
10508
10510
10515
10517
10519
10520
10521
14448
10523
10524
10527
10532
10534
10537
10538
10540
10546
10547
10552
10553
10557
10558
10563
10569
10571
10574
10576
10577
10581
10583
10585
10588
10591
10594
10595
10599
10604
10606
10611
10615
10616
10617
10620
10621
10623
10625
10626
10632
10637
10638
10640
10642
10646
10648
10649
10652
10654
10655
10657
10659
10661
10665
10667
10668
10673
29864
10675
10682
10687
10688
10691
10700
10701
10702
10703
10704
10706
10707
10708
10710
10716
10717
10718
10719
10724
10729
10731
10732
10733
10745
10747
10748
10749
10753
10755
10758
10760
10766
10770
11575
11764
10773
10776
10785
11859
10788
10789
10790
10792
10795
10797
10798
10801
10802
10805
10807
10810
11698
10813
10815
10820
10826
10827
10830
10834
10835
10837
10838
10843
10845
10846
10847
10849
10850
10855
10856
10857
10859
10863
10865
10868
10869
10870
10877
10879
10881
10882
29526
18742
10888
10889
10895
10899
10900
10908
10912
10916
10919
10920
10921
29925
10922
10923
10924
10926
10929
10930
10931
10935
10938
10939
10941
10942
10943
10947
10954
10955
10956
10957
10958
10959
10960
10962
10963
10965
10967
10970
10971
10974
10977
10978
10985
10986
10987
10988
10989
10990
10991
10997
23774
11001
11003
11005
11007
11008
11010
11014
11016
11019
11020
11027
11031
11033
11038
11040
11043
11045
11048
11049
11051
11052
11055
11056
11057
11060
11062
11064
11065
11071
11073
11074
11077
11078
11079
11080
11090
11091
11095
11101
11103
11105
11106
11108
11112
11117
11118
11119
11123
11124
11126
11127
11128
11129
30193
11130
11133
14532
11137
11139
11140
11141
11145
11147
11151
11152
11165
11168
11171
11172
11174
11177
11180
11183
11186
11187
19939
19983
11189
11190
18685
11196
11202
11212
11214
13673
11216
11221
11223
11225
11228
11229
11235
11241
11242
11244
11247
11248
11251
11254
11256
11258
11259
11260
11262
11263
11267
11269
11273
11275
11277
11279
11283
11285
11286
19229
11288
11289
11292
11294
11295
11298
11302
11303
11304
11305
11306
11307
11325
11329
11330
13067
11336
11339
11340
11342
11343
11344
11345
11346
11347
11350
11351
11353
11354
11356
11358
11359
11362
11363
11389
11428
11429
11431
11432
11436
11443
11444
11445
11446
11454
11458
11462
11464
11466
11467
11468
11470
11474
11475
12689
11476
11479
11481
11487
11489
11490
11493
11494
11495
11496
11497
11498
11500
11502
11503
11505
11506
11508
11509
11510
11511
11513
11514
11518
11523
11527
11531
11533
11537
11538
11544
11545
11546
11547
11550
11555
11560
11563
11566
21592
11568
11571
11573
11577
11578
11579
16361
11581
11585
11589
11593
11595
11596
11610
11611
11612
11613
11618
11619
11621
11624
11625
11626
11628
11629
11630
11632
11635
11642
11646
11649
11650
11652
11653
11655
11656
11660
11664
11665
11669
11672
11673
11676
11683
11686
11687
11691
11696
11697
11700
11701
11706
11708
11710
11713
11717
11720
11725
11728
11729
11732
11734
11736
11737
11738
11740
11741
11743
11744
11747
11750
11751
11752
11753
11754
11756
11757
11758
11762
11771
11772
11773
11774
11775
11776
11782
11786
11788
11798
11799
11801
11802
11803
11808
11811
11813
11815
11816
11819
11823
11833
11835
11836
11838
11840
11845
11851
11854
11855
11857
11860
11861
11862
11863
11866
11869
11870
11872
11877
11879
18280
11884
11893
11896
11897
11898
11902
11904
11907
11913
11914
15605
11915
11916
11920
17058
11924
11925
11926
11928
11931
11935
11936
11940
11941
11942
11944
11945
11946
11947
25319
11948
11949
11951
11952
11953
11958
11964
11965
11966
17504
11970
11971
11973
11980
11982
11985
11986
11989
11991
11993
11999
12000
12001
12002
12005
12011
12017
12018
12019
12021
12026
12029
12031
12034
12037
12038
12040
12041
12042
12044
12046
12048
12050
12056
12057
12059
12060
12064
12065
12067
12071
12074
12079
12082
12084
12085
12087
12088
12089
12090
12092
12094
12100
12103
12104
12107
12111
12116
12117
12119
12120
12124
12128
12129
12135
12146
12150
12151
12157
12158
12159
12162
12164
12166
12167
12170
12180
12181
12182
12193
13621
12197
15466
12199
12202
12205
12207
12209
12212
13290
12222
12225
12226
12228
12233
12236
12242
12244
12246
12247
12252
12253
12255
12263
12264
12267
12269
12275
12277
12285
12291
12293
12299
12301
12302
18106
12303
12305
12307
12308
12310
12314
12316
12319
12322
12323
12326
12328
12329
12330
12332
12334
12337
12339
12341
12347
12351
12352
12355
12356
12362
12364
12365
12368
12370
12376
12383
12384
12385
12391
12394
12401
12404
12406
12407
12409
12411
12412
12413
12418
12422
13352
12425
12426
12429
12430
12432
12435
12436
12437
12439
12441
12443
12445
12446
30219
12448
12449
12451
12452
12453
12454
12458
12461
12462
12463
12468
12470
12471
12472
12474
12475
12476
12483
12484
12485
12494
12495
12496
12498
12499
12504
12505
12506
12508
12509
15610
12512
12513
12514
12517
12518
12522
12524
12527
12537
30104
12539
12540
12542
12547
12550
12551
12552
12564
12565
12570
12572
12574
12575
12582
12583
12586
12590
12591
12593
12596
12598
12599
12602
12604
12605
12606
12607
12608
16131
12609
12615
12619
12620
12621
12624
12630
16152
12635
12839
12636
12642
12643
12646
12649
12651
12653
12654
12655
12657
12661
12663
12669
12670
12672
12673
12674
29171
12675
12679
12681
12682
12683
12686
12687
12693
12695
12696
12699
12701
12704
12709
12711
12712
12714
12719
12720
12721
12722
12723
12724
30225
12728
12729
12732
12734
12736
16831
12739
12743
12744
12745
12747
12749
12754
12758
12759
12762
12763
12765
12766
12767
20880
12768
12769
12770
12771
12773
13065
12774
12775
12778
12782
12783
12784
12786
12787
12789
12791
12793
12796
12797
12799
12800
12801
12809
12816
12818
12824
12827
12831
12834
12835
12836
12837
12838
12840
12842
12845
12850
12851
12852
12853
12854
12856
12857
12860
12862
12868
12870
12871
12872
12874
12877
12878
12882
12883
12884
12885
12889
12891
12893
12894
12896
12898
12899
12901
12904
12905
12906
12911
12914
12915
12916
12917
12920
12921
12924
12925
12928
19402
12935
12937
12939
12940
12941
12945
12946
12947
12951
12952
12954
12955
12956
12957
12958
12961
12962
24863
12963
12964
12966
12968
12969
12976
12977
12980
12981
12982
12987
12988
12989
12991
12994
12995
12997
12999
13001
13002
13005
13006
13007
13011
13012
13013
13014
13015
13019
13023
13024
13025
13026
13027
13028
13032
13034
13035
13038
13039
13041
13044
13048
13051
13052
13053
13058
13059
13060
13061
13062
13064
13066
13073
13076
13080
13082
13084
13085
13088
13089
13090
13094
13095
13096
13101
13103
13111
13114
13116
13117
13118
13122
13123
27360
13124
13125
13126
13127
13128
21352
13129
13133
13135
13138
13139
13140
13142
13144
13146
13147
13148
13150
13153
13156
13157
26315
13158
13159
13160
13163
13164
13165
13174
13176
13178
13182
13184
13185
13190
13194
13807
13195
13196
13199
13205
13206
13207
13212
13214
13217
13220
13222
13951
13223
13225
13228
13230
13238
13247
13251
13254
13257
13297
13260
13263
13264
13267
13270
13275
13276
13277
13278
13280
13284
13285
13286
13287
13292
13293
13294
13303
13304
13306
13307
13308
13309
13313
13314
13317
13327
13331
13333
13334
13339
13340
13343
13344
13346
13353
13356
13357
13360
13363
13364
13365
13367
13371
13372
13378
13382
13384
13388
13391
13394
13397
13398
13399
13402
13403
13404
13407
13408
13410
13412
13423
13425
13427
13431
15658
13436
13438
22294
13441
13442
13443
13444
13446
13447
13448
13452
13457
13460
13462
13463
13465
13529
13479
13481
13482
13485
13488
13491
13492
13494
13496
13498
13499
13501
13503
26292
13510
13512
13514
13515
13517
13530
13531
13534
13538
13539
13540
13541
13542
13543
13549
13587
13552
13554
13559
13560
13564
13565
13569
13570
13575
13576
13584
13586
13588
13591
13593
13600
13602
13604
13605
13610
13615
13617
13618
13619
13620
13624
13630
13632
13633
13635
13636
13639
13641
13643
13644
13646
13651
13652
13653
13656
13659
13661
13662
14680
13663
13669
13671
13674
13676
13681
13682
13684
13685
13689
13690
13696
13699
13700
13702
13705
13706
13714
13716
13720
13722
13729
13730
13731
13890
13736
13737
13738
13739
13740
13742
13746
13747
13748
13749
13751
13753
15021
25736
15231
13756
13757
13760
13761
13764
13765
13769
13772
13773
13774
13778
13782
13783
13784
13791
13793
13795
13799
13800
13804
13805
13808
13810
13812
13813
13816
13817
13820
13821
13822
13823
13825
13828
13831
13834
13835
13839
13841
13842
13843
13845
13850
13851
13852
13853
13854
13855
13856
13859
13862
13863
13864
13866
13867
13869
13871
13876
13877
13880
13884
13886
13889
13891
13892
13893
13898
13899
13900
13901
13903
13905
13906
13908
13909
13911
13912
13916
13917
13919
13921
13922
13925
13926
13927
13928
13929
13930
13931
13932
13933
13934
13935
13936
13937
13938
13940
13941
13944
13945
13946
13949
13952
13957
13959
13960
13961
13964
16145
13968
13969
13971
13973
13974
13977
13981
13982
18756
13988
13996
13999
14003
14008
14010
14011
14014
14015
14016
14018
14019
14020
14021
14022
14024
14025
14026
14027
14029
14030
14033
14034
14035
19331
14036
14038
14041
14042
14045
14046
14047
14049
14052
14054
14055
14056
14057
14058
14059
14061
14062
14064
14067
14073
14076
14079
14081
14082
14083
14084
14085
14087
14088
14091
14096
14097
14098
14099
14103
14107
17704
14110
14111
14112
14114
14115
14118
14119
14121
14126
14127
14128
14129
14131
14132
14134
14138
14140
14144
14146
14147
14148
14149
14153
14154
14158
14161
14162
14165
14173
14174
14175
14176
14177
14180
14181
14183
14186
14188
14189
14191
14193
14195
14198
14200
14201
14204
14205
14206
14208
14209
14210
14211
14213
14214
14215
14216
14218
14220
14227
14228
14229
14233
26203
23939
14234
14236
14238
14241
14242
14244
14245
14246
14247
14249
14250
14254
14255
14256
14257
14258
14261
14264
14265
14266
14268
14270
14271
14273
14274
19082
14275
14276
14277
14280
14282
22997
14285
14287
14288
14289
14290
14291
14293
14294
14295
14296
14298
14299
14303
14306
14308
14312
14320
14321
14323
14327
14329
14332
14333
14334
14336
14338
14342
14343
14345
14346
14349
14350
14352
14353
14354
14357
14359
14360
14364
14365
14366
14369
14371
14376
14378
14386
14390
14393
14396
14398
14401
14407
14416
14419
14420
14421
14422
14423
14424
14429
14430
14438
14440
14444
14451
14452
14455
14457
14459
14463
14468
14471
14472
14473
14474
14475
14476
14478
14485
14488
14493
14497
14501
14505
14507
14508
14511
14513
14518
14519
14523
14526
14527
14528
14530
19327
14534
14535
14537
14541
14543
14547
14552
14553
14555
14557
14558
14560
14564
14565
14566
14573
14576
14577
14580
14582
14587
14594
14597
14600
14601
14603
14604
14605
14606
14608
14610
14611
14612
14617
14619
14623
14628
14629
14630
14632
14633
14635
14636
14639
14641
14645
14647
14648
14654
14655
14657
14658
14664
14671
14673
14676
14678
14679
14684
14685
14687
14690
14691
14693
14694
14695
14696
14697
14698
14702
14704
14705
14708
14711
14713
14716
14719
14728
14730
14732
14734
14736
14739
14740
14741
14742
14744
14750
14756
14757
14758
14761
14762
14763
14764
14769
14773
14775
16663
14776
14778
14779
14780
14783
14785
14792
14794
14798
14801
14802
14803
14805
14807
14808
14809
14814
14817
14819
14821
14822
14828
14829
14831
14835
14836
14837
14840
14843
14845
14849
14851
14852
14860
14862
14872
14880
14885
14889
14892
14899
14900
14909
14910
14913
14916
14917
14918
14928
14929
14932
14936
14937
14941
14943
14948
14952
14953
14958
14964
14965
14967
14980
14981
14986
14988
14991
14995
14996
14998
15004
15005
15010
15012
15016
15020
15024
15025
15026
15030
15031
15032
15034
15035
15037
15038
15573
15042
15043
15046
15048
15051
15053
15055
15058
20775
15060
15063
15066
15067
15068
15069
15070
15078
15084
15086
15087
15088
15091
15095
15099
15106
15107
15108
15109
15111
15113
15114
15116
15118
15119
15127
15129
15132
15136
15139
15142
15143
15145
15147
15148
15151
15152
15153
15156
15160
15164
15168
15175
15176
15179
18058
15182
15186
15187
15189
15190
15191
15192
15196
15199
15201
15202
15204
15205
15206
15208
15214
15218
15219
15220
15221
15222
15223
15227
15229
19977
15232
15233
15234
15237
15239
15241
15244
15245
15247
15250
15254
15256
15259
15261
15262
15264
15265
15267
15268
16021
15271
15274
15275
15276
15277
15278
15279
15280
15282
15285
15286
15287
15288
15292
16288
15847
15293
15294
15296
15301
15302
15309
15310
15311
15313
15314
15315
15317
15323
15326
15329
15332
15333
15335
15336
15338
15339
15341
15344
15346
15349
15352
15359
15361
15362
15363
15364
18562
15365
15367
15368
15370
15373
15374
15375
15376
15390
15379
15382
15386
15389
15391
15392
15394
15395
15396
15397
15398
15400
15401
15402
15403
15404
15409
15410
15411
15412
15413
15414
15416
15417
15418
15419
15424
15425
15427
15428
18376
15429
15430
15432
15433
15435
15436
15437
15438
15442
15444
15446
15450
15451
15453
15454
15455
15457
15458
15459
15460
15461
15462
15465
15468
15469
15473
15475
15476
15477
15479
15480
15481
15482
15484
15485
15486
15487
20140
15489
15490
15491
15493
15495
15496
15497
15502
15503
15504
15505
15506
15509
15512
15514
15518
15520
15521
15522
15523
15525
15527
15530
15532
15533
15535
15536
15537
15539
15540
15541
15542
15544
15545
15548
15549
15550
15551
15552
15553
15560
15561
16466
16716
15562
15564
15565
15567
15568
15569
15570
15572
15575
15576
15578
15581
15584
15586
15588
15589
15590
15592
15593
15594
15595
15596
15598
15600
15601
15603
15604
15606
15611
15613
15615
15616
15618
15621
15622
15623
15627
15630
15632
15633
15634
15635
15636
15637
15638
15639
15642
15643
15645
15646
15648
15649
15650
15659
15660
15661
15663
16367
15667
15671
15672
15674
15675
15676
15677
15679
15680
15681
15682
15683
15685
15687
15691
15692
15697
15698
15702
15705
15706
15707
15709
15711
15713
15714
15715
15718
15719
15721
15722
15725
15726
19481
15728
15729
15731
15733
15735
15739
15740
15741
15748
15751
15753
15758
15764
15767
15769
15770
15773
15774
15775
15776
15780
15783
15785
15787
15789
15794
15797
15798
15800
15801
15804
15805
15806
16516
15807
15809
15810
15811
15812
15816
15817
15820
15823
15824
15825
15826
15829
15830
15837
15838
15841
15843
15844
15846
15849
15850
15857
15859
25560
15860
15862
15863
15866
15868
15870
15872
15873
17268
22870
15876
15881
15882
15883
15887
15888
15891
15892
15894
15899
15900
15902
15903
15905
15906
15908
15909
15911
15912
15916
15919
15922
15926
15929
15932
15933
15936
15938
15943
15945
15948
15951
15952
15953
15957
15960
15961
15963
15964
15968
15969
15975
15976
15977
15979
15981
15985
15992
15993
15996
15997
15999
16002
16003
16004
16005
16006
16010
16011
16013
16020
16023
16026
16027
16029
16030
16032
16033
16034
16036
16037
16038
16039
16040
16041
16042
16044
16046
16047
16048
16049
16051
16052
16053
16054
16058
16060
16064
16065
16066
16067
16068
16070
16071
16072
16073
16075
16076
22770
16077
16078
16080
16082
16083
16084
16085
16088
16091
16092
16094
16096
16097
16100
16101
16102
16107
16108
16109
16111
16112
16113
16114
16115
16117
24467
16121
16125
16127
16129
16130
16132
17265
16136
16137
16144
16146
16147
16148
16150
16151
16154
16156
16159
16160
16163
16164
16165
16168
16170
16172
16173
16174
16176
16177
16178
16179
16181
16182
16183
16184
16185
16189
16191
16192
16193
16194
16196
16197
16198
16199
16200
16203
16204
16205
16209
16212
16217
16219
16220
16221
16222
16224
16227
16229
16231
16234
16236
16239
16247
16249
16250
16251
16252
16253
16254
16255
16257
16258
16260
16263
16264
16265
16268
16269
16270
16275
16277
16279
16280
16281
16283
16285
16286
16290
16291
16292
16293
16294
16295
16296
16297
16298
16301
16303
16304
16305
16306
16307
16309
16311
16313
16314
16315
16316
16317
16318
16319
16320
16322
16325
16326
16327
16329
16333
16334
16335
16338
16340
16342
16344
16345
16347
16348
16349
16350
16353
16354
16355
16359
16360
16362
16364
16365
16366
19099
16370
16371
16373
16378
16380
16381
16382
16383
16386
16388
16391
16396
16397
16399
16400
16402
16404
16406
16407
16410
16411
16413
16414
16416
16419
16421
16424
16426
16429
16431
16438
16440
16441
16444
16447
16450
16454
16456
16457
16459
16460
16461
16462
16463
16464
16465
16469
16470
16472
16473
22971
16474
16475
16478
16479
16480
16485
16486
16487
16488
16489
16490
16491
16492
16493
16494
16495
16496
16498
16499
16500
16501
16505
16506
16507
16508
16509
16511
16512
16514
16522
16523
16527
16528
16529
16531
16532
16533
16538
16539
16541
16543
16544
16545
16546
16547
16549
16550
16552
16555
16556
16562
16565
16566
16567
16568
16569
16570
16571
16572
16573
16575
16578
16579
16580
16585
16586
16590
16591
16594
16596
16597
16600
16601
16602
16604
16605
16607
16609
16612
16613
16614
16618
16623
16624
16625
16628
16629
16631
16633
16635
16636
16637
16638
16639
16640
16641
16642
16643
16647
16650
16652
16654
16657
16658
16659
16662
16665
16666
16667
16668
16671
16673
16674
16675
16682
16683
16684
16685
16686
16689
16690
16691
16692
16693
16694
16696
16697
16702
16704
16705
16706
16707
16709
16710
16714
16715
16717
16720
16721
16722
16723
16725
16729
16732
16733
16734
16735
16736
16737
16742
16745
16746
16747
16748
16749
16751
16756
16758
16761
16762
16766
16768
16769
16771
16776
16778
16783
16785
16790
16792
16793
16797
16799
16800
16801
16805
16806
16807
16808
16812
16813
16814
16819
16820
16822
16823
16824
16825
16826
16827
16828
16830
16833
16836
16838
16844
16846
16847
16849
16851
16855
16856
16859
16860
16861
16863
16864
16865
16866
16868
16872
16874
16876
16877
16878
16879
16880
16881
16883
16885
16891
16892
16893
16895
16896
16897
29390
16899
16901
16902
16903
16904
16905
16906
16907
16908
16909
16910
16913
16914
16915
16917
16918
16921
16923
16924
16925
16926
16927
16928
16931
16935
16936
16937
16938
16941
24524
16943
16944
16945
16949
16952
16954
16955
16957
16958
16959
16966
16967
16969
16973
16975
16976
16977
16978
16979
16980
16983
16984
16986
16987
16990
16991
16994
16995
16999
17003
17005
17007
17011
17012
17014
17015
17016
17017
17018
17019
17023
17025
17027
17034
17038
17039
17041
17042
17047
17049
17051
17052
17056
17059
17060
17061
17065
17066
17069
17070
17071
17072
17073
17075
17076
17077
17078
17079
17080
17081
17084
23909
17086
17087
17089
17092
17094
17097
17098
17099
17104
17106
17107
17109
17111
17112
17113
17114
17120
17121
17122
17124
17125
17126
17127
17131
17132
17134
17136
17137
17139
17140
17144
17145
17148
17149
17152
17153
17156
17162
17163
17164
17166
17167
17170
17171
17172
17173
17179
17180
17184
17190
17191
17192
17194
17195
17197
17198
17200
17202
17203
17219
17205
17209
17212
17214
17216
17223
17224
17225
17226
17228
17230
17233
17234
17238
17239
17240
17241
17244
17245
17249
17250
17251
17255
17259
17260
17264
17267
17271
17275
17277
17278
17281
17282
17283
17285
17286
17288
17289
17291
17292
17295
17296
17299
17302
17305
17306
17307
17310
17311
17316
17317
17320
17321
17322
17323
17324
17327
30224
17328
17332
17333
17334
17335
17337
17339
17340
17341
17342
17344
17345
17347
17349
17351
17352
17353
17354
17355
17357
17359
17360
17361
17362
17366
17374
17375
17376
17381
17382
17383
17386
17387
17388
17389
17390
17391
17392
17393
17394
17395
17397
17401
17403
17404
17408
17411
17412
17415
17416
17420
17423
17425
17427
17429
17430
17432
17434
17435
17439
17441
17442
17443
17447
17450
17451
17457
17459
17463
17464
17466
17467
17469
17475
17476
17477
17478
17479
17482
17485
17486
17488
17490
17493
17494
17495
17496
17498
17499
17501
17503
17507
17508
17510
17511
17513
17518
17519
20136
17525
17526
17528
17529
17530
17532
17534
17535
17536
17537
17538
17539
17544
17548
17549
17551
17552
17560
17562
17563
17564
17565
17568
17571
17572
17575
17576
17605
17589
20608
17590
17594
17595
17596
17598
17601
17603
17604
17606
17607
17609
17610
18123
17613
17615
17616
17618
17621
17623
17624
17626
17628
17630
17631
17634
17635
17636
17638
17639
17640
17642
17644
17649
17651
17652
17654
17655
17662
17663
17665
17666
17667
17668
17672
17674
17680
17683
17685
17688
17690
17691
17695
17700
17701
17702
17703
17705
17707
17708
17709
17710
17714
17715
17716
17717
17718
17721
17722
17728
17729
17730
17732
17741
17742
17743
17744
17745
17749
17750
17753
17755
17756
17757
17758
17761
17762
17763
17764
17766
17767
17771
17772
17773
17776
17779
17781
17790
17792
17795
17796
17797
17799
17802
17805
17806
17807
17808
17810
17811
17814
17815
17816
17820
17821
17824
17826
17827
17829
17832
17837
17880
17838
17843
17844
17846
17847
17850
17854
17855
17856
17861
17864
17865
17868
17871
17876
17878
17883
17890
17895
18651
17898
17900
17902
17907
17909
17910
25289
17911
17912
17913
17914
17919
17922
17923
17924
17929
17931
17932
17936
17937
17938
17941
17943
17944
17945
17949
17950
17952
17956
17957
17960
17961
17962
17963
17965
17966
17968
17969
17970
17972
17978
17980
17981
17982
17983
17985
17986
17987
17988
17989
18044
17991
17993
17995
26304
17998
17999
18000
18003
18006
18007
18009
18011
18012
18017
18018
18020
18021
18024
18026
18027
18028
18029
18032
18033
18034
18035
18036
18037
18038
18039
18040
18042
18043
20106
18045
18048
18049
18051
18052
18053
18056
18060
18061
18070
18072
18074
18076
18078
18083
18086
18087
18088
18090
18091
18092
18094
18095
18096
18098
18259
18101
18103
18107
18108
18110
18113
18115
18117
20945
18118
18120
26042
18121
18122
18126
18128
18129
18131
18133
18135
18136
18139
18141
18142
18143
18144
18147
18148
18150
18152
18154
18155
18158
18159
18160
18161
18162
18163
18165
18166
18167
18169
18171
18175
18176
18177
18179
18181
18182
18184
18186
18189
18190
18191
18192
18194
18195
18196
18197
18199
18200
18201
18202
18203
18204
18206
18207
18209
18210
18212
18215
18216
18218
18220
18221
18222
18223
18224
18228
18229
18230
18232
18234
18235
18239
18240
18243
18244
18245
18247
18248
18249
18250
18251
18256
18263
18266
18268
18274
18277
18282
18286
18289
29373
18295
18296
18297
18298
18301
18303
18304
18306
18307
18310
18311
18313
18320
18325
18327
18328
18330
18333
18335
18337
18338
18340
18345
18346
18347
18348
18349
18350
18351
18352
18353
18354
18355
18357
18358
18361
18362
18363
18364
18365
18366
18367
18369
18370
18371
18372
18374
18375
18379
18383
18384
18385
18386
18388
18389
18390
18392
18393
18394
18397
18398
18401
18402
18405
18406
18408
18409
18414
18415
18416
18417
18419
18420
18421
18428
18431
18433
18434
18438
18441
18442
18443
18444
18446
18448
18450
18451
18453
18454
18456
18457
18458
18463
18465
18466
18470
18471
18473
18474
18475
18478
18479
18485
18486
18487
18489
18491
18492
18493
18494
18498
18499
18500
18501
18502
18503
18507
18510
18511
18512
18513
18514
18515
18518
18519
18520
18522
18523
18525
18526
18528
18529
18531
18533
18534
18535
18536
18538
18539
18541
18543
18547
18548
18549
18550
18552
18554
18555
18557
18559
18560
18563
18567
18568
18571
18572
18573
18575
18578
18581
18582
18583
18584
18587
18588
18589
18590
18591
18592
18594
18595
18596
18599
18600
18601
18603
18605
18606
18610
18614
18615
18616
18617
18647
18618
18619
18621
18622
18624
18627
18628
18629
18630
18631
18632
18633
18636
18643
18644
18648
18649
18650
18652
18653
18655
18658
18659
18660
18661
18662
18663
18664
18665
18668
18671
18674
18675
18676
18677
18679
18680
18681
18682
18683
18686
18689
18690
18691
18692
18693
18694
18695
18701
18702
18703
18707
18708
18709
18711
18712
18713
18715
18718
18720
18721
18722
18724
18726
18727
18729
18731
18732
18733
18735
18736
18737
18738
18914
18740
18741
18743
18746
18748
18749
18752
18753
18757
18758
18759
18760
18762
18763
18764
18765
18766
18768
18769
18773
18775
18777
18778
18780
18781
18782
18783
18784
18785
18788
18790
18792
18795
18796
18802
18808
18809
18810
18813
18814
18815
18817
18818
18821
18823
18824
18825
18826
18827
18828
18830
18831
18832
18835
18839
18840
18842
18843
18844
18846
18847
18848
18850
18852
18854
18856
18857
18858
18859
18860
18861
18862
18864
18866
18867
18868
18870
18873
18875
18876
18880
18881
18884
18886
18894
18895
18896
18898
18899
18901
18902
18903
18904
18905
18906
18908
18910
18911
18912
18913
18915
18916
18919
18920
23051
18921
18926
18927
18928
18929
18930
18931
18935
18936
18937
18938
18940
18942
18943
28580
18944
18945
18946
18951
18954
18955
18958
18962
18964
18965
18966
18967
18968
18969
18970
18972
18973
18975
18977
18980
18982
18983
18984
18985
18986
18987
18988
18990
18991
18992
18994
18996
18998
19003
19005
19006
19009
19011
19013
19015
19016
19017
19019
19023
19025
19026
19029
19030
19031
19032
19033
19034
19035
19036
19038
19041
20513
19046
19047
19048
19049
19050
19051
19052
19054
19055
19058
19060
19061
26108
19064
19065
19066
19067
19068
19069
19070
19071
19072
19073
19075
19076
19077
19078
19079
19080
19085
19087
19089
19090
19091
19092
19093
19096
19101
19104
19107
19108
19109
19110
19113
19114
19115
19118
19119
19121
19124
19126
19127
19130
19132
19133
19134
19137
19138
19139
19140
19141
19142
19143
19144
19147
19148
19150
19151
19152
19153
19154
19155
19157
19158
19159
19160
19161
19162
19164
19166
19168
19169
19172
19174
19176
19178
19179
19180
19181
19183
19184
19185
19188
19189
19191
19193
19194
19195
19196
19198
19202
19203
19204
19205
19206
19208
19210
19211
19212
19215
19216
19219
19222
19224
19225
19226
19227
19228
19230
19233
19234
19235
19236
19237
19239
19240
19241
19243
19244
19245
19247
19248
19249
19251
19252
19256
19258
19259
19261
19262
19263
19264
19265
19266
19269
19270
19272
19273
19274
19275
19276
19279
19281
19282
19283
19285
19286
19288
19289
19290
19292
19293
19294
19295
19297
19298
19300
19301
19303
19304
19305
19307
19310
19311
19312
19313
19315
19318
19319
19321
19322
19324
26607
19329
19333
19339
19340
19341
19345
19346
20906
19348
19349
19351
19352
19356
19357
19359
19360
19362
19365
19366
19367
19368
19370
19371
19374
19375
19376
19377
19378
19380
19381
19382
19383
19384
19386
19388
19389
19390
19391
19393
19395
19398
19400
19403
19606
19404
19405
19406
19407
19408
19410
19411
19412
19413
19414
19417
19418
19419
19420
19421
19422
19423
19426
19427
19430
19432
19433
19434
19435
19436
19438
19439
19446
19449
19451
19452
19454
19455
19457
19459
19460
19461
19463
19466
19469
19471
19472
19473
19476
19478
19479
19480
19543
19485
19487
19488
19489
19494
19496
19498
19499
19500
19502
19503
19504
19505
19506
19507
19508
19509
19510
19511
19513
19514
19515
19517
19519
19520
19523
19524
19525
19528
19529
19534
19535
19537
19538
19539
19540
19541
19542
19544
19546
19547
19550
19551
19556
19557
19559
19561
19563
19564
19566
19567
19568
19569
19571
19572
19576
19577
19578
19580
19581
19583
19584
19585
19586
19589
19590
19593
19594
19595
19596
19599
19600
19603
19605
19607
19608
19609
19610
19611
19612
19613
19614
19617
19618
19624
19625
19626
19627
19628
19630
19631
19633
19634
19637
19639
19640
19641
19642
19643
19644
19646
19647
19651
19652
19653
19654
19655
19656
19658
19668
19671
19672
19674
19676
19677
19680
19683
19685
19686
19687
19688
19690
19692
19693
19695
19696
19697
19698
19701
19704
19705
19707
19710
19711
19712
19713
19715
19716
19717
19718
19720
19722
19723
19725
19726
19727
19729
19730
19731
19733
19734
19735
19737
19739
19740
19742
19744
19746
19748
19749
19751
19752
19754
19755
19756
19757
19758
19762
19763
19764
19765
19766
19767
19768
19769
19770
19772
19773
19774
19775
19776
19777
19778
19780
19781
19782
19783
19785
19786
19787
19788
19792
19794
19795
19796
19797
19798
19799
19800
19802
19805
19807
19809
19810
19813
19814
19816
19817
19818
19820
19821
19823
19825
19827
19830
19834
19835
19837
19838
19843
19845
19846
19847
19848
19850
19851
19852
19853
19904
19854
19856
19857
19859
19862
19865
19866
19868
19871
19872
19873
19874
19876
19880
19881
19882
19883
19884
19886
19890
19891
19892
19893
19894
19896
19897
19900
19902
19903
20463
19905
19906
19907
19908
19910
19911
19912
19913
19914
19915
19917
19918
19919
21308
19921
19923
19924
19926
19927
19929
19933
19935
19936
19938
19941
19942
19943
19945
19947
19948
19949
19950
19954
19957
19958
19963
19965
19967
19969
19970
19971
19979
19981
19988
19989
19990
19991
19992
19993
19994
19995
19996
19997
19998
19999
20000
20001
20002
20003
20004
20006
20008
20009
20011
20067
20014
20015
20016
20017
20020
20021
20023
20024
20025
20026
20028
20029
20030
20031
20033
20034
20035
20039
20040
20041
20042
20043
20047
20048
20049
20051
20052
20053
20054
20056
20059
20062
20065
20068
20069
20070
20073
20075
20076
20079
20080
20084
20088
20091
20094
20097
20099
20102
20103
20104
20107
20111
20112
20114
20115
20116
20118
20121
20123
20124
20127
20128
20131
20137
20142
20143
20147
20148
20149
20154
20158
20160
20161
20162
20165
20170
20171
20172
20173
20175
20176
20177
20183
20185
20187
20189
20192
20193
20195
20200
20204
20205
20206
20207
20208
20209
20215
20219
20220
20221
20222
20224
20225
20226
20227
20228
20232
20238
20239
20241
20243
20244
20245
20248
20250
20251
20254
20255
20257
20258
20259
20260
20261
22980
20262
20264
20265
20266
20267
20270
20271
20272
20273
20274
20277
20281
20282
20285
20286
20287
20288
20289
20291
20292
20293
20294
20296
20297
21189
31027
30996
30966
30661
20299
20300
20301
20302
20303
20304
20307
20309
20310
20312
20682
20314
20315
20317
20320
20321
20324
20325
20326
20330
20331
20334
20337
20339
20340
22119
20341
20343
29898
20347
20349
20350
20351
20352
20355
20357
20358
20365
20368
20370
20373
20374
20375
20379
20380
20384
20385
20388
20389
20390
20394
20395
20396
20397
20398
20403
20404
20410
20417
20418
20419
20420
20421
20422
20423
20425
20426
20427
20428
20429
20431
20433
20434
20435
20437
20438
23783
23861
20443
20444
20445
23085
20446
20449
20451
20452
20453
20454
20455
20456
24360
20458
20460
20462
20464
20465
20467
20469
20474
20477
20478
20480
20482
20483
20484
20485
20486
20488
20489
20490
20492
20494
22791
20495
20500
20501
20504
20506
20507
20508
20509
20510
20515
20516
20517
20595
20519
20521
20523
20524
20526
20527
20529
20530
20532
20534
20536
20538
20540
20541
20543
20544
20546
20547
20548
20549
20550
20551
20554
20556
20557
20558
20563
20565
20566
20568
20569
20570
20572
20573
20575
20576
20578
20579
20581
20583
20584
20588
20589
20590
20591
20592
20594
20596
20600
20601
24314
20604
20609
20612
20616
20617
20618
20619
20621
20622
20623
20624
20625
20626
20627
20628
20631
20634
20635
20637
20638
20639
20640
20641
20642
20647
20648
20649
20650
20652
20653
20654
20655
20656
20658
20660
20661
20662
20664
20665
20668
20669
20673
20675
20676
20677
20680
20681
20683
20684
20688
20690
20691
20692
20698
20699
20701
20703
20705
20706
20707
20710
20711
20714
20715
20716
20718
20721
20724
20726
20727
20751
20728
20731
20732
20733
20736
20739
20741
20743
20744
20747
20748
20749
20752
20755
20756
20757
20759
20761
20762
20763
20764
20766
20769
20770
20772
20773
20776
20780
20781
20782
20784
20786
20787
20790
20791
20792
20795
20797
20798
20799
20800
20801
20802
20803
25830
20806
20807
20809
20812
20814
20818
20820
20822
20823
20824
20826
20827
20828
20829
20830
20831
20832
20833
20834
20835
20836
20837
20839
20840
20843
20845
20846
20847
20848
20851
20853
20854
20855
20856
20857
20858
20859
20862
20865
20866
20868
20869
20870
20871
20872
20873
20874
20875
20876
27686
20878
20882
20886
20887
20889
20892
20893
20896
20899
20901
20902
20903
20904
20909
20910
20911
20913
20914
20917
20918
20923
20926
20928
20929
20930
20931
20933
20934
20938
20940
20943
20950
20951
20952
20958
20959
20964
20966
20967
20968
20969
20971
20973
20976
20978
20980
20981
20983
20986
20989
20990
20992
20993
20996
20998
20999
21003
21004
21012
21014
21016
21017
21020
21024
21026
21028
21029
21030
21032
21034
21036
21040
21042
21043
21044
21045
21046
21048
21049
23933
21051
21052
21053
21054
21056
21057
21058
21059
21060
21061
21063
21064
21065
21067
21068
21069
21070
21074
21076
21078
21079
21080
21081
21082
21083
21084
21086
21087
21089
21090
21091
21097
21098
21099
21100
21101
21102
21103
21110
21115
21117
21119
21120
21121
21122
21123
21124
21126
21127
21128
21129
21130
21131
21132
21134
21135
21136
21137
21138
21139
21142
21143
21146
21148
21151
21152
21153
21154
21156
21157
21158
21160
21162
21163
21167
21168
21169
21170
21171
21175
21179
21182
21183
21188
30850
21193
21194
21195
21197
21198
21199
21200
21201
21202
21204
21205
21207
21208
21209
21210
21213
21214
21216
21217
21221
21222
21223
21224
21225
21226
21227
21229
21236
21237
21239
21240
21241
21242
21243
21244
21248
21249
21250
21251
21252
21254
21255
21257
21260
21262
21264
21268
21269
21270
21271
21274
21275
21276
21278
21279
21281
21282
21283
21284
21286
21288
21290
21293
21294
21295
21296
21297
21298
21299
21300
21302
21304
21306
21307
21309
21310
21311
21313
21315
21319
21320
21321
21324
21325
21326
21327
21328
21329
21334
21335
21336
21337
21339
21340
21341
21344
21345
21348
21349
21354
21357
21358
21359
21360
21362
21363
21364
21365
21366
21367
21368
21370
21371
21373
21374
21375
21377
21378
21383
21387
21388
21389
21390
21394
21395
21396
21399
21403
21404
21405
21408
22186
21409
21410
21411
21412
21416
21417
21418
21419
21420
21421
21423
21424
21425
21427
21428
21429
21431
21433
21434
21435
21438
21441
21443
21444
21445
21446
21447
21449
21452
21453
21454
21455
21456
21457
21458
21459
21460
21462
21464
21465
21466
21469
21470
21472
21473
21474
21480
21481
21482
21484
21486
21487
21490
21491
21492
21493
21495
21496
21497
21500
21501
21502
21503
21504
21505
21506
21507
21508
21510
21513
21515
21516
21517
21518
21520
21523
21526
21527
21528
21530
21531
21536
21537
21538
21543
21544
21545
21546
21547
21548
21549
21550
21552
21553
21554
21555
21556
21557
21558
21561
21562
21564
21567
21569
21570
21573
21575
21578
21579
21580
21582
21583
21584
21585
21586
21587
21588
21589
21590
21591
21594
21595
21598
21601
21603
21604
21605
21606
21607
21608
21609
21611
21614
21616
21620
21621
21624
21625
21627
21628
21631
21633
21634
21637
21638
21640
21641
21642
21644
21645
21646
21647
21649
21651
21653
21654
21655
21657
21658
21660
21661
21662
21663
21665
21666
21667
21668
21669
21670
21672
21674
21675
21679
21680
21681
21682
21683
21684
21686
21690
21695
21697
21698
21699
21701
21702
21703
21704
21705
21706
21710
21711
21712
21717
21718
21720
21723
21724
21725
21726
21727
21728
21730
21732
21734
30131
21735
21737
21740
21743
21744
21746
21747
21748
21750
21751
21752
21753
21754
21755
21757
21758
21759
21760
21761
21762
21764
21765
21766
21767
21768
21769
21770
21771
21773
21775
21776
21777
21778
21779
21780
21781
21782
21784
21788
21791
21792
21794
21795
21797
21799
21801
21803
21804
21805
21809
21810
21811
21812
21816
21817
21820
21821
21822
21825
21827
21832
21834
21836
21838
21843
21848
21849
21850
21851
21852
21853
21854
21855
21858
21860
21861
21863
21865
21868
21870
21872
21873
21874
21877
21878
21879
21881
21882
21886
21887
21890
21891
21893
21894
21898
21900
21904
21906
21908
21909
21912
21914
21917
21918
21919
21920
21925
21926
21927
21928
21929
21930
21933
21937
21938
21939
21940
21942
21944
21945
21946
21947
21949
21950
21951
21952
21953
21954
21955
21957
21959
21963
21966
21967
21968
21969
21970
21971
21975
21977
21982
21986
21988
21991
21992
21993
21996
21997
21998
21999
22006
22007
22010
22014
22018
22019
27850
22022
22023
22024
22025
22026
22027
22028
22029
22030
22032
22035
22041
22036
22038
22039
22040
22043
22044
22046
22047
22048
22050
22053
22054
22055
22056
22059
22061
22062
22067
22072
22073
22074
22076
22077
22078
22079
22081
22084
22085
22088
22091
22093
22094
22101
22104
22105
22115
22120
22121
22124
22126
22130
22132
22133
22140
22142
22144
22147
22148
22152
22155
22157
22158
22162
22169
22170
22173
22174
22178
22181
22183
22185
22190
22191
22192
22193
22194
22196
22197
22201
22202
22203
22204
22205
22206
22213
22215
22216
22217
22218
22220
22221
22224
22226
22227
22228
22229
22235
22239
22243
22244
22245
22246
22248
22249
22251
22254
22256
22257
22258
22259
22261
22263
26343
22264
22266
22267
22268
22269
22270
22271
22275
22278
22280
22281
22282
22283
22284
22287
27973
22288
22289
22293
22298
22301
22302
22304
22309
22310
22312
22316
22318
22324
22325
22331
22332
22333
22337
22339
22340
22344
22345
22348
22349
22352
22355
22357
22358
22359
22361
22362
22365
22368
22582
22369
22371
22373
22374
22380
22383
22385
22387
22395
22396
22397
22401
22405
22406
22408
22410
22412
22413
22415
22419
22424
22425
22427
22429
22435
22437
22438
22456
22460
22461
22462
22465
22466
22468
22472
22473
22474
22478
22479
22480
22482
22484
22488
22490
22491
25636
22492
22493
22494
22495
22497
22498
22499
22500
22502
22505
22507
22509
22510
22513
22514
22516
22520
22521
22524
22525
22528
22530
22531
22532
22535
22537
22538
22539
22540
22542
22545
22546
22548
22549
22550
22551
22553
22555
22559
22560
22561
22564
22566
22568
22569
22570
22572
22573
22575
22576
22579
22581
22583
22584
22585
22586
22588
22589
22590
22591
22592
22595
22598
22600
22601
22602
22603
22604
22605
22606
22608
22609
22610
22611
22612
22613
22614
22616
22617
22618
22619
22620
22621
22625
22626
22627
22629
22631
22632
22633
22634
22635
22636
22637
22639
22640
22641
22644
22645
22646
22650
22651
22652
22653
22655
22656
22659
22663
22664
22665
22666
22669
22670
22671
22672
22673
22674
22675
22676
22677
22678
22679
22680
22681
22682
22684
22685
22686
22688
22689
22690
22691
22692
22694
22695
22696
22698
22699
22700
22701
22702
22703
22706
22707
22711
22712
22714
22715
22716
22718
22719
22720
22723
22724
22727
22728
22732
22733
22735
22736
22737
22738
22739
22740
22741
22742
22743
22744
22745
22746
22747
22748
22749
22762
22763
22764
22765
22767
22768
22769
22771
22772
22773
22774
22775
22776
22777
22779
22780
22781
22783
22784
22785
22792
22795
22796
22797
22800
22802
22803
22806
22807
22808
22811
22812
22813
22815
22816
22817
22818
22819
22822
22823
22825
22827
22830
22832
22833
22835
22839
22840
22841
22846
22852
22853
22857
22860
22864
22867
22868
22869
22871
22873
22878
22879
22880
22883
22886
22889
22890
22893
22894
22895
22896
22897
22898
22902
22903
22904
22905
22907
22908
22909
22911
22914
22917
22918
22920
22921
22922
22924
22925
22926
22927
22928
22930
22931
22935
22936
22937
22938
22939
22940
22941
22945
22946
22947
22949
22950
22951
22953
22955
22957
22959
22961
22963
22965
22966
22967
22968
22969
22970
22972
22973
22974
22976
22978
22979
22981
22982
22983
22985
22988
22989
22990
22991
22992
22993
22999
23000
23001
23004
23006
23008
23014
23016
23017
23018
23020
23021
23022
23024
23025
23026
23029
23030
23031
23034
23035
23036
23038
23039
23041
23042
23400
23044
23046
23047
23048
23049
23050
23054
23057
23058
23060
23061
23062
23063
28335
23064
23066
23068
23069
23070
23071
23073
23074
23075
23076
23077
23080
23082
23083
31139
23086
23087
23089
23090
23093
23094
23095
23096
23098
23099
23101
23102
23103
23104
23105
23106
23109
23112
23115
23116
23121
23123
23124
23127
23128
23129
23130
23133
23137
23138
23139
23145
23146
23149
23151
23153
23155
23156
23160
23163
23164
23165
23166
23168
23170
23171
23172
23173
23175
23176
23177
23178
23181
23182
23183
23184
23185
23187
23188
23192
23193
23194
23198
23199
23200
23203
23205
23207
23208
23210
23211
23213
23214
23216
23217
23218
23221
23222
23225
23226
23227
23229
23234
23235
23236
23241
23244
23247
23248
23249
23250
23251
23254
23257
23261
23264
23266
23267
23270
23271
23273
23274
23275
23276
23279
23282
23283
23284
23285
23287
23288
23293
23294
23295
23297
23299
23300
23301
23303
23304
23307
23308
23315
23319
23321
23323
23324
23327
23328
23329
23330
23332
23333
23334
23336
23337
23340
23341
23342
23346
23347
23348
23349
23352
23353
23354
23355
23359
23361
23362
23363
29470
23364
23365
23366
23367
23368
23370
23371
23372
23373
23374
23376
23377
23378
23379
23380
23383
23385
23386
23387
23388
23391
23392
23395
23398
23399
23401
23402
23403
23405
23406
23407
23408
23409
23411
23414
23415
23416
23419
23424
23425
23427
23428
23429
23432
23434
23437
23439
23440
23443
23444
23445
23446
23447
23448
23450
23453
23456
23460
23463
23464
23465
23466
23467
23471
23474
23477
23478
23480
23483
23484
23485
23487
23491
23492
23494
23496
23497
23498
23499
23500
23502
23503
23504
23505
23506
23508
23509
23510
23511
23512
23515
23927
23517
23519
23520
23521
23523
23524
23525
23526
23527
23528
23529
23531
23532
23533
23534
23535
23537
23539
23541
23542
23543
23544
23545
23546
23547
23548
23549
23550
23551
23552
23554
23555
23556
23559
23562
23567
23568
23570
23574
23576
23577
23578
26946
23580
23581
23584
23585
23587
23589
23591
23593
23595
23598
23601
23602
23604
23605
23606
23609
23610
23613
23615
23617
23619
23620
23622
23623
23625
23628
23633
23637
23638
23640
23641
23642
23645
23646
23648
23649
23650
23652
23653
23654
23656
23657
23658
23659
23660
23662
23666
23670
23671
23673
23674
23678
23680
23683
27508
23685
23686
23687
23689
23690
23691
23692
23693
23694
23695
23696
23697
23699
23701
23702
23703
23704
23705
23706
23707
23708
23709
23710
23711
23713
23714
23715
23716
23718
23719
23720
23721
23722
23723
23724
23725
23726
23727
23728
23730
23731
23732
23733
23734
23736
23737
23738
23739
23740
23742
23747
23748
23750
23752
23753
23754
23755
23756
23758
23759
23760
23762
23764
23766
23767
23770
23772
23773
23778
23782
23784
23785
23787
23788
23790
23791
23793
23794
23795
23796
23797
23802
23803
23805
23807
23809
23811
23812
23813
23814
23815
23816
23818
23819
23820
23821
23822
23824
23825
23829
23831
23833
23836
23838
23839
23841
23842
23843
23846
23849
23851
23852
23856
23862
23863
23868
23875
23876
23877
23878
23879
23884
23886
23887
23888
23889
23892
23894
23895
23896
23897
23899
23900
23903
23904
23905
23906
23907
23908
23910
23911
23912
23913
23918
23919
23922
23928
23930
23931
23932
23934
23935
23937
23940
23941
23942
23944
23945
23946
23950
23953
23954
23955
23958
23966
23971
23972
23974
23976
23977
23978
23982
23983
23986
23988
23989
23991
23992
23993
23994
23997
24000
24002
24006
24007
24009
24010
24012
24013
24014
24015
24017
24020
24022
24024
24025
24026
24029
24030
24031
24032
24033
24034
24035
24036
24038
24039
24040
24041
24045
24046
24047
24048
24049
24050
24051
24052
24053
24057
24058
24059
24060
24062
24063
24064
24066
24068
24069
24070
24072
24074
29706
24075
24076
24078
24079
24082
24083
24084
24086
24087
24088
24089
24090
24091
24094
24097
24098
24102
24103
24105
24106
24107
24108
24112
24114
24115
24116
24312
24117
24118
24119
24120
24121
24122
24125
24126
24129
24130
24133
24138
24139
24141
24142
24144
24145
24147
24148
24152
24153
24155
24157
24159
24161
24162
24163
24164
24165
24166
24169
24170
24171
24172
24173
24176
24179
24180
24185
24186
24187
24189
24191
24193
24195
24198
24199
24200
24201
24202
24203
24204
24206
24208
24209
24210
24211
24212
24213
24214
24216
24218
24219
24220
24222
24223
24224
24226
24227
24228
24229
24231
24232
24235
24236
24237
24238
24239
24241
24243
24244
24247
24249
24250
24252
24255
24256
24258
24259
24260
24261
24263
24264
24265
24268
24269
24272
24273
24274
24275
24276
24277
24278
24279
24283
24284
24286
24287
24288
24289
24290
24292
24293
24297
24299
24300
24301
24302
24309
24310
24311
24316
24318
24320
24321
24322
24323
24325
24326
24327
24331
24333
24337
24338
24339
24340
24344
24345
24346
24347
24349
24351
24352
24357
24358
24359
24361
24363
24364
24365
24366
24368
24371
24372
24373
24374
24376
24379
24381
24389
24390
24392
24393
24398
24402
24403
24405
24407
24410
24412
24413
24415
24416
24417
24418
24421
24431
24432
24434
24438
24440
24441
24444
24450
24454
24455
24457
24458
24460
24461
24466
24469
24471
24478
24480
24481
24483
24489
24493
24494
24501
24502
24504
24505
24506
24507
24508
24510
24511
24514
24516
24517
24519
24520
24521
24523
24528
24529
24530
24531
24533
24535
24537
24540
24541
24542
24546
24553
24554
24565
24571
24595
24605
24608
24612
24648
24691
24693
24715
24747
24755
24756
24758
24761
24762
24782
24794
24800
24819
24831
24845
24869
24889
24895
24931
24933
24958
24970
24972
24982
24993
24994
25011
25017
25038
25043
25044
25047
25053
25070
25079
25082
25098
25111
25113
25124
25132
25134
25142
25145
25147
25165
25170
25172
25173
25177
25182
25192
25213
25225
25229
25231
25235
25238
25239
25247
25250
25259
25265
25275
25278
25295
25296
25298
25303
25310
25313
25316
25320
25327
25332
25341
25344
25347
25350
25354
25358
25362
25371
25372
25377
25390
25395
25396
25403
25405
25406
25451
25455
25457
25461
25472
25475
25478
25479
25485
25498
25500
25503
25507
25510
25513
25524
25532
25533
25539
25541
25547
25548
25552
25554
25558
26868
25562
25563
25566
25578
25580
25584
25588
25594
25595
25600
25602
25610
25616
25621
25629
25631
25632
25635
25638
25656
25657
25660
25668
25673
25676
25678
25680
25682
25683
25685
25692
25694
25698
25702
25705
25714
25719
25725
25727
25729
25731
25738
25739
25740
25741
25742
25744
25746
25748
25750
25754
25755
25756
25757
25759
25760
25761
25762
25763
25764
25765
25770
25771
25773
25775
25776
25779
25784
25785
25788
25790
25791
25794
25795
25798
25799
25803
25804
25807
25809
25810
25811
25813
25815
25816
25820
25821
25822
25823
25825
25826
25827
25828
25833
25837
25841
25843
25844
25845
25848
25850
25851
25856
25857
25859
25861
25863
25865
25866
25867
25868
25869
25875
25876
25877
25879
25881
25882
25884
25886
25890
25893
25895
25897
25898
25900
25902
25903
25904
25907
25909
25910
25918
25921
25922
25923
25925
25933
25934
25937
25939
25942
25944
25946
25947
25948
25949
25951
25954
25957
25958
25961
25964
25968
25970
25972
25973
25975
25976
25977
25979
25980
25982
25983
25984
25988
25992
25995
25996
25997
25998
26000
26001
26002
26010
26011
26013
26014
26016
26018
26028
26030
26037
26040
26041
26056
26057
26058
26059
26063
26064
26066
26068
26072
26073
26077
26078
26080
26081
26086
26090
26094
26095
26096
26099
26100
26104
26105
26107
26109
26110
26114
26115
26116
26118
26120
26121
26123
26125
26126
26128
26131
26135
26137
26139
26143
26144
26145
26146
26147
26150
26151
26152
26156
26159
26160
26163
26164
26165
26167
26170
26172
26173
26174
26175
26182
26186
26189
26191
26195
26196
26202
26209
26212
26216
26217
26220
26222
26223
26228
26229
26236
26237
26243
26247
26249
26251
26252
26253
26257
26258
26642
26259
26260
26262
26269
26270
26273
26275
26276
26281
26282
26283
26284
26289
26295
26297
26298
26300
26303
26305
26306
26310
26311
26314
26317
26318
26319
26321
26323
26324
26327
26328
26336
26337
26338
26340
26344
26347
26349
26350
26353
26355
26356
26357
26361
26362
26364
26367
26368
26369
26370
26371
26373
26374
26376
26377
26384
26387
26388
26390
26391
26394
26396
26398
26402
26404
26409
26411
26415
26416
26423
26424
26426
26429
26432
26433
26434
26435
26436
26954
26439
26440
26441
26442
26445
26447
26449
26450
26451
26452
26455
26457
26459
26462
26466
26468
26469
26470
26472
26474
26476
26477
26478
26479
26483
26485
26487
26488
26489
26490
26491
26494
26497
26499
26500
26501
26502
26504
26505
26506
26508
26509
26510
26512
26518
26521
26523
26524
26532
26533
26535
26538
26539
26540
26543
26546
26547
26549
26550
26552
26553
26555
26556
26558
26561
26562
26563
26564
26565
26566
26567
26568
26569
26570
26571
26572
26573
26575
26576
26577
26578
26579
26581
26582
26583
26584
26586
26589
26590
26591
26592
26595
26597
26599
26600
26601
26603
26604
26606
26608
26609
26610
26614
26618
26619
26620
26621
26622
26623
26624
26625
26626
26627
26630
26632
26633
26634
26635
26636
26638
26641
26643
26644
26645
26646
26647
26648
26649
26650
26653
26654
26655
26660
26661
26662
26663
26664
26667
26668
26673
26674
26676
26678
26679
26681
26682
26683
26684
26687
26693
26694
26695
26697
26698
26700
26701
26702
26703
26706
26707
26709
26712
26714
26715
26720
26725
26726
26729
26730
26738
26739
26742
26744
26745
26746
26748
26749
26750
26751
26752
26753
26755
26756
26760
26764
26766
26776
26777
26782
26783
26786
26787
26788
26796
26798
26799
26802
26804
26805
26806
26808
26811
26813
26816
26817
26819
26822
26825
26828
26829
26830
26831
26833
26834
26835
26836
26837
26838
26842
26846
26847
26849
26853
26855
26856
26858
26860
26861
26863
26866
26867
26869
26871
26872
26873
26874
26875
26876
26878
26879
29036
26880
26881
26882
26883
26884
26885
26888
26890
26891
26892
26893
26895
26896
26897
26898
26903
26904
26905
26907
26908
26909
26913
26916
26917
26918
26920
26921
26922
26924
26925
26926
26927
26929
26932
26934
26935
26937
26938
26941
26943
26944
26945
26947
26948
26951
26952
26953
26955
26956
26957
26960
26961
26962
26965
26966
26969
26970
26971
26975
26977
26978
26979
26982
26984
26985
26986
26989
26990
26993
26994
26996
26997
26998
26999
27001
27002
27004
27005
27006
27007
27009
27010
27011
27012
27013
27014
27015
27016
27017
27018
27021
27026
27027
27028
27029
27030
27033
27034
27035
27038
27039
27040
27041
27042
27043
27046
27047
27049
27050
27054
27055
27056
27057
27058
27061
27065
27067
27073
27074
27075
27076
27083
27085
27087
27090
27091
27093
27098
27099
27100
27101
27102
27103
27104
27105
27106
27107
27108
27109
27113
27116
27117
27118
27124
27126
27127
27128
27131
27132
27134
27135
27137
27138
27139
27140
27142
27143
27144
27145
27148
27153
27158
27159
27160
27163
27166
27167
27168
27171
27174
27175
27176
27178
27184
27188
27189
27190
27198
27800
27206
27208
27209
27210
27212
27215
27217
27218
27219
27222
27223
27224
27225
27227
27228
27229
27231
27232
27233
27235
27241
27242
27245
27246
27249
27255
27256
27259
27260
27263
27265
27266
27267
27270
27272
27273
27274
27276
27277
27278
27279
27284
27286
27287
27289
27291
27292
27294
27295
27296
27298
27299
27300
27303
27304
27305
27309
27310
27311
27320
27322
27323
27326
27329
27337
27341
27344
27349
27350
27351
27353
27354
27356
27359
27362
27364
27370
27375
27377
27380
27384
27386
27387
27388
27389
27405
27406
27409
27414
27418
27420
27421
27422
27426
27427
27429
27430
27434
27440
27441
27442
27445
27447
27450
27455
27457
27459
27464
27465
27466
27469
27471
27474
27475
27477
27479
27482
27484
27489
27502
27504
27509
27510
27512
27513
27516
27517
27524
27530
27537
27538
27543
27546
27552
27555
27556
27557
27558
27561
27562
27564
27567
27572
27575
27578
27579
27580
27583
27585
27588
27593
27594
27596
27598
27599
27604
27606
27608
27610
27613
27615
27622
27626
27627
27628
27631
27638
27639
27640
27642
27644
27645
27648
27649
27652
27654
27656
27660
27661
27668
27671
27672
27673
27675
27692
27696
27701
27704
27711
27723
27725
27726
27727
27735
27736
27737
27738
27740
27741
27742
27744
27745
27747
27750
27752
27753
27760
27761
27762
27763
27764
27765
27766
27767
27768
27770
27771
27774
27778
27782
27783
27785
27787
27793
27794
27798
27799
27802
27803
27808
27810
27811
27812
27816
27817
27820
27821
27824
27825
27828
27829
27830
27831
27832
27833
27834
27836
27842
27843
27851
27853
27855
27857
27859
27866
27867
27870
27875
27877
27880
27885
27888
27889
27890
27892
27895
27897
27899
27900
27902
27905
27907
27910
27914
27915
27916
27917
27919
27922
27926
27927
27928
27932
27933
27934
27939
27941
27947
27950
27951
27952
27953
27954
27955
27957
27961
27962
27968
27970
27972
27974
27975
27976
27978
27987
27991
27994
27995
27997
27999
28000
28004
28007
28008
28012
28015
28016
28017
28019
28021
28022
28023
28026
28027
28028
28029
28030
28034
28035
28036
28037
28038
28039
28045
28047
28048
28050
28057
28059
28060
28065
28066
28068
28069
28070
28072
28074
28075
28077
28078
28080
28082
28083
28085
28088
28089
28091
28093
28094
28095
28096
28097
28099
28101
28102
28109
28111
28115
28117
28118
28119
28121
28123
28124
28125
28130
28134
28135
28136
28141
28142
28143
28145
28147
28150
28152
28155
28162
28166
28169
28170
28172
28173
28175
28176
28178
28181
28188
28189
28190
28191
28192
28193
28194
28196
28197
28203
28206
28207
28208
28213
28214
28215
28216
28217
28219
28220
28221
28224
28225
28226
28229
28231
28233
28234
28238
28239
28240
28241
28242
28243
28244
28246
28247
28249
28250
28251
28253
28254
28256
28257
28258
28259
28260
28261
28263
28265
28268
28269
28271
28272
28273
28274
28275
28278
28279
28280
28281
28282
28284
28287
28288
28290
28291
28294
28295
28296
28298
28303
28304
28305
28308
28309
28310
28311
28312
28313
28316
28317
28319
28322
28323
28324
28325
28328
28329
28331
28336
28338
28342
28345
28346
28349
28350
28351
28352
28355
28356
28360
28361
28362
28365
28366
28369
28370
28374
28376
28377
28379
28381
28382
28383
28384
28385
28386
28387
28389
28391
28393
28394
28396
28397
28399
28402
28403
28404
28408
28411
28413
28415
28416
28418
28419
28421
28422
28427
28428
28432
28437
28438
28439
28441
28442
28444
28447
28449
28451
28454
28456
28457
28458
28460
28461
28463
28467
28470
28472
28474
28475
28476
28478
28480
28486
28487
28488
28489
28491
28492
28493
28494
28495
28499
28501
28503
28504
28505
28506
28508
28511
28514
28515
28516
28518
28525
28526
28528
28529
28531
28532
28534
28535
28536
28537
28538
28539
28542
28543
28544
28545
28546
28548
28549
28550
28551
28552
28554
28556
28558
28563
28564
28565
28566
28567
28568
28569
28570
28572
28573
28574
28575
28576
28579
28581
28582
28583
28584
28586
28587
28590
28591
28592
28593
28594
28595
28596
28597
28599
28600
28601
28602
28606
28610
28614
28615
28616
28617
28620
28621
28623
28624
28625
28628
28632
28635
28636
28638
28641
28642
28643
28644
28647
28648
28649
28650
28651
28652
28654
28656
28658
28659
28660
28661
28662
28665
28666
28667
28670
28674
28675
28676
28677
28678
28680
28682
28684
28685
28687
28689
28690
28691
28692
28693
28694
28695
28696
28697
28698
28699
28700
28701
28702
28705
28707
28708
28711
28712
28713
28714
28715
28716
28717
28718
28719
28722
28723
28724
28725
28726
28728
28729
28731
28733
28735
28736
28738
28739
28740
28742
28744
28746
28750
28754
28757
28758
28759
28760
28763
28766
28768
28769
28770
28771
28772
28773
28777
28778
28782
28783
28784
28785
28786
28787
28788
28789
28792
28793
28801
28802
28804
28805
28809
28811
28812
28813
28814
28815
28816
28817
28819
28821
28822
28824
28826
28828
28829
28830
28831
28833
28834
28835
28836
28837
28839
28841
28845
28847
28849
28850
28851
28852
28853
28863
28864
28865
28866
28868
28873
28874
28876
28877
28878
28879
28880
28883
28887
28889
28890
28891
28892
28896
28897
28898
28900
28903
28905
28910
28912
28913
28915
28916
28917
28918
28920
28922
28923
28926
28927
28928
28929
28930
28931
28932
28933
28934
28939
28941
28942
28947
28949
28950
28951
28954
28957
28958
28959
28964
28966
28967
28969
28970
28971
28974
28975
28976
28984
28985
28988
28989
28992
28995
28996
28999
29000
29002
29004
29005
29006
29008
29009
29011
29012
29013
29014
29017
29018
29019
29020
29021
29022
29023
29024
29026
29027
29028
29029
29031
29033
29034
29035
29037
29038
29039
29040
29041
29042
29045
29046
29047
29048
29049
29050
29053
29054
29055
29056
29057
29058
29059
29061
29062
29063
29064
29065
29067
29068
29070
29071
29073
29076
29077
29078
29079
29080
29081
29082
29083
29084
29085
29086
29087
29088
29089
29090
29095
29097
29100
29109
29112
29114
29116
29118
29121
29122
29123
29124
29125
29126
29128
29135
29136
29137
29138
29139
29140
29142
29143
29145
29146
29147
29149
29151
29152
29155
29156
29159
29161
29166
29168
29172
29174
29178
29180
29181
29182
29184
29185
29189
29191
29192
29196
29198
29200
29201
29202
29204
29205
29207
29208
29209
29210
29211
29214
29216
29217
29220
29222
29224
29225
29228
29229
29230
29231
29232
29233
29235
29237
29239
29240
29241
29242
29244
29247
29248
29249
29250
29251
29252
29254
29256
29257
29258
29261
29263
29264
29265
29268
29269
29270
29271
29272
29273
29275
29278
29279
29280
29281
29282
29283
29284
29285
29286
29288
29290
29291
29292
29293
29295
29296
29297
29298
29299
29300
29301
29303
29304
29305
29307
29308
29309
29310
29311
29312
29314
29315
29316
29317
29319
29320
29321
29325
29327
29328
29330
29331
29333
29334
29335
29336
29339
29345
29346
29347
29349
29352
29353
29354
29359
29360
29361
29362
29363
29365
29367
29368
29369
29370
29372
29374
29375
29378
29379
29380
29382
29383
29386
29387
29388
29391
29392
29394
29395
29397
29401
29402
29403
29404
29405
29406
29407
29409
29410
29411
29412
29413
29414
29416
29419
29420
29422
29423
29425
29426
29430
29431
29437
29438
29439
29441
29443
29444
29447
29448
29449
29453
29454
29455
29456
29458
29461
29462
29463
29465
29466
29471
29472
29477
29478
29480
29481
29482
29486
29487
29488
29491
29492
29493
29494
29497
29498
29504
29505
29506
29507
29508
29509
29511
29512
29513
29514
29515
29516
29517
29518
29519
29521
29522
29524
29525
29528
29529
29530
29531
29532
29533
29534
29535
29536
29537
29538
29539
29541
29542
29543
29544
29548
29549
29552
29553
29554
29555
29556
29557
29559
29560
29561
29563
29564
29567
29568
29569
29570
29571
29573
29576
29577
29578
29579
29580
29582
29584
29585
29586
29591
29593
29594
29595
29596
29597
29600
29602
29604
29605
29606
29609
29610
29611
29613
29614
29615
29619
29620
29621
29622
29623
29625
29627
29628
29630
29633
29635
29636
29638
29639
29640
29641
29642
29643
29644
29645
29646
29647
29648
29649
29650
29657
29658
29659
29660
29661
29662
29663
29664
29665
29666
29667
29669
29670
29671
29672
29673
29675
29678
29680
29681
29682
29683
29684
29686
29687
29688
29690
29693
29695
29696
29699
29701
29703
29708
29709
29711
29712
29714
29715
29716
29718
29719
29720
29721
29723
29724
29725
29727
29728
29729
29730
29731
29734
29737
29738
29739
29740
29742
29743
29744
29745
29746
29747
29749
29750
29751
29752
29754
29756
29757
29760
29761
29762
29765
29766
29767
29768
29769
29770
29773
29774
29775
29776
29777
29778
29779
29780
29781
29782
29783
29785
29786
29787
29788
29790
29791
29792
29793
29794
29795
29796
29797
29798
29799
29801
29802
29804
29805
29806
29808
29809
29810
29811
29812
29813
29814
29816
29817
29819
29820
29821
29824
29827
29828
29830
29831
29832
29833
29834
29835
29836
29837
29838
29843
29844
29846
29851
29852
29853
29854
29855
29858
29859
29862
29863
29865
29866
29867
29872
29874
29875
29876
29877
29878
29879
29881
29885
29890
29892
29893
29894
29895
29897
29899
29900
29902
29904
29905
29908
29909
29911
29912
29913
29914
29915
29916
29917
29919
29920
29922
29923
29924
29926
29927
29930
29931
29933
29936
29937
29938
29939
29940
29941
29942
29943
29944
29949
29950
29951
29955
29956
29957
29958
29959
29961
29967
29968
29969
29970
29971
29973
29974
29975
29976
29977
29979
29980
29981
29982
29983
29984
29985
29986
29987
29990
29991
29992
29993
29995
29998
29999
30000
30001
30002
30004
30005
30006
30007
30008
30009
30010
30011
30012
30013
30016
30018
30019
30021
30023
30024
30025
30028
30029
30031
30032
30033
30034
30036
30037
30042
30043
30044
30046
30047
30048
30052
30056
30059
30060
30061
30062
30064
30066
30067
30068
30070
30071
30072
30073
30074
30075
30076
30078
30079
30081
30083
30084
30086
30087
30088
30089
30090
30091
30094
30098
30099
30100
30101
30103
30105
30110
30113
30115
30117
30119
30121
30123
30125
30127
30128
30130
30134
30135
30136
30137
30141
30142
30143
30144
30146
30147
30148
30149
30151
30152
30153
30154
30156
30157
30158
30159
30160
30161
30162
30163
30165
30168
30169
30170
30172
30174
30177
30178
30179
30181
30183
30184
30185
30186
30187
30190
30192
30194
30197
30198
30199
30200
30202
30203
30205
30206
30207
30209
30210
30212
30215
30216
30217
30218
30222
30223
30228
30229
30230
30231
30232
30233
30234
30235
30237
30238
30240
30241
30242
30243
30244
30245
30246
30248
30250
30251
30252
30255
30257
30258
30261
30263
30264
30265
30266
30267
30268
30269
30272
30748
30274
30275
30276
30279
30280
30281
30282
30283
30285
30286
30287
30288
30289
30290
30292
30293
30294
30295
30296
30297
30301
30303
30304
30305
30306
30307
30308
30309
30310
30311
30312
30315
30317
30318
30319
30322
30323
30324
30325
30326
30327
30328
30329
30330
30333
30337
30339
30340
30343
30346
30348
30349
30352
30353
30354
30355
30356
30357
30358
30359
30361
30362
30363
30364
30366
30368
30369
30373
30374
30375
30376
30378
30380
30384
30385
30386
30387
30389
30390
30392
30393
30396
30397
30398
30399
30401
30402
30403
30405
30406
30407
30409
30412
30414
30415
30416
30417
30420
30422
30423
30424
30425
30426
30427
30428
30429
30430
30431
30432
30435
30436
30437
30438
30439
30443
30444
30445
30446
30447
30448
30449
30450
30452
30453
30455
30456
30457
30458
30459
30460
30461
30463
30464
30465
30466
30471
30472
30473
30474
30475
30476
30477
30479
30480
30481
30482
30484
30486
30487
30488
30491
30492
30493
30494
30495
30496
30497
30498
30500
30502
30503
30506
30507
30510
30511
30512
30513
30514
30515
30517
30521
30524
30525
30526
30528
30530
30532
30533
30535
30536
30537
30540
30546
30548
30549
30552
30554
30556
30558
30560
30561
30562
30563
30564
30566
30567
30570
30572
30573
30575
30577
30578
30580
30581
30582
30584
30586
30587
30588
30590
30591
30592
30593
30594
30595
30599
30600
30602
30603
30604
30606
30611
30613
30614
30616
30619
30620
30622
30624
30625
30627
30628
30631
30636
30637
30638
30640
30641
30643
30646
30648
30649
30650
30651
30652
30653
30654
30655
30657
30658
30662
30663
30664
30665
30666
30667
30668
30669
30670
30671
30672
30674
30675
30677
30678
30680
30681
30684
30685
30687
30688
30690
30691
30692
30693
30697
30698
30702
30704
30705
30706
30707
30709
30712
30714
30718
30719
30722
30723
30724
30725
30727
30728
30729
30730
30732
30733
30734
30735
30736
30738
30739
30740
30742
30744
30745
30750
30751
30752
30753
30754
30755
30756
30758
30760
30762
30763
30764
30766
30767
30769
30770
30772
30773
30776
30777
30778
30779
30780
30781
30782
30783
30784
30785
30786
30787
30788
30789
30790
30791
30792
30793
30794
30796
30798
30801
30802
30803
30804
30806
30807
30808
30809
30810
30811
30812
30813
30816
30817
30818
30819
30820
30821
30824
30825
30828
30829
30831
30832
30833
30834
30835
30836
30837
30838
30840
30841
30842
30844
30845
30846
30847
30848
30849
30851
30853
30854
30856
30858
30860
30861
30862
30864
30865
30866
30867
30868
30869
30871
30872
30873
30874
30875
30878
30879
30880
30885
30886
30887
30888
30889
30890
30891
30895
30898
30900
30903
30906
30909
30910
30914
30915
30917
30918
30919
30920
30921
30922
30923
30924
30925
30926
30927
30928
30929
30931
30932
30933
30934
30935
30936
30937
30938
30939
30940
30941
30942
30943
30944
30945
30946
30947
30948
30949
30950
30951
30952
30953
30954
30955
30956
30957
30959
30960
30961
30962
30964
30965
30967
30968
30969
30970
30971
30972
30974
30976
30977
30978
30980
30981
30982
30983
30984
30985
30986
30987
30988
30989
30990
30991
30993
30994
30995
30997
30998
30999
31000
31001
31002
31003
31004
31006
31007
31008
31009
31010
31012
31013
31014
31015
31016
31017
31018
31019
31020
31021
31022
31023
31024
31025
31026
31028
31029
31030
31031
31032
31033
31034
31036
31037
31038
31040
31041
31042
31043
31044
31047
31048
31049
31050
31051
31052
31053
31057
31058
31059
31061
31062
31064
31065
31066
31067
31068
31069
31071
31073
31077
31078
31079
31080
31081
31083
31084
31086
31087
31088
31090
31092
31093
31094
31095
31098
31099
31101
31102
31103
31104
31105
31106
31108
31109
31112
31113
31114
31115
31116
31117
31118
31121
31122
31123
31124
31125
31126
31127
31128
31129
31130
31132
31134
31135
31136
31137
31138
31140
31142
31143
31144
31145
31146
31147
31148
31150
31151
31152
31153
31154
31155
31156
31159
31160
31161
31162
31163
31164
31166
31167
31169
31170
31171
31172
31173
31174
31176
31177
31178
31179
31181
31182
31183
31184
31185
31186
31187
31189
31190
31191
31192
31193
31194
31195
31197
31199
31200
31201
31202
31203
31204
31205
31206
31207
31208
31209
31210
31211
31212
31213
31214
