0
1
2
4
3
5
6
10
7
8
9
12
13
14
15
16
17
21
22
23
24
25
26
30
206
32
33
34
35
36
506
46
51
52
370
53
57
1786
95
98
106
139
111
113
115
117
1917
123
129
130
132
16861
140
141
658
142
143
144
148
7649
149
152
153
154
155
2217
5090
156
157
161
162
164
165
168
169
170
185
17893
171
172
174
176
1104
177
178
179
182
183
357
186
189
190
1663
193
198
201
202
739
204
205
208
209
210
212
213
214
215
217
9104
2449
219
223
224
7035
227
226
12153
228
229
233
2772
234
238
15932
239
241
448
3397
242
243
244
249
248
250
251
252
253
9732
255
258
259
260
261
262
263
9091
264
265
6982
266
1525
267
271
273
274
275
277
284
1449
1677
10894
287
291
2194
8710
294
297
298
299
302
303
306
308
309
373
310
330
359
8845
13199
7123
665
2751
1916
445
11935
314
316
319
320
321
323
4894
809
328
329
2912
8424
13526
331
332
333
334
335
345
4639
352
864
353
10085
6317
11159
354
356
361
366
1099
371
372
374
375
376
377
378
548
8661
9210
380
383
384
385
386
388
389
393
394
395
396
397
398
399
400
401
402
403
404
405
406
407
408
412
413
414
415
2745
4330
8342
4119
7129
420
421
422
424
425
8390
426
427
429
432
433
434
436
9303
437
439
442
443
444
3764
446
447
6724
5257
951
453
454
455
456
457
459
460
465
468
469
3669
471
473
474
475
476
477
478
480
482
484
486
487
491
496
497
502
505
507
508
510
511
512
514
516
517
527
528
533
538
539
540
541
542
544
546
9547
2735
549
550
557
558
559
561
562
563
565
566
568
569
570
571
4842
572
573
574
576
578
579
580
582
12816
586
588
589
590
591
593
594
597
606
607
610
611
612
4977
617
620
625
626
627
628
3685
632
636
637
639
643
650
651
824
652
654
657
659
660
1101
666
676
678
679
681
682
6792
2428
683
684
689
692
693
695
2737
1932
1713
700
701
703
705
706
707
708
709
710
711
716
718
720
721
722
724
725
726
728
729
730
731
733
736
737
738
2769
4114
11021
9285
743
744
747
748
749
750
751
752
754
755
757
758
759
760
761
762
764
765
769
770
772
773
776
777
779
780
781
782
783
784
6966
786
789
793
796
797
798
1534
799
803
804
805
808
810
813
814
820
829
831
833
4809
834
840
841
842
2092
843
844
848
850
852
5315
9140
853
855
856
859
3921
860
861
7603
863
865
866
867
868
870
871
6930
872
875
878
11245
10957
7095
881
882
883
884
886
887
891
892
893
894
10045
896
4355
897
898
899
900
901
902
903
1490
904
906
909
912
913
915
917
921
923
924
925
8440
13401
13316
926
927
928
932
1598
934
935
1241
9092
936
10160
937
939
940
941
946
947
949
950
3690
1135
953
954
958
963
965
966
968
969
970
971
973
974
975
976
4495
977
978
980
2115
981
982
985
988
989
990
991
995
998
999
1000
1001
1002
1003
1005
1009
1010
3191
12990
10743
1011
1013
1014
1015
1018
1019
12483
7334
6668
1020
1022
1023
1024
1025
1028
6997
1030
1031
1032
1034
1035
1036
1038
1040
1042
1043
1044
1045
1047
1049
1052
1053
1055
1058
16783
1059
1063
1064
1065
1068
1069
1071
1076
1079
1082
1083
1085
13161
1086
1087
1088
1090
1092
1093
1094
3158
1095
1097
1098
1100
1102
1105
1106
1107
1108
1109
1110
9211
1111
1113
1114
1117
1119
1120
1121
1122
1123
1125
1126
1128
1129
1130
1131
1133
1134
1136
1137
1138
1139
1141
1143
1661
1144
1145
1148
1149
1150
1151
1152
1156
1157
1158
1160
1161
1167
1168
1169
1170
1174
11617
1177
13380
7020
1178
1182
1183
1184
1185
1186
1187
1188
1190
1193
1194
1196
1197
1198
1200
1203
1205
1206
1207
1209
1210
1211
1214
1217
1218
1219
1220
1221
1222
1223
1225
1226
1227
1229
1230
1232
1233
1234
1236
1237
1238
1239
1244
1245
1246
1247
1248
1249
1250
1251
1252
1253
1254
1255
1256
1283
1257
1258
1261
1263
1264
1265
1266
1267
1268
1269
1270
1271
1272
9974
1273
1274
1276
1277
1278
1280
14613
1281
1282
1284
1285
1286
1287
1288
1289
1290
1291
1292
5923
1293
1294
1295
1296
1297
1298
5279
1299
1300
1303
1304
1305
1307
1308
1309
1311
1312
1313
1316
1323
1325
1327
1329
1330
1332
1333
1334
1336
1338
1339
1340
1341
1344
1345
1347
1348
1353
1359
1361
1363
1364
1367
1368
1370
1372
1376
1377
1378
1379
1380
1381
1382
1383
1384
1386
1387
1390
1393
1398
1399
1400
1404
6743
3540
1405
1406
1407
1408
1409
1410
1412
1413
5801
1415
1416
1417
1419
1421
1422
1425
1426
1427
1428
1429
1432
1434
1435
1440
1441
1442
1444
1446
1447
1448
1450
1452
1453
1459
1462
1463
1464
1468
1469
1470
1472
2585
1474
1475
1693
1476
1482
17020
1483
1484
1486
1488
1489
1491
1493
1497
1498
1504
1506
1507
1510
1514
1518
14964
1519
1523
1526
1527
1528
1529
1531
1533
1538
1540
1542
1543
1545
1546
1549
1550
1551
1552
9573
1554
1555
1557
1558
1565
1566
1567
1568
1569
1571
1575
1577
1580
1581
1583
1584
1585
1586
1588
1589
1590
1592
1593
9694
9006
1600
1601
7830
1603
1604
1607
1608
1613
1858
1615
1619
1620
1748
10953
1621
1622
1623
1626
1627
1628
1630
1633
1635
1636
1638
1641
1643
1644
1645
1646
1647
1651
1655
1658
1659
1660
1664
1666
1668
1670
1671
1673
1674
1680
1681
1682
1683
1685
1687
1692
4475
1695
1697
1699
1700
1701
1702
1705
1706
1707
1708
1710
1712
3740
1717
9238
1720
1721
12771
1742
6160
8601
1722
1723
1725
1726
1727
1729
1732
1733
1734
1738
1739
1740
1749
1751
1752
1754
1762
1766
1767
1768
1769
1770
1774
1775
1779
1780
1782
1785
8108
1787
1788
1789
1790
1791
1792
1794
1795
1796
1797
1798
15297
11525
1800
1803
1804
1807
1813
1817
1819
1821
1822
1824
1825
1828
1829
1831
1836
1837
9959
1843
1845
1846
1847
1848
1850
1853
1854
1856
1857
2692
1859
1861
1865
1866
1867
1869
1870
1871
1874
1878
1879
1880
1881
1885
1886
1888
1889
1890
1891
1892
1893
1895
1898
1899
1900
1901
1903
1904
1906
1907
1912
1913
1915
1920
1922
1924
1925
1926
1927
1928
1929
1930
1931
1935
1938
1939
1940
1943
1944
1947
1948
1952
1953
1954
1955
1956
1957
1958
1960
1963
1966
1970
1971
1972
1974
1975
4318
1976
1978
1979
1980
1981
1982
1984
1986
1987
3677
1989
1990
1991
1992
1993
1994
1995
1996
1998
1999
2000
2001
2002
2003
2005
2006
2007
2008
2009
2010
2011
2013
2015
2016
2018
2019
2020
2021
2022
2024
2025
2026
2027
2028
2030
2031
2032
2033
2034
2035
2038
2039
2040
3920
2043
2044
2045
2048
2049
2050
2051
2052
2053
2054
2055
2056
2057
2058
2059
2060
2061
2062
2063
2064
2065
2066
2067
2068
2069
2070
2071
2072
2073
2074
2075
2076
2077
2079
2080
2081
2082
2085
2087
2088
2090
2091
2093
2094
2095
2096
2097
2099
2101
2102
2103
2104
2108
2109
2110
2112
2114
2116
2117
2119
2120
2121
2122
2124
2125
2127
2128
2129
2130
2131
2132
2134
2135
2136
2138
2139
2140
2142
2143
2144
2146
2147
2148
2149
2155
2156
2157
2158
2162
2163
2164
2165
2167
2169
2170
2171
2172
2177
2178
2179
2180
2181
2185
2186
2188
2191
2192
2193
2195
2197
2571
2199
2201
2202
2203
2204
2205
2206
2207
2208
2210
2214
2215
2216
2219
2220
2221
2223
2224
2225
2227
2228
2229
4608
2230
2231
2232
2233
2234
2239
2241
2242
2245
2246
2248
2249
2253
2254
2257
2259
2264
2265
4997
2266
2267
2269
2271
2272
2274
2279
2282
2284
2285
2286
2288
2289
2290
2297
2300
2303
2304
2307
2312
2314
2315
2319
2320
2323
2326
2327
2328
2331
2332
2334
5577
11354
2336
2337
2338
2342
2343
2344
2345
2347
2352
2354
2356
2361
2365
4345
2366
2371
2372
2376
2377
2378
2379
2381
2385
2387
2390
2402
2404
2405
2558
2409
2411
3867
2412
2413
2414
2419
2420
2422
2429
2432
2433
2434
2435
2438
2441
2447
2448
9548
2451
2453
2454
2455
2456
2459
2461
2462
2463
2467
2468
2470
2471
2472
2473
2474
2475
2476
2479
2482
2488
2490
2491
2492
2494
2496
2501
2502
2504
2505
2506
2509
2510
2511
2512
2513
2514
2515
2520
2522
2524
4312
2525
2526
2528
2530
2534
2536
2542
2546
2548
2549
2550
2554
2557
2559
2560
2562
2568
2572
2573
2574
2575
2576
2577
2578
2579
2580
2581
2582
2583
2584
2586
2587
2588
2589
2590
2591
2593
2594
2595
2596
2597
7564
2598
2599
2600
2601
2602
2603
2604
2605
2786
2606
2607
2608
2609
2610
2611
2612
2613
2614
2615
2616
2617
2618
2619
2620
2621
2622
2623
2625
2626
2628
2629
2631
2632
2633
2634
2635
2636
2637
2640
2641
2643
2644
2645
2646
2647
2648
2649
2652
2653
2655
2656
2657
2658
2659
2660
2661
2663
2666
2667
2668
2671
2672
2673
2674
2675
2676
2677
2678
2679
2680
2681
2682
2683
2685
2686
2687
2688
2689
2690
2691
2693
2695
2696
2697
2698
2699
2700
2701
2702
2703
2705
2706
2707
2708
2710
2712
2713
2714
2715
2717
2719
2720
2721
2722
2723
2724
2726
2727
2728
2729
2730
2731
2732
2733
2734
2736
2738
2740
2741
2742
2744
2749
2750
10893
14190
2752
2753
2754
2755
2756
2757
2758
2759
2761
2762
2764
2766
2768
2770
2771
2773
2774
2775
2776
2777
2778
2779
2780
2781
2782
2783
2784
2785
2789
2790
2792
2794
2798
9289
2799
2800
2801
2802
2806
2810
2814
2817
2820
2823
2832
2834
2835
2837
2838
2839
2843
2844
2845
2846
2964
2848
2850
2852
2853
2855
2857
2859
2860
2863
2864
2865
2868
2869
2870
2871
2872
2874
2875
2878
2880
2881
2882
2888
2890
2891
2893
2894
2895
2896
2897
2898
2899
2900
2901
2903
2904
2905
2906
2908
2911
2913
2915
2917
2922
2923
2924
2925
2927
2930
2931
2932
2933
2934
2935
2936
2937
2940
2942
2943
2944
2948
2950
2954
2956
2957
2958
9650
2959
2961
2963
2965
2966
2967
2970
2971
2972
2974
2975
2976
2977
2978
2981
2986
2987
2988
2989
2990
2992
2996
2998
2999
3001
3003
3005
3006
3007
3010
3011
3012
3013
3014
3015
3016
3018
3019
3021
3023
3024
3025
3026
3027
3030
3031
3034
3036
3037
3041
3042
3044
3045
3046
3048
3049
3050
3051
3052
3055
3056
3057
3059
3061
3063
3064
3066
3069
3071
3072
3073
3074
3075
3076
3079
3080
3081
3082
3083
3085
3086
3088
3089
3090
3091
3092
3093
3094
3095
3097
3098
3100
3101
3103
3104
3105
3106
3109
3110
3112
3113
3116
3117
3120
3121
3629
3123
3124
3125
3128
3129
3132
3133
3134
3136
3137
3138
3139
3140
3143
3144
3145
3146
5112
3147
3148
3150
3151
10949
3155
3156
3159
3160
3163
3164
3165
3166
3171
3176
3177
3180
3181
3182
3183
3186
3190
4496
3195
3196
3197
14809
3199
3204
3205
3207
3208
3209
3211
3216
3217
3219
3222
3223
3224
3225
3226
3227
3229
3230
3236
3237
3242
3247
3248
3249
3251
3252
3254
3257
3258
3259
3260
3262
3270
3272
3275
3276
3277
3280
3281
3284
3285
3288
3289
3290
3291
3292
3293
11568
3295
3297
3298
3299
3300
3301
3302
3304
3306
3308
3309
3310
3313
3314
3318
3322
3323
3330
3333
3335
3338
3339
3342
3343
3344
3345
3346
3348
3349
7898
8463
3353
3354
3355
9386
4252
3356
3357
5727
3358
3359
3360
3362
3363
3364
3365
3367
3370
3371
3373
3374
3375
3376
3377
3379
3381
3382
3383
3384
3387
3391
3396
3398
3399
3400
3404
3407
3408
3411
3413
3414
3416
3417
3418
3419
3422
3424
3425
3428
3429
3430
3432
3434
11928
3443
3444
3445
3447
3449
3451
3452
3453
3454
3456
3457
3458
3459
3460
3461
3462
3463
14974
3466
3467
3468
3469
3470
3471
3472
3473
7560
3476
3480
3486
3487
3488
3489
3490
3491
3492
3493
3495
3499
3502
3503
3504
3506
3507
3508
3510
3512
3514
3517
3518
3519
3520
3521
3522
3523
3526
3527
3529
3532
3535
3536
3538
3539
3541
3543
3544
3545
3546
3549
3550
3552
3553
3554
3555
3556
3558
3560
3561
3562
3564
3568
3570
3574
3575
3579
3583
3584
3586
3587
3591
3593
3594
3597
3599
3600
3601
3603
3606
3607
3609
3611
3613
3614
9752
3617
3618
3619
3620
3621
3622
3625
3626
3631
3632
3634
3635
3636
3641
3643
3644
3645
3646
3647
7159
3648
3650
3651
3652
3653
3654
3655
3656
3662
3663
3665
3666
11702
3670
3673
3674
3675
3676
3678
3680
3682
3684
3688
3689
3691
3692
4297
3693
3695
3696
3697
3699
5113
5147
3703
3704
3705
3709
3710
3712
3713
3719
3722
3723
3724
3725
3726
3729
3731
3733
3735
9175
3736
3739
3743
3745
3748
3749
3750
3752
3754
3757
3760
3762
3763
3765
3766
3768
3769
3771
3775
3776
3777
3780
3781
3782
3786
3788
3790
3791
3792
3793
3795
3796
3800
3803
3806
3807
3808
3809
3810
3811
3813
3816
3819
3820
3821
4171
3823
3824
3825
3828
3831
3834
3839
3841
3844
3845
3846
3847
3849
7674
3851
3852
3854
3855
3856
3857
3858
3861
3862
3864
7200
3865
3866
5704
3869
3872
3873
3874
3875
3879
3882
3883
3884
3885
3887
3888
3890
3891
3892
3893
3895
3896
3898
3899
3902
3903
3904
3905
3907
3910
3912
3915
3917
3918
3919
3925
3926
3929
3930
3935
3938
3941
3942
3943
3944
3945
3946
3948
3949
3951
3953
3954
3955
3956
3957
3958
3959
3960
3961
3962
3963
3964
3966
3967
3968
3969
3970
3971
3972
3973
3974
3975
3976
3977
3978
3979
3980
3981
3982
3983
3984
3985
3986
3987
3988
3989
3990
3991
3993
3994
3995
3996
3998
4000
4001
4002
4003
4006
4007
4008
4009
4010
4011
4012
4013
4014
4015
4016
4017
4018
4019
4020
4021
4022
4023
4024
4025
4026
4027
4028
4029
4032
4033
4034
4035
4036
4037
4038
4039
4040
4041
4044
4045
4046
4047
4048
4050
4051
4052
4053
4054
4055
4056
4057
4058
4059
4060
4061
4062
4063
4064
12876
4066
4067
4068
4069
4070
4071
4072
4073
17021
4074
4075
4076
4077
4078
4079
4080
4081
4082
4083
4084
4085
4086
4087
4088
4091
4093
4094
4095
4097
4098
4099
4100
4101
4102
4103
4104
4105
4107
4108
4115
4116
4117
4118
6090
15125
9174
4122
4123
4124
4125
4126
4127
4128
4129
4130
4131
4132
4134
4135
4137
4138
4139
4141
4142
4144
4145
4148
4149
4150
4152
4153
4154
4155
4156
4157
4158
4159
4160
4161
4163
4164
4165
4166
4167
4168
4169
4172
4173
4178
4179
4180
4181
4182
4184
4185
4186
4189
4193
4194
4196
4197
4198
4200
4201
4202
4204
4211
4212
4213
4215
4218
4221
4223
4224
4225
4227
4228
4230
4235
4236
4241
4242
4247
4249
4250
4253
4254
4259
9033
4260
4266
4267
4269
4270
4272
4274
4275
4276
4278
4279
4280
15651
4281
4283
4284
4287
4288
4289
4292
4293
4294
4296
4298
4299
4301
4303
4305
4306
4309
4317
4321
4322
4323
4324
4328
4329
4332
4333
4334
4335
4336
4337
4338
4340
4341
4342
4344
4346
4347
4348
4349
4350
4351
4352
4354
4356
4357
4358
4360
4361
4362
4364
4365
12759
4366
4368
4369
4370
4371
4372
4373
4374
4375
4376
8064
4378
4380
4381
4382
4384
4385
4387
4388
4390
4392
4393
4394
4396
4397
4398
4401
4402
4403
4404
4405
4406
4408
4409
7015
4412
4413
7373
4414
4417
4418
4419
4421
4422
4424
4425
4426
4428
4429
4430
4431
4432
4433
4434
4435
4436
4437
4439
4440
4442
4443
4444
4448
4450
4451
4452
4454
4456
4457
4458
4459
4460
4461
4584
4462
4463
4464
4468
4469
4470
4471
4472
4474
4477
4478
4479
4480
4481
4483
4484
4487
4489
4490
4492
4493
13536
13535
4497
13751
4498
4499
4500
4501
4502
4503
4504
4505
4506
4510
4512
4513
4514
4516
4517
4518
4519
4520
4528
4529
4530
4531
4534
4537
4539
4542
4543
4544
4545
4546
4549
4555
4556
4557
4559
4560
4562
4563
4564
4567
4569
4571
4572
4573
4574
4576
4578
4579
4582
4583
4585
4587
4588
4591
4593
4594
4598
4600
4604
4606
4612
7154
4613
4619
4620
4622
4625
4626
4627
4632
4633
4635
4636
4637
4638
4640
4641
4642
4643
4644
4645
4646
4648
4652
4653
4655
4656
4659
4660
4661
4662
4663
4667
4670
4672
4673
4674
4675
4680
4682
4684
4688
4689
4691
4692
4693
4694
4698
4699
4700
4702
4703
4707
8397
4711
4716
4719
4720
4721
4723
4724
4725
4727
4728
4729
4731
4734
4735
4736
4739
4740
4742
4744
4745
4747
4749
4750
4751
4754
4755
12562
4757
4764
4768
4769
4770
4771
4772
4773
4777
4779
4780
4783
4784
4785
4786
4787
4788
4789
4790
4792
4795
4803
4804
4806
4808
4812
4814
4815
4818
4820
4821
4823
4828
4831
4833
4835
4836
4837
4838
4839
4840
4841
9954
4844
4846
4847
4849
4850
4851
4852
4853
4855
4857
4858
4861
4862
4863
4865
4866
4867
4869
4870
4872
4874
4876
4877
4878
4879
4880
4881
4882
4883
4884
4886
4887
4888
4889
4891
4892
4896
4899
4900
4902
4903
4904
4905
4907
4908
4909
4910
4912
4915
4920
4921
4922
4924
4925
4927
4928
4929
4931
4933
4935
4936
4937
4939
4941
4942
4945
4946
4947
4948
4953
4954
4956
4958
4961
4963
5314
5414
4965
4969
4970
4972
4974
4980
4982
4983
4984
4988
4989
4990
4991
4996
4998
4999
5002
5007
5009
5010
5012
16090
5013
5014
5015
5017
5022
5023
5024
5025
5032
5033
5034
5038
5042
5044
5046
7511
5049
5052
5054
5055
5057
5058
5060
5061
5063
5065
5067
5070
5071
5072
5073
5075
5076
5078
5080
5083
5087
5089
5091
5093
5095
5099
5100
5101
5102
5105
5108
5109
5110
5115
5117
5120
5121
5123
5124
5125
5126
5129
5133
5134
5136
5141
5142
5143
5144
5146
5148
5152
5153
5154
5155
5156
5159
5161
5164
5165
5166
5168
5169
10071
5170
5173
5178
5181
5182
5184
5185
5187
5189
5191
5193
5194
5195
5196
5198
5382
5199
5202
5203
5205
5207
5208
5231
5210
5211
13842
5212
5215
5216
5217
5219
5220
5222
5226
5228
5229
5233
5234
5235
5241
5243
5244
5248
5249
5250
5252
5255
5256
5262
5263
5264
5267
5273
5275
5276
5278
5280
5281
7827
5283
5284
5286
5287
5291
5299
5303
5306
5307
5309
5313
5318
5319
5320
5322
5323
5324
5328
5336
5338
5339
13034
5342
5351
5353
5355
5356
5358
5365
5367
5370
5373
5379
11805
5381
5385
5390
5393
5396
5398
5399
5401
5403
5404
5407
5408
5412
5413
5416
5417
5418
5429
5430
5434
5435
5437
5438
5441
5445
5446
5452
5453
5455
5457
5461
5464
5467
5470
5471
5478
5484
5485
5486
5494
7144
5497
5498
5501
5502
5504
5508
5513
5514
5515
5517
5521
5525
5533
5534
5537
5540
5541
5542
5545
5547
5549
5550
5553
5555
5556
5557
5558
5562
5563
5569
5576
5578
5581
5582
5587
5588
5590
5591
5597
5611
5612
14522
5614
5618
5620
5622
5626
5631
5638
5640
5645
5650
5651
5653
5662
5670
5672
14397
5673
5676
5684
5685
5687
5693
5695
5697
5700
5702
5703
5708
5710
5712
5715
5717
5720
5721
5722
5723
5724
8523
8371
5730
5732
5736
5737
5740
5744
5746
5755
5758
5760
5763
5764
5765
5766
5768
6277
5770
5772
5774
5775
5776
5780
5781
17258
5782
5783
5784
5785
5786
5790
5791
5792
5794
5798
5799
5802
5803
5805
5807
5808
5809
5810
5811
5813
5816
5820
5821
5822
5823
5824
5827
5828
5829
5830
5831
5833
5834
5835
5836
5837
5838
5839
5840
12434
5843
5844
5846
5847
5851
5852
13889
5853
5856
5859
5860
5863
5865
5866
5867
5870
5871
5872
5876
5877
5878
5880
5881
5882
5886
5887
5890
5899
5901
5902
5910
5913
5915
5916
5917
5920
5921
5922
7426
7469
7542
7354
5934
5951
5967
5983
5999
6025
6027
6039
6058
6064
6065
6068
6070
6076
6087
6092
6099
6106
6126
6128
6156
6164
6170
6173
6174
6183
6184
6186
6198
6203
6204
6211
6226
6227
6236
6238
6245
6247
6249
6253
6263
6268
6273
6287
6294
6298
6312
6326
6346
6348
6369
6387
6396
6424
6442
6456
6457
6472
6502
6558
6590
13611
6594
6652
6678
6699
6700
6705
6712
6723
6728
7058
12005
6759
6760
6761
6771
6773
6777
8457
6795
6798
6799
6808
6813
6818
6820
6823
6829
6830
6835
6836
6839
6840
6843
6846
6847
6850
6851
6853
6854
6859
6863
6866
6869
6870
6872
6879
6882
6883
6885
9841
6889
6896
6899
6900
6904
6907
6909
6911
6912
6919
6920
6922
6923
6926
8022
6932
6936
6942
6944
6951
6952
6954
6965
6967
6968
6973
6974
6977
6978
6979
6980
6983
6988
6989
6991
6996
7497
6999
7000
7001
7003
7005
7007
7008
7009
7010
7011
7012
7014
7016
7017
7018
7021
7022
7024
7025
7028
7029
7030
7032
7033
7034
7036
7039
7041
7042
7044
7049
7050
7052
7053
7056
7059
7060
7061
7063
7065
7067
7070
7072
7074
7078
7079
7081
7083
7084
7087
7088
7089
7094
7098
7099
7100
7101
7102
7104
7105
7107
7108
7109
7111
7113
7119
7121
7122
7125
7126
7130
7134
7137
7141
7142
7145
7146
9055
7149
7152
7153
7157
7158
7160
7161
7162
7163
7164
7165
7167
7168
7169
7171
7176
7178
7179
7183
7184
7186
7187
7188
7189
7190
7191
7193
7907
7194
7196
7197
7199
7201
8033
7302
7202
7205
7208
7209
7210
7212
7213
7215
7216
7217
7218
7219
7220
7222
7223
7224
7225
7226
7228
7230
7236
7238
7239
7240
7241
7243
7245
7246
7247
7249
7251
7252
7253
7256
7257
7258
7259
7260
7261
7264
7266
7267
7268
7271
7273
7274
7277
7278
7281
7282
7284
7290
7293
7294
7296
7297
7300
7301
7303
7305
7306
7308
7310
7311
7312
7315
7316
7317
7318
7319
7322
7323
7324
7325
7326
7328
7329
7333
10206
7340
7343
7345
7346
7347
7348
7349
7350
7351
7353
7355
7356
7357
7358
7359
7364
7365
7366
7367
7368
7586
7370
7371
7372
7374
7375
7376
7378
7379
7380
7381
7382
7384
7385
7387
7388
7389
7390
7392
8352
7393
7394
7395
7396
7399
7400
7401
7402
7405
7406
7409
7410
7411
7412
7413
7415
7416
7417
7418
7419
7420
7422
7423
7424
7425
7428
7429
7430
7433
7434
7436
7438
7439
7440
7441
7442
7443
7444
7447
7448
7449
7450
7451
7452
7453
7454
7457
7462
7463
7464
7466
7467
7470
7471
7472
7473
7475
10798
7476
7478
7481
7482
7483
7485
7486
7488
7490
7491
7492
7493
7494
7496
7498
7501
7502
7505
7507
7508
7509
7510
7512
7513
7518
7520
7523
7525
7527
7528
7529
7530
7531
7532
7535
7539
7540
7541
7544
7545
7546
7547
7549
7550
7553
7554
7555
7556
7558
7559
7561
7562
7563
7565
7567
7569
7571
7572
7574
7575
7577
7578
9900
7584
7585
7590
7592
7593
7595
7596
7598
7599
7602
7606
7607
7608
7609
7611
7612
7614
7615
7616
7617
7619
7620
7627
7629
7630
7632
7633
7636
7638
7639
7641
7642
7643
7647
7648
7655
7657
7658
7659
7660
7661
7662
7663
7666
7668
7669
7670
7672
7673
7677
7678
7679
7680
7681
7682
7683
7684
7685
7689
7690
7691
7692
7693
7694
7695
7697
7698
7703
7706
7708
7710
7711
7712
7716
7721
7722
7723
8309
7724
7725
7726
7727
7729
7731
7732
7733
7734
7736
7753
7737
7738
7739
7740
7741
7742
7743
7744
7745
7748
7749
7752
7754
8263
7755
7756
7757
7758
7759
7760
7762
9868
7765
7766
7769
7772
7773
7774
7775
7776
7777
7778
7779
7780
7781
7782
7785
7786
7787
7788
7789
7790
7791
7792
7793
7794
7795
7796
7797
7798
7799
7800
7801
7802
7803
7804
7805
7806
7807
7808
7809
7810
7811
7812
7813
7814
7815
7816
7817
7818
7819
7820
7822
7823
7824
7825
7826
7828
7829
7831
7832
7833
7834
7835
14659
7837
7838
7839
7840
7841
7842
7843
7844
7845
7846
7847
7848
7849
7850
7851
7852
7853
7854
7855
7856
7857
7858
7859
7860
7861
7862
7863
7864
7865
7866
7867
7868
7869
7870
7871
7872
7873
7874
7875
7876
7877
7878
7879
7881
7882
7883
7884
7885
7886
7887
7889
7890
7891
7892
7893
7894
7895
7896
7897
7899
7900
7901
7902
7903
7904
7906
7908
7909
7910
7911
7912
7913
7914
7915
7916
7917
7918
7920
7922
7923
7924
7925
7926
7927
7928
7929
7931
7933
7934
7935
7936
7937
7938
7939
7940
7942
7943
7945
7946
7947
7949
7950
7951
7952
7953
7954
7956
7957
7958
7959
7960
7961
7962
7963
7964
7965
7966
7967
7968
7969
7970
7971
7972
7973
7974
7975
7976
7978
7979
7980
7981
7982
7984
7985
7986
7987
7988
7989
7990
7991
7992
7993
7994
7995
7996
7997
7998
7999
8000
8001
8002
8003
8004
8005
8007
8009
8011
8013
8736
9811
8015
8016
8019
8020
8021
8023
8024
8025
8026
8027
8028
8029
8031
8032
8034
8035
8036
8037
8038
8040
8041
8044
8045
8046
8047
8049
8050
8051
8054
8055
8056
8059
8060
8062
8063
8065
8066
8068
8069
8071
8073
8074
8075
8076
8077
8081
8083
8084
8085
8086
8087
18190
18271
8088
8089
8091
8094
8095
8096
8097
8101
8102
8103
8468
8105
8106
8107
8109
8111
8112
8114
8115
8116
8117
8118
8119
8120
8121
8122
8141
8123
8124
8126
8128
8131
8132
8133
8134
8135
8138
8139
8140
8142
8143
8144
8145
8146
8147
8148
8151
8155
8156
8157
8158
8159
8160
8162
8164
8165
8166
8167
8168
8169
8170
8171
8172
8175
8176
8177
8179
8180
8181
8184
8187
8188
8190
8191
8193
8194
8195
8196
8198
8199
8200
8201
8203
8204
8206
8209
8210
8214
8216
8217
8218
8219
8220
8221
8222
8223
8226
8227
8231
8232
8233
8234
8235
8236
8237
8238
8239
8242
8243
8245
8246
8247
8248
8249
8250
8251
8253
8255
8256
8260
8262
8265
8267
8268
8269
8271
8272
13852
8274
8425
8276
8277
8278
8279
8282
8283
8284
8287
8289
8291
8294
8296
8298
8299
8300
8301
8303
8305
8306
8307
8308
8310
8312
8313
8314
8315
8317
8319
8320
8321
8322
8323
8324
8325
8326
8327
8330
8331
8332
8333
8339
8340
8341
8343
8344
8345
8346
8348
8350
8351
8353
8355
8356
8358
8359
8360
8362
8363
8364
8365
8367
8368
8369
8370
8372
8373
8374
8375
8377
8378
8380
8381
8382
8383
8384
8385
8386
8387
8388
8389
8391
8392
8393
8394
8395
8398
8399
8401
8402
8404
8405
8406
8408
8412
8415
8416
8417
8418
8419
8420
8423
8426
8427
8428
8431
8432
8433
8434
8436
8437
8438
8439
8441
8443
8548
8444
8445
8446
8448
8449
8450
8452
8454
8456
8458
8459
8460
8464
8465
8466
8467
8469
8470
8471
8473
18365
8474
8476
8477
8478
8479
8480
8481
8482
8483
8484
8485
8487
8488
8490
8492
8496
8500
8501
8502
8503
14518
8504
8505
8507
8508
10918
8509
8510
8511
8512
8514
8516
8517
8518
8519
8521
8525
8528
8531
8532
8534
8535
8536
8537
8538
8539
8540
8542
8544
8545
8546
8547
8549
8552
9059
8553
8554
8555
8556
8557
8560
8561
8565
8568
8569
8570
8572
8574
8575
8576
8578
8579
8580
8581
8583
8584
8585
8587
8588
8589
8592
8593
8595
8597
8598
8599
8600
8603
8604
8605
8606
8608
8609
8610
8611
8613
8615
8617
8619
8621
8622
8625
8626
8627
8628
8630
8631
8632
8633
8634
8637
8638
8639
8640
8641
8642
8966
8643
8644
8646
8647
8648
8650
8652
8654
8656
8657
8658
8659
17986
8662
8663
8664
8665
8668
8669
8670
8671
8673
8674
8675
16209
8676
8677
8678
8679
8681
8682
8685
8686
8688
8690
8693
8694
8695
8697
8698
8700
8701
8703
8705
8706
8707
8708
8711
8713
8714
8715
16068
8716
8717
8718
8719
8720
8721
8722
8723
8724
8725
8726
8727
8729
8730
8732
8733
8738
8739
8740
8741
8742
8743
8744
8745
8746
8749
8750
8751
8752
8753
8754
8755
8756
8757
8758
8759
8760
8761
8762
8763
8764
8765
8767
8769
8770
8771
8772
8773
8774
8775
8777
8778
8779
8780
8781
8782
8783
8784
8785
8787
8788
8790
8791
8792
8794
8795
8796
8799
8800
8801
8803
8804
8805
8806
8807
8808
8809
8812
8813
8814
8819
8820
8821
8822
8824
8825
8826
8827
8828
8829
8830
8831
8832
8833
8834
8836
8837
8841
8842
8844
8846
8847
8849
8852
8854
8855
8856
8860
8861
8862
8863
8864
8865
8866
8867
8868
8869
8870
8871
8872
8873
8875
8876
8877
8878
8879
8880
8881
8882
8883
8884
8885
8886
8887
8888
8889
8890
8893
8895
8896
8898
8900
8901
8902
8903
8904
8905
8906
8907
8909
8911
8913
8914
8916
8918
8925
8926
8927
8928
8929
8930
8932
8933
8935
8936
8938
8939
8940
8941
8946
8947
8949
8950
8951
8952
8954
8955
8956
8957
8958
8959
8960
8963
8964
8965
8968
8969
8970
8973
8975
8976
8978
8979
8980
8981
8982
8984
8985
8987
8988
8989
8990
8992
8994
8996
8997
9000
9001
9002
9004
9005
9007
9008
9009
9012
9014
9015
9016
9017
9018
9019
9020
9021
9022
9023
9024
9025
9026
9027
9028
9030
9031
9032
9034
9035
9037
9041
9043
9044
9045
9046
9047
9048
14125
9049
9050
9052
9056
9057
9058
9060
9062
9063
9064
9066
9067
9069
9070
9071
9072
9073
9074
9075
9076
9077
9078
9079
9081
9082
9083
9085
9089
12765
9093
9094
9095
9096
9098
9099
9100
9101
9103
9105
9111
9112
9113
9114
9115
9116
9118
9120
9121
9122
9123
9124
9125
9127
9128
9129
9130
9132
9133
9134
9136
9141
9143
9146
9147
9148
9149
9150
9151
9154
9156
9157
9158
9159
9160
9162
9163
9164
9165
9166
9167
9168
9169
9171
9172
9173
9177
15171
9178
9179
9180
9181
9185
9187
9188
9189
9190
9192
9194
9196
9198
9200
9202
9204
9205
9206
9208
9209
9213
9214
9215
9216
9219
9220
9221
9223
9224
9225
9226
9227
9228
9230
9231
9232
9233
9234
9235
9236
9237
9239
9240
9241
9242
9243
9245
9247
9248
9250
9251
9252
9254
9256
9257
9258
9260
9261
9263
9266
9267
9269
9270
9272
9273
9274
9275
9276
9277
9278
9279
9280
9284
9286
9287
9290
9292
9293
9294
9296
9298
9299
9300
9301
9304
9306
9307
9308
9311
9313
9314
9315
9318
9319
9322
9323
9324
9325
9326
9328
9329
9330
9332
9337
9338
9339
9340
9341
9342
9344
9345
9346
9347
9348
9350
9351
9352
9355
9357
9359
9360
9361
9362
9363
9368
9369
9372
9382
9383
9742
9384
9385
9388
9389
9391
9392
9393
9395
9398
9399
9400
9402
9403
9405
9409
9411
9412
9413
9414
9416
9417
10681
9420
9422
9423
9424
9425
9426
9427
9429
9431
9432
9434
9436
9437
9439
9440
9441
9442
9443
9445
9447
9449
9452
9453
9454
9456
9457
9459
9460
16978
12802
9465
9467
9469
9470
9471
9472
9473
9477
9478
9480
9481
9484
9485
9487
9490
9491
9492
9493
9496
9497
9503
9508
9509
9510
9512
9513
9514
9515
9516
9517
9519
9520
9521
9524
9525
9527
9528
9530
9531
9533
9536
9538
9539
9540
9541
9542
9543
9545
9546
9906
9549
9552
9555
9558
9560
9562
9563
9567
9568
9570
9571
9572
9575
9577
9579
9581
9582
9583
9584
9586
9587
9589
9590
9591
9592
9595
9596
9599
9600
9601
9603
9606
9607
9608
9609
9612
9613
11403
9614
9615
9621
9624
9627
9628
9631
9633
9634
9637
18338
9638
9641
9642
18266
18301
9644
9646
9648
9649
9654
9656
9659
9660
9661
9664
9665
9666
9667
9668
9669
9672
9673
9676
9677
9678
9679
9680
9681
9682
9683
9684
9685
9686
9687
9689
9691
9695
9696
9697
9698
9700
9702
9704
9706
9707
9710
9714
9715
9716
9717
9723
9724
9726
9728
9729
9730
9736
9739
9740
9741
9743
9744
9747
9748
9755
9759
9762
9764
9766
9768
9770
9771
9774
9786
9787
9789
9791
9792
12554
9795
9796
9802
9804
9812
9814
9816
9818
9819
9820
9821
9822
9823
9826
9828
9834
9835
9836
9928
9840
9842
9843
9844
9848
9849
9853
9859
9860
9864
9869
9872
9875
9876
9877
9883
9885
9889
9890
9891
9893
9895
9899
9901
9903
9905
9911
9914
9915
9917
9918
9919
9922
9924
9925
9926
9927
9929
9930
9932
9935
9936
9937
9938
9939
9946
9947
9949
9950
13072
9951
9955
9956
9957
9958
9960
9961
9962
9963
9964
9967
9969
9970
9972
15650
9973
9975
9976
9978
9979
9983
9984
9985
9986
9987
9988
9989
9990
9992
9994
9995
9996
9999
10000
10001
10002
10005
10006
10009
10010
10011
10012
10014
10015
10017
10018
10019
10021
10023
10024
10027
10028
10029
10031
10035
10036
10037
10040
10042
10044
10049
10050
10057
10058
10060
10062
10065
10067
10068
10069
10070
10072
10073
10074
10075
10076
10078
10079
10082
10083
10086
10087
10088
10089
10090
10095
10096
10097
10099
10101
10103
10104
10109
10110
10113
10115
10117
10121
10123
10124
10125
10126
10130
10131
10132
10133
10147
10161
10163
10164
10165
10166
10167
10174
10176
10178
10179
10188
10191
10196
10197
10199
10201
10210
10211
10213
10220
10224
10225
10226
10230
10238
10248
10249
10261
10263
10264
10265
10277
10278
10279
10282
10285
10286
10287
10288
10289
10290
10291
10292
10295
10297
10298
10299
10300
10301
10304
10307
10308
10312
10315
10317
10318
10319
10321
10326
10328
10330
16126
10331
10332
10343
10348
10349
10389
10391
10406
10408
10413
13465
10422
10423
10454
10458
10459
10461
10463
10519
10522
10523
10526
10529
10530
10534
10541
10548
10550
10559
10566
10567
10578
10580
10582
10583
10588
10592
10600
10601
10602
10609
10617
10620
10622
10624
10626
10627
10628
10631
14766
10633
10636
10638
10642
10643
10644
10645
10646
10647
10651
10652
10654
10657
10662
10663
10664
10666
10667
10668
10669
10675
10685
10687
10688
10690
10695
10697
10704
10705
10713
10716
10717
10720
10725
10726
10730
10731
10732
10736
10737
10738
10741
10742
10744
10745
10749
10750
10759
10760
10761
10765
10768
10772
10773
10776
10780
10782
10783
10788
10790
10792
10796
10801
10803
10804
10811
10812
10813
10814
10816
10817
10818
10819
10822
10823
10824
10826
10829
10830
10839
10840
10842
10848
10849
10850
10854
10857
10860
10861
10863
15087
10869
10871
10872
10873
10875
10879
10880
10881
10882
10884
10885
10887
10888
10889
10892
10896
10899
10903
10904
10906
10908
10914
10915
10917
13649
10919
10922
10924
10925
10927
10928
10930
10931
10933
10934
10935
10937
10938
10940
10945
10950
10955
10956
10959
10960
10963
10967
10974
10975
10980
10983
10984
10990
10991
10992
10993
10996
10997
11000
11003
11005
11006
11008
11009
11011
11012
11016
11017
11018
11020
11022
11025
11026
11027
11029
11030
11032
11033
11034
11036
11037
11038
11040
11041
11044
11046
11048
11049
11050
11053
11054
11058
11061
11062
11063
11065
11067
11068
11069
11070
11071
11072
16562
11073
11074
11076
11077
11078
11080
11081
11091
11092
17764
11095
11096
11100
11109
11114
11116
11122
11123
11124
11126
11127
11129
11130
11131
11132
11133
11134
11138
11139
11143
11144
11145
11148
11150
11156
11218
11160
11161
11162
11163
11166
11167
11168
11169
11170
11174
11176
11178
11181
11183
11186
11192
11194
11195
11199
11200
11201
11204
11208
11209
11210
11213
11216
11220
11221
11222
11225
11228
11229
11231
11232
11235
11241
11243
11244
11248
11253
11255
11256
11257
11258
11259
11261
11262
11263
11264
11265
11266
11267
14746
11268
14135
11269
11270
11271
11272
11273
11274
11275
11276
11277
11279
11280
11284
11289
11290
11291
11293
11296
11298
11299
11300
11302
11304
11306
11307
11309
11312
11314
12121
11322
11325
11326
11331
11332
11334
11337
11341
11344
11348
11350
11351
11352
11353
11357
11359
11364
11366
11367
11369
11371
11372
11373
11374
11376
11379
11380
11381
11382
11384
11385
11386
11387
11389
11395
11396
11399
11400
11402
11406
11407
11408
11410
11411
11413
11420
11422
11423
11424
11425
11426
11431
11436
11437
11441
11444
11448
11449
11450
11451
11452
11453
11454
11455
11456
11457
11458
11460
11461
11462
11463
11464
11518
11465
11467
11469
11470
11471
11474
11475
11477
11479
11721
16607
11480
11481
11482
11483
11488
11490
11491
11492
11493
11495
11497
11499
11501
11503
11505
11506
11507
11508
11509
11510
11511
11512
11513
11515
11516
11517
11520
11523
11524
11526
11527
11528
11530
11531
11532
11534
11535
11536
11537
11538
11539
11541
11542
11544
11545
11546
11548
11549
11550
11552
11553
11555
11556
11557
11558
11559
11560
12083
11561
11562
11563
11565
11566
11567
16190
11571
11572
11574
11575
11576
11578
11579
11581
11583
11585
11586
11587
11590
11591
11592
11594
11595
11596
11597
11599
11601
11604
11605
11611
11613
11614
11615
11618
11619
11620
11624
11625
11630
11631
11632
11634
11635
11636
11638
11644
11645
11647
11694
11695
11697
11704
11705
11707
11709
11710
11711
11712
11713
11714
11715
11716
17357
11717
11718
11719
11720
11724
11725
11728
11730
11731
11732
11733
11735
11736
11737
11738
11739
11742
11743
11744
11745
11748
11751
11752
11756
11758
11760
11761
11762
11763
11765
11769
11770
11771
11775
11776
11780
11782
11783
11787
11788
11790
11801
11803
11804
11806
11807
11808
11809
11810
11811
11812
11814
11815
11818
11820
11821
11829
11836
11839
11842
11843
11847
11848
11850
11853
11860
11861
11862
11868
11869
11871
11874
11876
11878
11882
11886
11888
11889
11892
11893
11894
11896
11900
11903
11906
11909
11912
11913
11915
11916
11922
11925
18061
11929
11930
11934
11939
11942
11943
11947
11951
11953
11960
11962
11967
11968
11969
11970
11974
11977
11978
11980
11983
11984
11986
11987
11988
11989
11997
11998
12003
12004
12007
12008
12009
12010
12012
12013
12014
12015
12973
12016
12018
12021
12022
12025
12031
12033
12034
12035
12036
12037
12040
12041
12042
12043
12045
12046
12047
12048
12049
12050
12051
12052
12053
12054
12055
12059
12062
12064
12067
12072
12073
12074
12075
12079
12080
12081
12082
12085
12095
12109
12110
12112
12116
12119
12122
12123
12125
12129
12132
12135
12136
12138
12144
12146
12147
12148
12152
12157
12158
12159
12161
12162
12164
12165
12167
12168
12169
12170
12171
12172
12173
12174
12177
12178
12179
12182
12185
12186
12187
12188
12191
12192
12193
12199
12200
12205
12206
12208
12209
12213
12215
12217
12218
12219
12220
12222
12223
12225
12226
12229
12231
12232
12235
12237
12239
12240
12242
12243
12245
12249
12251
12255
12256
12258
12259
12264
12265
12269
12281
12283
12284
12288
12295
12297
12300
12302
12306
12307
12313
12314
12316
12317
12320
12321
12329
12330
12331
12337
12338
12341
12342
12344
12345
12347
12350
12358
12359
12366
12367
12369
12370
12373
12381
12385
12387
12388
12393
12394
12395
12399
12401
12403
12404
12408
12412
12413
12415
12416
12418
12420
12422
12424
12427
12430
12431
12433
12435
12436
12437
12438
12439
12440
12441
12443
12444
12446
12447
12448
12449
12450
12453
12454
12455
12456
12457
12459
12460
12461
12464
12468
12469
12470
12474
12475
12476
12477
12481
12484
12489
12491
12492
12493
12494
12495
12499
12500
12501
12502
12504
12505
12507
12508
12509
12510
12511
12512
12515
12517
12519
12520
12522
12523
12525
12526
12527
12528
12530
12531
12532
12533
12534
12536
12538
12539
12541
12542
12544
12545
12551
12555
12556
12565
12568
12570
12571
12572
12573
12574
12578
12581
12582
12590
12591
12597
12598
12599
12600
12601
12609
12614
12616
12617
12619
12620
12621
12623
12624
12625
12628
12633
12634
12644
12646
12649
12650
12655
12656
12662
12666
12667
12670
12671
12672
12676
12678
12679
12681
12684
12686
12687
12688
12691
12692
12693
12695
12696
12697
12699
12701
12705
12708
12709
12713
12714
12715
12718
12721
12722
12723
12724
12725
12726
12727
12729
12734
12735
12736
12742
12743
12746
12747
12749
12750
12752
12755
12760
12761
12762
12763
12764
12766
12770
12772
12773
12774
12775
12778
12779
12781
12782
12784
12785
12786
12788
12790
12791
12793
12796
12797
12798
12803
12804
12805
12806
12807
12810
12812
12815
12817
12819
12820
12821
12822
12823
12827
12828
12829
12831
12833
12834
12836
12837
12838
12839
12840
12842
12845
12847
12848
12849
12850
12852
12853
12854
12855
12856
12857
12858
12859
12860
12861
12862
16760
12864
12865
12866
12869
12870
12872
12873
12874
12875
12882
12883
12887
12888
12891
12893
12898
12899
12900
12901
12904
12907
12908
12909
12913
12914
12919
12922
12923
12924
12925
12926
12931
12933
12937
12938
12942
12945
12951
12953
12958
12964
12965
12966
12969
12970
12972
12974
12975
12977
12978
12981
12983
12985
12988
12989
12991
12992
12993
12995
13003
13006
13008
13010
13011
13015
13016
13022
13025
13028
13029
13032
13033
13035
13036
13041
13050
13051
13052
13053
13054
13056
13060
13061
13070
13073
13076
13077
13079
13080
13085
13088
13089
13098
13099
13100
13101
13103
13111
13117
13118
13122
13123
13124
13127
13132
13134
13144
13146
13149
13156
13158
13159
13163
13165
13166
13171
13173
13176
13177
13179
13180
13185
13186
13187
13188
13189
13190
13193
13197
13198
13204
13206
13208
13211
13214
13215
13216
13217
13220
13221
13222
13223
13224
13231
13232
13233
13235
13241
13253
13255
13257
13258
13259
13267
13268
13269
13270
13277
13278
13279
13285
13295
13296
13297
13298
13303
13304
13305
13306
13308
13309
13313
13315
13317
13319
13321
13323
13326
13331
13342
13347
13349
13352
13353
13358
13359
13360
13362
13363
13364
13365
13366
13369
13372
13373
13384
13386
13387
13393
13394
13402
13403
13405
13408
13409
13410
13412
13413
13417
13419
13420
13690
13421
13422
13423
13427
13430
13433
13434
13436
13437
13439
13441
13443
13453
13455
13471
13479
13480
13481
13490
13498
13500
13505
13508
13514
13515
13516
13520
13524
13529
13532
13540
13549
13558
13559
13562
13566
13569
13789
13575
13578
13579
13580
13583
13589
13590
13595
13596
13600
13602
13604
13605
13608
13613
13625
13632
13651
13652
13656
13664
13665
13666
13667
13668
13674
13675
13676
13688
15997
13692
13700
13709
13710
13712
13722
13723
13728
13733
13737
13748
13749
13750
13757
13758
13759
13760
13763
13768
13769
13772
13774
13784
13787
13788
13790
13791
13807
13808
13809
13810
13811
13814
13815
13817
13818
13820
13822
13823
13824
13825
13831
13832
13833
13834
13835
13844
13847
13848
13850
13851
13853
13855
13856
13858
13859
13861
13862
13864
13868
13869
13870
13874
13878
13879
13880
13882
13884
13888
13894
13899
13905
13909
13912
13919
13935
13936
13940
13941
13944
13945
13949
13950
13958
13960
13963
13964
13967
13970
13975
13983
13985
13987
13989
13996
13997
13999
14005
14006
14009
14010
14013
14021
14025
14027
14043
14045
14051
14052
14066
14068
14069
14073
14082
14086
14088
14089
14092
14093
14094
14096
14099
14112
14113
14117
14119
14121
14122
14124
14126
14128
14130
14134
14138
14144
14148
14152
14155
14157
14158
14171
14173
14175
14179
14180
14181
14182
14183
14184
14186
14188
14192
14193
14195
14197
14198
14200
14202
14203
14205
14206
14207
14210
14211
14213
14214
14216
14218
14226
14231
14238
14241
14242
14245
14253
14255
14256
14261
14264
14265
14266
14269
14277
14285
14291
14294
14302
14306
14313
14315
14323
14325
14326
14327
14328
14329
14332
14342
14343
14346
14358
14359
14362
14365
14376
14378
14379
14381
14384
14390
14391
14392
14393
14398
14402
14403
14406
14408
14410
14411
14413
14415
14416
14418
14419
14427
14431
14432
14433
14435
14438
14439
14440
14441
14445
14446
14452
14453
14454
14458
14460
14461
14462
14463
14465
14466
14470
14471
14473
14475
14476
14480
14481
14483
14489
14492
14496
14498
14499
14501
14502
14506
14512
14513
14520
14523
14524
14526
14528
14535
14536
14537
14539
14540
14546
14547
14548
14549
14552
14555
14557
14560
14561
14562
14566
14567
14568
14569
14570
14572
14573
14574
14576
14577
14578
14579
14580
14583
14584
14586
14587
14589
14591
14592
14593
14594
14596
14597
14598
14600
14602
14603
14604
14606
14607
14609
14612
14614
14616
14617
14618
14619
14621
14622
14628
14629
14631
14632
14633
14637
14639
14640
14641
14642
14643
14644
14646
14648
14650
14651
14653
14654
14655
14656
14657
14658
14662
14664
14665
14667
14668
14670
14672
14675
14676
14678
14679
14683
14685
14686
14688
14689
14690
14693
14695
14699
14702
14703
14704
14706
14707
14708
14710
14711
14712
14714
14717
14719
14720
14722
14724
14726
14729
14730
14733
14734
14735
14736
14737
14740
14741
14747
14749
14750
14753
14754
14755
14758
14762
14763
14764
14765
14767
14769
14770
14772
14773
14775
14778
14779
14780
14782
14783
14785
14786
14788
14789
14790
14791
14792
14793
14794
14796
14797
14798
14799
14802
14803
14804
14806
14807
14808
14810
14812
14813
14814
14817
14818
14822
14823
14824
14825
14826
14827
14828
14829
14830
14831
14832
14833
14835
14837
14838
14839
14840
14841
14843
14844
14845
14846
14847
14850
14851
14854
14855
14856
14857
14858
14859
14860
14861
14862
14863
14864
14865
14866
14867
14868
14869
14871
14875
14876
14877
14880
14881
14882
14883
14884
14885
14886
14888
14889
14891
14892
14894
14895
14896
14897
14898
14899
14900
14901
14902
14904
14905
14906
14907
14908
14909
14910
14912
14918
14920
14921
14922
14923
14924
14925
14930
14932
14933
14934
14936
14937
14939
14940
14942
14943
14946
14947
14948
14950
14951
14952
14954
14955
14956
14958
14959
14960
14962
14965
14968
14969
14971
14973
14975
14976
14978
14979
14980
14982
14983
14985
14986
14987
14988
14989
14991
14993
14996
14997
14998
15000
15002
15004
15005
15006
15008
15009
15011
15013
15015
15018
15020
15028
15030
15032
15036
15037
15040
15041
15042
15045
15046
15050
15054
15055
15057
15059
15065
15066
15067
15069
15072
15073
15074
15077
15080
15081
15083
15088
15094
15096
15097
15098
15100
15101
15102
15103
15104
15105
15106
15107
15109
15114
15115
15118
15126
15127
15128
15133
15135
15137
15139
15141
15142
15143
15150
15153
15154
15155
15156
15157
15163
15164
15167
15170
15176
15177
15178
15182
15186
15192
15194
15195
15197
15198
15199
15202
15205
15208
15212
15213
15215
15216
15221
15222
15223
15225
15226
15227
15230
15231
15232
15233
15237
15238
15241
15242
15243
15245
15246
15248
15250
15251
15252
15253
15254
15256
15265
15267
15268
15275
15279
15281
15289
15290
15295
15298
15300
15303
15304
15305
15308
15309
15314
15333
15335
15346
15350
15356
15383
15397
15406
15416
15435
15442
15450
15467
15470
15476
15479
15509
15531
15533
15534
15539
15543
15545
15549
15551
15552
15561
15564
15566
15572
15577
15580
15589
15595
15606
15613
15617
15633
15636
15639
15646
15647
15648
15655
15656
15658
15659
15664
15665
15678
15681
15682
15686
15696
15698
15704
15710
15711
15714
15716
15718
15727
15728
15729
15733
15740
15744
15747
15748
15753
15755
15757
15760
15763
15765
15766
15773
15779
15780
15782
15793
15797
15800
15805
15808
15810
15811
15817
15821
15840
15841
15847
15861
15862
15863
15865
15866
15867
15869
15871
15876
15877
15880
15881
15884
15885
15886
15889
15894
15902
15907
15914
15918
15921
15931
15933
15934
15937
15941
15942
15944
15946
15948
15950
15953
15963
15967
15970
15972
15973
15975
15979
15983
15988
15992
15999
16000
16001
16002
16003
16004
16007
16012
16013
16014
16015
16020
16022
16027
16029
16033
16042
16043
16049
16055
16056
16057
16060
16062
16064
16065
16069
16070
16071
16072
16074
16076
16081
16085
16089
16095
16098
16099
16102
16105
16107
16108
16109
16111
16114
16115
16116
16117
16118
16120
16121
16124
16125
16128
16129
16130
16132
16134
16137
16138
16140
16141
16142
16143
16145
16148
16149
16154
16155
16160
16161
16163
16165
16166
16168
16169
16170
16171
16174
16179
16180
16184
16189
16191
16195
16196
16200
16201
16202
16203
16204
16205
16207
16208
16210
16211
16213
16214
16217
16218
16220
16223
16229
16230
16231
16235
16236
16240
16241
16242
16244
16246
16247
16249
16253
16254
16257
16261
16266
16267
16268
16269
16270
16275
16277
16282
16287
16292
16294
16296
16302
16303
16309
16312
16313
16319
16320
16324
16325
16326
16330
16333
16334
16335
16336
16337
16338
16339
16341
16342
16343
16344
16345
16346
16347
16348
16349
16350
16352
16353
16354
16355
16356
16357
16359
16364
16366
16367
16368
16369
16370
16371
16374
16375
16376
16377
16378
16380
16381
16383
16384
16387
16388
16390
16391
16393
16395
16396
16397
16398
16401
16404
16405
16406
16408
16409
16410
16413
16415
16417
16418
16419
16420
16421
16422
16423
16424
16425
16426
16428
16429
16430
16432
16434
16435
16436
16437
16439
16440
16441
16442
16443
16444
16449
16453
16456
16457
16459
16460
16461
16462
16464
16465
16467
16468
16469
16470
16471
16473
16474
16475
16477
16478
16480
16484
16485
16486
16487
16490
16491
16493
16498
16500
16501
16502
16505
16506
16508
16514
16518
16520
16522
16523
16525
16528
16529
16531
16534
16537
16539
16540
16543
16546
16549
16550
16551
16552
16553
16554
16557
16561
16564
16565
16566
16568
16569
16570
16574
16576
16579
16581
16583
16585
16586
16589
16590
16592
16596
16599
16600
16601
16602
16603
16605
16606
16612
16615
16617
16619
16623
16624
16627
16628
16629
16633
16636
16638
16640
16641
16642
16650
16651
16653
16655
16656
16660
16661
16665
16666
16669
16676
16677
16678
16679
16682
16686
16689
16692
16693
16695
16696
16698
16699
16700
16706
16711
16712
16713
16716
16717
16718
16719
16720
16721
16722
16723
16724
16726
16727
16728
16731
16733
16736
16739
16741
16742
16743
16745
16747
16748
16749
16752
16754
16762
16763
16767
16768
16769
16770
16771
16772
16777
16779
16781
16782
16787
16788
16789
16793
16795
16796
16799
16800
16801
16802
16803
16804
16806
16807
16808
16809
16812
16816
16818
16819
16820
16821
16823
16827
16830
16832
16836
16837
17015
16838
16839
16840
16845
16846
16848
16851
16853
16865
16866
16874
16876
16877
16885
16886
16893
16895
16897
16900
16903
16904
16905
16906
16908
16909
16911
16912
16913
16919
16920
16921
16922
16927
16928
16930
16936
16942
16947
16951
16952
16956
16959
16960
16964
16965
16967
16968
16971
16974
16975
16981
16982
16983
16985
16987
16988
16990
16995
16997
16998
17006
17010
17013
17016
17019
17022
17023
17026
17028
17029
17030
17031
17032
17033
17034
17035
17041
17042
17043
17055
17056
17059
17062
17063
17065
17068
17069
17072
17075
17076
17080
17081
17082
17084
17086
17088
17093
17098
17103
17104
17108
17112
17114
17115
17117
17119
17122
17125
17127
17131
17133
17135
17136
17141
17142
17145
17146
17150
17152
17156
17158
17159
17160
17162
17165
17170
17172
17177
17183
17184
17185
17188
17348
17191
17192
17193
17194
17195
17203
17205
17207
17210
17211
17213
17217
17218
17227
17229
17257
17260
17264
17265
17266
17267
17268
17269
17271
17272
17273
17274
17275
17276
17277
17278
17281
17283
17284
17285
17289
17290
17291
17292
17293
17294
17295
17296
17297
17298
17299
17300
17301
17302
17303
17304
17305
17308
17309
17311
17312
17313
17315
17316
17317
17320
17322
17323
17324
17325
17326
17332
17333
17335
17793
17336
17338
17339
17340
17342
17343
17344
17345
17346
17347
17351
17352
17353
17355
17358
17362
17363
17364
17365
17367
17369
17371
17372
17373
17374
17377
17381
17382
17384
17386
17390
17392
17394
17396
17402
17404
17405
17406
17407
17408
17409
17412
17413
17417
17422
17423
17424
17426
17427
17428
17429
17431
17432
17433
17441
17445
17447
17448
17456
17459
17461
17463
17465
17466
17467
17468
17469
17471
17473
17474
17475
17477
17480
17482
17483
17486
17487
17489
17491
17494
17495
17496
17497
17498
17499
17501
17503
17505
17514
17517
17520
17522
17523
17524
17525
17528
17529
17538
17539
17545
17549
17550
17552
17558
17559
17562
17564
17565
17573
17574
17576
17579
17580
17587
17589
17590
17592
17593
17594
17596
17599
17605
17606
17607
17609
17615
17616
17617
17618
17621
17623
17626
17630
17631
17632
17633
17635
17636
17638
17641
17644
17647
17648
17650
17653
17654
17656
17658
17659
17661
17662
17663
17664
17666
17667
17669
17670
17671
17673
17674
17675
17676
17677
17679
17680
17681
17683
17684
17686
17687
17689
17690
17692
17693
17694
17695
17696
17697
17698
17700
17702
17703
17705
17708
17712
17714
17715
17716
17720
17721
17722
17724
17725
17726
17727
17730
17731
17732
17733
17734
17737
17739
17750
17763
17768
17769
17770
17771
17773
17774
17777
17778
17780
17784
17788
17789
17791
17792
17794
17797
17798
17800
17801
17804
17805
17809
17810
17811
17821
17823
17824
17825
17826
17829
17835
17839
17842
17844
17845
17846
17848
17853
17855
17858
17867
17871
17877
17881
17882
17884
17885
17886
17888
17889
17892
17894
17895
17897
17899
17901
17902
17905
17906
17907
17909
17911
17912
17913
17915
17918
17919
17920
17921
17928
17929
17930
17931
17932
17935
17936
17942
17946
17947
17949
17951
17952
17953
17954
17957
17959
17961
17964
17965
17971
17978
17979
17980
17981
17982
17983
17984
17990
17991
17993
17994
17996
17999
18000
18002
18009
18010
18019
18020
18021
18022
18028
18035
18039
18040
18042
18048
18051
18052
18056
18062
18067
18068
18071
18084
18085
18103
18104
18105
18107
18108
18109
18112
18113
18116
18117
18118
18119
18121
18125
18127
18131
18133
18135
18136
18137
18139
18141
18142
18143
18144
18145
18147
18149
18150
18151
18152
18153
18155
18156
18159
18160
18162
18163
18164
18165
18166
18167
18168
18170
18171
18172
18173
18174
18175
18177
18178
18180
18182
18184
18186
18188
18191
18193
18194
18196
18197
18198
18200
18201
18203
18204
18205
18206
18208
18209
18212
18214
18217
18221
18222
18225
18226
18227
18228
18231
18233
18234
18236
18241
18243
18245
18246
18249
18252
18255
18256
18259
18260
18261
18262
18263
18264
18265
18267
18268
18269
18270
18273
18275
18276
18277
18278
18279
18280
18281
18282
18283
18284
18285
18288
18289
18293
18294
18295
18296
18297
18299
18300
18302
18303
18304
18306
18307
18308
18310
18311
18312
18313
18314
18315
18316
18317
18319
18320
18321
18322
18323
18324
18325
18326
18327
18328
18329
18331
18332
18333
18334
18335
18340
18341
18342
18343
18348
18349
18350
18351
18352
18354
18356
18357
18358
18360
18362
18366
18367
18368
18371
18372
18375
18376
18377
18379
18381
18382
18383
18386
18387
18390
18391
18392
18395
18398
18401
18402
18403
18404
18405
18406
18407
18408
18409
18410
18411
18412
18413
18414
18415
18419
18421
18422
18424
18425
18426
18427
18428
18429
18430
18431
