0
1
1388
20
125
1477
6
7
19
21
122
103
524
22
23
28
61
82
83
84
85
207
87
88
89
90
91
93
98
99
337
105
1361
1875
1052
107
176
111
112
2405
1030
114
115
116
117
121
123
124
1752
128
541
130
131
132
133
452
136
137
139
146
140
142
143
144
145
1352
2571
148
149
150
151
152
153
154
155
156
561
1169
2294
1687
158
159
161
162
163
1451
1551
686
166
167
168
169
170
171
172
1073
173
174
175
552
178
179
180
183
184
188
192
197
199
200
201
202
219
203
204
205
210
214
217
220
231
239
240
241
242
246
526
258
2630
259
631
264
268
274
278
286
292
293
296
297
300
306
320
322
327
329
330
986
336
341
342
343
344
345
346
432
2196
534
351
355
356
361
363
364
365
369
370
371
1558
375
382
386
389
398
403
408
411
418
420
424
425
427
428
430
431
426
433
434
436
438
443
444
447
448
449
450
451
454
455
456
457
458
459
460
465
467
471
473
474
481
483
486
488
489
490
491
492
495
498
499
500
501
504
1367
508
511
1755
517
518
519
520
522
523
525
537
538
539
542
1936
543
545
845
551
1321
555
559
560
2355
562
1339
563
565
567
573
574
575
578
580
586
589
591
593
597
598
599
600
601
602
2262
604
605
607
610
618
619
621
622
624
627
630
2250
1173
634
824
1763
638
641
642
656
658
659
664
665
1624
668
669
676
678
679
680
681
682
683
684
685
687
688
690
691
692
693
695
698
699
700
701
702
703
704
705
706
1300
707
1807
708
709
713
714
2523
1775
715
717
718
720
721
722
726
729
736
739
747
758
765
766
771
1473
773
774
775
779
780
783
2156
784
787
788
904
789
792
793
795
798
799
800
801
802
803
804
805
806
809
815
816
818
819
820
821
2204
822
993
826
827
828
829
830
833
1854
834
836
838
841
842
843
844
848
849
852
853
856
857
861
863
869
870
872
876
877
879
882
883
884
885
886
887
888
889
890
891
892
893
894
895
896
897
898
899
979
902
903
905
906
907
908
909
910
911
912
913
914
915
916
918
919
920
921
922
923
924
925
927
928
929
930
931
932
933
934
935
936
937
938
939
940
941
942
943
944
946
947
949
951
953
954
955
956
957
958
959
960
961
962
963
964
965
966
967
968
2450
969
972
973
974
977
978
1759
980
981
982
984
985
987
988
1748
989
990
992
994
995
996
997
998
1002
1003
1004
1006
1038
1009
1010
1011
1013
1014
1017
1362
1018
1032
1035
1040
1041
1043
1729
2274
1044
1045
1050
1051
1054
1059
1062
1065
1068
1070
1071
1077
1078
1083
1084
1086
1090
1095
1096
1098
1100
1102
1103
1104
1106
1108
1109
1110
1111
1113
1118
1119
1122
1123
1125
1126
1130
1132
1133
1137
1139
1140
1141
1142
1143
1144
1146
1149
1150
1154
1155
1156
1159
1161
1174
1175
1176
1179
1195
1199
1201
1202
1203
1204
1205
1208
1210
1211
1213
1214
1215
1216
1217
1218
1219
1220
1221
1224
1225
1226
1228
1229
1230
1231
1232
1233
1234
1237
1238
1240
1241
1245
1246
1247
1250
1251
1253
1254
1259
1260
1261
1262
1264
1265
1266
1267
1269
1276
1277
1281
1282
1283
1284
1286
1287
1288
1289
1291
1292
1294
1298
1299
1303
1309
1310
1311
1312
1314
1318
1320
1325
1328
1329
1330
1332
1333
1334
1335
1337
1351
1353
1354
1360
1366
1368
1372
1373
1375
1378
1379
1381
1384
1506
1389
1390
1393
1397
1398
1399
1401
1402
1403
1405
1408
1411
1412
1417
1418
1421
1428
1432
1433
1435
1438
1439
1445
1449
1452
1454
1456
1457
1458
2269
1462
1779
1463
1710
1465
1468
1471
1472
2674
1478
1479
1481
1482
1483
1484
1485
1487
1488
1490
1491
1492
1494
1495
1497
1498
1501
1502
1504
1505
1509
1510
1511
1513
1514
1516
1518
1520
1521
1522
1524
1526
1527
1535
1538
1542
1543
1547
1550
1553
1554
1556
1557
1561
1567
1568
1575
1599
1601
1604
1610
1614
1615
1619
1623
1625
1631
1632
1633
1638
1642
1643
1644
1647
1649
1661
1663
1666
1668
1677
1679
1680
1682
1789
1689
1693
1694
1699
1700
1702
1703
1706
1708
1709
1781
1711
1712
1714
1715
1716
1718
1723
1726
1728
1730
1732
1736
1737
1738
1739
1740
1741
1742
1743
1744
1745
1749
1751
1764
1766
1767
1768
1769
1771
1776
1777
1778
1780
1782
1784
1785
1786
1790
1791
1792
1793
1794
1796
1797
1798
1799
1800
1801
1802
1808
1810
1811
1812
1816
1817
1818
1820
1821
1823
1824
1832
1833
1834
1836
1838
1840
1841
1842
1846
1850
1852
1853
1855
1856
1857
1858
1859
1861
1864
1865
1866
1867
1871
1873
1874
1876
1878
1879
1884
1890
1892
1893
1894
1896
1898
1899
1900
1901
1903
1904
1906
1908
1916
1918
1919
1920
1924
1926
1927
1928
1933
1934
1935
1937
1938
1939
1940
1941
1944
1948
1949
1950
1951
1952
1954
1955
1956
1958
1959
3007
1960
1961
1962
1963
1964
1965
1966
1967
1968
1969
1971
1973
1974
1975
1976
1977
1979
1981
1982
1983
1985
1986
1987
1988
1989
1990
1991
1992
1996
1997
1998
1999
2000
2002
2003
2004
2006
2007
2008
2009
2011
2012
2014
2017
2019
2022
2024
2025
2028
2029
2030
2032
2034
2035
2036
2037
2044
2046
2047
2051
2052
2053
514
2054
2057
2059
2060
2062
2063
2065
2066
2069
2071
2074
2078
2083
2088
2090
2092
2094
2099
2100
2102
2103
2104
2105
2106
2109
2110
2113
2114
2118
2122
2123
2813
2128
2129
2132
2135
2137
2138
2139
2140
2141
2142
2147
2148
2150
2152
2159
2164
2165
2169
2172
2173
2176
2177
2179
2180
2181
2183
2191
2195
2197
2199
2203
2201
2206
2208
2211
2213
2214
2215
2216
2220
2223
2225
2226
2227
2228
2229
2230
2231
2235
2238
2242
2244
2247
2490
2253
2254
2255
2265
2268
2412
2270
2275
2278
2287
2288
2289
2290
2291
2292
2295
2296
2299
2300
2301
2303
2307
2309
2310
2312
2314
2315
2890
2316
2319
2321
2322
2323
2324
2325
2326
2327
2330
2332
2333
2335
2338
2339
2340
2342
2343
2344
2345
2346
2347
2349
2350
2351
2352
2353
2354
2356
2357
2358
2360
2361
2363
2367
2368
2372
2373
2374
2376
2377
2379
2381
2382
2384
2386
2389
2391
2392
2393
2395
2396
2397
2398
2399
2403
2404
2407
2409
2410
2413
2414
2415
2416
2417
2419
2420
2423
2425
2429
2435
2437
2451
2454
2464
2465
2466
2467
2468
2472
2480
2482
2483
2484
2485
2486
2487
2488
2491
2492
2493
2495
2496
2497
2498
2499
2500
2501
2504
2505
2507
2508
2509
2510
2514
2515
2516
2518
2520
2522
2524
2525
2526
2528
2529
2530
2531
2532
2534
2535
2537
2540
2548
2550
2551
2552
2557
2558
2560
2562
2564
2565
2567
2568
2569
2570
2572
2573
2574
2576
2579
2580
2583
2584
2585
2586
2596
2589
2590
2592
2593
2595
2597
2598
2599
2600
2602
2603
2604
2605
2606
2607
2608
2610
2611
2612
2613
2615
2617
2618
2620
2621
2622
2623
2625
2628
2629
2631
2632
2634
2635
2637
2639
2641
2642
2643
2648
2649
2650
2651
2652
2653
2654
2655
2656
2657
2659
2660
2663
2664
2665
2666
2667
2668
2670
2671
2672
2673
2675
2677
2678
2679
2680
2681
2682
2683
2686
2687
2688
2690
2692
2694
2695
2698
2699
2702
2703
2704
2707
2708
2711
2714
2715
2716
2717
2718
2720
2722
2725
2727
2728
2729
2731
2732
2733
2735
2738
2739
2743
2744
2746
2748
2749
2760
2763
2764
2769
2780
2782
2801
2804
2806
2807
2811
2817
2818
2829
2832
2838
2839
2840
2841
2842
2843
2847
2849
2851
2864
2865
2866
2870
2877
2878
2883
2885
2892
2893
2898
2900
2903
2904
2907
2908
2909
2910
2911
2914
2918
2919
2921
2922
2924
2925
2927
2929
2930
2932
2934
2937
2939
2940
2941
2942
2943
2944
2945
2946
2948
2949
2950
2952
2953
2954
2955
2956
2957
2958
2959
2961
2963
2964
2967
2968
2969
2971
2972
2973
2974
2975
2976
2977
2978
2979
2980
2982
2983
2985
2986
2987
2993
2994
2996
2997
2998
2999
3001
3002
3003
3004
3005
3006
3008
3009
3010
3011
3012
3013
3014
3015
3016
3017
3018
3019
3020
3022
3023
3025
3026
3027
3028
3029
3030
3032
3033
3034
3036
3038
3039
3042
3043
3044
3045
3046
3049
3050
3052
3053
3054
3055
3056
3059
3060
3061
3065
3073
3074
3075
3076
3078
3082
3084
3086
3089
3098
3100
3101
3103
3107
3110
3112
3113
3114
3115
3117
3119
3120
3121
3129
3130
3131
3135
3136
3137
3138
3140
3141
3142
3145
3146
3147
3148
3149
3150
3151
3152
3153
3154
3155
3156
3157
3158
3159
3160
3161
3163
3164
3165
3166
3168
3169
3171
3172
3174
3176
3178
3179
3181
3182
3186
3187
3188
3189
3194
3197
3199
3200
3201
3204
3206
3208
3210
3216
3217
3219
3221
3224
3225
3229
3230
3231
3232
3233
3234
3237
3241
3242
3243
3249
3253
3254
3255
3258
3259
3260
3263
3269
3271
3274
3275
3277
3278
3280
3283
3284
3285
3286
3288
3290
3291
3292
3293
3295
3296
3304
3306
3307
3313
3314
3317
3319
3320
3321
3322
3323
3324
3326
3327
3328
3329
3330
3331
3332
3333
3334
3336
3337
3338
3339
3340
3341
3343
3344
3345
3346
3347
3348
3350
3351
3352
3353
3354
3356
3358
3360
3361
3362
3363
3364
3365
3368
3369
3371
3372
3373
3375
3381
3382
3383
3384
3389
3390
3393
3398
3402
3404
3409
3413
3414
3415
3416
3417
3418
3420
3421
3422
3423
3424
3425
3426
3427
3428
3429
3430
3431
3432
3434
3436
3437
3438
3440
3442
3445
3446
3447
3448
3449
3450
3451
3452
3453
3455
3456
3458
3460
3461
3463
3464
3465
3467
3471
3472
3473
3474
3476
3478
3480
3481
3485
3486
3488
3489
3490
3492
3493
3494
3496
3499
3501
3502
3503
3505
3507
