2
3137
7
58
11
12
13
24
26
16
20
21
22
137
25
27
28
69
425
588
1524
4950
1925
29
30
31
34
32
33
10792
452
35
36
38
61
39
41
42
45
46
47
48
53
57
86
60
62
67
68
7288
11669
78
79
80
81
3549
82
85
89
90
91
92
93
95
97
98
99
100
101
102
103
104
105
106
107
108
109
111
112
115
116
117
118
332
119
120
1795
121
123
124
125
126
127
128
129
130
131
132
133
134
135
138
139
140
141
143
144
145
146
148
149
150
152
153
155
156
158
159
160
162
165
166
167
168
2031
169
170
172
174
175
177
179
180
181
182
183
184
185
186
187
188
189
3467
190
193
195
196
197
200
201
202
203
206
207
209
210
211
212
213
214
215
216
10380
217
218
219
221
223
224
226
227
228
230
231
232
233
235
237
239
240
242
244
247
248
250
11789
259
260
262
263
264
266
267
271
273
277
278
279
282
283
284
285
287
297
298
299
301
306
307
308
310
9899
7571
10258
851
2461
311
313
314
316
326
327
328
330
333
339
341
10738
343
344
1102
347
349
15050
351
352
353
358
359
360
361
1372
1725
362
363
366
12071
372
376
7072
377
378
381
383
385
4959
387
389
390
392
9650
1423
393
4744
394
396
397
398
399
401
406
409
413
414
415
416
418
1913
424
6177
954
427
430
431
434
439
449
455
456
9473
465
469
470
9223
1387
9716
9913
472
4478
473
474
476
478
480
481
482
484
485
8545
487
488
490
491
495
496
497
11499
501
502
503
508
509
510
511
514
515
519
520
523
524
525
528
530
15337
533
536
537
539
541
547
599
549
550
551
552
553
554
556
564
570
573
579
584
587
591
592
595
597
598
600
601
604
605
606
607
608
612
614
617
620
631
621
622
624
625
626
628
1333
629
633
634
636
637
638
639
640
644
645
646
647
651
652
657
1734
658
659
660
661
662
4903
663
664
4107
678
680
682
684
687
688
692
696
710
711
714
716
717
719
722
723
728
6446
729
730
734
736
3409
739
9286
740
1360
1753
1710
744
746
748
749
755
757
762
765
766
767
773
774
778
779
780
782
783
785
787
792
793
794
795
796
797
798
799
800
801
802
804
809
810
813
817
818
821
823
824
825
826
828
832
833
836
838
843
849
850
856
857
858
859
860
864
865
4818
867
868
869
871
872
873
876
877
879
885
886
891
892
893
1713
894
896
898
10333
909
910
912
914
919
926
927
929
931
934
937
940
941
942
945
2456
947
948
949
950
951
953
1227
7860
964
967
970
975
978
983
984
985
986
987
989
993
994
995
996
997
998
12372
1000
1004
1007
1008
1222
1010
1013
1014
1022
1024
1025
1026
1034
1037
1040
1041
1050
1055
1058
1059
1067
1070
1071
1073
1079
1080
1082
1083
1093
1096
1098
1101
1103
1105
1109
1112
1114
1123
1121
1124
1125
1128
8187
1129
1132
1139
1145
1150
1154
1155
1156
1158
1159
2165
2008
9148
1164
1910
1165
1168
1203
1171
1175
1176
1179
1182
1185
1187
1194
1197
1199
10355
5199
1206
3410
1210
1214
1220
3490
9946
1221
3333
9869
1223
1226
1229
1230
1232
1233
1239
1241
7263
1245
1246
1249
10844
1250
1251
1254
1263
1264
1265
14931
1266
1267
1269
1275
1276
11501
1277
1280
1284
1285
1292
5308
6949
1293
1294
7974
1295
1298
1299
1301
1302
1583
1303
1305
4133
1306
1307
1308
2587
1311
1320
1321
1323
11824
1324
3133
1326
1327
1328
4318
1329
1330
1332
1341
1342
1346
1347
1348
1349
1351
1354
9055
1867
1357
1361
1443
1362
1363
1364
1367
2987
1370
1373
1374
1375
1379
1381
1383
1385
1386
5414
1388
1389
1390
1392
1397
1399
1402
1403
1404
1406
1410
1412
1414
1417
1421
10694
9928
9801
11888
3796
1432
1424
1426
1428
1429
1430
1431
1442
1445
1446
1447
1449
1450
1454
1456
1457
1458
1463
14217
1466
1467
1469
1470
1475
1476
1478
1479
1483
1484
1485
1486
1487
1488
1490
11181
1496
1498
1499
1501
1503
1511
1513
1514
1515
1516
1517
1518
1519
1521
1523
1528
1529
1531
1532
1533
1534
1535
1540
1541
1542
1545
1550
1551
1555
1556
1558
1559
1560
1561
1563
1564
1569
1578
1584
1585
1587
1592
1593
1596
1597
1599
1600
1602
1604
1606
1608
1609
1610
1611
1612
1613
1620
1623
1625
1638
1639
1641
1643
1647
1648
1651
1653
1659
4524
1664
1667
1668
1677
1680
1683
1686
1687
1689
1691
1693
1694
1699
1700
1703
1705
2089
1711
1716
1718
1719
1721
1723
1724
1731
1735
1737
1738
1739
1740
1745
14914
1748
1749
1751
1761
1763
3343
1765
1768
1769
1773
1774
7219
1775
1776
1777
1779
1780
2315
1781
1782
1787
7846
5855
1790
2848
12808
2825
10190
10581
2057
1922
11091
11679
5417
6142
1919
1791
1794
1796
1797
1798
1799
1800
1801
1802
1804
1807
1814
1815
1816
10668
1821
1822
1840
1841
1849
1850
1859
1862
1864
1865
12843
15437
15571
3072
5908
1869
1870
1872
1873
1875
1879
1883
1884
1886
1887
1889
1896
1902
1909
16063
1911
1917
1920
1924
1926
1930
1931
1939
1941
1942
1943
1946
1951
1964
1967
1968
1969
1974
1980
1983
1984
1991
1994
1995
1999
2002
2007
4994
2011
2012
2015
2016
2211
4173
3374
2020
2021
2023
2024
2025
2026
2027
2313
2030
2034
2035
2038
2039
2042
2044
2045
2048
3106
2050
13244
9332
2052
2053
2054
2056
2060
5930
2062
14768
2065
2069
2077
2081
2084
2088
6657
3494
8405
2231
3078
2091
2095
2099
2102
2110
2113
2114
2115
2116
13894
2119
2123
2124
2134
2142
2143
2148
3855
2153
2155
2161
2171
2173
2175
2178
2179
2182
2190
2191
2192
3188
2193
2196
2200
2202
2208
2210
2212
2220
2221
2222
2223
4616
2224
2225
2232
2233
2237
2241
2246
2247
2251
2256
15839
2258
2262
2263
2264
2265
2267
2270
2272
2274
2276
2280
2282
2284
10065
2288
4542
2292
2296
10267
2300
2303
2308
2311
3846
2316
2317
2319
2321
2323
2324
2325
2328
2332
2333
2335
2337
2339
2340
10277
15474
2342
2345
2347
2348
2352
2353
2354
2356
2360
2366
2368
2370
2376
6618
2380
2381
2382
2386
2387
2388
2389
2390
2392
2394
2395
2398
2405
2406
2409
2410
2413
2414
2419
2421
3521
14184
13219
2425
2432
2433
2435
2437
2441
2442
2444
2448
2450
2451
2452
2454
2457
2458
10821
6893
2464
2466
2467
2469
2470
2476
2479
2482
2484
2486
2487
2491
2494
2495
2498
2501
2502
2503
2507
2509
2514
2520
2524
2526
2527
2529
2530
2531
2532
2533
2535
2537
2539
2543
2545
2546
2547
2550
2551
4506
2554
2557
2558
2560
2566
2568
2571
2572
2573
2575
2577
2580
2585
2586
2589
2594
2596
2599
2602
2603
2605
2612
2624
2625
2626
2630
2635
2636
2637
2639
3096
3550
2640
2647
2650
2655
2659
2660
2661
6127
2664
2665
2671
2676
2681
2682
2683
2687
2691
2693
2694
2700
2704
2719
2726
2731
2736
2737
2740
2748
2750
2752
2758
2760
2761
2763
2770
2772
2778
2781
2782
2783
2786
2787
2794
2795
2803
2807
5653
2808
2810
2814
2817
2821
2824
2830
2835
2836
2839
2842
2850
2851
2854
2857
2860
2872
2873
2874
3405
2875
2876
2877
2880
2884
2888
2893
2895
2902
2903
2905
2908
2910
2916
2917
2918
2919
2925
2929
2930
2934
2938
2940
2942
2949
2955
2960
2962
2967
2969
2970
2971
2973
2974
14993
2978
2979
2980
2981
2982
8444
2983
2985
2997
2999
3005
3006
3008
3011
3012
10861
3013
3023
3024
3028
3036
3038
3039
3044
3048
3053
3054
3058
3064
3065
3066
3070
3071
8451
3084
3085
3087
3090
3097
3103
3105
3107
3108
3111
3176
3113
3115
3116
3117
3119
3120
3125
3128
3130
3135
3136
3142
3144
3148
3149
3150
3151
6250
3153
3156
3160
3163
3164
3166
3167
3174
3177
5335
3182
3190
3191
3194
3198
3200
3204
3205
3206
3210
3218
3222
3223
8046
3226
3231
3232
3233
3238
3240
3244
3245
3247
3248
3250
3251
3252
3254
3255
3256
3257
3258
3259
3260
3261
3265
3266
3268
3269
3270
3271
3273
4259
3274
3276
3277
3279
3280
3281
3284
3285
3286
3289
3290
3291
3294
3296
3300
3303
13890
3304
3305
3307
3308
13429
3309
3311
3313
3315
3316
3317
3318
3320
8602
3321
3322
3324
3326
3336
3339
3340
3345
3346
3347
3348
3349
3352
3353
3356
3358
3362
3364
3365
3367
3371
3376
9063
3379
3382
3385
3386
3388
3389
11950
3392
3393
3397
3402
3403
3404
3406
9807
3412
3414
9945
3417
3420
3421
3428
6234
3429
3430
4679
3431
3432
11724
3433
3434
3436
3439
3440
10188
3445
3452
3453
3454
3457
3686
3459
3462
3465
3466
3469
3470
5284
3472
3484
3489
3493
4341
6007
7117
3497
3498
3501
3503
3504
3508
3513
3514
3515
3516
3518
3526
3527
3528
3533
3536
3539
3542
3546
3553
3554
3555
3557
3560
3561
3562
3563
3565
3567
4594
3569
3571
3583
3588
3590
3596
3599
3600
5347
3602
3606
3608
3609
3610
3611
3613
3615
3616
3617
3618
3620
3621
3623
3624
3626
3627
3631
3632
3633
3635
3636
3637
4357
3639
3640
3643
3644
3646
3647
3650
3651
3655
3656
3658
3662
3665
3668
3670
3672
3674
3675
3676
3677
3678
3679
3683
3684
3687
3689
3691
3695
3696
3704
3708
3709
3710
3713
3715
3718
3720
3721
3722
3723
3725
3732
3733
3740
3745
3749
3751
3753
3754
3755
3757
3758
3763
3764
3765
3766
3770
3775
3781
3782
3788
3790
7535
3791
3792
3793
3795
3801
3802
3803
3806
3807
3808
3810
3813
3816
3819
3837
3840
3841
3847
3848
3849
3850
3851
3853
3854
3856
3858
3860
3861
3862
5824
3865
3866
3870
3871
3875
3876
3878
3879
3882
3883
3884
3886
3891
3897
3899
3901
3902
3903
3907
3911
3918
10740
3920
3921
3922
3923
3924
3926
3928
3930
3931
3936
3938
3941
3943
3945
3950
3953
3956
3959
3960
3961
3962
3963
3966
3968
3969
3970
3972
3973
3975
3976
3979
3980
3981
3982
3983
3984
3986
3989
12875
3991
3993
3995
3996
3998
4000
4001
4005
4006
4009
4010
4011
4017
4018
4022
4024
4028
4031
4032
4039
4041
4045
4047
4049
4051
4052
15064
4057
4058
4059
4061
4065
4069
4073
4077
4080
4083
4084
4085
4087
4092
4098
4100
4102
4106
4109
4112
4116
4117
4118
4121
4126
4132
4135
4136
4137
4138
4140
4142
4145
4148
4149
4150
4152
4154
4156
4157
4160
4162
4163
4166
4167
4168
4169
4172
4174
4175
4176
4177
4179
4180
4181
4183
4184
4186
4190
4191
4193
4195
4196
4198
4199
4202
4203
4207
4208
4210
4213
4216
4217
4218
4220
4258
4223
4224
4225
4227
4229
4230
4232
4234
4235
4238
4239
11248
4240
4243
4245
4246
4250
4251
4256
4257
4261
4266
4271
4275
4278
4281
4288
4292
4296
4298
4301
4303
4304
4306
4319
4320
4367
4324
4326
4327
4337
4340
4343
4344
4345
4348
4349
4354
4355
4359
4360
4365
4366
4368
4372
4376
4377
4378
4379
4381
4383
4384
4385
4387
4388
4389
4390
4393
4394
4395
4397
4398
4400
4401
4403
4404
4406
4408
4410
4411
10108
4415
4419
4420
4422
4425
4426
4428
4429
4431
4433
4434
4435
4440
4441
4442
4443
4445
4446
4449
4450
4453
4454
4456
4457
4458
4459
4462
4464
4465
4466
4467
4470
4471
4472
4473
4474
4475
4476
4477
12081
4481
4482
4484
4486
4487
4488
4489
4490
4493
4494
4495
4496
4499
4500
4501
4503
4505
4507
4508
4509
4511
4512
4513
4518
4519
4521
4522
4523
4526
4528
4529
4530
4532
4534
4535
4538
4541
4544
4546
4547
4549
4550
4552
4554
4560
4565
4567
4569
4570
4582
4585
4586
4587
4588
4589
4592
4593
4599
4607
4608
4612
4615
4620
4621
4625
4626
4627
4629
4632
4633
4634
4636
4637
4639
4640
4644
4647
4648
4649
4650
4652
4658
4660
4661
4662
4663
4664
4667
4668
4674
4675
4676
4678
5830
4681
4683
4686
4695
4696
4699
4700
4703
7538
4705
4707
4709
4710
4711
4715
4716
4717
4720
4721
4723
10546
4726
4727
4729
4730
4732
4735
4736
4738
4808
4741
4742
4743
4748
4750
4753
4755
4757
4760
4761
4763
4768
4769
4774
4776
4777
4779
4782
4783
4784
4785
4789
4794
4795
4799
4801
4807
4809
4811
4812
4813
4815
4817
10148
4820
4821
4824
4826
4827
4828
15971
4831
4836
4837
4843
4844
4848
4850
4851
4855
4861
4863
4865
4866
4868
4870
4871
4874
4880
4881
4882
4883
4884
4885
5313
8705
4890
4891
4892
4893
4894
4896
4898
4899
4900
4902
4904
4906
4911
4926
4934
4938
4943
4949
10015
4954
4957
6946
4960
4967
4969
4971
4976
4986
12637
4996
4998
5000
5001
5009
5011
5012
5013
5014
5017
5020
5022
5023
5025
5027
5028
5033
5034
5046
5047
5048
5071
5078
5086
5090
5096
5102
5104
5105
5113
5116
5126
5135
5136
5145
5149
5154
5156
5157
5159
5161
5168
5169
5170
5174
5175
5179
5181
5182
5188
5190
5194
5195
5198
5201
5202
10016
5203
5204
5208
5209
5210
5211
5212
5213
5214
5216
5217
5218
5221
5222
9906
5225
5226
5227
5228
5233
5234
5235
5237
5238
5239
5242
5243
5244
5245
5246
5248
8329
5249
5252
5254
5255
5256
5257
5258
5259
5261
5265
5267
5271
5276
5277
5281
5282
7944
5286
5290
5292
5293
5297
5298
5301
5307
5310
5314
5315
5320
5321
5322
5323
5326
5327
5328
5334
8223
5336
5339
5343
5345
5348
5349
5350
5351
5355
5357
5359
5360
5364
5368
5370
5373
5375
5377
5380
5382
5383
5384
5386
5388
5389
5394
5397
5400
5402
5403
5404
5405
5406
5407
5410
5413
5415
5416
5421
5424
5426
5431
5432
5434
5436
5438
5439
5440
5441
5442
5443
5445
5446
5450
5451
5452
5453
5458
5459
5461
5465
5466
5468
5469
5474
5475
5476
5477
5478
5481
5483
5484
5485
5488
6883
5489
5491
5492
5496
5499
5501
5504
9598
5506
5507
5508
5512
5514
5516
5518
5521
5522
5523
5531
5533
5536
5537
5539
5542
5543
5546
5549
5550
5557
5561
5563
5564
5567
5573
5574
5580
5583
5584
5587
5588
5589
5595
5596
5601
5602
5603
5604
5606
5607
5609
5612
5614
5624
5629
5631
5634
5636
5637
5638
5641
5643
5646
5648
5651
5655
5663
5664
5666
5677
5680
5687
5688
5691
5701
5708
5711
5714
5727
5730
5734
5743
5746
5747
5749
5750
5755
5761
5764
5769
5772
5781
5785
5787
5789
5797
5802
5808
5809
5811
5812
5817
5820
5822
5823
5827
5835
5837
5838
5839
5843
5846
5847
5848
5852
6560
6168
5856
5858
5859
5861
5864
5867
5868
5870
5878
5879
5884
5885
5888
5889
5898
5903
5904
5906
5907
5912
5918
5921
5924
5926
5927
5929
10278
5931
5932
5933
5939
5941
5945
5950
5952
5954
5955
5957
5962
5963
5964
5969
5971
5974
5975
5976
5979
5980
5982
5983
5985
5988
5989
5990
5991
5993
5997
6002
6003
6004
6005
6006
6012
6014
6015
6020
6022
6024
6028
6030
6031
6032
6033
6034
10231
6036
6039
6040
6041
6043
6045
11268
6046
6047
6049
6055
6056
6057
6058
6061
6062
6064
6065
6067
6074
6076
6077
6080
6084
6086
6087
6088
6094
6095
6248
6103
6106
6107
6108
6111
6114
6115
6119
6120
6121
6124
6125
6128
6129
6130
6133
6134
6135
6137
6140
6144
6145
6147
6149
6151
6153
6156
6157
6159
6160
6165
6171
6174
6175
6178
6179
6181
6183
6186
6188
6191
6192
6194
6195
6196
6203
6206
6207
6208
6211
6215
6216
6219
6221
6222
6231
6233
6236
6237
6238
6245
6995
6247
7464
6252
6255
6256
6264
6265
6269
6270
6272
6273
6274
6276
6277
6278
6279
6280
6282
6283
6284
6285
6286
6287
6288
6289
6290
6291
6292
6293
6294
6295
6296
6297
6298
6299
6300
6301
6302
6303
6304
6305
6306
6307
6308
6309
6310
6311
6312
6313
6314
6315
6316
6318
6319
6320
6321
6322
6323
6324
6325
6326
6327
6330
6331
6332
6333
6334
6336
6337
6338
6339
6340
6341
6342
6343
6345
6346
6347
6348
6349
6350
6351
6352
6353
6354
6356
6357
6358
6359
6360
6362
6363
6364
6365
6366
6367
6368
6369
6370
6371
6372
6373
6374
6375
6376
6377
6378
6379
6380
6381
6382
6385
6386
6387
6388
6389
6390
6391
6392
6393
6394
6395
6396
6397
6399
6400
6401
6402
6403
6404
6405
6406
6407
6408
6409
6410
6412
6413
6414
6415
6416
6417
6418
6419
6420
6422
6423
6424
6425
6427
6429
6430
6431
6432
6433
6435
6436
6437
6438
6440
6442
6443
6445
6447
6448
6449
6450
6451
6452
6453
6454
6455
6456
6457
6458
6459
6460
6462
6463
6464
6465
6467
6468
6470
6471
6472
6473
6477
6478
6479
6480
6482
6483
6484
6485
6486
6487
6488
6489
6492
6493
6494
6495
6496
6497
6498
6499
6500
6501
6503
6506
6507
6508
6509
6510
6511
6512
6513
6514
6515
6516
6518
6520
6522
6523
6524
6526
6528
6529
6530
6532
6534
6535
6536
6537
6539
6540
6541
6542
6543
6544
6545
6546
6547
6548
6551
6552
6554
6556
6557
6561
6562
6564
6565
6567
6568
6570
6573
6574
6576
6578
6580
6581
6582
6583
6584
6586
6588
6589
6590
6591
6592
6594
6595
6596
6597
6598
6599
6603
6606
6607
6608
6609
6610
6611
6614
6615
6616
6619
6621
6622
6623
6624
6625
6626
6627
6628
6629
6630
6631
8632
6632
6635
6636
6637
6638
6639
6640
6641
6642
6643
6644
6645
6647
6650
6651
6652
6653
6654
6655
6658
6659
6660
11311
6661
6663
6665
6666
6667
6668
6669
6671
6672
6673
6674
6676
6677
6680
6681
6682
6683
6687
6688
6690
6691
6692
6693
6694
6695
6696
6697
6698
6701
6702
6703
6704
6705
6706
6708
6709
6710
6711
6713
6715
6716
6718
6722
6724
6726
6727
6728
6729
6732
6734
6736
6737
6739
6740
6746
6749
6750
6753
6755
6756
6758
6760
6761
6763
6764
6766
6768
6769
6772
6773
6775
6776
6778
6779
6780
6782
6784
6790
6791
6793
6794
6797
6798
6800
6805
6807
6809
6812
6813
6814
6815
6818
6819
6820
6822
6823
6828
6830
6833
6835
6836
6837
6838
6841
6842
6846
6847
6848
6852
6853
6854
6857
6858
6859
6860
6862
6863
6864
6865
6869
6873
6874
6875
6877
6878
6879
6882
6885
6887
6888
6889
6891
6892
12445
6894
6900
6904
6906
6909
6910
6917
6920
6921
6922
6923
6926
6929
6930
6934
6935
6936
6938
6941
6948
6950
6952
6954
6956
6961
6963
6968
6970
8341
6971
6973
6974
6980
6981
6984
6985
6987
6991
6996
6998
7000
7003
7004
7008
7010
7012
7014
7021
7022
7027
7028
7029
7030
7031
7033
7034
7037
7039
7040
7041
7043
7047
7048
7058
7059
7060
7061
7063
7064
7069
7070
7071
7077
7078
7079
7083
7084
7090
7091
7093
7094
7095
7096
7098
7099
7100
7107
7110
7111
7113
7116
7119
7120
7286
7123
7124
7126
7127
7128
7130
7131
7132
7135
7136
7138
7140
7141
10125
7145
7146
7149
7150
7152
7153
7154
7155
7156
7160
7167
7168
7169
7170
7174
7175
7176
7177
7178
7182
7184
7185
7190
7191
7193
7197
7402
7198
7203
7204
7205
7206
7207
7208
7209
10534
7211
7212
7214
7216
7217
7220
7221
7223
7224
7225
7226
7228
7229
7230
7232
7234
7235
7237
7238
7241
7243
7244
11606
7245
7247
7250
7251
7252
7253
7254
7256
7259
7269
7270
7272
7273
7276
7281
7285
7289
7290
7291
7292
7294
7295
7296
7297
7298
7300
7304
7305
7306
7307
7310
7314
7318
7319
7320
7324
7326
7327
7328
7330
7332
7333
7334
7335
7338
7339
7344
7349
7358
7359
7360
7361
7364
7367
7368
7371
7372
7373
7375
7378
7380
7381
7384
7385
7386
7387
7389
7390
7391
7397
7399
7400
7401
7404
7405
7406
7407
7408
7411
7414
7423
7424
11931
11398
7425
7427
7429
7430
7434
7437
7442
7447
7448
7451
7452
7455
7459
7465
7466
7467
7468
7470
7473
7475
7476
7479
7480
7482
7484
7490
7491
7496
7497
7499
7500
7506
7507
7509
7511
7512
7515
7521
7523
7526
7531
7543
7545
7547
7550
7551
7554
7555
7557
7558
7566
7569
7570
7576
7577
7580
7581
7582
7583
7585
7586
7587
7589
7590
7591
7592
7593
7594
7595
7596
7598
7599
7602
7603
7604
7605
7607
7608
7610
7615
9100
7619
7620
7621
7624
7625
7629
7630
7631
7633
7635
7636
7642
7644
7646
7647
7648
7651
7652
7653
7654
7656
7658
7659
7660
7661
7662
7664
7665
7669
7670
7673
7675
7676
7679
7680
7681
7682
7686
7687
7688
7692
7694
7695
7698
7702
7703
7707
7708
7709
7711
7713
7714
7716
7718
7720
7721
7724
7725
7726
7728
7732
7733
7734
7737
7738
7741
7744
7746
7747
7752
7754
7758
7759
7762
7769
7771
7772
7777
7779
7781
7787
7789
7791
7792
7793
7795
7802
7804
7807
7809
7812
7818
7819
7820
7824
7828
7830
7832
7847
7848
7849
7857
7859
7862
7866
7870
7872
7878
7885
7886
7887
7892
7894
7896
7897
7902
7911
7913
7914
7915
7916
7919
7921
7925
7930
7931
7935
7939
7940
7941
7942
7943
7945
7951
7952
7954
7956
7958
7960
7962
7966
7967
7968
7969
7975
7978
7994
7999
8005
8008
8010
8011
8015
8020
8021
8023
8037
8024
8031
8033
8034
8038
8039
8040
8042
8045
8048
8049
8050
8054
8056
8060
8061
8065
8067
8069
8073
8075
8077
8080
8083
8084
8085
8088
8089
8091
8093
8096
8098
8102
8106
8108
8109
8111
8113
8119
8120
8123
8133
8134
8136
8139
8142
8143
8151
8154
8155
8161
8165
8168
8169
8171
8172
8174
8177
8180
8181
8182
8185
11482
14581
8189
8190
8191
8193
8195
8197
8205
8206
8207
8210
8211
8214
8217
8222
8225
8227
8229
8231
8233
8235
8239
8240
8242
8244
8245
8259
8261
8262
8263
8264
8267
8276
8277
8279
8280
8282
8283
8288
8289
8290
8291
8292
8294
8295
8298
8301
8309
8310
8315
8319
8323
8326
8330
8331
8332
8333
8334
8340
8342
8346
8349
8355
8357
8358
8360
8362
8368
8370
8374
8376
8380
8381
8383
8386
8390
8392
8396
8402
8404
8409
8412
8415
8418
8419
8420
8422
8423
8424
8429
8436
8440
8442
8445
8447
8450
8452
8453
8459
8463
8466
8468
8470
8481
8485
8487
8488
8489
8494
8497
8509
8511
8513
8522
8526
8530
8536
8544
8548
8554
8556
8569
8570
8577
8582
8585
8588
8590
8591
8594
8600
8611
8626
8629
8637
8642
8644
8645
8647
8648
8649
8651
8661
8664
8667
8668
8670
8671
8678
8681
8685
8687
8688
8691
8692
8693
8694
8695
8697
8698
8700
8701
8703
8704
8706
8707
8709
8710
8711
8712
8713
8719
8720
8721
8724
8725
8726
8727
8728
8730
8734
8735
8736
8737
8738
8740
8742
8743
8748
8749
8750
8751
8754
8755
8756
8759
8766
8768
8770
8772
8774
8776
8779
9963
8781
8782
8793
8794
8801
8808
8819
8821
8834
8835
12783
8855
8856
8857
8861
8867
8882
8896
8900
8901
8931
8932
8936
8940
8943
8954
8961
8965
8966
8971
8989
8993
8998
8999
9003
9010
9012
9013
9019
9022
9026
9030
9034
9038
9040
9042
9044
9048
9056
9059
9067
9074
9081
9088
9095
9099
9178
9111
9112
9118
9119
9120
9135
9142
9144
9145
9147
9751
9154
9156
9164
9167
9168
9170
9172
9522
9173
9187
9195
9197
9198
9210
9217
9220
9227
9228
9230
9234
9235
9239
9240
9243
9252
9254
9255
9258
9259
9263
9270
9285
9713
9290
9295
9298
9301
9303
9305
9309
9310
9370
9311
9314
9319
9320
9322
9326
9327
9328
9329
9338
9340
9342
9344
9346
9351
9353
9355
9356
9357
9358
9361
9362
9363
9371
9373
9382
9389
9401
9408
9413
9415
9417
9419
9429
9430
9432
9434
9439
9440
9441
9442
9447
9451
9454
9455
9457
9458
9630
9460
9461
9467
9472
9477
9479
9480
9482
9486
9487
9489
9492
9493
9495
9498
9499
9502
9504
9513
9520
9523
9526
9527
9530
9533
9537
9541
9547
9553
9557
9567
9575
9576
9578
9583
9586
9590
9591
9593
9594
9596
9597
9600
9601
9602
9608
9609
9612
9613
9614
9615
9617
9621
9622
9623
9624
9628
9629
9631
9632
9638
9640
9641
9645
9646
9648
9649
12270
9651
9655
9659
9661
9666
9667
9670
9673
9677
9679
9683
9684
9686
9687
9688
9689
9691
9692
9693
9695
9696
9699
9701
9704
9705
9708
9709
9711
9712
9715
9718
9722
9725
9726
9727
9987
9730
9733
9734
9735
9737
9738
9741
9742
9743
9745
9746
9749
9753
9757
9759
9761
9762
9763
9764
9765
9766
9769
9770
9773
9775
9776
9777
9779
9780
9781
9785
9786
9788
9790
9793
9794
9796
9802
9805
9809
9810
9812
9813
9814
9815
9818
9822
9825
9827
15576
9828
9829
9830
9831
9835
9837
9838
9839
9840
9841
9844
9845
9846
9850
9852
9854
9859
9861
9862
9864
9867
9870
9871
9874
9883
9884
9886
9889
9890
9891
9892
9893
9894
9895
9896
9897
9898
9900
9901
9902
9903
9904
9905
9907
9908
9909
9910
9912
9914
9915
9916
9918
9919
9920
9921
9922
9924
9925
9926
9927
9929
9930
9931
9933
9937
9938
9939
9940
9943
9944
9947
9948
9949
9950
9951
9952
9953
9955
9956
9957
9958
9959
9960
9961
9962
9966
9967
12904
9968
9969
9971
9972
9973
9974
9975
9976
9977
9978
9979
9980
9981
9983
9984
9985
9986
9988
9989
9990
9991
9992
9993
9994
9995
9996
9997
9998
9999
10000
10001
10002
10003
10004
10005
10006
10007
10008
10010
10011
10012
10013
10014
11612
10017
10018
10019
10021
10023
10024
10025
10026
10027
10028
10029
10030
10031
10033
10034
10035
10036
10037
10039
10040
10041
10042
10043
10044
10045
10046
10047
10048
10049
10050
10051
10052
10053
10054
10055
10056
10057
10058
10059
10060
10061
10062
10063
10064
10066
10067
10068
10069
10070
10071
10072
10073
10074
10075
10076
10077
10078
10080
10081
10082
10084
10085
10086
10087
10088
10089
10090
10091
10092
10093
10094
10095
10096
10097
10098
10099
10100
10101
10103
10105
10106
10107
10109
10110
10111
10113
10114
10115
10118
10119
10120
10121
10122
10123
10124
10127
10128
10129
10131
10132
10133
10134
10135
10136
10137
10139
10140
10141
10142
10144
10145
10146
10147
10150
10151
10152
10153
10154
10155
10156
10157
10158
10159
10160
10161
10162
10163
10164
10165
10166
10167
10168
10169
10170
10172
10173
10174
10175
10176
10177
10178
10179
10180
10181
10182
10183
10184
10185
10186
10189
10191
10192
10193
10194
10195
10196
10197
10198
10199
10200
10201
10202
10203
10204
10205
10206
10207
10208
10210
10211
10212
10213
10215
10217
10218
10219
10220
10221
10222
10223
10224
10225
10226
10227
10228
10229
10232
10233
10234
10235
10236
10237
10238
10239
10240
10241
10242
10243
10245
10246
10248
10249
10251
10252
10254
10255
10256
10257
10259
10260
10261
10262
10263
10264
10265
10266
10268
10269
10270
10271
10272
10273
10274
10276
10279
10280
10281
10283
10284
10285
10286
10287
10288
10289
10290
10291
10292
10293
10294
10295
10296
10297
10301
10302
10303
10305
10307
10308
10309
10311
10312
10313
10314
10315
10316
10317
10318
10319
10320
10321
10322
10324
10325
10326
10327
10328
10329
10330
10331
10332
10334
10335
10336
10339
10340
10341
10342
10343
10344
10345
10348
10349
10350
10351
10352
10353
10354
10356
10357
10358
10359
10361
10362
10363
10364
10365
10366
10368
10369
10370
10371
10372
10373
10374
10375
10377
10378
10381
10383
10384
10385
10386
10387
10388
10389
10390
10391
13677
10392
10394
10395
12701
10396
10397
10398
10399
10400
10401
10402
10403
10404
10405
10406
10407
10408
10409
10410
10411
10412
10414
10416
10417
10418
10419
10421
10423
10424
10426
10427
10428
10429
10430
10432
10433
10434
10435
10436
10437
10438
10439
10440
10441
10442
10443
10444
10445
10446
10447
10448
10449
10450
10451
10452
10454
10455
10456
10457
10458
10460
10461
10462
10464
10465
10467
10469
10470
10471
10472
10473
10474
10475
10476
10477
10478
10479
10480
10481
10482
10483
10484
10485
10486
10489
10490
10492
10493
10494
10495
10496
10497
10498
10500
10501
10502
10503
10504
10505
10506
10507
10508
10509
10511
10512
10513
10514
10515
10516
10518
10519
10521
10522
10523
10525
10527
10528
10529
10532
10533
10535
10536
10537
10754
10538
10541
10542
10543
10545
10547
10548
10549
15447
10550
10551
10552
10553
10554
10556
10557
10558
10559
10560
10561
10562
10563
10564
10565
10567
10568
10569
10570
10571
10572
10573
10574
10575
10578
10579
10580
10582
10584
10585
10586
10589
10590
10592
10593
10594
10596
10598
10599
10600
11256
10601
10602
10603
10605
10606
10608
10610
10611
10612
10613
10615
10616
10617
10618
10619
10620
10621
10623
10624
10626
10628
10629
10630
10631
10632
10633
10634
10635
10636
10637
10638
10639
10642
10644
10646
10647
10648
10650
10651
10652
10653
10654
10655
10656
10657
10658
10659
10660
10662
10663
10665
10666
10667
10669
10672
10673
10675
10678
10680
10681
10682
10684
10685
10686
10687
10689
10690
10691
10692
10693
10695
10696
10697
10698
10700
10701
10703
10705
10710
10711
15624
10712
10713
10715
10720
10722
10723
10724
10727
10728
10730
10731
10732
10734
10735
10737
10742
10743
10744
10745
10747
10748
10749
10750
10752
10753
10755
10757
10758
10759
10760
10761
10762
10763
10765
10766
10767
10768
10769
10771
10772
10773
10774
10775
10776
10777
10778
10779
10780
10781
10782
10783
10785
10786
10787
10788
10789
10791
10793
10794
10795
10796
10797
10798
10800
10801
10802
10804
10805
10807
10809
10810
11817
10811
10812
10813
10814
10816
10817
10819
10820
10822
10824
10825
10826
10827
10828
10829
10830
10831
10832
10833
10834
10835
10836
10839
10840
10842
10843
10853
10854
10856
10857
10859
10860
10862
10865
10866
10867
10868
10869
10870
10872
10873
10874
10875
10877
10878
10879
10880
10881
10882
10884
10885
10887
10888
10889
10891
10892
10893
10894
10896
10900
10901
10902
10905
10906
10908
10909
10911
10912
10913
10914
10917
10918
10919
10920
10923
10927
10930
10932
10935
11017
10936
10938
10940
10941
10943
10944
10945
10946
10947
10951
10952
10953
10959
10960
10964
10965
10966
10967
10968
10970
10972
10973
10974
10975
10976
10977
10978
10979
10980
10984
10985
10988
10991
10992
10993
10994
10995
10998
10999
11001
11003
11004
11008
11010
11012
11013
11015
11019
11020
11021
11022
11027
11029
11031
11032
11033
11036
11037
11038
11039
11040
11042
11044
11048
11050
11051
11052
11055
11056
11057
11059
11060
11061
11062
11063
11064
11065
11066
11068
11069
11070
11071
11073
11074
11075
11077
11078
11079
11082
11083
11086
11087
11088
11089
11090
11092
11095
11096
11097
11098
11099
11100
11101
11102
11104
11105
11108
11110
11112
11113
11114
11115
11116
11117
11120
11121
11122
11123
11124
11125
11126
11130
11132
11133
11134
11136
11139
11140
11141
11142
11143
11144
11145
11147
11148
11149
11152
11153
11155
11156
11157
11158
11159
11160
11161
11162
11163
11165
11166
11167
11168
11169
11170
11171
11172
11174
11175
11178
11180
11183
11186
11187
11188
11189
11191
11193
11194
11195
11196
11197
11198
11200
11201
11204
11205
11206
11207
11208
11209
11210
11213
11214
11215
11216
11217
11219
11220
11221
11222
11223
11225
11226
11227
11228
11231
11233
11234
11235
11238
11239
11240
11241
11243
11244
11245
11246
11247
11249
11250
11251
11252
11253
11254
11255
11257
11258
11259
11260
11261
11262
11263
11265
11266
11269
11270
11272
11274
11275
11277
11278
11279
11280
11281
11282
11283
11284
11286
11287
15497
11291
11292
11295
11299
11300
11301
11302
11303
11304
11305
11306
11307
11308
11309
11310
11312
11313
11314
11315
11316
11317
11319
11320
11321
11322
11323
11326
11328
11329
11330
11334
11335
11336
11337
11340
11341
11342
11345
11346
11347
11349
11350
11352
11355
11356
11358
11359
11362
11364
11365
11366
11367
11368
11370
11371
11372
11376
11377
11379
11380
11381
11382
11384
11387
11388
11389
11390
11391
11394
11395
11397
11399
11400
11401
11403
11405
11406
11407
11408
11411
11413
11414
11415
11417
11418
11419
11423
11424
11426
11428
11429
11430
11431
11432
11433
11434
11435
11436
11439
11440
11444
11445
11446
11447
11449
11450
11453
11454
11455
11456
11457
11460
11461
11464
11465
11471
11472
11474
11475
11476
11478
11479
11480
11483
11484
12232
11486
11487
11488
11489
11490
11491
11492
11493
11497
11498
11500
11502
11506
11508
11509
11510
11511
11512
11513
11516
11518
11522
11523
11524
11525
11526
11527
11529
11530
11531
11532
11533
11536
11537
11539
11540
11541
11542
11544
11546
11547
11548
11550
11551
11552
11553
11554
11555
11556
11557
11559
11560
11561
11562
11563
11565
11567
11568
11570
11571
11572
11574
11576
11577
11578
11579
11580
11581
11584
11586
11588
11589
11590
11593
11595
11597
11598
11599
11600
11601
11602
11603
11604
11605
11607
11611
11613
11619
11620
11621
11622
11624
11627
11628
11629
11631
11632
11633
11634
11636
11638
11641
11642
11643
11645
11646
11652
11653
11656
11658
11659
11660
11662
11663
11664
11667
11668
11670
11675
11676
11677
11680
11681
11682
11684
11686
11687
11688
11689
11690
11691
11694
11695
11696
11697
11699
11702
11703
11704
11705
11711
11712
11714
11715
11718
11719
11721
11723
11726
11728
11729
11731
11732
11733
11734
11736
11737
11738
11739
11741
11743
11745
11746
11747
11748
11750
11751
11754
11755
11756
11758
11761
11762
11765
11766
11767
11768
11769
11771
11775
11776
11777
11778
11780
11782
11783
11784
11785
11787
11788
11790
11792
11794
11795
11796
11798
11799
11800
11801
11802
11803
11805
11806
11807
11808
11811
11812
11815
11816
11818
11820
11821
11822
11825
11826
11827
11828
11829
11830
11832
11833
11834
11835
11837
11839
11843
11845
11846
11847
11848
11850
11851
11853
11856
11857
11858
11859
11860
11861
11862
11863
11866
11867
11871
11873
11874
11880
11881
11882
11883
11885
11886
11887
11893
11895
11898
11899
11900
11903
11904
11910
11912
11914
11915
11916
11919
11920
11922
11923
11925
11926
11927
11928
11929
11932
11936
11938
11948
11951
11953
11954
11955
11960
11963
11965
11967
11968
11969
11970
11971
11973
11974
11976
11980
11981
11982
11983
11985
11986
11988
11990
11991
11994
11995
11996
11997
11998
12002
12007
12008
12009
12010
12012
12013
12014
12015
12016
12017
12019
12023
12025
12028
12029
12030
12032
12034
12035
12036
12037
12039
12040
12041
12042
12044
12045
12047
12048
12049
12050
12051
12053
12055
12058
12060
12061
12063
12064
12066
12067
12068
12069
12070
12072
12073
12075
12076
12077
12078
12079
12080
12082
12083
12085
12087
12089
12091
12093
12097
12099
12101
12104
12105
12106
12107
12109
12111
12113
12115
12116
12117
12118
12123
12125
12126
12127
12128
12129
12130
12131
12132
12133
12134
12137
12138
12139
12140
12142
12143
12144
12145
12146
12150
12151
12152
12153
12154
12155
12158
12162
12163
12164
12165
12168
12172
12175
12183
12184
12186
12187
12190
12191
12192
12193
12194
12197
12200
12201
12204
12205
12206
12207
12208
12209
12210
12212
12213
12215
12217
12218
12219
12221
12223
12225
12226
12228
12229
12233
12234
12235
12657
12236
12237
12238
12239
12240
12241
12242
12243
12247
12248
12250
12252
12253
12254
12255
12256
12257
12258
12259
12260
12262
12263
12264
12267
12272
12274
12275
12277
12281
12283
12284
12285
12286
12291
12294
12295
12296
12297
12298
12299
12300
12301
12302
12303
12304
12305
12306
12307
12308
12309
12310
12311
12312
12313
12314
12316
12318
12321
12325
12326
12327
12330
12331
12332
12336
12342
12343
12344
12345
12346
12347
12348
12349
12350
12351
12352
12353
12354
12356
12357
12358
12361
12362
12363
12364
12365
12367
12368
12373
12375
12376
12378
12381
12385
12387
12391
12392
12397
12399
12400
12401
12402
12403
12406
12432
12407
12408
12409
12412
12413
12416
12418
12421
12423
12424
12428
12429
12434
12435
12437
12439
12446
12451
12452
12453
12454
12455
12459
12464
12468
12469
12470
12472
12473
12474
12478
12479
12480
12482
12483
12487
12488
12494
12495
12496
12499
12500
12503
12505
12511
12517
12519
12520
12522
12525
12526
12528
12533
12534
12535
12536
12537
12539
12541
12542
12547
12548
12550
12554
12555
12556
12557
12559
12562
12563
12565
12570
12572
12573
12575
12576
12577
12579
12583
12584
12586
12588
12590
12591
12592
12593
12594
12595
12599
12600
12604
12605
12607
12608
12610
12612
12613
12615
12616
12618
12622
12623
12624
12625
12627
12631
12634
12635
12636
12638
12642
12643
12644
12646
12649
12650
12652
12656
12658
12660
12662
12663
12667
12668
12670
12673
12674
12675
12676
12677
12680
12681
12682
12683
12685
12688
12689
12690
12691
12693
12695
12696
12697
12699
12705
12708
12710
12712
12713
12715
12717
12719
12722
12725
12726
12727
12733
12734
12735
12736
12737
12740
12741
12743
12744
12745
12746
12747
12749
12751
12752
12753
12755
12756
12757
12758
12760
12761
12762
12763
12764
12770
12771
12772
12774
12775
12776
12777
12778
12779
12782
12784
12785
12787
12788
12790
12791
12792
12795
12796
12798
12800
12803
12806
12809
12810
12811
12812
12814
12815
12818
12819
12820
12821
12822
12824
12825
12826
12827
12829
12830
12835
12836
12838
12844
12847
12850
12852
12855
12856
12857
12866
12868
12869
12870
12872
12877
12879
12883
12885
12886
12888
12891
12895
12903
12905
12906
12907
12909
12910
12911
12913
12914
12917
12918
12919
12920
12921
12923
12926
12927
12928
12930
12931
12933
12936
12937
12939
12940
12941
12942
12944
12945
12946
12947
12948
12949
12950
12951
12952
12953
12955
12956
12957
12958
12959
12960
12964
12965
12967
12970
12972
12973
12975
12976
12977
12979
12980
12983
12985
12986
12987
12988
12989
12990
12991
12992
12994
12995
12997
12998
12999
13001
13002
13003
13004
13005
13006
13011
13013
13019
13020
13022
13023
13025
13026
13028
13029
13032
13035
13036
13037
13038
13039
13041
13042
13045
13046
13047
13049
13051
13052
13055
13056
13057
13058
13060
13061
13064
13065
13066
13068
13069
13071
13072
13073
13074
13075
13076
13078
13081
13082
13084
13089
13090
13091
13092
13094
13095
13096
13097
13102
13104
13105
13109
13110
13111
13112
13113
13114
13115
13117
13118
13120
13121
13123
13124
13126
13127
13128
13130
13135
13136
13137
13138
13139
13141
13142
13145
13146
13149
13150
13151
13152
13153
13154
13157
13159
13160
13162
13166
13168
13169
13170
13171
13172
13173
13174
13350
13175
13177
13179
13181
13183
13184
13189
13196
13197
13199
13200
13202
13203
13204
13205
13208
13209
13213
13214
13217
13220
13221
13222
13224
13225
13228
13230
13231
13232
13234
13235
13236
13237
13238
13240
13242
13245
13246
13247
13248
13249
13252
13254
13256
13257
13258
13259
13261
13262
13263
13265
13271
13272
13273
13274
13279
13282
13283
13284
13286
13287
13290
13291
13293
13295
13297
13298
13301
13304
13309
13311
13312
13313
13316
13320
13322
13323
13324
13326
13327
13332
13333
13337
13338
13340
13343
13344
13348
13349
13351
13352
13354
13355
13358
13364
13366
13367
13376
13382
13385
13387
13393
13394
13395
13398
13404
13408
13409
13411
13412
13413
13422
13423
13427
13431
13432
13434
13438
13439
13444
13450
13451
13453
13456
13457
13458
13459
13460
13462
13463
13464
13465
13466
13467
13468
13469
13470
13471
13472
13473
13477
13478
13479
13480
13483
13486
13487
13488
13490
13492
13495
13496
13497
13498
13503
13506
13507
13511
13513
13515
13517
13518
13519
13521
13522
13523
13525
13527
13528
13533
13534
13535
13536
13537
13538
13541
13544
13547
13552
13553
13556
13558
13559
13560
13561
13563
13565
13566
13569
13570
13572
13575
13576
13578
13580
13583
13584
13585
13586
13587
13589
13590
13591
13594
13595
13596
13598
13599
13600
13601
13602
13603
13604
13608
13609
13612
13613
13614
13615
13616
13617
13621
13629
13634
13635
13636
13637
13638
13639
13641
13645
13646
13649
13650
13651
13652
13653
13655
13657
13665
13666
13668
13669
13671
13674
13676
13678
13679
13683
13684
13686
13688
13689
13691
13694
13697
13698
13702
13703
13704
13705
13706
13708
13712
13714
13722
13723
13724
13725
13727
13728
13729
13734
13737
13740
13741
13744
13745
13749
13750
13752
13760
13761
13765
13766
13770
13771
13775
13778
13779
13787
13791
13792
13804
13805
13806
13808
13809
13813
13814
13819
13820
13823
13828
13831
13832
13834
13837
13838
13842
13844
13846
13849
13851
13853
13854
13857
13858
13861
13862
13863
13865
13866
13869
13872
13873
13876
13879
13884
13885
13886
13891
13892
13895
13897
13899
13902
13913
13914
13915
13916
13917
13918
13919
13924
13925
13927
13931
13936
13937
13945
13946
13952
13955
13956
13959
13962
13967
13974
13976
13978
13982
13983
13986
13988
13990
13992
13994
13995
13996
13998
13999
14000
14002
14006
14012
14014
14017
14019
14020
14021
14023
14028
14037
14041
14042
14045
14047
14048
14049
14050
14054
14055
14056
14057
14067
14069
14070
14078
14081
14082
14085
14089
14091
14093
14094
14096
14097
14100
14103
14104
14108
14111
14114
14117
14119
14124
14125
14130
14132
14133
14139
14140
14147
14148
14150
14151
14154
14155
14156
14161
14164
14166
14171
14179
14182
14183
14186
14188
14197
14199
14201
14203
14206
14210
14212
14213
14214
14218
14220
14222
14224
14229
14231
14233
14234
14236
14241
14242
14244
14247
14248
14249
14250
14257
14258
14260
14261
14271
14275
14276
14277
14280
14282
14296
14297
14305
14311
14314
14315
14316
14318
14319
14323
14324
14326
14328
14329
14330
14331
14332
14333
14335
14336
14337
14341
14343
14346
14348
14349
14350
14351
14353
14357
14359
14360
14364
14365
14366
14369
14370
14371
14374
14375
14376
14377
14378
14380
14386
14387
14393
14399
14400
14402
14403
14404
14405
14406
14408
14410
14412
14413
14415
14417
14418
14419
14420
14426
14427
14457
14428
14429
14434
14435
14437
14444
14445
14451
14453
14455
14456
14458
14460
14461
14462
14463
14465
14468
14469
14470
14471
14473
14474
14475
14476
14480
14482
14483
14485
14488
14489
14490
14491
14492
14494
14496
14498
14500
14501
14502
14503
14507
14509
14515
14516
14518
14519
14520
14521
14522
14524
14525
14526
14531
14532
14535
14541
14543
14544
14545
14546
14548
14553
14558
14563
14564
14566
14577
14578
14579
14580
14583
14585
14587
14588
14592
14593
14594
14595
14596
14598
14599
14601
14602
14604
14606
14608
14610
14612
14614
14615
14616
14619
14620
14621
14622
14623
14624
14625
14626
14627
14628
14629
14630
14631
14632
14633
14634
14635
14636
14637
14638
14639
14641
14642
14643
14645
14648
14649
14650
14652
14653
14655
14658
14659
14661
14662
14663
14665
14666
14669
14671
14674
14675
14679
14681
14683
14684
14685
14688
14689
14694
14696
14701
14704
14708
14709
14710
14712
14714
14718
14723
14729
14731
14733
14740
14741
14744
14750
14755
14757
14759
14762
14763
14769
14772
14776
14781
14782
14785
14786
14787
14789
14790
14793
14798
14799
14800
14802
14803
14806
14807
14809
14810
14812
14813
14814
14815
14816
14818
14819
14821
14822
14823
14824
14825
14826
14827
14829
14831
14832
14833
14834
14835
14836
14837
14838
14839
14840
14841
14842
14843
14844
14845
14846
14847
14848
14849
14850
14851
14852
14853
14854
14857
14859
14860
14861
14862
14863
14865
14866
14867
14870
14871
14872
14873
14874
14875
14876
14877
14879
14881
14882
14883
14886
14888
14889
14890
14891
14892
14893
14894
14895
14896
14897
14898
14899
14900
14901
14902
14903
14904
14906
14907
14908
14909
14911
14912
14915
14919
14920
14921
14923
14924
14925
14926
14927
14928
14930
14932
14933
14934
14936
14937
14938
14939
14941
14942
14943
14944
14945
14946
14949
14950
14951
14952
14953
14955
14958
14960
14961
14962
14963
14965
14966
14968
14969
14970
14972
14973
14974
14976
14977
14978
14980
14981
14982
14983
14984
14985
14987
14988
14990
14991
14992
14994
14995
14997
14998
14999
15000
15002
15003
15004
15007
15008
15009
15010
15011
15013
15015
15016
15018
15020
15021
15022
15023
15024
15026
15027
15028
15029
15030
15031
15033
15035
15036
15038
15039
15040
15041
15042
15043
15044
15045
15046
15047
15048
15049
15051
15052
15053
15054
15055
15057
15058
15060
15061
15063
15065
15066
15067
15070
15071
15072
15074
15076
15077
15079
15080
15082
15083
15085
15086
15087
15089
15091
15092
15093
15094
15095
15099
15100
15101
15105
15108
15109
15110
15111
15112
15114
15115
15116
15117
15121
15123
15126
15127
15128
15129
15130
15134
15135
15137
15140
15141
15144
15145
15146
15147
15150
15151
15152
15153
15155
15156
15157
15159
15163
15165
15166
15169
15170
15171
15173
15174
15175
15178
15179
15181
15182
15183
15184
15185
15186
15187
15190
15191
15192
15193
15194
15195
15196
15200
15203
15206
15207
15208
15209
15211
15212
15213
15214
15215
15216
15218
15219
15220
15221
15226
15227
15228
15230
15235
15236
15243
15244
15245
15246
15251
15252
15256
15258
15262
15264
15265
15266
15271
15273
15274
15275
15276
15277
15278
15279
15280
15281
15282
15283
15284
15285
15286
15287
15288
15289
15290
15291
15292
15293
15294
15296
15298
15300
15301
15305
15307
15308
15311
15312
15313
15314
15315
15316
15317
15318
15319
15320
15321
15322
15323
15324
15325
15326
15327
15328
15329
15330
15331
15332
15338
15339
15340
15341
15342
15344
15346
15347
15348
15350
15351
15355
15356
15359
15360
15363
15365
15366
15367
15368
15369
15371
15372
15374
15375
15376
15377
15378
15381
15387
15391
15393
15394
15397
15398
15400
15404
15406
15408
15412
15413
15415
15416
15420
15421
15424
15425
15426
15428
15429
15430
15431
15432
15434
15435
15436
15438
15442
15444
15450
15451
15453
15455
15457
15458
15462
15463
15465
15467
15468
15470
15471
15473
15475
15476
15477
15479
15480
15482
15483
15486
15487
15488
15489
15490
15492
15494
15495
15496
15499
15501
15502
15504
15507
15508
15509
15511
15512
15514
15516
15517
15518
15519
15520
15521
15522
15524
15525
15526
15527
15528
15529
15530
15532
15533
15534
15535
15539
15540
15541
15542
15543
15544
15545
15546
15771
15547
15548
15550
15551
15553
15557
15558
15559
15560
15562
15565
15566
15567
15568
15570
15572
15573
15575
15578
15579
15580
15582
15583
15584
15586
15587
15593
15594
15596
15598
15602
15603
15605
15606
15608
15609
15610
15611
15615
15616
15617
15620
15621
15622
15623
15625
15627
15628
15629
15631
15633
15635
15637
15639
15640
15642
15647
15650
15653
15654
15661
15664
15665
15666
15668
15671
15672
15674
15678
15680
15682
15684
15687
15688
15690
15692
15693
15695
15698
15699
15700
15704
15705
15707
15708
15709
15711
15712
15713
15714
15715
15716
15720
15721
15722
15723
15726
15727
15732
15734
15738
15741
15742
15743
15744
15747
15748
15749
15750
15751
15752
15753
15755
15756
15757
15761
15762
15764
15766
15767
15768
15770
15773
15774
15777
15779
15782
15783
15785
15787
15788
15790
15791
15792
15793
15794
15795
15796
15797
15798
15800
15803
15809
15812
15813
15814
15815
15816
15817
15818
15819
15820
15821
15822
15823
15824
15825
15826
15827
15828
15831
15833
15834
15835
15836
15838
15840
15841
15842
15844
15845
15847
15848
15850
15851
15852
15853
15854
15855
15856
15857
15858
15859
15863
15864
15865
15866
15867
15868
15870
15871
15872
15873
15874
15875
15876
15877
15878
15879
15880
15882
15885
15887
15889
15890
15891
15892
15893
15894
15895
15896
15897
15898
15901
15902
15903
15905
15906
15907
15908
15909
15911
15912
15914
15915
15916
15918
15919
15920
15924
15925
15928
15929
15930
15932
15933
15934
15937
15940
15941
15943
15944
15945
15948
15949
15950
15952
15953
15954
15955
15958
15959
15960
15963
15964
15965
15966
15967
15969
15972
15974
15975
15976
15977
15978
15979
15980
15983
15986
15988
15989
15993
15996
15998
16000
16003
16004
16005
16006
16007
16011
16012
16013
16014
16016
16017
16018
16019
16020
16021
16022
16023
16024
16025
16026
16028
16029
16031
16034
16037
16038
16039
16040
16042
16043
16044
16045
16047
16048
16049
16051
16054
16058
16059
16064
16065
16069
16070
16071
16072
16073
16074
16075
16079
16081
16082
16085
16086
16087
16091
16093
16094
16095
16096
16097
16098
16099
16100
16101
16102
16103
16105
16107
16109
16110
16112
16113
16115
16116
16121
16124
16126
16128
16131
16132
16133
16134
16135
16136
16137
16139
16140
16141
16142
16144
16145
16146
16147
16148
16149
16150
16151
16152
16154
16157
16159
16164
16166
16167
16169
16172
16173
16174
16175
16176
16178
16181
16183
16184
16186
16188
16189
16190
16191
16193
16196
16197
16198
16199
16200
16201
16203
16204
16205
16206
16208
16209
16213
16214
16215
16216
16217
16218
16219
16222
16224
16227
16228
16229
16230
16232
16234
16235
16236
16237
16241
16245
16247
16248
16250
16251
16252
16253
16254
16255
16256
16258
16260
16262
16263
16264
16265
16266
16267
16270
16271
16272
16277
16278
16279
16280
16282
16283
16285
16286
16287
16289
16290
16291
16292
16293
16294
16295
16296
16297
16299
16300
16301
16302
16303
16305
16306
16308
16309
16310
16311
16312
16313
16314
16315
16317
16318
16319
16320
16321
16322
16323
16325
16326
16327
16328
16329
16330
16331
16332
16333
16334
16335
16336
16337
16338
16339
16340
16341
16345
16347
16351
16352
16353
16354
16356
16357
16358
16360
16361
16364
16365
16367
16368
16371
16372
16374
16375
16376
