0
1
881
9513
945
534
195
150
8
7
473
7350
10
11
14
1445
15
4475
24
25
117
28
98
132
29
209
30
11382
4845
35
37
40
69
2183
6483
884
8964
42
43
8806
3486
181
44
45
47
48
49
51
52
55
56
426
58
60
4196
67
68
1805
71
879
72
77
107
79
80
81
87
89
92
2730
97
99
100
101
2667
102
2881
894
228
837
4231
456
2348
3020
4592
2324
4726
2564
5818
4030
8179
167
108
109
120
119
112
6670
118
131
3230
136
1510
138
140
143
142
146
154
155
7648
156
9333
161
162
163
910
207
237
164
166
5132
2470
168
174
182
180
720
185
188
191
226
192
1962
199
200
204
205
206
210
211
277
212
4372
214
8097
9160
7474
5709
1375
216
217
220
223
225
323
227
3237
229
9924
485
230
233
2394
234
7090
236
2043
240
241
242
243
253
258
264
265
6848
268
272
274
279
2956
280
308
281
282
283
2202
287
1800
290
291
293
2336
2671
1247
303
304
5475
612
582
431
1015
305
307
312
324
325
2797
2457
895
328
329
330
7503
1499
337
800
339
341
342
2228
343
344
345
347
348
351
353
11505
356
361
362
366
5412
2733
367
1042
3732
7099
8648
10755
368
4988
369
371
372
373
376
377
378
381
382
3018
383
393
394
396
400
401
402
403
404
3562
405
6346
972
10673
8787
6170
1674
407
412
413
415
417
420
421
425
1594
427
428
429
432
433
2869
435
436
437
438
439
545
4162
3021
8866
618
440
442
443
444
445
446
449
450
452
453
455
2707
1621
457
458
459
460
461
462
737
463
464
465
466
467
811
468
5385
3945
470
471
472
1356
6560
1283
1276
5387
4270
943
976
1371
1340
474
475
477
478
481
2525
482
9080
10025
487
488
489
523
524
525
4863
526
11034
529
530
531
532
3293
533
536
1207
537
538
5646
540
541
542
544
9979
546
548
937
552
554
557
558
560
4860
1214
562
566
567
944
852
4830
568
569
570
574
578
580
7367
585
586
6167
587
591
592
593
598
805
601
602
1631
3872
3844
3621
3955
1559
2937
3451
603
605
606
609
610
7341
611
613
614
615
616
617
7283
620
621
622
625
626
4952
627
628
684
630
631
634
635
636
638
639
642
646
648
7266
7382
9574
7591
7662
1460
694
649
650
651
653
655
657
658
660
661
663
665
2593
1798
666
667
668
671
673
675
677
682
683
687
689
690
692
693
5055
695
696
697
700
702
782
4508
2686
1606
2574
3673
10860
4594
2366
7163
703
709
711
713
714
715
719
904
722
11080
723
724
725
727
729
730
1879
732
4966
2600
735
736
2694
739
1347
745
747
749
752
753
757
759
760
761
762
763
765
767
770
6211
5126
6638
771
773
774
776
777
778
779
783
787
788
8488
791
794
795
796
797
798
6910
799
3470
802
803
806
807
808
3428
809
839
810
8496
5670
812
3075
813
1500
814
815
1535
819
822
823
825
10142
826
827
829
830
9289
831
832
970
834
9379
843
844
845
848
850
1337
851
1014
853
854
855
862
864
867
868
869
872
5096
877
878
880
882
883
885
887
888
889
890
891
892
893
8394
2526
1311
1167
8735
896
900
901
902
903
10306
905
906
1943
907
908
909
913
914
916
918
919
920
923
924
925
926
930
933
935
936
939
4213
2080
7700
2711
946
947
950
953
954
956
957
959
961
965
966
967
968
971
973
974
975
979
982
987
989
992
993
995
996
998
1000
1409
1005
1007
1008
1010
1016
1017
1018
1022
1465
1024
1025
1026
1027
1030
1031
1033
6543
1034
1804
1041
1044
1045
8075
7807
1046
1050
1051
1052
1053
1054
1057
4547
1058
1061
1062
1064
1068
1069
1071
1074
5142
1076
1077
1078
1081
1082
1083
1087
1088
1093
1094
1095
1097
1098
1099
1100
1102
1108
1109
1110
1112
1114
1115
1116
1117
1120
1122
1123
1124
1126
1129
1130
1131
1132
1134
1136
1137
9964
2556
1138
1140
4713
1141
1142
1143
1144
1145
1146
1147
1148
1336
1149
1150
1154
1159
1160
1161
1162
1163
1164
1165
1166
1168
9112
1169
1176
1177
6668
1967
6846
1178
1179
1180
1182
1183
1185
1187
1775
1188
1189
1191
1192
1193
1194
1195
1196
1199
1200
1201
1284
1285
1202
1203
4525
1204
1206
1209
1210
1211
1212
1215
1223
1236
1238
1239
1242
1243
1244
1245
1249
1256
1257
1258
1259
1263
2208
1458
1395
1264
1268
1269
1270
6972
1274
1275
1277
1278
1280
1282
1297
1620
6680
1288
1290
1292
1294
1296
1298
1303
1304
1309
2488
1312
1313
1314
1315
1316
1317
1318
1319
1322
2215
1323
6953
4333
1325
1326
1327
1328
1330
1331
1332
1334
1335
1338
1339
1341
1344
1345
1346
1348
1349
1353
1355
1357
11226
1360
1363
1364
1366
1367
1372
1376
1378
1379
4597
1381
1382
1383
1389
1391
1393
5361
1394
1397
5966
1399
1400
1402
1403
1405
1406
1407
1410
1414
1417
1420
1423
1424
1425
1427
1429
1430
1431
1434
1828
1435
1436
1437
1438
1439
1440
1441
1443
1444
1446
1447
1448
1449
1454
1456
1457
4147
2026
2027
1461
2633
1464
2848
1466
1470
1471
1473
1477
1478
11345
1479
1481
1867
1484
1485
1487
1488
1489
1490
1492
9340
1494
1495
1496
1498
1502
1504
1505
1506
1508
1509
1512
1514
1516
1517
10225
1518
1521
1522
1525
1526
1527
1528
1530
1533
1534
1536
1537
1540
1542
1543
1544
1545
1549
1550
1552
2422
1555
1556
1558
1560
1564
1567
1568
5654
1570
1571
3545
7275
1573
1574
1724
1576
1578
1579
1580
1584
1585
1586
1587
1591
1592
1593
1596
1597
1598
1600
1602
1603
1604
1609
1611
1612
1615
1617
1618
1619
4321
1622
1632
1633
1635
1640
1641
1644
1645
1647
1648
1649
1657
1658
1659
1660
1662
1663
1665
1666
9156
1670
2459
2566
4912
2074
11868
1676
1678
1679
2376
1681
1683
1685
1687
1694
1696
1697
1701
1702
1703
1704
1705
5831
1706
1707
1708
1709
1711
1712
1715
1716
1718
1719
6727
1720
1721
2467
1722
1723
1725
1726
1728
1729
1731
1732
1733
1735
1736
1740
1741
1743
1744
1746
1747
5417
1749
1751
1752
1754
1757
1758
3905
8891
1760
1762
1763
1764
1765
1766
4652
1767
1768
1769
1770
1771
1774
1779
1782
1784
1785
1786
1788
1790
1791
1793
1794
1795
1796
9810
8770
1797
1799
1802
1803
8103
2961
1806
1807
1810
1811
1815
1816
1817
1820
9157
1821
1823
1824
2393
1825
1827
1831
1832
1833
1834
1836
1839
1841
1851
1853
1854
1855
1856
1858
1859
1860
1861
1863
1865
1866
1871
1873
1875
1880
1881
1882
1884
1885
1887
1888
3968
8983
1889
1890
1892
1894
1896
1897
1900
1902
1903
1904
1905
1907
1908
1909
1910
1911
1915
1916
1918
1919
1921
1923
1925
1926
1929
1930
1936
1937
1938
1939
1940
1941
9896
1942
1944
1945
1946
5213
1948
1952
1953
1955
1956
1957
1960
2481
1961
1965
1970
1977
1983
1986
1987
1988
1990
1991
1992
1997
1998
2000
4175
2002
2004
2006
2015
2019
2021
2023
2025
2048
2030
2032
2034
2038
2040
2042
2044
2046
2049
2051
2054
2056
2057
2058
2059
2060
2063
2064
4703
2066
2067
2068
2069
2070
2071
2072
2073
5457
2081
2082
2085
2087
2088
2089
2090
2092
2093
2094
2095
2097
2098
2099
2100
2101
2102
2104
2105
2106
2107
2109
2113
2114
2115
2116
2118
2120
2123
2124
2126
2128
2130
2131
2132
2133
2135
2138
2140
2141
2144
2145
2146
2147
2149
2150
2152
2153
2154
2156
2157
2158
2160
2161
2163
2164
2165
2166
2167
2169
2170
2172
2174
2175
8887
2176
2177
2180
2181
2182
3192
2185
2186
2190
2191
2192
2195
2196
2197
2198
2199
2200
2201
5079
2204
2205
2206
10354
2209
2213
2214
5598
2217
2218
2219
2220
2225
2227
2230
2231
2232
2233
2234
2236
2237
2238
2239
2240
2242
2243
2244
2245
2246
2247
2250
2252
2253
2254
2258
2259
5771
5165
2260
2262
2263
2265
2266
2268
2269
2270
2273
2274
2275
2277
2279
2280
2282
2283
2286
2288
2289
2290
2291
2293
2294
2295
2296
2297
2303
2304
2306
2307
2309
2310
2311
2312
2314
2315
2316
2317
2318
2320
2321
2326
2328
2330
2331
2333
2334
2335
3323
3078
2338
2339
2340
2342
2343
2344
2345
2346
5823
2350
2352
2354
2355
2356
2357
2361
2362
2363
2365
2368
2369
2370
2372
2374
2375
2377
2381
2383
2385
2386
2389
2391
2392
2395
2396
2397
2400
2401
2403
2407
2408
2409
2410
2411
2412
2414
2415
2738
2416
2419
2420
2421
2424
2428
2429
2430
2431
2433
2434
2437
2438
2441
2442
2443
2444
4645
2445
2446
2452
2453
2454
2455
2456
6270
3986
2458
2461
2464
2465
2466
2872
2469
2473
2474
2475
2477
2480
5352
2484
2485
2486
2490
2493
2494
2504
2505
2506
2508
2509
2513
2516
2517
2518
2520
2521
2522
2523
2524
4166
2530
2531
2532
2533
2534
2535
2538
2541
2542
2543
2545
2546
2547
2548
2549
2553
3425
2554
2559
2560
2561
2563
2569
2571
2578
2581
2586
2587
2589
2590
2591
2592
2594
2596
2598
2599
2601
2603
2610
3288
2612
2613
2615
2618
2621
2622
2623
2625
2628
2629
2632
2634
2635
5322
2637
2638
2639
7508
2641
2643
2645
2649
2650
2653
2654
2655
2656
2658
2659
2661
2662
2664
2665
2666
2668
2669
2670
2674
2676
2677
2678
2679
2681
2683
2986
2684
2685
5534
3514
3306
3829
3579
2689
2690
2692
2693
2697
2698
2702
2706
2708
2709
2716
2717
2726
4689
2734
2742
2745
2751
2754
2755
2756
2761
2770
2777
2778
2780
2782
2784
2786
2787
2788
2789
2793
2796
2800
2801
2802
2803
5365
2805
2807
2810
2812
2813
2814
2840
2815
4953
2817
2818
2819
2823
2824
2829
2831
2832
2833
2838
9800
2841
2842
2843
2844
2851
3517
2854
2856
2858
2861
2862
2863
2865
2867
2868
10089
2873
2876
2879
2880
2882
2883
2885
2888
2890
2891
2892
2894
2896
2897
2901
2902
2903
2905
2909
4249
2910
2911
2913
7444
2912
2916
2921
2925
2927
2928
2930
2933
2934
2936
2942
2945
2947
2949
2950
2951
2952
2953
2954
2955
2958
2959
2965
2989
2993
3014
8933
3019
3048
3073
3074
3077
3079
3080
8901
3101
3104
3105
3107
3110
3111
3112
3134
3136
3139
3145
3166
3172
3173
3175
3178
3182
3183
3185
3186
3188
3189
6069
3193
3194
3195
3729
3196
3669
3197
3203
3210
3214
3216
3220
3223
3228
3232
3233
3234
3236
3247
3248
3250
3251
3253
3256
3258
3259
3268
3271
3273
3281
3286
3287
3289
3294
3295
3296
3297
3298
3301
3302
3303
3309
3311
3313
3319
3798
3321
3329
3331
3335
3336
3337
3339
3340
3341
3343
3344
5666
3345
3347
3348
3349
3351
3352
3353
3354
3355
3357
3359
3360
3362
3364
3366
3368
3369
3370
3371
3373
3374
3375
3377
3378
3379
3380
3381
3382
3383
3384
3385
3386
3388
3389
3391
3392
8513
3395
3397
3398
3400
3401
3402
3403
4626
3406
3407
3410
3411
3412
3414
3417
3419
3420
3421
3423
9831
3440
3426
6890
3427
3432
3434
3437
3438
3442
3447
4538
3448
3452
3457
3460
3461
3464
3465
3466
3468
6187
3471
3790
3473
3474
3480
12778
3482
3483
3484
3491
3492
3496
3498
3499
3504
3505
3506
3507
3509
3513
3515
3516
3519
3523
3526
3529
3532
3534
3535
3537
3542
3547
3549
3552
3553
3554
3559
5308
3564
3567
3571
3573
3576
3577
3578
11647
3580
3581
3584
3585
3586
3587
3588
3589
3590
3593
3595
3596
3597
3598
3602
3603
3604
3606
3607
3608
3609
3610
3612
3615
3616
3620
3622
3627
3632
3644
3646
3648
3651
3660
3668
3672
4181
3674
3677
3678
3679
3681
3682
3696
3698
3703
3706
3707
3708
3709
3714
3716
3718
3720
3722
3723
3724
3725
4290
3730
3736
3742
11094
3743
3745
3746
3823
3751
3752
3753
3756
3758
3760
3761
3762
3765
3766
3767
3769
3771
3772
3774
3779
3781
3782
3783
3785
3787
3788
3789
3791
3792
3793
3796
3797
3799
3804
3807
3808
7603
3809
3812
3814
3816
3817
3819
8518
3822
3824
3826
3827
3830
3831
3834
3835
3837
3838
3839
3841
3842
3843
3845
3846
3849
3851
3853
3854
3856
3857
3858
3863
3864
3865
3866
3867
3868
3870
3871
3875
3876
9407
3877
3879
3882
3885
3889
3890
3892
3893
3895
3896
3898
3899
3900
3902
3903
3906
3908
3909
3910
3912
3914
3916
3918
3919
3921
3922
3923
3924
3926
3930
3932
6807
3933
3934
3936
3939
3940
3943
3944
6711
3946
3947
3948
3950
3953
3956
3957
3958
3959
3961
3962
3963
3964
3967
3969
3970
3972
3973
3975
3976
3977
3978
3979
4091
4089
3982
3983
3984
3985
5160
3987
3988
3990
3991
3993
3994
3995
3997
3999
4001
4002
4003
4005
4006
4007
4009
4010
4011
4014
4015
4016
4017
4018
4019
4021
4022
4023
4024
4025
4026
4027
4028
4029
4031
4033
4034
4035
4037
4040
4041
4042
4043
4045
4046
4047
4048
4051
4053
4054
4055
4056
4059
4060
4061
4064
4065
4066
4068
4069
4070
4071
4072
4073
4074
4075
4076
4077
4078
4080
4081
4082
4083
4084
4085
4086
4087
4088
4092
4093
4094
4096
4097
4098
4100
4101
4102
4104
4105
4106
4108
4110
4112
4113
4114
4117
4118
4119
4120
4121
4122
4123
4125
4127
4128
4130
4131
4135
4137
4138
4139
4140
4142
4143
4148
4149
4152
4153
4155
4159
4160
4161
4163
4164
4165
4167
4168
4169
4170
4172
4173
4176
4177
4178
4180
4182
4185
4188
4189
4190
4191
6103
4198
4200
4201
4204
4209
4216
4217
4218
4241
4222
5207
4223
4224
4227
4229
4232
4233
4234
4235
4244
4248
4250
4253
4254
4260
4261
4269
4271
4273
4275
4276
4278
4285
4287
4294
4297
4298
4300
4309
4314
4316
4320
4335
4353
4355
4358
4360
4363
4364
4367
4369
4371
4373
4375
4376
4379
4391
4411
4419
4421
4423
4424
4430
4907
4436
4447
7220
4454
4471
4473
4474
5360
4477
4481
4488
4502
5008
4507
4509
4512
4517
4519
4522
4523
4527
4528
4530
4533
4540
4541
4544
6730
4546
4549
4550
4552
4557
4558
4563
4567
4569
4571
4572
4575
4576
4577
4590
4653
4595
4596
4600
4601
4604
4606
4607
4609
4611
4615
4621
4624
4633
4638
4640
4641
6100
5693
4648
4649
4655
4659
4667
4669
4670
4673
4676
4712
4682
4685
4686
4687
4692
4697
4700
4702
4709
4711
4717
4718
4719
4722
4728
4732
4734
4735
4740
4745
4746
4753
4757
4758
5307
4764
4770
4771
4778
4781
4795
4797
4799
4802
4804
4806
4813
4814
4818
4819
4820
4821
4823
4824
4826
4829
4832
4833
4836
4838
4842
4844
4847
4851
4852
4854
4855
4856
4857
4859
4903
4862
4864
4865
4867
4870
4874
4875
4877
4882
4884
4885
4887
4888
4889
4890
4891
4892
4894
4895
4896
4898
4902
4905
4906
4911
4914
4917
4918
4919
4924
4925
4929
4933
4935
4937
4939
4940
4943
4946
4947
4949
5523
4954
4955
4957
4958
4959
4960
4961
4962
4964
4968
4974
4969
4970
4972
4976
4978
5169
4980
4981
4985
4987
9781
4989
4991
4993
4995
5001
5005
5006
5007
5010
5014
5017
5020
5021
5025
5026
5028
5029
5031
5032
5033
5035
5036
5039
5040
5041
5042
5043
5045
5049
5050
5058
5062
5066
5068
5070
5071
5072
5073
5077
5080
5081
5084
5088
5089
5090
5097
5098
5102
5103
5104
8608
5108
5109
5110
5113
5117
5118
5119
5130
5134
5135
5136
5137
5141
5145
5146
5147
5148
6056
5149
11919
5152
5153
5155
5156
5158
5159
5161
5164
5168
5745
5367
5172
5173
5187
5188
5193
5194
5195
5198
5201
5202
5209
5211
5212
5220
5245
5258
5264
5273
5278
5279
5286
5289
5291
5295
5299
5300
5301
5303
5305
5306
5309
5310
5311
5312
5321
5912
5324
5325
5326
5327
5329
5331
5332
5336
5338
5340
5344
5619
5353
5355
5357
5358
5362
5369
5370
5372
5374
5376
5378
5379
5380
5381
5383
5384
5386
5388
5390
5393
5394
5395
5396
5397
5398
5399
5401
5404
5405
5407
5408
5409
5410
5411
6404
5413
5414
5415
5419
5421
5422
5423
5425
5426
5427
5432
5434
5435
5436
5437
5438
5439
5443
5445
5449
5451
5452
5453
5454
5455
5456
5458
5460
5463
5464
5467
5468
5474
5488
8945
5502
8477
5504
5507
5509
5513
5514
5515
5516
5519
5524
5527
5528
5531
7988
5535
5536
5538
5541
5545
5546
5547
5548
5550
5552
5553
5554
5556
5557
5558
5562
5563
5564
12814
5565
5566
5567
5569
5570
5572
5574
5578
5580
5583
5586
5587
5589
5590
5592
5593
5594
5599
5602
5792
5603
5605
6169
5606
5607
5608
5609
5611
5612
5614
5623
5626
5630
5631
5633
5635
5636
5641
5644
5649
5656
5658
5661
5662
5663
5668
5669
6851
5672
5681
5682
5689
5691
5692
5696
5698
5701
5703
5706
5707
5708
5710
5711
5719
5720
5722
5723
5725
5730
5731
5737
5741
5742
5743
6422
5744
5748
5750
5752
5753
5754
8296
5755
5756
5758
5759
5762
5764
5766
5767
5773
5775
5776
5777
5780
5783
5784
5785
5786
5789
5790
5794
5796
5797
5798
5801
5802
5803
5811
5812
5813
5814
5815
5816
5819
5820
5821
5822
5825
5828
5829
5830
5946
5835
5838
5840
5843
5845
5847
5850
5856
5857
5858
5859
5860
5865
5869
5871
5872
5875
5876
5880
5881
5883
5884
5889
5890
5891
5892
5895
5898
5900
5905
5906
5907
5908
5911
5913
5914
5915
5916
5917
5919
5920
5921
5925
5928
5929
9357
5930
5931
5932
5934
5935
5936
5940
5941
5942
5945
5947
5948
5950
5952
5953
5955
5957
5958
5959
5961
5962
5963
5965
7344
6602
8245
5968
5969
5971
5972
5975
5976
5977
5978
5979
5980
5981
5985
5986
5987
5990
5991
5992
5995
5996
5998
5999
6004
6006
6007
6008
9909
6009
6014
6015
6016
6017
6018
6019
6021
6022
6025
6026
6027
6029
6034
6037
6039
6040
6042
6043
6044
6047
6051
6053
6055
9017
6057
6059
6062
6063
6064
6065
6066
6067
6068
6070
6078
6083
6089
6090
6094
6095
6097
6098
6099
6105
6107
6109
6112
6114
6115
6116
6117
6120
6121
6123
7550
6124
6126
6127
6128
6129
6130
6132
6133
6136
6137
6138
6139
6140
6142
6144
6145
6146
6147
6151
6152
6153
6156
6157
6161
6165
6166
6172
6595
6173
6175
6180
6181
6183
6189
6192
6193
6196
6197
6198
6200
6201
6203
6204
6205
6206
6207
6208
6209
6210
6212
6213
6216
6218
6219
6222
6223
6224
6225
6226
6228
6229
6232
6233
6234
6235
6236
6237
6239
6240
6241
6242
6243
6245
6247
6249
6250
6252
6253
6254
6256
6257
6258
6259
6260
6261
6262
11790
6263
6264
6265
10322
6271
6272
6273
6274
6275
6277
6278
6279
6280
6282
6283
6286
6287
6289
6290
6291
6292
6293
6296
6300
6301
6304
6305
6306
6311
6312
6316
6318
6319
6322
6323
6324
6325
6326
6327
6329
10141
6330
6334
6335
6337
6338
6339
6340
6343
6347
6348
6349
6350
6351
6353
6354
6355
6356
6357
6359
6360
6361
6362
6364
6365
6366
6369
6371
6372
6373
6374
6375
6376
6378
6379
6380
6384
6385
6389
6390
6392
6393
6396
6400
6401
6403
6405
6406
6409
6411
6413
6414
6416
6417
6418
6419
6420
6421
6424
6425
9487
6426
6428
6429
6431
8153
6432
6433
6434
6435
6436
6437
6438
6439
6440
6441
6443
6444
6451
6454
6456
6459
6461
6462
6463
6465
6466
6468
6472
6474
6478
6482
12027
6485
9146
8879
6487
6492
6494
6495
6497
6499
6501
6504
6505
6506
6509
6510
6512
6514
6516
6517
6518
6519
6520
6522
6523
6524
6526
6527
6534
6535
6536
6537
6541
6544
6548
6549
6550
6552
6554
6556
6557
6561
6563
6566
6567
6568
6570
6571
6573
6574
6577
6581
6583
6584
6586
6587
6591
6592
6791
6598
6599
6600
6603
6608
6610
6611
6612
6613
6614
6615
6618
6620
6621
6623
6628
6630
6634
6635
10366
6640
6641
6645
6648
6649
6650
6653
6654
6655
6656
6658
6659
6660
6664
6666
6669
6675
6676
6681
6682
6683
6684
6685
6687
6688
6689
6690
6692
6695
6696
6697
6698
6699
6701
6702
6703
6705
6706
6710
6712
6714
6716
6718
6721
6724
6726
6729
6732
6733
6736
6740
6741
9856
6743
6747
6750
6752
6753
6756
6757
6759
6760
6761
6762
6766
6769
6770
6774
6778
6781
6783
6786
6790
6792
6794
6800
6801
6803
6804
6806
6813
6814
6817
6820
6822
6824
6825
6826
6830
6831
6833
6836
6837
6839
6840
6841
6843
6845
7009
6850
6854
6859
6866
6868
6872
6873
6875
6876
8168
6877
6880
6881
6882
6884
6892
6893
6895
6896
6897
6898
6901
6903
6904
6905
6907
6908
6909
6911
6912
6913
6914
6915
6916
6917
6918
6919
6921
6922
6923
6926
6927
6928
6930
6933
6934
6936
6938
6939
6940
6942
6943
6944
6946
6947
6949
6950
6954
6968
6970
6971
6973
6975
6978
6980
6982
6985
6986
6990
6995
6996
7002
7004
7005
7008
7011
7012
7016
7017
7018
7021
7023
7026
7027
7030
12660
7031
7032
7034
7039
7042
7044
7046
7048
7052
7056
7058
7061
7062
7063
7065
7067
7070
7072
7075
7076
7078
7079
7081
7082
7085
7086
7089
7091
7092
7094
7095
7097
8724
7179
7101
7103
7106
7107
7108
7110
7112
7113
7120
7121
7124
7131
7139
7140
7141
7143
7146
7147
7149
7152
7153
7155
7569
7167
7170
7171
7173
7174
7175
7183
7184
7185
7188
7189
7191
7192
7193
7194
7203
7204
7209
7211
10760
7215
7217
7218
12897
7221
7222
7223
7226
7227
7228
7231
7232
7233
7234
7236
7237
7242
7243
7244
7245
7246
7247
7252
7255
7256
7258
7259
7260
7261
7262
7264
7265
7268
7271
7272
7273
7276
7277
7278
7279
7281
7282
7286
7288
7292
7293
7296
7297
7300
7301
7302
7303
7310
7311
7314
7315
7316
7317
7322
7324
7325
7326
7330
7331
7333
7334
7335
7339
7340
7342
7343
7345
7346
7348
7351
7352
7353
7354
9101
7355
7356
7357
7359
7360
7361
7362
7363
7364
7365
7366
7368
7369
7370
7371
7373
7375
7376
7378
7379
7380
7381
10284
7383
8960
7384
7385
7386
7389
7390
7391
7394
7395
7397
7399
7400
7402
7405
7407
7408
7411
7412
7420
7421
7422
7424
7428
7430
7432
7440
7441
7443
7446
7448
7450
7452
7455
7457
7458
7461
7464
7466
7468
7469
7470
7477
7478
7479
7480
7482
7486
7487
7488
7492
7494
7495
7499
7501
12908
7504
7509
7511
7514
7516
7518
7521
7522
7525
7526
7527
7528
7529
7530
7532
7533
7536
7537
7539
7540
7541
7543
7547
7552
7556
7558
7559
7560
7561
7563
7565
7566
7567
7573
7574
7575
7578
7582
7585
7586
7588
7589
7593
7595
7596
9139
7598
7599
7600
7602
7604
7606
7607
7610
7614
7615
7618
7621
7622
7623
7624
7625
7627
7628
7629
7630
7635
7636
7642
7644
7647
7649
7650
7653
7655
7659
7660
7663
7664
7691
7665
7666
7669
7672
7674
7675
7676
7678
7680
7681
7683
7684
7685
7688
7689
7690
7692
7694
7696
7697
7698
7699
7702
7703
7706
7707
7708
7709
7710
7711
7713
7715
7716
7718
7719
7720
7721
7722
7723
7724
7725
7726
7727
7728
7729
7730
7733
7735
7736
7737
7739
7740
7741
7743
7744
7745
7746
7748
7751
7752
7753
7758
7761
7762
7763
7764
7770
7772
7773
7774
7776
7779
7785
7786
7791
7820
7821
7822
7823
7824
7825
7827
7830
7831
7838
7840
7841
7842
7851
7852
7854
7855
7856
7858
7860
7861
7864
7865
7868
7871
7874
7877
7878
7879
7881
7882
7885
7888
7892
7895
7896
7898
7901
7904
7905
7908
7911
7912
7914
7915
7918
7920
7921
7925
7928
7930
7933
7936
7938
7939
7940
7941
7944
7945
7947
7948
7949
7951
7952
7954
7955
12919
7957
7958
7959
7960
7962
11306
7964
7969
7970
7971
7972
7973
7975
7976
7979
7980
7981
7982
7990
7991
7992
7994
7995
7996
7998
8002
8004
8005
8006
8011
8012
8016
8019
8022
8024
8025
8036
8038
8042
8045
8046
8048
8049
8050
8053
8054
8055
8057
8059
8060
8061
8065
8067
8076
8077
8082
8086
8087
8091
8093
8095
8096
8099
8112
8115
8117
8118
8121
8129
8134
8136
8138
8141
8144
8148
8151
8152
8155
8157
8158
8159
8161
8162
8163
8164
8166
8170
8171
8172
8174
8176
8177
8180
8182
8183
8184
8186
8189
8193
8194
8196
8200
8202
8204
8205
8208
8209
8210
8216
8226
8228
8233
8234
8235
8238
8239
8240
8241
8242
8243
8246
8247
8248
8251
8252
8257
8258
8259
8260
8263
8264
8265
8269
8270
8271
8277
8279
8280
8281
8282
8284
8287
8288
8293
8300
8301
8302
8303
8308
8309
8310
8313
8314
8315
8317
8318
8323
8324
8326
8327
8329
8331
8334
8335
8339
8341
8342
8348
8350
8351
8353
8357
8359
8361
8362
8363
8365
8366
8367
8371
8372
8373
8376
8377
8378
8379
8380
8385
8387
8388
8392
8396
8400
8401
8402
8403
8405
8408
8411
8416
8417
8418
8420
8422
8423
8426
8427
8429
8430
8433
8436
8438
8440
8441
8442
8443
8444
8446
8449
8452
8453
8454
8455
8456
8460
8461
8463
8464
8465
8466
8467
8468
8469
8470
8472
8473
8474
8475
8483
8478
8479
8480
8481
8482
8484
8486
8487
9044
8489
8490
8491
8492
8493
8494
8495
9111
8497
8499
8500
8503
8504
8505
8506
8507
8508
8509
8510
8511
8514
8517
8519
8521
8523
8524
8525
8526
8527
8528
8529
8531
8533
8534
8535
8537
8539
8540
8541
8544
8548
8551
8552
8556
8558
8561
8564
8568
8574
8575
8576
8577
8578
8579
8581
8583
8584
8588
8591
8596
8604
8605
8606
8607
8613
8618
8619
8621
8622
8626
8629
8636
8639
8643
8644
8645
8652
8657
8660
8663
8672
8675
8676
8681
8685
8686
8698
8701
8702
8703
8704
8706
8707
8709
8710
8712
8713
8714
8716
8717
8721
8993
8728
8730
8731
8732
8733
8734
8737
8739
8743
8745
8747
8749
8750
8752
8753
8754
8756
8759
8762
8765
8767
8768
8769
8772
8776
8777
8779
8780
8783
8784
8785
8786
8791
8792
8793
8794
8795
8796
8798
8799
10749
8800
8802
8803
11963
8804
8807
8815
8816
8817
8819
8820
8822
8823
8825
8826
8827
8828
8830
8831
8833
8835
8836
8837
8838
8840
8842
8844
8848
8849
8850
8857
8863
8864
8865
8868
8870
8872
8875
8876
8878
9045
8880
9051
8881
8884
8885
8888
8889
8890
8892
8895
8896
8898
8899
8900
8902
8905
8906
10838
8907
8908
8910
8911
8912
8913
8914
8915
8920
8922
8924
8928
8929
8930
8931
8932
8934
8941
8943
8944
8948
8949
8952
8953
8954
8955
8956
8957
8961
8962
8963
8966
8967
8968
8969
8971
8972
8975
8977
8978
8979
8980
8981
8984
8985
8987
8988
8990
8991
8992
8994
8996
8999
9001
10294
9003
9004
9006
9008
9009
9010
9012
9015
9016
9018
9019
9021
9022
9023
9024
9025
9026
9027
9028
9029
9031
9032
9033
9036
9037
9038
9043
9047
9050
9052
9053
9055
9056
9059
9062
9064
9065
9067
9069
9070
9074
9075
9076
9078
9081
9084
9085
9086
9088
9094
9097
9100
9103
9104
9105
9109
9113
9115
9117
9119
9121
9122
9125
9126
9128
9129
9130
9131
9132
9142
9144
9154
9155
9158
9161
9162
9163
9164
9165
9166
9169
9171
9172
9173
9174
9176
9177
11121
9178
9179
9180
9184
9187
9188
9189
9190
9191
9192
9193
9194
9195
9196
9199
9200
9201
9202
9205
9207
9210
9211
9213
9215
9216
9218
9220
9221
9222
9223
9224
9228
9229
9232
9233
9234
9235
9236
9237
9238
9239
9240
9241
9242
9243
9244
9247
9248
9249
9250
9251
9252
9254
9255
9256
9260
9262
9266
9267
9269
9271
9272
9273
9274
9275
9276
9277
9279
9280
9281
9282
9283
9284
9286
9288
9290
9292
9295
9297
9298
9300
9302
9306
9308
9309
9310
9311
9312
9313
9315
9316
9317
9318
9319
9320
9321
9322
9323
9324
9325
9326
9327
9328
9329
9330
9331
9334
9335
9338
9339
9341
9342
9343
9344
9345
9346
9348
9349
9351
9354
9355
9356
9359
9361
9363
9364
9366
9368
9369
9370
9371
9372
9373
9374
9375
9376
9378
9380
9382
9384
9385
9386
9389
9392
9395
9396
9397
9398
9399
9400
9401
9402
9404
9405
9409
9410
9411
9412
9416
9417
9418
9419
9420
9421
9422
9423
9424
9426
9427
9428
9429
9430
9431
9432
9433
9434
9435
9437
9439
9440
9441
9442
9445
9446
9447
9448
9451
9452
9456
9457
9459
9460
9462
9463
9465
9466
9467
9469
9471
9472
9473
9475
9476
9477
9478
9479
9481
9482
9483
9485
9486
9488
9490
9491
9492
9494
9495
9496
9497
9500
9501
9502
9503
9504
9507
9508
9510
9511
9512
9514
9518
9520
9521
9529
9530
9531
9532
9533
9536
9537
9539
9542
9544
9545
9547
9550
9551
9555
9560
9563
9564
9565
9567
9569
9570
9572
9573
9575
9576
9713
9715
9716
9717
9719
9720
9722
9723
9724
9725
9726
9727
9728
9729
9730
9731
9732
9734
9737
9738
9739
9740
9741
9742
9744
9745
9746
9749
9750
9752
9753
9754
9755
9756
9757
9759
9761
9765
9766
9767
9769
9770
9772
9774
9775
9776
9777
9778
9779
9780
9782
9783
9784
9785
9787
9788
9789
9791
9792
9793
9797
9798
9799
9888
9803
9805
9806
9807
9809
9811
9813
9814
9815
9818
9819
9824
9827
9828
9829
9832
9833
9835
9836
9837
9838
9839
9840
9842
9844
9845
9846
9848
9849
9851
9854
9855
9858
9860
9862
9864
9865
9867
9868
9869
9870
9871
9872
9875
9878
9879
9880
9882
9887
9889
9891
9892
9893
9894
9895
9897
9898
9899
9901
9902
9903
9904
9905
9906
9907
9908
9910
9912
9913
9914
9915
9916
9917
9918
9919
9920
9921
9922
9923
9925
9928
9929
9930
9931
9932
9933
9937
9938
9939
9940
9941
9942
9943
9944
9948
9949
9950
9953
9956
9957
9959
9960
9962
9965
9966
9968
9970
9972
9975
9976
9981
9983
9986
9987
9988
9992
9993
9996
9997
9999
10001
10004
10007
10010
10011
10017
10018
10022
10023
10024
10027
10028
11931
10032
10034
10035
10036
10037
10038
10039
10044
10045
10046
10048
10050
10051
10053
10055
10056
10057
10058
10059
10060
10062
10063
10065
10066
10068
10069
10071
10072
10073
10074
10075
10076
10077
10078
10079
10080
10081
10082
10084
10085
10086
10090
10091
10092
10094
10095
10096
10098
10101
10102
10191
10103
10104
10105
10107
10108
10111
10112
10114
10117
10118
10119
10120
10122
10123
10127
10128
10132
10133
10134
10139
10145
10146
10149
10151
10156
10157
10161
10162
10163
10165
10166
10167
10168
10169
10170
10173
10174
10175
10176
10177
10178
10180
10183
10185
10186
10188
10189
10190
10194
10195
10196
10199
10201
10205
10206
10207
10208
11050
10210
10212
10213
10215
10218
10220
10221
10222
10224
10226
10227
10229
10230
10231
10234
10235
10236
10238
10239
10240
10243
10244
10245
10248
10249
10250
10253
10256
10259
10263
10264
10265
10266
10267
10268
10270
10271
10272
10274
10277
10278
10279
10280
10281
10286
10287
10288
10289
10291
10292
10293
10295
10296
10298
10299
10301
10304
10305
10309
10310
10311
10312
10315
10316
10317
10321
10324
10326
10327
10328
10329
10330
10331
10333
10334
10335
10339
10340
10342
10343
10345
10346
10348
10350
10353
10355
10358
10361
10362
10363
10365
10368
10370
10373
10374
10382
10384
10385
10388
10390
10393
10394
10396
10397
10398
10399
10401
10403
10404
10405
10407
10409
10411
10414
10417
10421
10426
10427
10428
10430
10433
10434
10435
10436
10438
10439
10441
10444
10445
10448
10451
10454
10455
10457
10458
10459
10460
10461
10462
10465
10473
10477
10479
10480
10481
10482
10484
10485
10486
10487
10488
10490
10498
10500
10501
10503
10505
10506
10508
10510
10511
10513
10515
10517
10520
10527
10529
10531
10532
10533
10534
10535
10541
10544
10546
10548
10550
10551
10554
10558
10560
10561
10562
10565
10574
10575
10576
10577
10578
10580
10582
10583
10584
10586
10588
10590
10593
10594
10601
10602
10603
10605
10607
10609
10611
10612
10613
10616
10619
10620
10621
10626
10627
10628
10629
10631
10633
10634
10636
10637
10639
10640
10643
10647
10648
10753
10650
10653
10654
10655
10656
10658
10660
10662
10663
10664
10666
10667
10668
10669
10670
10671
10672
10675
10676
10677
10679
10681
10682
10683
10685
10688
10690
10691
10692
10694
10696
10699
10702
10703
10707
10710
10714
10719
10722
10724
10726
10727
10729
10730
10732
10733
10735
10736
10737
10739
10740
10741
10742
10746
10751
10752
10754
10758
10761
10765
10767
10768
10769
10771
10772
10773
10774
10777
10778
10779
10780
10783
10785
10788
10790
10793
10797
10799
10801
10802
10804
10811
10814
10817
10818
10822
10823
10824
10826
10831
10832
10834
10844
10846
10848
10857
10858
10861
10862
10865
10867
10869
10870
10873
10874
10875
10876
10877
10878
10879
10881
10884
10885
10886
10891
10898
10900
10903
10908
10911
10913
10915
10918
10919
10920
10921
10924
10927
10928
10932
10933
10935
10939
10940
10943
10944
10945
10947
10948
10949
10950
10951
10952
10958
10961
10963
10966
10967
10969
10972
10975
10977
10980
10981
10982
10983
10984
10987
10990
10991
10997
10998
10999
11002
11006
11007
11008
11009
11010
11013
11015
11016
11017
11021
11024
11027
11028
11030
11031
11033
11035
11036
11037
11038
11039
11040
11041
11042
11043
11044
11045
11046
11047
11048
11051
11052
11057
11058
11061
11062
11063
11070
11072
11073
11074
11078
11082
11088
11095
11096
11097
11105
11112
11113
11116
11127
11131
11132
11133
11134
11136
11137
11138
11140
11141
11142
11144
11148
11149
11150
11160
11170
11171
11172
11174
11175
11177
11179
11180
11182
11185
11187
11190
11191
11192
11193
11197
11198
11200
11201
11203
11204
11205
11207
11216
11219
11221
11225
11227
11230
11231
11232
11233
11234
11236
11239
11241
11242
11243
11247
11250
11252
11253
11254
11255
11259
11261
11262
11264
11265
11267
11272
11273
11275
11276
11277
11279
11280
11281
11282
11283
11284
11285
11286
11287
11288
11292
11293
11294
11295
11297
11299
11300
11301
11303
11304
11305
11307
11308
11309
11310
11311
11312
11317
11323
11326
11330
11331
11335
11337
11340
11344
11346
11349
11350
11351
11352
11353
11354
11355
11356
11357
11358
11359
11360
11362
11363
11365
11366
11367
11369
11372
11374
11375
11377
11379
11380
11381
11386
11390
11392
11393
11394
11395
11397
11398
11399
11400
11401
11404
11405
11410
11411
11415
11416
11417
11421
11423
11424
11425
11428
11429
11430
11431
11432
11433
11434
11435
11439
11444
11446
11448
11455
11457
11458
11461
11464
11465
11467
11471
11474
11476
11477
11478
11481
11484
11488
11490
11492
11493
11495
11498
11499
11500
11501
11502
11503
11506
11509
11510
11511
11512
11513
11514
11516
11519
11520
11522
11524
11525
11526
11527
11528
11529
11530
11531
11533
11534
11535
11536
11537
11538
11539
11540
11541
11542
11543
11544
11546
11547
11548
11549
11550
11552
11553
11555
11556
11557
11558
11560
11561
11562
11563
11564
11566
11567
11569
11573
11577
11578
11581
11582
11585
11586
11587
11588
11589
11590
11594
11596
11597
11598
11604
11605
11606
11607
11610
11612
11614
11615
11616
11617
11618
11619
11621
11622
11623
11624
11625
11626
11627
11628
11631
11633
11634
11635
11637
11638
11639
11640
11641
11642
11644
11645
11648
11650
11651
11652
11653
11654
11656
11657
11659
11663
11664
11665
11668
11669
11671
11674
11676
11677
11679
11680
11682
11683
11686
11687
11688
11690
11692
11693
11694
11697
11699
11700
11702
11703
11706
11707
11708
11709
11711
11712
11720
11721
11722
11724
11725
11726
11728
11730
11734
11738
11741
11742
11743
11744
11745
11748
11749
11750
11751
11752
11754
11755
11760
11769
11770
11772
11773
11781
11784
11785
11787
11792
11793
11806
11807
11808
11809
11810
11814
11817
11818
11824
11825
11828
11829
11831
11836
11837
11838
11841
11843
11846
11850
11851
11852
11853
11854
11855
11857
11859
11866
11867
11869
11873
11874
11877
11879
11881
11882
11890
11895
11897
11898
11899
11900
11901
11904
11913
11920
11921
11922
11927
11928
11932
11939
11940
11941
11942
11945
11949
11950
11953
11954
11958
11959
11960
11962
11965
11967
11969
11971
11972
11980
11982
11986
11987
11988
11990
11993
11995
12000
12001
12003
12006
12011
12012
12013
12017
12019
12021
12022
12026
12029
12030
12032
12034
12035
12038
12040
12041
12042
12045
12048
12050
12053
12056
12057
12058
12060
12062
12064
12065
12067
12068
12069
12073
12075
12077
12078
12080
12096
12098
12099
12100
12103
12110
12113
12119
12126
12129
12132
12133
12146
12147
12149
12150
12152
12155
12156
12161
12165
12167
12168
12170
12172
12173
12174
12175
12176
12180
12183
12184
12186
12191
12195
12200
12203
12204
12205
12208
12210
12213
12214
12215
12220
12221
12223
12224
12227
12236
12237
12239
12244
12249
12250
12252
12257
12264
12265
12267
12269
12276
12277
12279
12282
12286
12292
12293
12297
12301
12303
12304
12306
12307
12308
12309
12311
12312
12315
12316
12324
12325
12328
12331
12335
12336
12339
12341
12342
12343
12347
12348
12350
12351
12354
12355
12356
12358
12359
12361
12362
12364
12366
12368
12373
12375
12376
12381
12382
12383
12387
12390
12391
12392
12393
12398
12399
12401
12403
12416
12432
12434
12437
12438
12441
12443
12448
12452
12470
12479
12481
12482
12489
12490
12508
12510
12512
12513
12515
12522
12524
12526
12527
12531
12543
12546
12548
12551
12556
12561
12562
12565
12567
12575
12577
12580
12581
12583
12585
12591
12592
12593
12594
12596
12597
12598
12599
12601
12603
12604
12605
12606
12607
12610
12613
12614
12616
12617
12618
12619
12621
12622
12624
12626
12627
12630
12631
12634
12636
12637
12640
12641
12643
12644
12645
12646
12648
12653
12655
12657
12658
12659
12661
12668
12669
12670
12671
12672
12673
12676
12681
12685
12687
12689
12691
12695
12704
12707
12709
12714
12716
12720
12725
12727
12728
12730
12731
12732
12736
12738
12739
12740
12767
12768
12771
12775
12779
12784
12811
12821
12825
12831
12836
12839
12840
12841
12842
12849
12852
12854
12857
12862
12867
12871
12872
12884
12887
12888
12889
12890
12891
12892
12893
12894
12895
12898
12899
12900
12903
12904
12909
12911
12912
12914
12915
12916
12917
12918
12920
12921
12922
12923
12924
12925
12927
12928
12929
12930
12931
12932
12933
12934
12935
12936
12938
12940
12943
12946
12951
12957
12959
12960
12963
12967
12969
12970
12971
12975
12979
12980
12983
12985
12986
12989
12992
12993
12995
13001
13002
13003
13005
13008
13009
13010
13011
13012
13015
13019
13023
13032
13034
13038
13039
13040
13042
13045
13047
13048
13049
13050
13051
13052
13053
13054
13055
13056
13057
13059
13060
13061
13062
13065
13066
