2
3
2418
4
5
8
9
10
11
12
13
14
15
16
17
18
24
25
26
27
29
30
31
32
33
34
35
36
37
38
39
40
41
42
43
44
45
49
46
47
157
48
50
51
52
53
54
55
56
57
58
59
60
62
63
64
65
66
617
69
1029
67
68
97
70
723
2126
71
72
73
74
75
76
77
78
79
80
81
86
92
94
95
96
100
101
644
102
104
106
108
109
110
113
118
119
120
126
127
129
134
135
138
141
147
160
1066
1074
164
1081
165
3064
670
177
616
181
182
185
186
187
189
190
191
193
194
195
196
198
206
208
209
211
212
213
406
215
216
218
221
222
223
224
225
226
227
228
229
230
232
233
234
235
236
237
238
243
244
245
247
248
249
250
251
252
253
254
255
256
257
260
261
262
263
265
266
267
269
270
271
272
273
275
276
277
279
280
281
282
283
284
285
287
288
289
290
291
294
295
298
299
301
302
303
304
305
307
309
310
308
311
312
313
314
315
547
316
317
318
319
321
323
324
325
326
328
1005
331
865
2402
1236
1621
332
333
334
335
338
339
340
1274
347
348
1257
349
350
352
353
354
357
358
359
360
362
366
367
368
372
373
374
376
377
1136
378
379
380
381
480
609
1571
463
383
384
385
387
388
2120
390
391
392
393
394
395
396
397
399
400
401
402
404
405
407
409
410
412
413
414
415
416
417
419
421
422
423
429
435
437
439
440
441
442
445
446
453
461
462
1413
1493
2775
1404
464
466
468
469
470
472
475
476
477
478
479
482
484
485
487
493
494
496
497
502
503
505
506
507
509
510
512
513
515
516
521
527
528
529
530
531
532
533
535
536
540
544
546
1138
548
549
689
550
553
554
556
557
558
564
566
568
569
570
2241
571
572
576
577
579
581
582
583
584
585
587
588
1153
590
592
594
595
596
603
606
608
660
628
611
612
1092
613
614
615
620
623
625
626
629
632
633
635
636
637
639
640
643
645
646
647
648
649
650
651
652
653
654
859
655
657
661
662
2334
663
1415
666
667
671
672
673
674
675
677
694
696
697
710
711
712
716
719
724
725
727
728
730
731
3203
732
733
734
735
737
738
740
741
742
743
744
745
746
748
749
750
751
752
753
754
755
756
757
759
760
761
762
763
764
767
768
769
770
772
776
777
778
781
782
785
786
790
791
794
796
2371
797
807
808
810
811
812
813
814
817
823
825
831
832
835
837
839
840
846
847
850
851
854
855
858
860
862
864
866
867
868
871
873
874
875
878
880
881
900
901
917
926
945
1107
948
950
952
970
971
975
976
983
991
999
1000
1001
1722
1007
1008
2236
1012
1015
1016
1019
1020
1021
1022
1023
1024
1025
1026
1027
1028
1031
1033
1034
1036
1037
1039
1042
1046
1047
1048
1049
1053
1055
1056
1057
1058
1060
1061
1063
1064
1067
1069
1072
1075
1076
1079
1080
1082
1085
1087
1088
1089
1091
2400
2555
1093
1094
1097
1099
1101
1105
1112
1114
1115
1116
1117
1120
1121
1124
1127
1128
1129
1131
1134
1135
1145
1147
1148
1151
1152
1157
1158
1160
2434
1162
1163
1164
1165
1166
1167
1168
1170
1171
1172
1177
1178
1180
1181
1182
1183
1184
1185
1186
1187
1188
1189
1190
1191
1192
1193
1194
1196
1197
1198
1200
1206
1207
1209
1212
1222
1223
1227
1235
1239
1242
1243
1244
1248
1249
1252
1255
1256
1258
1263
1774
1268
1357
1270
1271
1272
1273
1275
1278
1279
1280
1285
1290
1293
1295
1296
1297
1301
1302
1304
1305
1306
1307
1308
1313
1315
1316
1317
1319
1322
1323
1324
1326
1327
1331
1336
1338
1340
1341
1342
1343
1344
1345
1346
1347
1348
1349
1470
1350
1355
1356
1358
1359
1363
1364
1365
1369
1453
1370
1371
1374
1376
1377
1380
1382
1383
1385
1386
1387
1391
1392
1394
1395
1396
1400
1443
1406
1407
1409
1410
1414
1416
1419
1420
1422
1423
1424
1425
1426
1427
1429
1430
1431
1434
1436
1437
1628
1440
1441
1442
1444
1446
1447
1448
1450
1455
1459
1460
1461
1464
1466
1467
1469
1474
1475
1476
1480
1486
1489
1496
1499
1500
1503
1507
1508
1512
1515
1517
1519
1523
1525
1528
1529
1530
1531
1532
1533
1534
1536
1537
1539
1540
1541
1544
1545
1546
1548
1549
1552
1555
1559
1560
1562
1563
1564
1565
1566
1569
1570
1572
1573
1574
1576
1577
1578
1579
1580
1581
1582
1583
1584
1585
1586
1587
1588
1589
1590
1591
1592
1593
1594
1595
1596
1597
1598
1600
1602
1603
1605
1606
1607
1608
1609
1611
1612
1613
1616
1617
1618
1620
2459
1622
1626
1627
1629
1630
1634
1635
1636
1637
1639
1640
1641
1645
1646
1648
2040
1650
1651
1652
1653
1654
1655
1656
1657
1658
1659
1660
1662
1664
1665
1667
1669
1670
1671
1672
1673
1674
1675
1676
1678
1681
1683
1684
1685
1686
1688
1690
1691
1692
1695
1696
1697
1698
1701
1704
1705
1707
1713
1717
1719
1720
1721
1724
1725
1727
1731
1733
1734
1735
1746
1747
1750
1753
1754
1756
1757
1758
1760
1761
1762
1765
1770
1772
1773
1783
1787
1788
1795
1803
1804
2280
1805
1806
1809
1813
1814
1815
1819
1822
1825
1826
1827
1828
1829
1830
1831
1835
1837
1839
1843
1844
1845
1847
1848
1849
1851
1860
1862
1863
1868
1869
1870
1872
1877
1880
1881
1882
1883
1885
1886
1887
3125
1888
1889
1891
1895
1897
1902
1905
1907
1909
1910
1911
1912
1913
1914
2095
1915
1917
1921
1922
1923
1925
1929
1930
1931
1932
1942
1943
1945
1946
1947
1953
1957
1970
1972
1978
1980
1984
1993
1994
1995
2001
2005
2010
2013
2015
2016
2018
2020
2021
2023
2026
2027
2031
2033
2038
2039
2041
2042
2043
2045
2048
2049
2050
2055
2056
2058
2061
2064
2067
2068
2070
2072
2073
2075
2076
2077
2079
2080
2081
2082
2084
2085
2086
2087
2089
2091
2093
2096
2097
2098
2101
2107
2108
2111
2112
2115
2116
2117
2119
2121
2124
2125
2127
2130
2131
2133
2134
2136
2143
2144
2145
2146
2149
2151
2153
2154
2155
2157
2158
2160
2161
2162
2163
2166
2167
2168
2170
2171
2174
2175
2178
2182
2184
2185
2186
2187
2188
2189
2190
2192
2193
2194
2198
2200
2202
2205
2207
2209
2210
2212
2217
2218
2219
2221
2222
2224
2232
2233
2234
2237
2239
2240
2243
2245
2246
2248
2249
2251
2252
2256
2257
2258
2259
2260
2261
2263
2264
2266
2267
2271
2272
2273
2276
2277
2279
2636
2281
2282
2283
2284
2285
2286
2293
2297
2298
2302
2304
2305
2644
2306
2308
2311
2313
2317
2318
2320
2328
2329
2331
2336
2337
2341
2348
2359
2362
2364
2365
2366
2369
2370
2375
2378
2380
2383
2385
2387
2388
2390
2394
2401
2406
2408
2411
2421
2422
2424
2426
2427
2428
2430
2431
2432
2433
2436
2438
2439
2440
2441
2442
2443
2444
2445
2446
2447
2448
2449
2452
2453
2455
2456
2457
2458
2460
2461
2462
2463
2469
2470
2471
2473
2474
2475
2476
2477
2478
2479
2481
2489
2494
2502
2503
2506
2511
2512
2513
2517
2519
2521
2527
2533
2536
2538
2539
2541
2542
2543
2544
2545
2546
2547
2549
2553
2554
2556
2559
2561
2563
2566
2575
2577
2578
2581
2582
2587
2588
2591
2594
2601
2609
2614
2616
2619
2624
2626
2627
2633
2638
2640
2645
2646
2647
2658
2661
2662
2669
2676
2684
2685
2689
2691
2693
2696
2697
2700
2701
2705
2706
2709
2710
2712
2713
2719
2721
2723
2724
2726
2730
2734
2854
2736
2737
2740
2741
2742
2745
2747
2750
2751
2752
2753
2754
2755
2756
2757
2758
2759
2761
2762
2765
2766
2767
2768
2770
2771
2772
2773
2774
2776
2777
2778
2779
2781
2783
2784
2785
2786
2787
2788
2789
2790
2791
2792
2793
2794
2795
2796
2797
2798
2799
2800
2802
2803
2805
2808
2809
2810
2812
2814
2815
2816
2819
2820
2821
2822
2823
2824
2825
2826
2827
2828
2830
2831
2833
2834
2835
2836
2837
2844
2845
2846
2848
2850
2852
2853
2855
2856
2857
2858
2859
2860
2861
2862
2863
2867
2868
2869
2871
2872
2873
2874
2875
2876
2879
2880
2881
2882
2884
2886
2887
2888
2889
2891
2894
2895
2896
2897
2899
2901
2902
2905
2906
2912
2913
2915
2916
2917
2920
2923
2926
3272
2928
2931
2933
2935
2936
2938
2947
2951
2960
2962
2965
2966
2970
2981
2984
2988
2989
2990
2991
2992
2995
3000
3021
3024
3031
3035
3037
3040
3041
3047
3048
3051
3057
3058
3062
3063
3066
3067
3068
3069
3070
3071
3072
3077
3079
3080
3081
3083
3085
3087
3088
3090
3091
3092
3093
3094
3095
3096
3097
3099
3102
3104
3105
3106
3108
3109
3111
3116
3118
3122
3123
3124
3126
3127
3128
3132
3133
3134
3139
3143
3144
3162
3167
3170
3173
3175
3177
3180
3183
3184
3185
3190
3191
3192
3193
3195
3196
3198
3202
3205
3207
3209
3211
3212
3213
3214
3215
3218
3220
3222
3223
3226
3391
3227
3228
3235
3236
3238
3239
3240
3244
3245
3246
3247
3248
3250
3251
3252
3256
3257
3261
3262
3264
3265
3266
3267
3268
3270
3273
3276
3279
3281
3282
3287
3289
3294
3297
3298
3299
3300
3301
3302
3303
3305
3308
3309
3310
3311
3312
3315
3316
3318
3325
3335
3342
3349
3355
3357
3359
3366
3367
3370
3374
3376
3377
3378
3379
3380
3385
3386
3387
3388
3392
3394
3395
3396
3397
3399
3400
3401
3403
3405
3406
3407
3408
3410
3411
3412
3419
3433
3435
3439
3441
3443
3444
3454
3457
3459
3462
3466
3468
3469
3470
3475
3477
3479
3482
3483
3484
3487
3491
3495
3497
3498
3500
3504
3506
