2
7969
3
36
13777
484
5
8
9
11
48
74
5276
15
16
17
12069
19
4417
4097
705
650
5771
752
21
67
22
4547
13342
28
29
813
34
43
35
37
40
4739
41
1838
9308
220
232
44
45
46
47
49
2144
4783
3167
149
52
53
10584
54
608
356
8791
708
55
57
58
59
60
3322
61
62
63
105
64
65
4303
66
68
69
14813
14239
72
73
691
131
6410
690
854
1335
126
1685
77
8586
78
97
9923
7435
172
1042
14927
2771
2838
79
80
81
1606
83
84
88
92
167
96
554
98
4026
5333
13070
100
792
103
104
108
5089
1934
109
110
4112
492
2452
1047
111
114
115
118
1321
119
353
120
121
1130
1210
4202
125
3639
128
129
2149
130
8806
132
133
134
135
138
1028
139
140
142
145
147
2001
11322
4837
148
150
151
621
152
154
155
1368
2607
156
5671
157
158
159
160
8865
1189
3508
537
161
162
3146
374
166
168
171
12330
173
175
383
176
177
178
10145
3439
179
181
182
183
185
187
188
189
5009
3198
741
193
194
6681
197
11434
1004
210
200
201
5427
202
204
205
206
6039
207
209
211
212
213
808
4076
214
215
4762
216
217
218
678
679
589
728
850
467
2550
475
816
219
221
224
225
10566
3341
5039
2449
4657
228
229
231
236
237
4136
238
239
5990
240
464
242
244
245
14520
248
7836
250
8514
251
252
253
256
257
4818
11719
258
259
261
262
263
3299
617
4377
264
265
266
267
268
8117
269
270
274
275
277
276
1865
278
279
281
2065
2463
284
285
2551
286
287
929
4278
9748
8757
6616
6485
289
291
292
297
298
299
301
305
5092
4267
306
1362
2548
308
5476
310
313
314
315
316
317
318
322
324
7234
4771
4055
4172
5175
326
329
9041
330
10739
333
335
336
337
339
340
342
724
343
346
347
5281
349
350
352
357
359
361
362
5450
1711
366
368
369
372
4909
375
377
381
2957
382
392
438
442
443
449
450
451
452
453
454
6621
455
10948
456
457
460
461
462
463
11939
5330
468
469
470
472
473
4855
3342
8855
474
476
478
1956
479
586
480
4848
481
3499
9310
482
483
11514
5399
485
531
487
488
490
1128
494
495
496
524
497
498
499
500
501
504
505
506
508
509
1610
510
11958
511
516
517
519
520
521
523
4515
578
525
526
1876
9205
9143
528
9120
6149
8911
529
7123
6037
7966
12227
532
533
534
9829
535
536
2023
4439
540
543
544
545
546
547
549
553
557
558
561
562
564
2836
3422
566
567
568
569
570
572
573
575
576
577
579
11086
8724
580
582
3927
3303
587
588
592
5177
593
594
596
597
598
599
601
602
603
605
606
607
609
610
4498
611
614
616
618
620
622
623
8566
625
626
9884
631
632
656
633
634
636
637
638
1495
639
640
647
648
3774
5705
649
652
653
654
4139
655
658
659
660
665
4543
666
667
4152
953
668
672
674
675
677
680
13746
682
683
686
687
688
13555
689
692
693
3569
9173
694
695
698
699
700
704
2896
3115
3067
706
707
709
714
719
720
1568
5716
721
722
4830
726
753
727
3047
1005
1657
729
730
733
735
7169
1031
1221
12883
1641
5746
4986
11009
736
737
739
740
1930
1132
2157
5198
1782
1783
1848
1882
744
746
747
749
848
3707
751
11816
754
766
767
769
771
772
778
779
6909
786
787
789
790
791
793
796
799
801
802
1496
4255
803
804
807
809
810
812
814
815
817
822
823
825
827
828
829
834
835
837
838
839
840
841
1342
842
843
846
847
849
852
1777
855
856
858
859
5071
860
861
863
868
870
871
872
874
875
876
12628
2404
877
882
886
887
888
889
890
892
12145
893
8144
12554
8479
894
895
2596
896
897
899
902
6159
904
907
910
911
912
915
4293
916
917
918
919
920
921
922
923
2235
926
1808
930
11595
937
944
945
947
949
950
951
952
6093
955
957
958
966
967
969
970
974
3670
976
978
980
981
982
984
985
987
988
990
992
997
998
999
7986
1000
1001
1002
3301
1006
1009
1010
1012
1014
1017
1018
1019
1020
1021
1024
2459
1025
1026
1029
1030
1032
1035
1037
4533
1040
1041
1044
1045
1046
1048
1052
1053
1054
1056
1057
1058
1066
1067
1071
1073
3081
14445
1074
4450
1075
1077
4289
1078
1081
1083
1158
1089
4276
1091
5178
1092
1441
2590
1094
1095
1098
1100
1101
1104
1105
1881
1107
1108
1109
1115
1118
1119
1139
1120
10495
1121
8489
1122
1125
1126
1129
1131
1133
1134
1137
1140
1141
1144
1147
1148
1150
1151
1152
1153
1154
1155
1156
1157
1161
1164
1166
1167
1168
1169
1170
1171
2569
7771
1172
1173
1174
1177
1178
10159
1179
1183
1186
1187
1188
6330
1192
1194
1195
1198
1199
1200
1205
1206
1208
1209
1211
1212
1213
1214
1216
1218
1219
1226
1227
14823
9585
1229
1231
1232
1233
1237
1238
1239
1240
1242
1243
1244
1245
1246
1247
1249
1255
1257
1258
1259
1260
1262
1268
1273
10051
1274
1277
1278
1280
1283
1284
1287
1858
1288
1289
1290
7568
1291
1292
1293
1294
1295
1297
1298
1299
1300
1302
1303
1304
7219
1305
1308
13141
1311
1314
1315
1319
1320
1323
1325
1326
1327
1330
1331
1332
1336
1339
1341
4965
1343
1346
1348
1350
1351
1352
1353
1354
1355
1357
1358
1359
1360
1361
6172
1363
1364
1365
1366
1367
1371
1374
1375
1377
1378
1379
1380
1381
1383
1385
1387
1388
1389
1390
1391
1392
1393
1394
1397
1398
1400
1401
1402
1403
1405
1407
1410
1412
1413
1414
1415
6710
1416
1417
1418
1420
1422
1425
1426
1427
1428
1429
1430
1431
1432
1433
1434
1435
9944
1436
1437
1439
1440
6672
1443
1444
1445
1446
1447
1448
1449
1452
1453
1454
1456
1457
1458
1459
1460
1461
1462
1463
1464
1465
1466
1467
1468
1469
2721
7041
1470
1471
1472
1473
1474
1475
1477
1478
1479
1480
1481
1483
1484
1485
1486
1487
1490
1491
1492
1494
1497
1498
1500
1502
1506
1507
1509
1510
1511
1512
1513
1514
13312
8811
4601
5807
13629
1516
1518
1519
1521
1522
1524
1525
1526
8692
1527
1529
1530
1534
1537
1542
1544
1548
1549
1550
1551
13401
2111
1554
1556
1559
1560
1561
1565
1566
1570
1572
1573
1580
1589
1593
6692
1596
4534
1598
1599
1600
1601
1603
1604
9658
1607
12551
1611
7645
1612
1615
1617
1618
1619
1621
1625
1622
1626
8458
1628
1630
1634
4388
4053
1640
1642
1643
1644
1646
1649
1650
1651
1652
1654
1656
1797
1659
1663
3435
1664
1665
1667
1668
1672
1679
1680
1682
2703
1687
1688
1689
1691
1696
1697
1698
1699
1703
1704
1705
1706
5876
6826
1708
1710
1712
1716
1717
1718
1719
1721
1722
1727
1728
1732
1733
1734
1735
1736
1737
1738
1739
1741
1742
1743
1746
1747
1748
1749
1754
1755
1756
1761
1762
1763
1764
7806
1766
1770
1773
1774
1775
1776
1778
6729
1779
1781
1785
1786
1788
1789
1790
1791
1793
1794
1796
1798
1799
1800
1801
1802
7116
5430
7679
1803
2583
1805
1806
1807
1809
1810
1811
1815
1816
1817
1819
1820
1821
5269
1823
1825
1827
1828
2268
1832
1833
1834
3135
1836
4733
10855
1839
1840
1841
1843
1846
1847
1849
1855
1856
1857
1860
1861
1862
1863
4032
1866
1867
1870
1871
1875
1877
1878
1879
1880
1886
1888
1889
1890
1892
1896
1897
11752
1898
1899
1900
1902
1903
1905
1907
1908
1909
1911
1912
1914
1916
1919
1921
1922
1925
1926
1949
1928
1931
1932
1933
5690
1935
1936
1940
4941
1943
1945
1946
1947
7311
1948
1950
1953
2424
1957
1958
4960
1960
1962
1963
1964
1965
1966
1968
1969
1970
1971
1972
1973
1974
1976
1977
1978
1979
1980
1981
1982
1983
1984
1988
1989
1990
1991
1994
1995
1996
1997
1998
1999
2000
2002
2003
2005
2006
2007
2008
2009
2010
2016
2017
2018
2019
2021
2022
2024
2025
2027
2029
2030
2031
2032
2033
2034
2038
2041
6617
2042
2044
2045
2046
2047
2048
2051
2052
2054
2056
2058
2059
2060
2061
2062
2063
2064
2066
2071
2072
2074
2076
2077
2078
2079
4285
2080
12104
2081
2082
2084
2085
2088
2089
2091
2092
2093
2095
2096
2097
2098
2099
2101
2103
2104
2105
2106
2107
2110
2113
2115
2119
2123
2129
2131
2133
2134
2137
2138
2140
2142
3382
2143
3974
2146
2147
2148
2151
2152
2153
2154
3442
2156
2158
2159
2161
2162
2165
2167
2168
2170
2171
2173
2175
2177
4824
2178
2179
2181
2182
2189
2191
2193
11487
2194
2201
2202
2205
2209
2217
2218
2219
2222
2224
2231
2234
2237
2238
2241
2242
2243
2244
2245
14055
11688
11980
14472
4219
2246
2251
2254
9025
2255
2256
2260
2264
2267
2269
2272
2275
2279
2280
2281
2284
2291
2292
2293
2294
2297
2300
3661
2968
2301
2302
2304
2308
2311
2313
2314
2320
2321
2324
2327
2330
3680
2331
2340
2341
2344
2349
2351
2352
2354
10077
2355
2356
9538
2363
2365
2366
6787
2368
2369
2370
2373
2374
2378
2380
2382
2385
2388
2397
2398
2401
9614
12566
2403
2412
2415
2418
2423
2426
2427
2428
2429
2430
2433
2434
2435
2440
2445
2446
2448
2451
2453
2454
14104
2455
2458
2460
2465
2467
2468
2469
2470
2472
2476
2478
2479
2483
2486
2487
2490
2492
2493
2494
2495
2498
2499
2501
2506
2507
2508
2509
2511
8477
2512
2514
2515
5592
2517
2519
2522
2535
2536
2541
2542
2543
2547
2549
2552
2553
2556
11955
2558
2559
2560
2561
2565
2566
14209
2567
2570
2572
2573
2576
2579
2580
2584
2585
2586
2589
2592
2593
13807
2903
2595
2597
2598
2601
2602
2604
2605
2608
2609
2610
2612
2613
2614
2616
2618
2621
2628
2629
2630
2631
4727
2636
2637
2638
2664
2645
2647
2648
2660
2661
2662
11348
2665
2666
2667
2669
2671
2672
2673
2676
2678
2680
2682
2685
2686
2688
2689
2696
2697
2698
2700
2701
2702
7655
2704
2705
2706
2707
2708
2712
2713
2715
2719
2720
2724
2725
2726
10799
2728
2729
2730
2731
2732
2733
2740
2742
2743
2746
2747
2748
2749
2753
2755
2756
2761
2762
2763
11057
2764
2767
2769
2773
2774
2775
2776
2777
2778
4029
2787
6235
2790
2791
3853
2792
2794
2841
2800
2801
4924
2802
2806
2808
2809
2810
2811
2813
2814
2816
2818
2820
2822
2825
2827
2829
2832
2834
2835
2839
2840
2843
2845
2846
2847
2849
2851
2852
2853
2854
2857
2858
2859
2861
2862
2864
3351
2865
2866
2867
2870
3509
2872
2873
2874
2876
2878
2879
2881
2886
2887
2890
2891
2892
2894
2899
2901
2902
2904
2905
2906
2907
2908
2911
2912
2913
2914
2916
2917
3540
2918
2920
2921
2922
2923
2925
2927
2929
2931
2932
2933
2934
2935
2938
2940
2944
2945
2946
2949
2950
2951
2954
2955
2956
6686
2958
2960
2961
2962
2964
2966
2967
6977
2970
2972
2973
2974
2975
2976
2977
2980
2983
2984
2986
2987
2989
2991
2993
2994
2995
2998
3000
3001
3003
3004
3008
3010
3012
3013
3015
3016
3018
3023
3024
3025
3026
3027
3030
3032
3033
3034
3035
3037
3038
3040
3041
3042
3043
3045
3049
3050
3051
3052
3056
3057
3058
3060
3061
3062
3065
3066
5160
3068
3069
9402
3070
3071
3072
3073
3075
3076
3077
3078
3080
3082
3083
3084
3085
3087
3088
3093
3094
3097
3098
3099
3100
3101
3102
3104
3106
3107
3109
3112
3114
3116
3117
5078
3118
3120
3121
3123
3125
3126
3127
3128
3129
3130
3131
3132
3133
3134
3190
4957
3294
3136
3137
3138
3140
3141
3142
3144
3145
3150
3151
3152
3153
3154
3155
3160
3161
3162
3163
3164
13852
3168
3169
3170
3171
3172
3173
3174
3175
3176
3177
3179
3182
3183
3184
3185
3188
3189
3708
3461
3191
3192
3193
3194
3195
3196
3199
3200
3201
3203
3204
3205
3206
3208
3209
3210
3212
3215
3217
3218
3220
3221
3222
3223
3224
3225
3226
3227
3229
3231
3232
3235
3236
3238
3239
3240
3241
3242
3243
3244
3245
3246
3247
3248
3251
3252
3254
3255
3256
3257
8651
3258
3259
3260
3261
3859
3263
3265
3266
3268
3269
3270
3271
3272
3273
3275
3277
3278
3279
3280
3282
3283
3284
3285
3288
3290
3291
3292
6484
6510
3293
3297
3298
4586
3304
3306
3307
3308
4532
3309
3310
3312
3316
3318
3319
3320
3323
3325
3326
3327
4237
3328
3329
3331
3334
3338
3339
3340
3343
3345
3346
3347
3348
3349
3352
3354
3356
3357
3358
4226
3359
3360
3361
3365
5147
5661
3366
3367
3369
3372
3373
3375
3378
3381
3384
3387
3388
6284
3390
3391
3392
3395
3397
3398
3400
3403
3406
3407
3409
3410
3413
3414
3415
3416
3418
3419
3421
3423
3424
12179
3427
3428
3429
3430
3433
3437
3438
3440
3443
3445
3447
3448
3449
3450
3451
3452
3456
3459
3462
3463
3466
3467
3471
3474
6972
3475
3476
3478
3480
3481
3485
3486
3487
3488
3489
3490
3491
5243
3492
3495
3500
3503
3504
3505
3507
3510
3511
3512
3513
3514
3516
3517
3520
3521
3522
3525
3526
3527
3827
3529
3530
3533
3534
3539
3542
3543
3544
3547
3548
3549
3550
3551
11844
3553
3554
3555
3556
3557
3558
3559
3561
3562
3563
3565
3567
3571
3572
3573
3576
3577
3578
3580
9834
3581
3582
3585
3586
3587
3589
3591
3594
3595
3597
3598
6210
3600
3602
3606
3607
3609
3610
3613
3614
3615
3616
3617
3618
3619
3620
3898
3621
3622
3623
3624
3628
3629
3630
3631
3632
3633
3636
3637
3638
3641
3642
3643
3645
3649
3650
3653
3654
3655
3656
3657
3659
3660
3662
3663
3666
3669
3671
3672
3673
3674
3675
3676
3677
3678
3679
3681
3686
3688
3689
3690
3692
3693
3695
3696
3697
3698
3700
3701
3702
3703
3704
3705
3706
3709
3710
3712
3714
3715
5732
6009
14307
3716
3718
3719
3720
3721
3722
3725
3726
3727
3729
3730
3731
3732
3733
3734
3735
3736
3737
3738
3739
3740
3741
3742
3743
3744
3745
3746
3747
3752
3753
4703
3756
3757
3758
7316
3759
3760
3761
3762
3763
3764
3765
3766
3767
3768
3769
3770
3771
3772
3773
3775
3776
3778
3779
9714
3780
3782
3783
3787
3788
3789
3790
3791
3792
3793
3794
3795
3796
3797
3800
3802
3803
3804
3806
3808
3812
3813
3816
3819
9541
3820
3822
3823
3824
3826
3828
3829
3830
3832
3833
3834
3835
3836
3837
3838
3839
3840
3841
3842
3843
3844
3845
3849
3850
3851
3852
3856
3858
3970
3860
3861
3862
3867
3868
3869
3870
3871
3872
6101
3873
3874
3875
3876
3922
6847
3878
3881
3882
3883
3884
3886
3887
3889
3891
3892
3894
3896
3897
3899
3901
3903
3904
3905
3906
3909
3910
3911
3912
3914
3915
3916
3917
3918
3920
3923
3924
3926
3929
3930
3931
3932
3933
3934
3939
3940
12153
3941
3944
3945
3946
3950
3951
3953
3955
3960
3962
3963
3964
3965
3967
3968
3969
6388
3972
3975
3976
3982
3986
3987
3988
9984
3989
3990
3992
3994
3995
3996
3997
3998
4000
4002
4003
4004
4005
4006
4009
4010
4011
4013
4014
4015
4016
4017
4020
4022
4023
4025
6419
4031
4033
4034
4035
4036
4037
4038
4039
4041
4042
4043
4045
4046
4047
4048
4049
4050
4051
4052
4054
4056
4057
4060
4061
4063
4067
4068
4070
4072
4073
4075
4078
4079
4081
4082
4083
4087
4088
4089
4090
4091
4092
4093
4095
4096
4098
4099
4100
4101
4102
4103
4104
4105
4106
4107
4108
4109
4110
4111
5711
4113
4114
4116
4117
4118
4119
4120
4121
4122
4125
4126
6647
4127
4128
4130
4131
4132
4133
4134
4135
4138
4140
4141
4142
4144
4145
4146
4150
7788
4151
4153
4154
4155
4157
4158
4160
4161
4164
4165
4166
4167
4168
4169
4170
4173
4175
4178
4179
4181
4182
4184
4185
4186
4188
4190
4191
4192
4193
4194
4196
4197
4198
4199
4201
4204
4205
4207
4208
4210
4211
4212
4213
4215
4216
4217
4218
4220
4222
4223
4224
4225
4261
4227
4229
4230
4231
4232
4234
4235
4236
4238
4239
4240
4241
4243
4244
4246
4248
4253
4254
4256
4257
4258
4259
4262
4263
4264
4265
4266
9592
4268
4270
4271
4274
4277
4279
4280
4281
4286
4287
4292
4294
4295
4297
4298
4299
4302
4304
4306
4307
4309
4311
4312
4315
4316
4322
4323
4328
7590
4329
4331
4332
4335
4336
4338
5639
4340
4341
4344
4345
4346
4347
4348
4349
4350
4351
4354
4358
4359
5822
4360
4361
4366
4367
4369
4370
4371
4376
5406
4378
4381
4382
4383
4389
4390
4392
4393
4396
4398
4399
4401
4402
4403
4405
4406
4407
4409
4412
4413
4415
4416
4418
4419
4420
4421
4422
4423
4425
4426
4428
4429
4430
4433
4434
4435
4437
4440
4441
4442
4681
4444
4445
4451
4452
4453
4454
4456
4457
4458
4461
4462
4463
4464
4466
4468
4470
4474
4476
4477
4479
4480
4481
4482
4485
4486
4487
4489
4496
4497
10758
4499
4502
4504
4505
4507
4508
4509
4510
4511
4513
4514
4517
4523
4524
4526
4527
4528
4531
4535
4536
4538
4541
10849
5649
5563
4545
4546
4549
4550
4551
4553
4554
4555
4556
4557
4558
4559
4562
4563
4567
4570
4573
4574
4577
4578
4579
4580
4581
4583
4585
6600
14668
14671
14696
13074
13619
14646
14647
4587
4591
4592
4593
13742
4595
4597
4599
4600
4603
4604
4605
4607
4609
4611
4612
4616
4622
4624
4630
4636
4640
4641
4650
9376
4651
4653
4654
4656
4658
4659
4660
4667
4672
4674
4676
4678
4679
4697
4698
4700
4701
4702
4709
4714
4716
4720
4721
4724
4725
4731
4734
4738
4741
4743
4751
4753
4756
4758
4761
4764
4765
5242
4766
4767
4769
4772
4774
4778
4780
4782
4784
4786
4787
4788
4789
4790
4795
4796
4797
4798
4799
4801
4804
4814
4815
4816
4817
4821
4822
4826
4827
4828
4829
5016
4832
4833
4834
4835
4838
4839
4840
4844
4845
4849
4850
4851
4853
4854
4856
4858
4860
4861
4862
4864
4873
4874
4876
4877
4878
4881
4884
4885
4886
4887
4888
4893
4895
4896
4897
4898
4903
4905
4906
4907
4910
4911
6559
4912
4913
4915
4916
4917
4919
4920
4923
4925
4929
4932
4934
4935
4939
4940
4942
4943
4946
7195
4950
4954
4956
15880
4958
4962
4963
4967
4969
4970
4976
4978
4980
4981
4982
4985
4988
4991
4993
4995
4997
5000
5001
5018
5033
5003
5004
5007
5014
5025
5026
5029
5030
5031
5036
5038
5040
5042
5043
5044
5045
5046
5879
5049
5050
5051
5052
5054
5055
5058
5059
5061
5062
5064
5065
5066
5067
5070
5072
5073
5074
5075
5076
5077
5079
5080
5081
5082
5083
5087
5088
5090
5093
5094
5095
5096
5097
5099
5100
5101
5102
12007
5104
5105
5109
5110
5111
5113
5114
5115
5116
5117
5120
5121
5122
5125
5127
5131
5133
5134
5136
5140
5141
5146
5148
5362
5149
5151
5152
5155
5966
5156
5161
5165
5166
5168
5171
5174
14331
11147
5179
5181
5183
5184
5186
5192
5193
5194
5195
5196
5490
5197
5201
5202
5204
5205
5207
5208
5210
5211
5214
5215
5216
14661
5220
5224
5225
5226
5227
5228
5229
5230
5231
5234
5404
5239
5240
5241
5244
5245
5248
5249
5250
5254
5255
5259
5262
5264
5265
5266
5271
5272
5273
5275
5279
5280
5284
5285
5287
5289
5292
5294
5295
5297
5300
5301
5305
5306
5308
5309
5310
5311
5312
5314
5318
5320
5321
5322
5325
5326
5327
5328
5331
5332
7881
8622
5334
5337
5338
5339
5341
5342
5343
5345
5346
5347
5349
5350
5351
5354
5355
5358
5361
5368
5369
5375
5376
5378
5386
5387
5388
5389
5391
5394
5395
5396
5397
5398
5400
5402
5408
5409
5412
5413
5418
5422
5423
5425
5426
5429
5431
5433
5434
5436
5441
5442
5445
5447
5448
5449
5453
5454
5455
5457
5458
5460
5461
5464
5465
5468
5470
5472
11214
5473
5475
5477
5480
5482
5483
5485
5488
5489
5492
5493
5494
5495
5496
5497
5498
5499
5501
5502
5503
5504
5505
5508
5510
5511
5512
5513
5514
5515
5516
5517
5519
5520
5521
5522
5523
5525
5526
5528
5529
5530
5531
5532
5534
5535
5537
5540
5541
5542
5546
5547
5548
5549
5550
12602
5553
7756
5554
5555
5556
5557
5558
5560
5561
5564
5565
5566
5568
5569
9911
5570
5572
5574
5575
5576
5578
5579
5582
10131
5583
5585
5586
8065
5588
5589
5590
5591
5593
5594
5595
5596
6295
5597
5598
5599
5600
5601
5603
5604
5605
5607
7566
5608
5609
5610
5612
5613
5614
5617
5619
5620
5894
5623
5624
5625
5626
5627
5630
5632
15639
5633
5634
5635
5637
5638
5641
5643
5645
5646
11573
5648
5650
7149
14314
5652
5654
5655
5656
5657
5658
5659
5660
5662
5663
5664
5666
13034
5669
5670
6236
6083
6212
5672
5673
5677
5680
5681
5683
5684
5685
5687
5688
5689
5691
5693
5694
5695
5699
5703
5706
5713
5714
9575
5718
5723
5724
5725
5726
5727
5728
5730
5731
5733
5735
5739
5740
5742
5743
5745
5750
5752
5754
5756
5757
5759
5761
5762
5766
6294
5767
5768
5770
5772
5775
5776
6046
5780
5781
5782
5784
5786
6883
5788
5789
5791
5795
5797
5798
5799
5800
5802
6508
5805
5806
5812
5813
5818
5819
5823
5825
5826
5827
5828
5831
5832
5833
5834
5835
5836
5837
5838
5839
5840
5842
5848
7441
5849
5851
5852
5854
5858
5862
5863
5866
5868
5869
5870
5874
5875
5878
5881
5882
9256
5885
5886
5887
5892
5895
5896
5898
5903
5904
5905
5907
5909
5910
5912
5913
5914
5915
5917
5918
5945
5919
5921
5923
5924
5925
5926
5928
5930
5931
5932
5935
5939
5940
5941
5942
5943
5946
5948
5949
5950
5953
5955
5956
5958
5961
5962
5963
5965
5968
5969
5971
5974
5975
5978
5981
5982
5983
5985
5987
5989
5991
8658
5992
5993
5995
6000
6002
6004
6014
6018
6020
6021
6022
6023
6024
6027
6028
6030
6035
6036
6044
6047
6048
6053
6054
6055
6058
6063
6064
6065
6071
6072
6074
6075
6076
6079
6084
6632
6085
6089
6090
6092
6094
6095
6096
6097
6098
6100
6105
6107
6108
6109
6110
6111
6114
6115
6118
6119
6120
6121
6122
6123
6125
6127
6128
6129
6130
6131
6139
6142
6143
6147
6558
6153
6156
6157
6161
6163
6164
6168
6170
6171
6173
6174
6176
6177
6178
6180
6183
6184
6187
6188
6189
6191
6192
6193
6195
6196
6197
6199
6200
6203
6205
6206
6207
6211
6213
6214
6216
6217
6218
6219
6222
6227
6228
6230
6234
6237
6238
6239
6245
6246
6249
6252
6253
6254
6255
6260
6261
6264
6266
6268
6270
6274
6275
6280
6281
6282
6285
6286
6287
6290
6291
6292
6293
6298
6301
6305
6306
6307
6310
6311
6312
6318
6319
6320
6325
6326
6331
6333
6338
6340
6341
6342
6346
6348
6349
6355
6360
6362
6364
6366
6370
6371
6372
6374
6378
6379
6380
6381
6383
6384
6385
7370
6389
6390
6391
6393
6395
6398
6400
6402
6403
6407
6408
6411
6415
6417
6421
6422
6429
6432
6437
6443
6444
6445
6446
6449
6450
10451
9620
6454
6456
6460
6461
6464
6465
6466
6469
6470
6472
6474
6475
6477
6478
6487
6489
6490
6492
6495
6498
6500
6502
6503
6504
6505
6506
13118
6509
6511
6512
6515
6516
6521
6523
6524
6525
6529
6531
6535
6538
6540
6541
6543
6544
6545
6546
6548
6551
6552
6554
8621
6555
6556
6560
6562
6564
6567
6569
6574
6575
6577
6581
6584
6585
6587
6588
7129
6589
6590
6591
6592
6599
6609
6610
6613
6614
6618
6620
6623
6624
6625
6626
6631
6633
6634
6637
6638
6641
6642
6643
6644
6645
6649
6651
6718
6652
6657
6658
6661
7586
6665
6666
6667
6668
6669
6675
6676
14766
6679
6680
6682
6683
6684
6690
6691
6693
6695
6696
6699
6702
6705
6706
6707
6709
6714
6715
6716
6717
6719
6720
6721
6722
6723
6725
6728
6731
6738
6766
6741
6742
6743
6749
6752
6758
6762
6763
6767
6770
6772
6775
6780
6782
6783
6785
6790
6791
6792
6793
6798
6799
6800
6802
6803
6805
6806
6811
6814
6815
6818
6819
6820
6821
6828
6830
6831
6833
6834
6835
6836
6842
6845
6846
6848
6856
6858
6861
6864
6869
6872
6873
6875
6876
6879
6880
6882
6885
6886
6892
6893
6894
6895
6897
6898
6902
6903
6904
6905
6907
6908
7031
6910
6911
6912
6913
6915
6916
6917
6920
6921
6922
6923
6924
6925
6926
6927
6931
6933
6935
6936
6940
6941
6943
6945
6952
6954
6955
6965
6966
6968
6969
12079
13101
15355
15356
6973
6975
6976
6978
6980
7284
6981
6982
6983
6984
6986
6987
6988
6989
6990
10258
6993
6994
6995
7002
7003
7004
7005
7006
7008
7011
7014
7015
7020
7021
7023
7030
7032
7034
7035
7038
7044
7045
7049
7050
7051
7052
7055
7056
7060
7061
7063
7064
7066
7067
7231
7069
7070
7071
7072
7073
7075
7076
7079
7080
7082
7084
7088
7089
7092
7094
7095
7096
7101
7102
7106
7108
7109
7110
7111
7112
7113
7115
7121
7122
7125
7126
7131
7132
7133
7134
7136
7137
7138
7139
7140
7142
7143
7146
7147
7150
7151
7152
7153
7154
7155
7156
7157
7158
7159
7161
7162
7163
7165
7168
7170
7172
7175
7177
7178
7180
7181
7182
7184
7186
7187
7189
7190
7198
7202
7203
9352
7204
7206
7211
7212
7214
7215
7218
7221
7222
7227
7229
7230
7232
7233
7239
7240
7243
7244
7253
7254
7255
7257
7258
7259
7263
7265
7270
7276
7277
7278
7280
7283
7285
7288
7289
7290
7292
7293
7296
7297
7298
7299
7302
7305
7306
7309
7310
7314
7315
7317
7321
7324
7325
7328
7329
7330
7333
7335
7336
7337
7338
7339
7341
7345
7348
7352
7356
7362
7365
7367
7372
7376
7377
7380
7381
7382
7387
7388
7393
7398
7403
7404
7497
7409
7410
7411
7414
7428
7433
7446
7447
7450
7452
7459
7460
7461
7462
7468
7469
7471
7472
7476
7480
7481
7482
7486
7494
7499
7500
7501
7502
7503
9912
7504
7505
7512
7513
7518
7519
7522
7537
7538
7540
7545
7546
7547
7549
7550
7553
7554
7557
7559
8031
7567
7577
7581
7583
7584
7587
7588
7591
7593
7952
7602
7604
7607
7613
8316
7614
7617
7618
7620
7621
7623
7627
7630
7635
7636
7639
7641
7646
7650
7651
7653
7654
7659
7666
7667
7672
7676
7683
7686
7690
7691
7692
7693
7694
7697
7698
7699
7700
7701
7703
7704
7705
7706
7709
7712
7714
7715
7716
7717
7718
7719
7720
7723
7724
7725
7727
7728
7730
7731
7732
10132
7736
7737
7738
7739
7741
7743
7748
7750
7751
7752
7754
7755
7757
7760
7762
7763
7764
7768
7769
7774
7776
7778
7779
7781
7786
7791
7792
7793
7795
7796
7798
7799
7801
7802
7803
7804
7807
7813
7814
7815
7816
7817
7819
7822
7823
7824
7825
7826
7855
7827
7828
7829
7830
7833
7834
7835
7837
7838
7839
7840
7841
7842
7843
7847
7849
7850
7851
7853
7854
7856
7858
7860
7861
7865
7866
7867
7868
7870
7871
7873
7874
7875
7876
7877
7879
7884
7885
7886
7887
7889
7893
7894
7897
7899
7901
7902
7903
7904
7906
7908
7909
7910
7913
7914
7917
7918
7919
7922
7923
7925
7927
7933
7943
7944
7947
7950
7953
7955
7956
7957
7960
7962
7964
7968
7971
7972
7977
7978
7981
7982
7983
7985
7991
7992
7993
7995
7996
7997
7999
8000
8001
8002
8004
8006
8008
8009
8011
8017
8020
8021
8026
8030
8037
8039
9785
8041
8042
8045
8047
8049
8051
8053
8055
8058
8061
8062
8063
8064
8067
8070
8072
8076
8078
8079
8080
8081
8085
8086
8087
8088
8091
8094
8095
8098
8100
8102
8103
8107
8108
8109
8111
8112
8115
8122
8123
8125
8130
8131
8133
8135
8138
8140
8141
8142
8146
8148
8150
8152
8156
8158
8159
8161
8164
8165
8166
8172
8173
8174
8175
8176
8178
8183
8184
8186
8187
8188
8189
8190
8194
8197
8198
8199
8201
8202
8205
8207
8213
8214
8216
8218
8219
8220
8221
8227
8228
8231
8233
8235
8237
8244
8245
8246
8249
8250
8251
8257
8258
8260
8261
8262
8266
8272
8273
8274
8275
8278
8283
8285
8286
8293
8305
8328
8330
8331
8332
8337
8341
8348
8354
8356
8358
8359
8361
8375
8377
8380
8401
8411
8414
8422
8423
8431
8432
8434
8435
8442
8443
8457
8460
8461
8466
8469
8473
8478
8487
8496
8501
8509
8511
8512
8522
8524
8533
8542
8544
8549
8552
8555
8556
8558
8561
8563
8565
8568
8570
8574
8579
8583
8588
8591
8595
9863
8597
8609
8611
8612
8615
8618
8623
8632
8656
8661
8663
8666
8668
8670
8675
8684
8685
8687
8688
8689
8691
11523
8695
8697
8701
8702
8703
8704
8706
8712
8714
8715
8716
8717
8720
8721
8722
8723
15599
8727
8728
8729
8733
8736
8738
8741
8743
8749
8750
8751
8753
8755
8759
8762
8768
8769
8777
8780
8781
8782
8783
8784
8788
8789
8790
8792
8793
8794
8797
8798
8800
8802
8805
8807
8809
8813
8814
8817
8819
8820
8822
8826
8827
8832
8834
8835
8837
8839
8840
8841
8842
8844
8845
8846
8847
8848
8850
8851
8854
8857
8858
8859
8860
8861
8864
8869
8871
8872
8873
8874
8877
8878
8879
8880
8882
8887
8892
8899
8901
8902
8906
8907
8912
8915
8916
8917
8927
8928
8929
8930
8931
8933
8934
8935
8938
8940
8943
8948
8949
8951
8952
8953
8960
8961
8962
8963
8965
8967
8968
8969
8970
8971
8972
8977
8979
8982
8983
8985
8986
8987
8988
8991
8998
8999
9001
9004
9005
9010
9013
9014
9015
9016
9018
9021
9023
9024
9029
9030
9032
9033
9035
9037
9038
9039
9042
9044
9050
9056
9064
9065
9072
9076
9082
9084
9085
9086
9087
9314
9089
12149
9090
9091
9099
9102
9104
9106
9107
9110
9119
9124
9129
9130
9131
9134
9135
9136
9137
9139
9141
9142
9144
9147
9148
9151
9154
9156
9157
9161
9163
9164
9172
14047
9174
9178
9179
9180
9184
9186
9189
9190
9191
9192
9195
9196
9197
9198
9202
9207
9210
9213
9214
9216
10227
9218
9222
9223
9226
9233
9234
9237
9239
9247
9248
9255
9257
9259
9261
9267
9271
9275
12533
9276
9277
9278
9281
9288
9290
9292
9293
9294
9300
9304
9306
12744
9316
9327
9329
9332
9333
9339
9340
9348
9351
9360
9363
9366
9368
9370
9372
9373
9377
9378
9380
9386
9387
9389
9391
9393
9394
9397
9398
9399
9400
9401
9403
9404
9408
9409
9411
9412
9413
9414
9416
9418
9419
9420
9421
9422
9424
9425
9428
9429
9432
9434
9442
9443
9444
9447
9450
9451
9452
9455
9456
9457
9459
9464
9465
9466
9467
9468
9469
9470
9472
9474
9478
9479
9480
9482
9483
9484
9487
9491
9493
9495
9496
9497
9498
9500
9501
9502
9508
15758
9512
9514
9517
9519
9522
9524
9525
9526
9529
9530
9534
9542
9543
9545
9546
9547
9548
9549
9550
9551
9558
9559
9562
9566
9770
9568
9569
9574
9576
9580
9581
9588
9591
9593
9597
9598
9604
9608
11055
9613
9616
9617
9621
9623
9624
9625
9626
9634
9636
9638
9639
9643
9646
9649
9650
9651
9655
9657
9659
9661
9664
9665
9672
9673
9674
9678
9680
9681
9686
9688
9692
9693
9694
9695
9696
9697
9700
9703
9704
9705
9706
9707
9710
9715
9719
9721
9724
9725
9727
9731
9734
9735
9736
9738
9741
9747
9750
9757
9763
9764
9774
9783
9784
9787
9792
9793
9795
9796
9797
9800
11667
9807
9811
9812
9813
9815
9816
9817
9819
9820
9822
9825
9828
9833
9835
9839
9842
9843
9849
9851
9856
9857
9859
9861
9865
9866
9868
9869
9875
9879
9880
9893
9894
9895
9897
9900
9903
9914
9919
9924
9926
9932
9933
9935
9936
9937
9938
9940
9941
9949
9951
9952
9953
9954
9956
9958
9964
9965
9967
9968
9969
9976
9979
9981
9983
9994
9998
10001
10007
10008
10010
13638
10013
10016
10018
10020
10021
10026
10027
10030
10031
10036
10040
10041
10043
10046
10049
10050
10052
10054
10058
10059
10062
10063
10064
10065
10067
10068
10070
10071
10072
10074
10075
10076
12598
10078
10079
10081
10082
10083
10085
10089
10091
10092
10093
10094
10095
10096
10097
10098
10099
10100
10101
10102
10103
10105
10107
10109
10110
10111
10113
10115
10117
10119
10120
10123
10125
10127
10129
10130
10135
10138
10142
10146
10147
10148
10152
10157
10158
10160
10161
10167
10168
10169
10175
10178
10179
10182
10183
10184
10185
10186
10187
10188
10189
10192
10195
10197
10201
10202
10203
10207
10209
10210
10211
10212
10214
10215
10216
10217
10218
10219
10221
10223
10226
10228
10231
10233
10235
10236
10237
10238
10240
10242
10245
10246
10247
10248
10249
10253
10262
10264
10265
10266
10269
10270
10271
10272
10275
10276
10277
10282
10283
10289
10290
10296
10297
10298
10301
10302
10303
10304
10306
10307
10308
10310
10311
10312
10313
10314
10315
10317
10318
10319
10320
10321
10322
10323
10324
10325
10327
10328
10330
10332
10333
10334
10335
12635
10337
10338
10339
10340
10341
10342
10343
10344
10345
10346
10347
10348
10349
10351
10352
10353
10354
10355
10357
10358
10360
10361
10363
10365
10366
10367
10368
10370
10371
10373
10376
10377
10378
10379
10380
10384
10385
10387
10388
10390
10393
10394
10395
10397
10398
10399
10400
10401
10403
10404
10405
10406
10409
10411
10412
10414
10416
10419
10420
10421
10423
10424
10425
10426
10427
10429
10430
10432
10433
10434
10437
10439
10440
10441
10442
10444
10445
10449
10450
10452
10455
10456
10457
10458
10459
10461
10462
10463
10465
10466
10469
10470
10473
10474
10475
10476
10478
10480
10481
10482
10483
10484
10485
10486
10487
10489
10491
10492
10493
10497
10499
10501
10502
10503
10504
10506
10508
10509
10510
10515
10516
10518
10519
10521
10522
10525
10526
10527
10528
10534
10536
10538
10539
10540
10542
10543
10545
10548
10550
10551
10552
10555
10556
10557
10558
10559
10560
10561
10562
10563
10564
10565
10567
10568
10570
10572
10577
10578
10579
10581
10583
10973
10585
10586
10587
10588
10589
10590
10591
10593
10595
10596
10598
10599
10600
10602
10603
10604
10607
10608
10609
10610
10611
10613
10614
10616
10618
10619
10620
10621
10622
10623
10624
10625
10627
10628
10631
10635
10642
10644
10645
10646
10651
10653
10655
10656
10659
10660
10662
10663
10666
10667
10670
10671
10674
10676
10679
10680
10681
10683
10685
10687
10688
10690
10695
10696
10697
10698
10699
10700
10702
10704
10706
10707
10709
10713
10715
10716
10717
10718
10719
10720
10722
10723
10725
10728
10729
10730
10732
10733
10735
10736
10738
13332
10740
10742
10744
10745
10748
10749
10752
10753
10754
10755
10762
10763
10766
10767
10770
10771
10772
10773
10774
10775
10778
10780
10781
10784
10785
10789
10790
10791
10796
10797
10798
10806
10808
10809
10811
10816
10823
10826
10827
10828
10829
10830
10833
10836
10838
10840
10842
10846
10848
10850
10853
10854
10858
10860
10865
10867
10872
10873
10877
10878
10884
10885
10887
10889
10892
10894
10896
10898
10899
10901
10906
10909
10910
10911
10915
10916
10917
10919
10920
10923
10924
10925
10926
10929
10930
10931
10932
10933
10934
10935
10937
10938
10939
10941
10942
10945
10946
10947
10949
10950
10951
10952
10953
10954
10955
10957
10958
10959
10960
10961
10962
10964
10965
10966
10969
10971
10974
10976
10977
10978
10979
10981
10982
10984
10988
10989
10990
10991
10992
10993
10996
10999
11001
11005
11006
11007
11008
11011
11012
11013
11014
11015
11016
11017
11018
11019
11020
11021
11022
11023
11024
11025
11027
11029
11031
11032
11033
11034
11035
11036
11038
11039
11040
11041
11042
11043
11044
11046
11047
11053
13205
11058
11059
11060
11061
11064
11065
11068
11072
11073
11076
11077
11079
11080
11082
11085
11088
11090
11092
11093
11094
11095
11096
11097
11098
11099
11100
11103
11106
11109
11110
11112
11114
11115
11116
11118
11119
11120
11121
11123
11133
11134
11135
11140
11144
11151
11154
11161
11172
11176
11187
11188
11193
11194
11201
11202
11205
11209
11222
11223
11224
11227
11231
11232
11233
11236
11238
11239
11240
11245
11248
11252
11254
11256
11258
11259
11260
11269
11275
11279
11284
11285
11286
11288
11391
11289
11290
11296
11297
11299
11301
11302
11306
11307
11311
11312
11314
11316
11318
11321
11324
11328
11329
11330
11334
11335
11336
11337
11338
11340
11342
11345
11346
11347
11353
11358
11359
11366
11367
11369
11371
11372
11373
11374
11375
11376
11378
11380
11381
11382
11384
11385
11386
11387
11389
11390
11392
11393
11396
11397
11398
11402
11403
11407
11409
11413
11417
11418
11419
11421
11425
11427
11430
11431
11432
11438
11440
11443
11444
11445
11446
11448
11449
11450
11453
11454
11456
11459
11460
11464
11465
11466
11467
11470
11471
11472
11477
11478
11480
11485
11489
11490
11491
11492
11494
11495
11496
11497
11498
11500
11501
11504
11506
11507
11508
11510
11512
11515
11522
11524
11527
11528
11531
11533
11534
11535
11536
11537
11538
11540
11541
11544
11549
11550
11551
11552
11553
11554
11555
11556
11558
11561
11562
11564
11566
11567
11569
11571
11572
11720
11576
11578
11579
11580
11581
11582
11584
11586
11587
11588
11590
11591
11592
11593
11596
11597
11599
11600
11603
11605
11606
11607
11610
11612
11613
11614
11615
11616
11620
11621
11622
11623
11626
11627
11628
11629
11631
11632
11634
11636
11637
11638
11639
11640
11641
11642
11643
11644
11645
11646
11647
11648
11649
11651
11652
11653
11656
11659
11660
11661
11662
11663
11664
11665
11670
11671
11672
11674
11676
11677
11678
11680
11681
11682
11684
11685
11687
11689
11690
11692
11693
11695
11696
11697
11698
11699
11700
11701
11702
11704
11705
11706
11708
11710
11712
11714
11716
11717
11718
11721
11723
11724
11725
11726
11727
11728
11729
11730
11731
11732
11733
11734
11736
11737
11738
11739
11741
11742
11745
11747
11748
11751
11754
11755
11757
11759
11760
11761
11762
11763
11764
11766
11767
11768
11772
11773
11778
11779
11780
11782
11783
11787
11792
11794
11796
11797
11798
11799
11800
11801
11804
11805
11807
11808
11809
11810
11812
11813
11815
11817
11818
11820
11821
11823
11827
11828
11832
11834
11836
11837
11840
11841
11847
11848
11850
11855
11857
11858
11862
11863
11865
11869
11870
11872
11873
11875
11876
11877
11881
11883
11888
11890
11891
11892
11893
11894
11895
11896
11898
11901
11908
11917
11918
11927
11929
11930
11931
11932
11936
11938
11944
11945
11946
11947
11948
11950
11953
11954
11956
11962
11966
11970
11972
11974
11975
11977
11981
11982
11983
11984
11985
11986
11990
11993
11995
11999
12005
12006
12008
12009
12010
12012
12015
12016
12018
12019
12021
12023
12024
12026
12027
12028
12032
12033
12034
12036
12039
12042
12044
12046
12051
12054
12056
12059
12060
12062
12063
12065
14728
12066
12068
12070
12075
12078
12080
12081
12082
12084
12085
12086
12087
12092
12093
12094
12096
12098
12099
12100
12102
12103
12111
12112
12113
12115
12117
12119
12121
12122
12123
12124
12127
12129
12130
12131
12132
12136
12137
12139
12140
12141
12142
12143
12144
12146
12150
12152
12154
12155
12159
12161
12163
12166
12167
12175
12181
12182
12186
12187
12188
12189
12190
12191
12193
12195
12198
12200
12201
12204
12205
12208
12209
12210
12211
12214
12217
12221
12222
12224
12225
12228
12229
12231
12232
12233
12236
12238
12239
12241
12242
12243
12245
12246
12249
12252
12253
12255
12256
12257
12260
12261
12262
12264
12265
12266
12267
12270
12278
12279
12280
12281
12283
12284
12285
12286
12287
12288
12291
12292
12293
12294
12297
12299
12300
12305
12306
12307
12309
12312
12315
12316
12318
12319
12320
12322
12323
12324
12326
12328
12332
12333
12335
12336
12338
12339
12340
12341
12347
12349
12350
12352
12353
12354
12356
12362
14023
12365
12368
12371
12376
12378
12380
12390
12395
12396
12401
12403
12409
12412
12414
12415
12419
12427
12428
12432
12435
12438
12449
12459
12462
12469
12479
12481
12483
12484
12491
12492
12495
12496
12497
12499
12501
12502
12503
12504
12505
12507
12512
12516
12518
12519
12522
12526
12528
12534
12535
12537
12542
12544
12545
12546
12555
12564
12569
12573
12582
12583
12584
12587
12589
12590
12592
12594
12595
12596
12597
12599
12601
12603
12606
12607
12608
12609
16052
12610
12611
12613
12614
12615
12617
12618
12619
12620
12621
12622
12624
12625
12627
12629
12630
12632
12633
12640
12641
12643
12644
12645
12647
12648
12650
12651
12654
12655
12656
12657
12659
12660
12662
12664
12665
12668
12670
12671
13690
12675
12679
12681
12682
12683
12685
12686
12692
12693
12695
12699
12700
12705
12707
12708
12709
12711
12712
12713
12716
12717
12718
12720
12721
12722
12723
12724
12731
12732
12734
13311
12735
12736
12737
12739
12740
12741
12743
12747
12748
12749
12750
12753
12754
12755
12759
12761
12762
12763
12765
12768
12770
12771
12775
12777
12778
12780
12781
12782
12784
12785
12786
12787
12789
12791
12792
12793
12794
12796
12800
12801
12803
12806
12812
12815
12819
12820
12822
12825
12827
12831
12833
12834
12836
12838
12840
12841
12842
12843
12845
12846
12847
12849
12850
12851
12852
12855
12857
12858
12859
12860
12861
12869
12872
12873
12874
12876
12884
12888
12889
12890
12891
12892
12893
12895
12896
12898
12900
12901
12908
12910
12911
12912
12916
12917
12919
12922
12924
12925
12928
12929
12934
12935
12937
12940
12942
12946
12949
12956
12958
12959
12960
12964
12966
12968
12969
12970
12975
12978
12979
12980
12982
12983
12988
12989
12990
12991
12993
12998
12999
13001
13004
13010
13012
13014
13017
13019
13020
13022
13024
13028
13030
13032
13037
13038
13044
13045
13046
13053
13055
13056
13057
13058
13066
13069
13071
13072
13076
13079
13081
13082
13083
13088
13089
13093
13094
13096
13097
13099
13100
13102
13106
13107
13108
13109
13110
13114
13119
13126
13128
13129
13130
13134
13145
13149
13150
13152
13154
13158
13162
13164
13547
13165
13166
13168
13169
13170
13171
13175
13176
13177
13182
13183
13185
13186
13194
13207
13209
13210
13221
13225
13226
13230
13232
13233
13234
13235
13238
13241
13243
13245
13247
13248
13253
13255
13257
13261
13262
13263
13265
13269
13271
15185
13274
13281
13283
13284
13285
13290
13291
13293
13296
13297
13308
13310
13315
13318
13324
13327
13328
13329
13331
13336
13337
13341
13344
13346
13349
13352
13356
13359
13360
13362
13366
13848
13367
13373
13377
13378
13382
13383
13388
13389
13390
13391
13403
13404
13408
13414
13416
13418
13421
13423
13424
13427
13428
13430
13436
13439
13445
13450
13452
13454
13461
13471
13475
13476
13478
13485
13488
13492
13493
13506
13511
13513
13519
13520
13532
13535
13536
13537
13546
13549
13551
13552
13554
13879
13559
13564
13566
13569
13572
13573
13575
13577
13579
13583
13584
13587
13590
13592
13596
13597
13598
13599
13602
13605
13606
13608
13609
13611
13613
13614
13615
13616
13620
13621
13622
13626
13628
13636
13637
13641
13644
13645
13646
13647
13648
13649
13651
13657
13660
13662
13665
13668
13671
13672
13674
13675
13677
13678
13684
13685
13687
13692
13693
13694
13695
13697
13698
13701
13702
13703
13709
13715
13716
13724
13726
13728
13729
13738
13743
13744
13753
13756
13757
13764
13766
13768
13770
13773
13776
13778
13781
13783
13786
13787
13788
13789
13791
13793
13800
13810
13812
13814
13816
13817
13818
13821
13822
13823
13824
13825
13826
13827
13828
13831
13838
13839
13843
13844
13845
13846
13847
13850
13851
13853
13854
13855
13858
13860
13861
13868
13872
13886
13890
13891
13892
13893
13894
13896
13902
13906
13908
13919
13922
13926
13930
13931
13935
13945
13946
13948
13950
13953
13958
13960
13961
13963
13975
13976
13982
13991
14001
14004
14005
14010
14011
14016
14019
14020
14021
14033
14045
14054
14063
14087
14095
14099
14100
14101
14108
14110
14112
14115
14117
14123
14125
14133
14134
14135
14136
14137
14150
14155
14163
14164
14165
14166
14169
14180
14182
14183
14188
14189
14191
14197
14202
14666
14206
14207
14208
14216
14227
14233
14235
14237
14248
14249
14259
14263
14270
14273
14278
14291
14293
14296
14297
14300
14303
14304
14306
14315
14318
14320
14323
14328
14332
14337
14342
14348
14349
14352
14355
14364
14368
14371
14374
14377
14383
14390
14391
14392
14394
14410
14413
14414
14416
14417
14424
14427
14428
14430
14431
14432
14435
14437
14439
14441
14444
14447
14453
14456
14457
14458
14460
14462
14466
14473
14480
14489
14491
14492
14500
14507
14514
14519
14522
14524
14525
14530
14534
14536
14539
14541
14545
14548
14549
14550
14551
14552
14553
14556
14570
14571
14575
14576
14579
14585
14586
14588
14592
14593
14594
14596
14600
14601
14606
14610
14612
14613
14615
14616
14617
14618
14620
14628
14629
14630
14635
14638
14639
14641
14643
14645
14689
14657
14737
14698
14762
14731
14687
14648
14649
14652
14656
14660
14663
14665
15998
14672
14673
14674
14676
14677
14678
14679
14682
14683
14684
14685
14690
14691
14692
14693
14699
14701
14702
14704
14705
14706
14707
14709
14711
14714
14715
14717
14718
14720
14721
14722
14723
14724
14725
14727
14729
14730
14733
14736
14739
14740
14742
14744
14745
14746
14749
14750
14751
14752
14756
14758
14759
14763
14767
14769
14773
14774
14775
14777
14780
14781
14782
14784
14786
14788
14793
14795
14799
14804
14808
14811
14812
14814
14816
14819
14820
14822
14824
14828
14831
14832
14833
14837
14839
14840
14841
14843
14844
14846
14847
14848
14850
14863
14866
14871
14873
14875
14877
14884
14890
14894
14900
14901
14907
14908
14917
14919
14928
14929
14930
14932
14933
14935
14941
14945
14947
14950
14955
14957
14959
14965
14966
14967
14969
14971
14972
14973
14974
14980
14983
14987
14989
14992
14995
15004
15006
15007
15008
15020
15030
15031
15032
15037
15040
15689
15041
15053
15054
15056
15058
15059
15065
15068
15070
15077
15079
15086
15089
15091
15092
15093
15094
15096
15097
15099
15100
15103
15105
15108
15109
15116
15117
15120
15121
15129
15132
15135
15141
15142
15145
15146
15147
15154
15157
15158
15161
15163
15165
15166
15167
15170
15172
15174
15178
15187
15189
15190
15192
15193
15195
15198
15202
15204
15208
15218
15224
15225
15229
15231
15232
15235
15236
15237
15240
15244
15246
15247
15253
15255
15258
15261
15264
15267
15268
15270
15271
15272
15274
15275
15277
15278
15279
15282
15283
15284
15285
15289
15290
15291
15294
15295
15297
15298
15299
15300
15302
15305
15306
15312
15317
15318
15325
15328
15332
15333
15335
15337
15345
15349
15353
15360
15363
15364
15372
15373
15375
15380
15382
15384
15393
15400
15401
15404
15419
15423
15428
15430
15435
15436
15441
15442
15448
15454
15455
15456
15457
15465
15478
15479
15480
15481
15485
15490
15494
15497
15498
15503
15506
15507
15510
15512
15514
15516
15520
15522
15523
15524
15527
15529
15530
15531
15532
15535
15546
15550
15551
15552
15556
15561
15565
15567
15568
15572
15574
15577
15579
15583
15585
15586
15588
15592
15595
15596
15597
15600
15601
15602
15604
15606
15607
15608
15609
15611
15612
15613
15614
15615
15619
15620
15623
15624
15625
15627
15628
15629
15630
15631
15632
15633
15634
15636
15637
15638
15641
15642
15643
15645
15646
15647
15648
15649
15650
15651
15654
15655
15656
15659
15660
15662
15663
15665
15666
15667
15668
15669
15670
15671
15672
15673
15679
15681
15682
15684
15685
15690
15693
15697
15698
15699
15700
15701
15702
15703
15705
15706
15707
15710
15714
15715
15719
15720
15721
15722
15723
15728
15729
15731
15732
15738
15742
15744
15747
15749
15751
15754
15755
15761
15763
15764
15767
15774
15775
15780
15782
15784
15785
15787
15796
15797
15798
15801
15802
15804
15806
15808
15810
15813
15814
15815
15818
15823
15824
15828
15829
15830
15835
15836
15838
15840
15841
15842
15844
15847
15848
15849
15856
15859
15865
15866
15867
15869
15874
15875
15881
15886
15887
15888
15894
15895
15896
15897
15898
15900
15917
15918
15920
15931
15963
15968
15973
15980
15981
15983
15984
15985
15990
15996
16000
16001
16004
16005
16006
16008
16009
16014
16016
16018
16022
16024
16027
16028
16029
16030
16031
16034
16035
16036
16037
16039
16040
16041
16043
16046
16048
16055
16054
16056
16059
16060
16061
16062
16063
16066
16067
16068
16069
16070
16071
16081
16092
16093
16105
16111
16112
16124
16126
16136
16139
16145
16151
16153
