10020
12488
4
6691
5
6
51
7
3725
8
9
10
12
466
13
3650
347
1519
14
7129
15
449
16
241
26
428
8037
18
19
29
30
31
32
134
42
267
4795
6496
38
39
40
41
636
3470
46
47
49
50
57
1483
55
56
1545
1616
1937
8499
3670
284
12659
1495
58
59
2901
10271
60
61
62
63
66
7716
69
70
72
73
74
75
78
79
80
172
173
81
82
3977
85
388
86
88
89
90
93
94
210
8524
96
97
99
103
105
108
109
110
111
113
114
116
195
117
3752
6473
6797
4498
6933
153
118
120
123
124
128
129
131
132
271
133
135
136
137
432
140
143
4416
1142
145
146
150
151
152
154
170
156
157
158
159
162
163
2001
165
765
166
167
168
169
4084
174
177
182
186
187
188
191
192
10561
343
740
934
10685
356
7691
5941
983
4059
381
6517
197
196
199
200
201
202
203
204
205
206
207
209
211
328
379
213
376
214
219
4708
399
224
225
226
1674
1678
227
228
229
230
231
234
235
1593
236
237
239
12012
287
9179
390
367
2582
244
249
250
251
252
254
586
12301
278
257
261
7012
3472
10195
8568
2266
263
264
3995
265
266
270
273
275
1251
276
282
286
6116
294
298
303
5485
306
307
4274
308
309
312
313
11175
314
316
8197
318
319
320
326
2924
327
3651
556
2797
5969
329
331
332
333
334
336
337
339
1354
340
5917
341
342
1520
2216
4132
344
1172
2007
346
348
4325
350
351
352
2437
625
421
355
2386
357
6418
7110
358
359
360
362
364
365
366
369
370
372
374
3503
377
380
382
383
385
387
1100
389
3704
391
395
398
401
403
9433
2850
6855
404
405
406
409
8695
415
417
418
419
422
423
424
425
427
430
431
8339
6906
433
434
435
1152
2156
436
437
440
441
446
447
448
5738
814
624
4691
451
453
455
483
456
457
458
459
460
465
467
468
471
479
481
482
4474
484
485
4050
487
488
489
490
491
492
493
495
497
498
499
500
501
9272
2293
502
503
505
507
509
3401
510
515
516
517
520
522
524
525
5874
4875
529
11143
531
533
535
537
1806
538
540
10391
544
545
3645
547
553
554
555
558
561
563
566
568
571
573
574
575
6421
576
577
581
779
583
3673
591
592
593
649
12496
1055
594
596
602
604
609
615
616
618
620
621
622
623
937
6153
626
628
629
631
6036
635
639
640
641
642
643
1332
645
646
647
652
653
7670
654
658
659
662
665
666
668
673
674
708
676
680
682
685
2956
686
687
691
692
693
694
696
697
703
705
706
707
6522
711
1096
1037
713
8325
2378
6965
717
858
719
720
721
723
725
726
728
736
738
739
741
1550
1844
2718
3514
2719
4415
742
744
747
751
755
758
761
762
6527
763
764
768
771
773
784
785
787
788
790
791
792
794
795
2975
796
797
798
799
800
801
803
804
805
807
2675
811
816
818
820
823
1032
1974
829
830
831
837
842
843
844
845
846
848
2554
850
851
857
860
863
865
870
873
875
878
882
883
884
886
1028
887
890
10989
891
892
893
897
5636
902
4744
903
905
906
916
917
918
920
921
4960
2632
10743
923
924
926
927
930
5414
931
933
935
936
938
941
942
943
944
947
950
9262
951
952
953
956
958
959
962
963
964
965
967
968
969
970
973
978
980
981
984
985
987
988
1659
990
991
998
999
1000
1001
1002
6658
1007
1008
1010
1014
1657
1017
1018
1020
1022
1024
1025
1027
1029
1030
1031
1292
1034
1036
1038
1039
1041
1042
1043
1047
1049
1053
1054
1056
1058
1061
1063
1064
1066
1067
3128
1070
1071
1078
1079
1080
1083
1084
1085
1086
1088
1090
1092
1101
1105
1106
1107
1108
1110
1111
1119
1127
3111
1130
1131
1826
1133
1134
1141
1143
1150
1151
1154
1159
1162
1165
1174
1177
1181
1196
3654
1182
1184
1185
1187
1188
1189
1191
1193
1194
1199
1200
1202
1203
1206
1208
1209
1210
1211
1212
1215
1217
1218
8952
1221
1222
1224
1226
1229
1234
1235
1236
1237
1238
1521
1245
1246
1247
1248
1249
1250
1252
1255
1257
5250
1260
1262
1265
1270
1272
1275
1276
2306
1278
1279
1282
1284
1285
4086
1289
1290
1291
1294
1296
1297
1394
3700
1299
1302
1303
1306
1309
1310
1312
1313
1319
1320
1321
1323
1325
1327
1329
1331
1334
1335
1338
1339
1340
1353
1355
1357
1359
1360
1363
1366
1367
1368
1373
1375
1377
1380
1381
1382
3716
1386
1387
4083
1390
1392
1403
1407
1415
1473
1417
1418
1419
1420
1421
1422
1424
1425
1426
1432
1435
1436
1440
1441
1443
1451
1452
9120
1455
1457
1458
1463
1466
1470
1474
1475
1476
1477
1478
1480
3710
5111
1484
1485
1486
1489
1760
1761
1490
1491
2290
1493
1494
1498
1499
2455
1500
1502
1506
1508
1516
1517
1596
5798
2570
1522
1523
1525
1526
1527
1528
1530
1532
1533
1534
1542
1543
1546
1549
10709
1551
1552
1554
1555
1557
1558
1561
1565
1567
1570
1571
1573
1574
1576
1577
1581
1583
1584
1586
1587
1588
1589
8422
1590
1591
1592
1594
1597
1598
1600
1602
1603
1608
1612
3608
1613
1614
1615
5911
1617
1618
1619
1623
1624
1628
3528
3953
3694
1630
1631
1633
1634
1636
1637
1640
1642
7854
1646
1647
1650
1651
1652
1660
1661
1662
1663
1664
1665
1667
1668
1671
1673
6516
1675
4071
1676
7799
1679
1681
1682
5441
1685
1686
1690
1771
1691
1692
1693
1694
1695
1696
1697
1698
1700
1703
1705
1706
1707
1709
1713
1714
1716
1720
1721
1724
1726
1728
1729
1731
1732
1734
1735
1736
1737
1742
1748
1749
1750
1751
1752
1753
1754
1755
1762
1763
1951
1764
1765
1766
1768
1773
1776
1777
1779
1780
1783
2772
1784
1789
1795
1797
1799
1801
1803
1804
1805
6511
1807
1815
1820
1822
1825
1828
1829
1832
1833
1836
1837
1840
3987
1841
1843
1845
1851
1853
1854
1858
1860
1861
1862
4843
1863
1865
1866
1870
1873
1874
1876
1878
1879
1881
1882
1884
1886
1890
1892
1897
1899
1900
1901
1903
1904
1906
1908
1923
3130
1926
1929
1933
1935
1936
1938
1940
1942
1943
1944
1946
1947
1949
1950
1954
1957
1958
1960
1961
1962
1964
2088
1966
1967
1968
1969
1970
1971
1973
3236
5697
1977
1978
1981
1982
5644
1986
11550
1987
1988
2032
1989
1990
1992
1996
1999
2000
2003
2005
2006
2009
2013
2016
2017
2024
2025
2026
2027
2029
2031
2038
2039
2041
2043
2047
2048
4000
2052
2053
2055
2064
2068
2070
2077
2079
2084
2085
2090
2099
2102
2103
2106
2108
2109
2110
2111
2112
2114
2117
2119
3253
2120
2121
2124
2125
2126
2127
2129
2131
2132
4058
2135
2136
2137
2139
2141
2143
2146
2152
2153
2155
5448
2160
2161
2163
2164
2165
2167
2169
2170
2171
2173
2175
2176
2177
2180
10119
2182
2185
2186
2188
2193
2194
2195
2196
2197
2199
2201
2202
2203
2204
2205
2211
2212
2214
2220
2221
2222
2223
2224
2225
3963
2227
2228
2230
2236
2237
2238
2242
2246
2251
2253
2254
2256
2260
2261
2263
2264
2265
2272
2273
2275
2277
2279
2280
2281
2283
2284
2285
2288
2289
2294
4519
2297
2298
2300
2302
2304
2307
2308
2312
2313
2314
2316
2317
2318
4823
2319
2320
2321
2322
2327
2329
2331
2332
2333
2337
2341
2343
2345
2348
2349
2354
2358
2361
2362
2365
2366
2372
2373
2374
2375
2377
2379
2382
2385
4458
2387
2388
2396
2399
2402
2403
2404
2405
2406
2407
2410
2411
2412
2414
2418
2420
2421
2423
2429
2432
2433
2434
2436
2443
8885
2444
2445
2448
2449
6190
2451
2453
2456
2457
2461
2462
2465
2467
2468
2471
2475
2476
2477
2478
2479
2481
2482
2486
2487
2489
2490
2491
2492
2495
2497
2499
2501
2503
2504
2505
2507
2508
2509
2510
2512
2513
2517
2519
2520
3057
2522
2523
2524
2526
2528
2529
2530
2533
2535
2536
2537
2538
2539
2543
2544
2545
2546
2547
2551
6017
2555
2558
2559
2560
2561
2562
2563
2564
2567
2568
2569
2572
2573
2574
2577
2578
2579
2580
2581
2583
2584
2585
2588
2590
8876
2591
2592
2593
2594
2595
2596
2597
2598
2599
2601
2602
2604
2607
2608
2609
2610
2611
2612
2614
2617
2618
2620
2621
2622
2623
2628
2630
2631
2633
2637
2640
2641
2644
2646
2647
2648
2649
7238
2651
2654
2655
2658
2659
2660
2661
2662
2665
2666
2667
2670
2671
2672
2674
2676
2677
2678
2681
2683
2685
2686
2690
2691
2692
2696
2697
2699
2700
2701
2702
2704
2705
2706
2709
2710
2712
2713
2715
2717
5725
2720
2721
2722
2724
2726
2727
2728
2730
2732
2733
2735
2736
2737
2738
2740
2745
2747
2748
2751
2752
7594
2949
2753
2755
2757
2760
2763
2765
2770
2773
2775
2776
2777
2779
2780
2781
2783
2784
2785
2786
2788
2790
2791
2794
2798
2800
2802
2803
2806
2807
2808
2809
2813
2814
2816
9238
2817
2818
2821
2823
2829
2830
2832
2833
2834
2837
2839
2840
2841
2842
2844
2845
2846
2851
2852
3048
2853
2855
2860
2861
2862
2865
2867
2868
2870
2872
2876
2878
2881
2882
2884
2887
2888
2890
2897
2903
2907
2908
2910
2911
2915
2918
2919
2923
2925
2926
2930
2931
2933
2936
2937
2938
2940
2942
2943
2945
2946
4853
6646
2950
2951
2953
2954
2955
3845
2959
2963
2965
2966
2967
2970
2971
2972
2974
2977
2978
2979
2981
2984
2985
2988
2994
2995
2997
3000
3001
3002
3004
3005
3006
3008
3010
3012
3014
3015
3018
3019
3021
3023
3026
3029
3030
3031
3032
3035
4877
3036
3038
3041
3042
6449
3043
3044
3045
3047
3050
3053
3054
3058
3059
3061
3062
3063
3065
3066
9850
3068
3070
3071
3072
3075
3077
3078
3079
3080
3083
3086
3089
3090
3091
3092
3093
8936
3094
3096
3097
3099
3100
3101
3931
3103
3116
3117
3106
3107
3110
5597
3115
3118
3119
3120
3123
3124
3126
3127
3129
3132
3133
3135
3136
3139
3141
3142
3143
3144
3147
3148
3149
3151
3152
3156
3157
3158
3159
3160
3163
3164
3165
3167
3168
3170
3171
3172
3173
3175
3176
3177
3179
3180
3181
3184
3185
3188
3193
3195
3196
3197
3200
3209
3211
3214
3215
3217
3218
3220
3221
3223
3224
3227
3228
3229
3230
3231
3232
3235
3239
3240
3242
3244
3245
3247
3250
3252
3254
3257
3260
3261
3262
3263
3264
3265
3266
3269
6060
3270
3273
3274
3276
3277
3280
3282
3283
3285
3286
3287
3288
3289
3292
3294
3295
3299
3300
3301
3303
3304
3310
3312
3313
3314
3316
3317
3321
3323
3324
3325
3326
3329
3331
3333
3334
3337
3338
3340
3344
4026
3346
3347
3353
3358
3360
3362
3364
3365
3369
3371
3374
3375
3376
3377
3378
3382
3383
3386
3390
3392
3393
3400
3402
3403
3410
3411
3413
3414
3417
3418
3421
3427
3429
3430
3431
6174
3433
3436
3438
3442
3443
3447
3453
3454
3456
3457
3458
3459
3461
3469
8099
3471
3815
3475
3478
3479
3480
3481
3482
3485
3486
3495
3496
3499
3500
3501
3502
3504
3506
3508
3509
3510
3511
9131
3512
3513
3516
3521
3526
3527
3529
3530
3531
3532
3538
3539
3541
3542
3543
3547
3548
3549
3554
3556
3561
3563
3564
3565
3567
3568
3572
3575
3576
3577
3578
3579
3582
3586
3587
3594
3597
3600
3602
3604
10960
3605
3606
3612
3613
3617
3618
3620
3623
3624
3626
3629
3630
3631
3632
3633
3635
3636
3637
3641
3652
3653
3660
3661
3666
3667
3668
3671
10812
3674
3675
3676
3679
3685
3687
3688
3689
3690
3691
3692
3695
3696
3697
3698
3699
3702
3703
4523
9396
9177
3715
3717
3718
3719
3722
3723
3724
3726
3729
3730
3732
3733
3734
3735
3736
3738
3740
3741
3743
3746
3751
3755
3758
3760
3761
3762
3763
3764
3770
3774
3775
3777
3779
3781
3782
3784
3788
3789
3790
3794
3795
3796
3798
3799
3800
3808
3811
3814
3817
3820
3823
6431
3831
3832
3836
3837
3839
3841
3846
3847
3848
3849
3850
3851
3852
3857
3859
3860
3862
3863
3865
3869
3871
3874
3875
3876
3877
3878
3883
3886
4919
3888
3889
3894
3900
3901
3903
3905
3906
3908
4172
3909
3910
3911
3913
3916
3918
3920
5747
3922
3924
3925
3927
3928
3933
3938
3935
3937
3940
3941
3942
3943
3946
3948
3949
3950
3951
3952
4354
3954
3955
3958
3960
3961
3962
3964
3969
3970
3971
3976
3981
3984
3986
4545
3988
3989
3990
3991
3992
3993
3994
3996
3998
3999
4001
4002
4003
4004
4006
8149
4008
4009
4011
4012
4013
4014
4017
4018
4023
4027
4029
4033
4036
4037
4042
4043
4045
4046
4052
4053
4060
4345
4063
4068
4072
4078
4080
4081
4082
7802
4087
4088
4090
4092
4095
4096
4101
4102
4104
4107
6734
4108
13206
13362
4110
4111
4112
4113
4114
7992
4115
4116
4117
4118
4121
4123
4124
4130
7605
4135
4139
4141
4142
4146
4149
4153
4154
4155
4160
4166
4171
4175
4178
4179
4185
4187
4189
6107
4191
4195
4200
4202
4203
4205
4207
4215
4218
4220
4221
4224
4225
4227
4228
4229
4231
4233
4235
4236
4237
4238
4241
4242
4248
4249
4251
4255
4257
4259
4260
4262
4264
4265
4267
4271
4273
4277
4280
4285
4286
4288
4291
4293
4295
12531
4296
4297
4298
4301
4302
4307
4317
4318
4328
4332
4334
4337
4338
4339
4341
4342
4344
4346
5402
4348
4352
4353
4355
8877
4356
4359
4360
4361
4362
4364
4365
4370
4373
4375
4376
4377
4378
4379
4380
4383
4385
4387
4394
4395
4396
4399
4401
4403
5625
4406
5268
4408
4409
4412
4414
5676
4417
4418
4419
4421
4422
4424
4426
4427
4429
4431
4433
4434
4435
4436
4445
4449
4450
4452
4455
4456
4459
4461
4468
4469
4472
4473
4475
4476
4477
4478
4479
4480
4481
4485
4488
4489
4490
10863
4493
4495
4497
7929
4501
4503
4505
4510
4511
4513
4514
4517
4520
4521
4525
4526
4527
4528
4529
4531
4534
4536
4539
4542
4546
4549
4550
4551
4552
11774
4553
4556
4560
4562
4563
4565
4567
4568
4570
4571
4572
4573
4953
4577
4580
4582
4584
4591
4592
4593
4594
4597
4598
4599
4600
4601
4604
4605
4607
4609
4610
4611
4612
4613
4616
4617
4618
4619
4620
4621
4624
4625
4626
4628
4629
4630
4634
4635
4637
4638
4639
4641
4642
4644
4645
4646
4648
4649
4651
5961
4652
4653
4654
4655
4656
4657
4658
4659
4660
4661
4662
4665
4666
4667
4668
4671
4672
4673
4675
4676
4678
4679
4681
4683
4684
4685
4686
4687
4689
4693
4696
4697
4699
4700
4702
4703
4704
4707
4711
4715
4716
4717
4718
4719
4721
7607
4725
4731
4732
4735
4740
4742
4746
4747
4748
4749
4751
4753
4754
4755
4758
4759
4760
4762
4764
4765
4766
4768
4769
4770
4771
4773
4774
4777
4778
4780
4782
4783
4784
4786
4787
4788
4789
4792
4793
4794
4798
4800
4801
4802
4803
4805
4808
4809
4810
4811
4812
5990
6482
5807
4817
4819
4824
4826
4829
4830
4831
4832
4835
4838
4840
4841
4842
5615
4844
4845
4849
4850
4852
4854
4855
4857
4858
4859
4861
4862
4863
4865
4871
4872
4873
4874
5412
5551
7862
13433
4876
4878
4879
4881
4882
4884
4886
4887
4888
4892
4894
4897
4898
4900
4902
4904
4905
4908
4910
4912
4913
4914
4916
4918
4925
4930
4932
4936
4937
4940
4941
4943
4945
4946
4951
4954
4955
4958
4959
4964
4965
4969
4973
4977
10192
4978
4992
4995
4996
5000
5001
5009
5011
9056
5015
5017
5021
5026
5027
5037
5039
5043
5058
5066
5067
5069
5071
5072
5073
5077
5078
5080
5083
5089
5091
5095
5098
5099
5100
5101
5108
5109
5113
5114
5123
5126
5136
5139
5140
5147
5148
5151
5155
5156
5158
5159
5161
5164
5171
5185
5194
5198
8870
5199
5201
5203
5204
5205
5206
5208
5210
5213
5214
5216
5219
5220
5221
5224
5225
5229
5239
5242
5244
5248
5249
5254
5258
5263
5264
5265
5266
5270
5272
5273
5274
5276
5283
5284
5286
5288
5289
5291
5294
5297
5298
5299
5301
5302
10545
5306
5308
5311
5312
5315
5316
5317
5320
5326
5329
5330
5337
5341
5343
5344
5353
5360
5364
5365
5370
5373
5374
5375
5376
5380
5382
5383
5387
5390
5391
5394
5395
5398
5399
5400
5401
5403
5404
5406
5408
5409
5411
5415
5420
5424
5425
5426
5428
5431
5432
5433
5435
5436
5438
5439
5440
5443
5445
5449
5450
5453
5454
5456
5457
5458
5460
5461
5462
5464
5473
5474
5475
5476
5479
5482
5483
5488
5490
5493
5496
5499
5502
5504
5506
5507
5508
5509
5510
5511
5512
5513
5519
5520
5521
5523
5524
5526
5527
5528
5533
5534
5537
5539
5541
5545
5548
5550
5555
5556
5558
5563
5565
5567
5568
5569
5572
5573
5575
5577
5578
5580
5581
5582
5590
5592
5594
5596
5604
5609
5612
5614
5617
5619
5622
5626
5627
5629
5633
5634
5635
5637
5639
5640
5641
5645
5648
5649
5650
5651
5654
5655
5657
5658
5659
5660
5661
5663
5664
5665
5666
5668
5669
5671
5672
5674
5678
5679
5680
5684
5687
5693
5694
5696
5700
5707
5708
5711
5714
5715
5724
5726
5728
5736
5737
5740
5741
5742
5743
5744
5750
5751
5752
5755
5757
5759
5760
5763
5765
5766
5769
5770
5772
5773
5774
5776
5787
5789
8538
5791
5792
5793
5795
5796
5801
5802
5803
5806
5809
5810
5815
5817
5818
5819
5820
5821
5822
5823
9608
12083
5824
5825
5826
5827
5828
5829
5833
5835
5837
5839
5846
5847
5848
5855
5856
5860
5866
5867
6056
5868
5872
5878
5879
5881
5882
5883
5884
5885
5888
5889
5896
5897
5899
5900
5901
5902
5903
5907
5909
5910
5912
5914
5915
5918
9193
5921
5923
5924
5925
5927
5928
5929
5930
5933
5934
5935
5936
5938
5939
5944
5947
5949
5950
5951
5958
5959
5960
5965
5970
5971
5972
5975
5980
5986
5987
5988
5991
5994
5995
6647
5996
6003
6004
6007
6011
6013
6015
6019
6020
6021
6025
6030
6033
6037
6046
6048
6051
6052
6053
6055
6061
6062
6065
6069
6072
6073
6074
6078
6079
6082
6083
6084
6085
6087
6088
6093
6095
6097
6098
6102
6103
6104
6105
6108
6109
6110
6111
6112
6113
6115
6118
6120
6126
6127
6129
6130
6131
6132
6695
6133
6135
6136
6137
6138
6143
6365
6145
6147
6148
6151
6154
6157
6158
6160
6161
6163
6166
6167
6168
6171
6172
6182
6183
6185
6187
6189
6191
6192
6195
6200
6201
6210
11118
6215
6217
6220
6222
13111
6226
6228
6233
6240
6241
6245
6248
6254
6255
6258
6261
6264
6268
6274
6284
6289
6301
6303
6308
6311
6312
6314
6322
6327
6331
6334
6336
6338
6340
6341
6343
6345
6346
6348
6353
6359
6362
6368
6370
6371
6374
6376
6386
6387
6389
6390
6398
6399
6401
6403
6405
6406
6407
6410
6411
6412
6413
6424
6429
6430
6434
6439
6440
6443
6444
6445
6448
6450
6452
6453
6454
6460
6463
6465
6469
6471
6472
6474
6477
6478
6480
6484
6486
6489
6490
6491
6492
6495
6497
6498
6509
6512
6513
6518
6519
6520
6526
6528
6532
6535
6536
6539
6546
6549
6550
6553
6556
6562
6563
6564
6565
6571
6572
6573
6574
6580
6581
6582
6583
6586
6590
6592
7295
6596
6600
6602
6605
6616
6607
6608
6609
6614
6615
6621
6623
6625
6626
6627
6628
6630
6633
6637
6638
6643
6644
6648
6649
6651
6652
6655
6656
6657
6659
6661
6665
6666
6667
6669
6671
6672
6674
6675
6678
6679
6684
6685
6688
6690
6692
6694
6698
6700
6701
6702
6704
6705
6706
6707
6708
6709
6710
6711
6712
6713
6717
6718
6720
6722
6727
6732
6735
6737
6738
6739
6741
6743
6744
6745
6748
6752
6753
6754
6755
6756
6758
6760
6762
6764
6765
6766
6767
6768
6769
6770
6771
6772
6773
6775
6778
6781
6782
6784
6785
6786
6787
6788
6791
6792
6793
6799
6801
6802
6804
6806
6807
6808
6816
6817
6818
6819
6821
6823
6824
6825
6827
6828
6831
6833
7063
6834
6836
6837
6839
6841
6842
6843
6845
6846
6847
6848
6851
6852
6853
6854
6856
6857
6858
6859
6861
6863
6864
6865
6868
6869
6870
6871
6873
6874
6875
6877
6878
6880
6882
6883
6884
6885
6886
6887
6889
6890
6891
6894
6895
6896
6897
6899
6900
6902
6903
6904
6908
6909
6910
6911
6914
6915
6918
6919
6920
6921
6922
6925
6926
6929
6930
6931
6932
10203
6935
6937
6938
6939
6940
6942
6944
6946
6950
6951
6952
6953
6954
6956
6957
6959
6964
6966
6969
6972
6974
6975
6976
6978
6979
6980
6981
6984
6986
6987
6989
6990
6992
6993
6994
6995
6998
6999
7003
7004
7006
7008
7009
7015
7020
7030
7031
7032
7033
7035
7036
7038
7041
7042
7044
7050
7053
7054
7056
7057
7062
7072
7074
7078
7079
7082
7085
7087
7089
7091
7092
7095
7149
7096
7100
7104
7105
7109
7120
7123
7126
7130
7132
7137
7138
7139
7141
7143
7144
7150
7151
7153
7154
7160
7165
7167
7168
7169
7176
7179
7181
7183
7185
7186
7189
7192
7195
7196
7197
7199
7200
7201
7202
7203
7204
7207
7211
7212
7215
7216
7218
7220
7222
7223
7226
7229
7230
7231
7232
7233
7235
7236
7239
7241
7245
7246
7247
7248
7249
7250
7251
7253
7254
7256
7257
7263
7265
7266
7267
7268
7271
7276
7279
7280
7284
7286
7288
7289
7291
7292
7293
7296
7299
7300
7301
7305
7306
7307
7309
7311
7312
7313
7314
7315
7316
7317
7319
7320
7321
7325
7326
7327
7328
7329
7330
7334
7335
7337
7339
7340
7342
7344
7345
7348
7349
7350
7352
7353
7354
7355
7356
7358
7359
7360
7361
7362
7363
7364
7367
7369
7370
7371
7374
7375
7380
7383
7384
7385
7387
7391
7392
7393
7394
7395
7396
7399
7400
7401
7402
7777
7847
7784
8049
8106
7404
7408
7409
7410
7411
7412
7413
7414
7415
7416
7417
7419
7420
7421
7424
7426
7427
7429
7430
7431
7432
7433
7434
7435
7440
7441
7443
7445
7446
7449
7451
7452
7453
7454
7455
7456
7458
7459
7460
7462
7463
7464
7467
7468
7472
7474
7476
7477
7478
7481
7482
7485
7488
7491
7493
7494
7495
7496
7497
7498
7499
7500
7502
7505
7508
7509
7510
7511
7512
7513
7514
7517
7522
7523
7525
7526
7527
7529
7530
7531
7533
7535
7537
7538
7539
7540
7545
7546
7547
7549
7553
7556
7557
7558
7559
7560
7561
7562
7563
7564
7567
7568
7569
7570
7573
7574
7576
7579
7580
7581
7583
7584
7585
7586
7587
7588
7589
8330
7590
7591
7592
7593
7595
7596
7597
7598
7599
7600
7601
7602
7603
7604
7606
7608
7609
7610
7612
7613
7615
7616
7617
7619
7620
7621
7622
7624
7626
7628
7632
7633
7634
7636
7637
7638
7641
7643
7644
7645
7647
7648
7649
7650
7651
7652
7653
7654
7656
7658
7660
7661
7662
7664
7665
7666
7667
7668
7669
7671
7672
7675
7677
7678
7679
7682
7683
7684
7685
7687
7688
7689
7694
7695
7698
7702
7706
7707
7708
7709
7710
7711
7717
7718
7719
7720
7721
7722
7725
7727
7729
7730
7732
7734
7735
7737
7738
7739
7742
7743
7746
7748
7750
7752
7753
7759
7761
7762
7763
7764
7765
7766
7767
7768
7769
7770
7773
7774
7775
7776
7778
7780
7782
7785
7792
7794
7795
7797
7798
7800
7801
7804
7806
7808
7809
7812
7813
7815
7818
7819
7821
7824
7827
7828
7829
7830
7831
7832
7834
7835
7836
7837
7838
7840
7841
7843
7845
7849
7850
7851
7852
7853
7856
7857
7858
7859
7861
7863
7866
7868
7870
7871
7873
7874
7875
7876
7877
7879
7881
7882
7883
7884
7886
7887
7889
7890
11109
7891
7892
7893
7897
7899
7901
7902
7903
7904
7905
7906
7907
7908
7910
7911
7912
7913
7914
7915
7918
7919
7920
7921
7922
7923
7924
7925
7926
7927
7928
7931
7932
7933
7934
7935
7936
7937
7938
7940
7941
7942
7943
7946
7947
7949
7950
7951
7954
7955
7956
7957
7958
7960
7962
7963
7966
7968
7969
7971
7974
7976
7977
7978
7980
7981
7982
7983
7984
7985
7986
7988
7989
7990
7991
7993
7994
7995
7996
7997
7998
7999
8000
8001
8002
8003
8005
8007
8008
8009
8010
8012
8013
8015
8016
8017
8020
8021
8022
8023
8026
8027
8028
8029
8030
8032
8035
8036
11459
8039
8040
8041
8042
8043
8044
8045
8046
8047
8048
8050
8051
8052
8055
8057
8060
8063
8064
8065
8066
8067
8069
8070
8071
8073
8075
8077
8078
8079
8081
8082
8083
8084
8085
8086
8087
8088
8089
8090
8092
8093
8094
8097
8098
8100
8101
8102
8103
8104
8107
8108
10404
8109
8110
8112
8113
8115
8116
8117
8118
8119
8123
8125
8126
8128
8129
8131
8134
8135
8140
8141
8142
8143
8144
8145
8147
8148
8150
8152
8153
8155
8158
8160
8161
8162
8163
8164
8166
8167
8168
8169
8171
8172
8173
8176
8177
8178
8179
8180
8182
8183
8184
8186
8187
8188
8191
8194
8196
8198
8199
8202
8203
8204
8205
8206
8207
8209
8211
8212
8214
8215
8217
8218
8219
8220
8222
8223
8225
8226
8227
8229
8230
8231
8232
8233
8234
8237
8238
8239
8242
8243
8244
8245
8246
8248
8249
8250
8251
8252
8257
8259
8261
8262
8263
8265
8267
8269
8271
8273
8275
8277
8279
8281
8283
8285
8286
8290
8292
8293
8295
8296
8297
8298
8303
8304
8305
8308
8311
8314
8315
8321
8323
8324
8327
8328
8334
8335
8336
8338
12680
8341
8345
8346
8347
8348
8349
8352
8354
8357
8358
8359
8361
8363
8364
8365
8368
8369
8372
8373
8374
8375
8376
8377
8378
8379
8380
8381
8383
8384
8385
8386
8387
8390
8393
8397
8402
8404
8406
8407
8408
8410
8411
8412
8413
8414
8416
8417
8419
8420
8423
8424
8426
8427
8430
8431
8434
8437
8438
8439
8440
8442
8444
8446
8452
8458
8461
8463
8464
8467
8468
8469
8474
8479
8481
8483
8485
8490
8491
8493
8495
8496
8498
8500
8501
8502
8503
8504
8506
8510
8512
8513
8515
8521
8525
8526
8528
8532
8534
8537
8540
8541
8543
8544
8545
8546
8548
8549
8554
8556
8557
8558
8559
8564
8565
8566
8567
11498
8570
8578
8579
8581
8582
8585
8587
8592
8593
8597
8600
8604
8606
8607
8609
8610
8612
8614
8615
8616
8619
8622
8623
8624
8626
8627
8629
8631
8632
8633
8634
8635
8637
8639
8642
8645
8647
8648
8649
8651
8652
8659
8662
8663
8664
8665
8667
8668
8671
8676
8677
8679
8681
8682
8683
8684
8685
8686
8688
8689
8693
8694
8697
8705
8706
8708
8711
8712
8713
8714
8718
8721
8722
8723
8727
8729
8734
8735
8737
8738
8741
8742
8744
8745
8746
8751
8752
8754
8755
8756
8758
8759
8760
8761
8764
8765
8766
8768
8769
8772
8773
8774
8777
8780
8781
8782
8783
8784
8785
8786
8787
8788
8789
8790
8791
8792
8793
8794
8795
8798
8800
8801
8803
8807
8808
8810
8811
8812
8813
8814
8815
10826
8818
8821
8822
8824
8825
8828
8829
8830
8831
8832
8833
8834
8837
8839
8842
8843
8844
8845
8846
8847
8848
8849
8850
8851
8852
8853
8854
8855
8856
8859
8860
8865
8866
8867
8869
8871
8872
8873
8875
8878
8880
8882
8883
8884
8886
8888
8889
8890
8892
8895
8896
8897
8898
8899
8902
8906
8907
8908
8911
8912
8913
8914
8917
8918
8920
8921
8922
8923
8924
8926
8927
8928
8929
8931
8933
8934
8935
8938
8943
8944
8945
8946
8947
8948
8953
8954
8955
8957
8958
8959
8960
8961
8966
8973
8976
8977
8978
8979
8982
8984
8985
8986
8987
8989
8995
8996
8997
8999
9001
9002
9004
9005
9006
9008
9009
9010
9011
9012
9013
9014
9015
9017
9019
9020
9022
9023
9024
9025
9027
9034
9035
9036
9037
9038
9040
9041
9042
9043
9045
9050
9051
9052
9053
9054
9057
9058
9059
9060
9061
9062
9064
9065
9066
9067
9069
9070
9071
9072
9073
9074
9075
9076
9079
9080
9081
9082
9083
9084
9086
9087
9089
9090
9091
9092
9095
9096
9101
9102
9103
9104
9106
9107
9108
9109
9110
9111
9113
9114
9116
9117
9118
9119
9121
9122
9123
9124
9127
9128
9130
9135
9136
9137
9138
9141
9142
9144
9145
9146
9147
9149
9151
9153
9158
9159
9160
9161
9162
9164
9165
9166
9168
9170
9173
9174
9178
9181
9182
9184
9187
9188
9191
9192
9195
9198
9199
9200
9202
9205
9206
9207
9210
9211
9213
9214
9215
9216
9217
9219
9221
9222
9223
9224
9225
9226
9227
9228
9231
9235
9236
9237
9239
9240
9243
9245
9247
9248
9250
9251
9252
9258
9259
9261
9263
9266
9267
9268
9269
9271
9273
9274
9275
9277
9278
9279
9280
9281
9282
9283
9285
9286
9287
9289
9294
9297
9298
9299
9301
9302
9304
9307
9310
9311
9313
9315
9316
9319
9320
9321
9326
9328
12580
9329
9330
9332
9333
9334
9336
9337
9340
9341
9342
9345
9346
9347
9348
9349
9350
9351
9352
9355
9356
9357
9358
9359
9360
9362
9366
9367
9368
9369
9372
9373
9375
9376
9377
9378
9379
9380
9382
9383
9384
9385
9390
9392
9393
9394
9398
9400
9402
9410
9411
9427
9431
10499
10205
9436
9446
9453
9455
9457
9461
9462
9465
9469
9474
9475
9477
9479
9483
9490
9491
9496
9499
9500
9505
9512
9515
9517
9519
9520
9521
9523
9526
9530
9531
9532
9536
9539
9540
9553
9555
9556
9559
9561
9562
9566
9569
9571
9574
9578
9593
9580
9581
9582
9583
9584
9586
9589
9590
9592
9597
9599
9600
9601
9602
9604
9605
9606
9612
9615
9629
9633
9639
9642
9647
9648
9654
9656
9657
9658
9661
9668
9669
9671
9675
9676
9677
9682
9683
9686
9689
9693
9697
9698
9700
9701
9704
9709
9710
9711
9715
9716
9717
9721
9723
9724
9725
9730
9735
9741
9742
9743
9744
9745
9746
9747
9748
9751
9753
9754
9756
9757
9758
9759
9760
9766
9761
9762
9763
9764
9765
10135
9767
9768
9769
9771
9776
9777
9779
9780
9781
9784
9787
9788
9789
9792
9795
9796
9797
9802
9804
9806
9807
9809
9810
9812
9815
9818
9821
9824
9825
9826
9831
9834
9836
9838
9839
9841
9843
9845
9846
9853
9854
9855
9856
9859
9860
9863
9864
9865
9868
9869
9870
9874
9878
9880
9883
9886
9890
9894
9895
9898
9899
9900
9901
9906
9907
9911
9913
9914
9915
9918
9919
9923
9924
9925
9926
9928
9934
9935
9936
9940
9941
9943
9944
9946
9948
9949
9951
9955
9956
9958
9959
9960
9962
9965
9966
9967
9970
9971
9973
9974
9976
9982
9987
9989
9990
9993
9995
9996
9998
10001
10002
10006
10008
10009
10012
10013
10017
10025
10028
10032
10033
10034
10035
10038
10039
10040
10041
10043
10045
10049
10050
10052
10053
10054
10056
10057
10059
10060
12909
10062
10063
10064
10065
10067
10070
10071
10072
10073
10076
10083
10084
10085
10086
10090
10091
10092
10094
10096
10097
10102
10105
10106
10107
10108
10110
10111
10113
10115
10116
10117
10118
10121
10125
10132
10133
10136
10137
10138
10139
10142
10143
10145
10150
10151
10152
10154
10155
10156
10157
10158
10161
10162
10164
10166
10169
10173
10174
10181
10182
10184
10185
10186
10189
10194
10196
10199
10200
10201
10202
10208
10215
10216
10217
10218
10219
10223
10224
10225
10228
10229
10231
10232
10235
10236
10238
10239
10240
10241
10243
10245
10246
10248
10256
10258
10260
10262
10266
10268
10270
10274
10275
10276
10281
10287
10288
10297
10298
10302
10303
10308
10314
10319
10320
10325
10328
10333
10334
10335
10341
10342
10346
10350
10356
10363
10367
10374
10378
10389
10395
10396
10402
10408
10409
10414
10417
10418
10423
10424
10435
10447
10449
10450
10454
10465
10466
10468
10471
10472
10487
10491
10492
10495
10497
10503
10505
10509
10511
10524
10527
10529
10530
10531
10532
10534
10539
10541
10544
10547
10552
10565
10571
10573
10575
10577
10583
10588
10589
10594
10598
10600
10604
10605
10622
10629
10630
10631
10632
10633
10636
10640
10643
10649
10651
10654
10658
10659
10662
10668
10669
10671
10674
10677
10678
10679
10680
10683
10684
10689
10695
10699
10706
10707
10711
10712
10714
10715
10720
10721
10724
10727
10728
10730
10733
10734
10740
10742
10749
10752
10753
10755
10758
10760
10764
10766
10769
10770
10774
10783
10785
10786
10790
10792
10794
10799
10803
10804
10808
10810
10811
10813
10819
10820
10824
10828
10833
10834
10835
10843
10844
10845
10847
10848
10849
10851
10858
10859
10868
10869
10873
10886
10887
10895
10898
10900
10905
10906
10907
10909
10912
10914
10915
10917
10919
10923
10926
10928
10929
10933
10934
10937
10939
10940
10942
10946
10948
10951
10952
10953
10963
10966
10972
10973
10975
10977
10981
10984
10997
11001
11005
11006
11010
11014
11015
11020
11024
11026
12147
11031
11032
11035
11041
11042
11044
11047
11048
11340
11052
11059
11066
11068
11070
11073
11084
11088
11094
11098
11099
11101
11102
11104
11105
11110
11111
11113
11116
11120
11125
11129
11132
11134
11139
11141
11150
11154
11155
11157
11161
11168
11174
11176
11178
11179
11180
11182
11188
11191
11192
11193
11194
11197
11203
11206
11211
11213
11216
11219
11221
11222
11224
11226
11228
11229
11230
11236
11239
11240
11242
11243
11246
11247
11249
11253
11255
11256
11257
11258
11260
11262
11263
11266
11267
11268
11269
11270
11274
11275
11279
11280
11282
11285
11288
11291
11294
11296
11298
11299
11300
11302
11305
11306
11308
11309
11310
11311
11312
11313
11317
11321
11322
11327
11328
11332
11333
11334
11336
11338
11339
11342
11344
11347
11348
11350
11352
11355
11356
11358
11359
11367
11369
11372
11373
11375
11377
11379
11384
11386
11387
11390
11392
11393
11396
11398
11399
11401
11402
11404
11406
11408
11409
11410
11411
11414
11415
11416
11417
11418
11420
11423
11424
11425
11426
11428
11430
11431
11432
11433
11435
11437
11440
11442
11443
11444
11446
11447
11448
11449
11450
11451
11452
11453
11454
11458
11461
11465
11467
11468
11470
11472
11473
11474
11475
11476
11477
11478
11481
11483
11484
11486
11489
11490
11491
11493
11495
11496
11500
11502
11503
11504
11507
11509
11511
11515
11516
11517
11518
11519
11520
11522
11524
11526
11527
11529
11534
11537
11538
11539
11541
11542
11543
11546
11547
11548
11551
11552
11553
11554
11555
11556
11557
11560
11561
11563
11565
11566
11567
11568
11569
11572
11573
11574
11575
11578
11579
11581
11583
11584
11589
11590
11591
11592
11594
11595
11596
11597
11598
11599
11600
11601
11606
11607
11608
11609
11610
11611
11612
11613
11614
11615
11616
11617
11618
11619
11620
11621
11622
11624
11625
11626
11627
11629
11630
11631
11632
11633
11637
11638
11639
11643
11644
11645
11650
11653
11654
11655
11656
11657
11662
11668
11674
11676
11679
11682
11683
11684
11685
11686
11687
11689
11690
11691
11694
11695
11696
11698
11699
11700
11703
11706
11707
11711
11720
11721
11724
11728
11729
11730
11731
11736
11737
11742
11743
11747
11749
11750
11754
11756
11759
11760
11761
11763
11764
11766
11769
11771
11775
11780
11782
11783
11784
11785
11786
11787
11788
11789
11792
11793
11796
11798
11799
11801
11802
11804
11805
11806
11807
11808
11809
11811
11816
11819
11822
11823
11824
11825
11827
11828
11831
11832
11834
11837
11838
11841
11842
11843
11844
11845
11846
11850
11855
11856
11859
11860
11861
11864
11866
11869
11870
11871
11873
11874
11879
11885
11888
11890
11891
11893
11896
11897
11898
11899
11900
11907
11911
11912
11913
11914
11915
11916
11918
11919
11921
11924
11929
11931
11936
11938
11940
11942
11943
11944
11946
11949
11950
11952
11954
11956
11958
11961
11966
11967
11969
11973
11974
11975
11977
11979
11981
11983
11986
11989
11991
11993
11997
12001
12002
12003
12005
12009
12013
12014
12015
12021
12028
12031
12032
12035
12038
12039
12041
12046
12047
12050
12051
12055
12056
12057
12059
12060
12065
12069
12070
12073
12075
12076
12077
12079
12082
12084
12086
12087
12093
12094
12096
12099
12105
12106
12112
12116
12117
12119
12122
12123
12124
12125
12126
12128
12129
12130
12133
12136
12137
12138
12139
12140
12143
12144
12145
12149
12155
12158
12159
12166
12167
12171
12172
12173
12176
12177
12180
12181
12185
12189
12192
12194
12195
12197
12203
12207
12208
12210
12214
12215
12218
12219
12223
12225
12228
12231
12233
12236
12239
12244
12252
12255
12256
12257
12265
12266
12267
12270
12271
12274
12275
12277
12278
12279
12281
12283
12284
12287
12289
12292
12294
12296
12303
12304
12308
12309
12310
12311
12312
12313
12317
12318
12328
12330
12334
12337
12338
12339
12342
12344
12348
12349
12352
12353
12356
12363
12365
12366
12367
12368
12370
12372
12373
12375
12376
12379
12383
12386
12388
12389
12390
12396
12397
12400
12401
12405
12407
12409
12410
12413
12420
12423
12426
12430
12435
12439
12443
12446
12449
12450
12451
12452
12456
12457
12458
12459
12462
12466
12476
12478
12479
12484
12486
12487
12494
12495
12498
12500
12503
12508
12509
12511
12514
12515
12516
12543
12553
12566
12572
12574
12601
12606
12609
12611
12612
12613
12614
12615
12619
12620
12622
12624
12626
12628
12632
12635
12639
12640
12641
12642
12643
12644
12652
12653
12823
12658
12660
12661
12663
12665
12667
12668
12669
12670
12674
12675
12677
12679
12684
12685
12688
12689
12690
12691
12693
12695
12698
12700
12701
12702
12703
12706
12709
12710
12711
12712
12715
12716
12718
12720
12721
12722
12726
12727
12728
12729
12730
12732
12733
12735
12738
12739
12743
12744
12747
12750
12752
12753
12754
12760
12761
12762
12763
12764
12765
12766
12767
12768
12769
12770
12771
12772
12773
12774
12775
12776
12777
12778
12779
12781
12782
12783
12784
12785
12786
12788
12789
12790
12792
12793
12794
12795
12796
12797
12798
12799
12800
12801
12802
12804
12806
12808
12809
12811
12813
12815
12816
12817
12818
12819
12820
12821
12822
12824
12826
12827
12828
12829
12830
12831
12832
12835
12836
12837
12838
12839
12841
12842
12843
12844
12845
12846
12847
12848
12850
12851
12853
12854
12855
12856
12857
12858
12859
12861
12862
12865
12866
12868
12869
12870
12871
12872
12873
12874
12875
12876
12877
12878
12879
12880
12882
12885
12886
12887
12890
12891
12892
12894
12895
12897
12898
12899
12901
12903
12904
12905
12906
12907
12908
12911
12912
12913
12914
12915
12916
12917
12918
12919
12921
12922
12923
12924
12925
12926
12928
12931
12932
12933
12935
12936
12939
12940
12941
12942
12943
12944
12946
12948
12949
12951
12953
12954
12957
12959
12960
12961
12962
12963
12964
12966
12967
12968
12969
12972
12973
12974
12975
12976
12977
12979
12980
12981
12982
12983
12985
12986
12987
12988
12990
12991
12992
12993
12994
12995
12996
12997
12999
13000
13001
13003
13004
13005
13006
13008
13010
13011
13012
13013
13014
13016
13017
13018
13019
13021
13022
13023
13024
13025
13026
13027
13028
13029
13030
13031
13032
13033
13034
13035
13036
13037
13038
13039
13041
13042
13043
13044
13046
13048
13049
13050
13051
13052
13053
13055
13056
13057
13059
13061
13063
13066
13067
13068
13069
13070
13071
13072
13074
13075
13076
13077
13079
13080
13082
13084
13085
13087
13089
13090
13092
13093
13096
13098
13099
13106
13107
13109
13112
13115
13116
13117
13118
13119
13120
13121
13122
13125
13127
13129
13131
13139
13140
13141
13142
13152
13153
13157
13159
13160
13163
13164
13166
13168
13171
13173
13174
13175
13176
13178
13180
13181
13183
13186
13187
13189
13191
13192
13195
13196
13199
13201
13202
13203
13204
13205
13207
13208
13210
13211
13212
13213
13215
13216
13218
13219
13220
13221
13222
13223
13226
13228
13229
13230
13231
13233
13234
13235
13237
13238
13239
13240
13241
13242
13243
13244
13245
13248
13250
13251
13252
13253
13255
13257
13260
13261
13263
13264
13265
13266
13267
13268
13269
13270
13271
13274
13276
13277
13278
13279
13280
13281
13282
13284
13285
13286
13287
13288
13289
13292
13294
13295
13297
13299
13301
13302
13303
13304
13305
13306
13307
13308
13309
13313
13314
13315
13317
13318
13319
13320
13323
13324
13325
13327
13328
13331
13335
13337
13338
13339
13340
13342
13343
13344
13346
13347
13348
13351
13353
13354
13358
13359
13360
13367
13368
13369
13370
13371
13372
13374
13375
13376
13378
13379
13380
13381
13382
13384
13385
13387
13388
13389
13391
13392
13393
13396
13397
13399
13401
13403
13405
13406
13407
13408
13414
13417
13418
13419
13420
13425
13426
13430
13432
13434
13435
13441
13449
13453
13460
13464
13466
13467
13469
13471
13472
13476
13477
13480
13482
13484
13488
13491
13494
13495
13496
13498
13501
13507
13511
13514
13516
13517
13518
13522
13523
13524
13526
13531
13532
13533
13535
13538
13539
13540
13543
13544
13545
13546
13547
