2
6912
3
6806
1161
6615
8213
4758
6817
34
5028
10156
1328
2610
179
1208
4670
4801
3541
3542
4823
4312
89
4190
1893
1782
11768
57
12
253
13
1150
12735
14
1104
1742
283
33
35
37
38
15969
1129
3371
2605
15161
44
54
2087
56
10051
3213
2873
4507
6236
64
65
3513
67
68
5142
6893
4150
69
665
5749
3161
70
74
4169
1207
72
11017
3222
3224
15903
1063
3496
4137
10026
6572
14834
15407
692
1724
1617
6741
3031
100
7004
15844
15346
298
73
2750
82
84
87
88
90
92
94
1680
95
98
101
102
11904
3362
6115
2406
1737
12482
7555
12894
104
108
3872
6370
1380
1735
1906
10267
116
117
5930
118
129
227
1895
5529
122
123
124
125
126
1427
238
7879
127
1625
14299
131
450
132
135
140
141
142
4159
2891
4783
143
144
146
541
148
150
151
409
152
156
280
160
161
15899
8847
164
2679
3246
4287
4697
173
5309
175
222
177
178
5121
180
181
10872
12486
183
185
186
354
3849
3850
2159
187
189
190
191
192
211
13098
8541
215
218
219
221
5224
3584
3370
3187
2778
7420
224
233
237
241
244
252
3140
368
257
258
259
261
835
6948
264
265
833
449
272
737
446
273
4698
274
275
10905
404
278
7624
7500
4564
4667
2716
281
282
2642
3137
285
287
1932
294
1382
295
5099
5030
316
7261
3402
1315
789
297
301
13703
6699
4644
13959
5674
12428
12078
1713
6386
7918
13657
1111
2538
327
7492
3646
328
2795
11668
332
1700
333
2831
5089
8200
4093
1567
338
7523
2108
343
347
348
349
7840
3910
814
2840
355
358
363
364
585
367
547
1501
371
372
388
1061
522
396
6722
783
725
4569
375
376
377
1690
7251
380
565
385
386
1635
387
2216
1140
4989
389
392
393
394
6530
2405
12059
6068
11188
397
398
401
402
403
3127
6280
412
415
418
419
6834
420
812
421
422
423
427
428
430
2289
8277
11559
434
436
443
448
4489
3979
2329
3994
9766
1708
711
2529
3938
10601
2801
3958
6138
453
1687
454
455
456
458
1618
7689
2713
460
462
463
1385
475
2625
6585
477
485
489
491
493
494
744
495
5637
499
521
2897
3634
13173
10743
501
5132
7462
502
748
505
13833
10379
8412
11878
2282
15854
757
1143
12010
506
2784
11730
507
3847
512
513
514
516
2135
517
518
519
520
524
525
8202
526
3456
11586
530
533
596
5559
535
2269
537
540
544
546
8961
3523
549
13262
3988
7856
700
8739
552
553
4130
554
4318
555
1085
559
562
4427
2052
12675
1490
567
573
574
2609
575
3149
6421
578
581
2457
620
587
591
4879
595
3489
3625
13271
11439
11762
2839
5469
7717
6691
613
616
618
619
623
625
626
12360
628
5600
1194
635
636
638
640
641
642
643
644
647
648
656
660
2626
2564
5351
5569
5787
661
5144
955
662
1675
663
2715
668
669
670
675
676
679
684
687
690
840
691
693
694
1127
695
701
712
713
714
720
1514
4746
2063
721
722
2783
724
728
5173
6607
726
727
6784
6819
5671
4298
766
729
731
7559
736
740
745
746
2440
3386
2239
750
751
1476
752
754
818
2484
755
756
760
12404
764
10800
770
13489
4909
14545
772
773
776
777
11732
7076
9588
790
791
803
808
5505
3318
813
821
822
4944
9702
823
1073
1166
838
4452
848
850
857
863
865
871
872
5564
11135
875
877
5663
885
886
7672
897
7495
934
941
943
944
954
965
968
969
4661
972
973
979
6399
982
983
992
6634
995
1001
1003
1006
6079
1012
1018
8385
1027
5635
1028
11514
1030
10253
5396
1034
1044
1054
1056
1060
1066
1068
1069
1732
1086
1091
1092
1093
2113
1103
12195
3463
1105
1112
1117
5533
1125
1126
5732
1131
12261
1137
1139
1142
1144
1145
5954
1359
1152
1154
1392
2149
1156
1170
1157
1160
1167
3985
1173
1175
1179
1185
9663
1186
1199
1204
2177
10530
11614
1206
11718
6668
6101
15862
6262
7066
1218
1220
1321
3255
1224
1225
1226
1228
1229
1234
1237
1238
1306
1239
1240
1244
1249
1250
1256
1259
1262
1264
1266
1267
1268
1271
1276
1278
1282
1286
1291
1873
1292
1295
1298
4734
1299
1302
2597
1310
1930
1313
1314
1400
1362
1319
1327
11825
9548
4058
4165
1329
1333
1334
1336
1339
1341
1344
1349
3361
1353
1355
1356
3568
8810
15411
1367
1371
1372
1373
2638
7511
12314
2558
1377
1381
1384
1389
1397
3573
1745
1401
1404
1408
1410
1411
1414
1417
1418
1424
4521
1425
2507
2284
1426
11712
8046
10446
6919
1428
1429
1430
7424
1433
8044
11956
1434
1439
1464
2102
1442
1443
1446
1449
1450
1451
1456
1457
1458
1459
1460
5702
1461
1462
1463
1466
1474
1477
1478
1486
1488
12903
3253
1497
1499
1500
10323
1504
1506
1508
1509
1513
1517
1518
1520
5541
10287
2549
12895
11750
6123
3182
1521
1585
6111
1524
1525
1528
1529
3464
1537
1538
1541
1542
1544
1546
1547
1548
1550
1551
1553
1556
1558
1560
1561
1563
1564
5562
1565
2590
1568
1570
1573
1574
1578
1582
1584
1651
4893
4506
1589
1590
1591
1595
1596
3706
1597
1599
1602
1604
1605
1607
1616
1621
1628
1634
2560
1640
1643
1649
2264
1653
1654
1656
4526
1657
1662
1663
1664
10353
1665
1666
1672
1673
1674
14289
1676
1679
4938
1681
1688
1689
8237
4561
4794
1692
1694
1695
1697
1698
1757
1701
1705
1706
1709
1710
1729
1734
1739
9738
5462
1740
2030
1741
1743
1746
1749
7602
1750
6490
2321
1755
1758
1762
1763
1764
1765
1766
1767
1771
1772
1776
1777
1780
1837
2419
3354
1784
1788
1790
1791
3268
1795
4609
1797
5453
1801
1803
1805
1806
1807
1813
10848
2065
2806
10364
1814
1817
1818
1823
1825
1828
1830
1833
1836
1843
1844
1848
1849
1858
1861
1863
10096
1864
3273
1866
1869
1870
2192
1872
1875
1876
1878
3635
9919
1879
1881
1882
1892
11524
6182
4040
3054
14458
1896
1902
1904
1905
1908
1913
1923
3216
5021
1941
1949
1951
1953
1955
1960
1961
1962
1963
1972
1973
1976
1977
9793
1978
1983
1995
1985
8389
1991
1993
5728
1994
1999
2005
2006
2007
2011
2013
6936
2014
10844
2015
10850
2019
2022
2025
2026
2027
2033
2034
2042
4186
9891
2044
2045
2046
2047
5550
2060
13421
2066
2069
2078
2084
2089
2091
2092
2099
10187
2103
2104
2105
2107
4369
12483
5911
2124
2126
2129
2132
2133
2134
2137
2146
2148
2150
2153
2160
2162
10034
2163
2164
2170
2174
2176
2468
2178
5881
2183
2188
10337
2574
4345
2196
2198
3978
2200
2206
4461
2207
2210
2211
2213
2215
4860
12616
2219
2230
2234
2528
2238
4477
2240
2241
2242
2244
2247
2248
2249
2250
2253
2259
2262
2263
2268
15754
9775
2274
2276
2277
2278
5107
2288
9717
3652
2290
2297
2299
2301
2302
2305
2309
2315
2326
2328
2330
2331
2333
2334
2338
2339
2344
2348
2349
2351
2352
2353
2356
2360
2365
2367
2371
2376
2377
2382
2384
2387
2390
2391
2394
2395
2398
2399
2403
8486
6018
3189
5302
6521
13535
2411
2415
2417
2418
2423
13517
2426
2427
2428
2438
2439
11308
12949
2442
2445
2447
2449
11313
2459
2463
2464
4334
2469
5152
2472
2473
10033
9607
2478
2479
2486
2487
2491
2495
2497
4621
2499
2502
2503
2510
2513
5480
2518
2519
2521
2522
5355
2524
2525
2527
2530
2531
2534
2536
2539
2541
2547
2548
2550
2551
2552
2554
2556
2559
5308
2567
2569
11675
2578
2580
11992
2581
2583
2585
2595
11652
2596
2599
2973
2603
2606
5506
2612
2613
14486
2950
12741
2615
2619
7997
2623
2624
3045
13774
12221
2628
2631
2634
2635
4699
2636
8212
2639
2641
15595
2647
2650
9012
2651
2653
2654
2655
2660
2663
2664
2665
2668
2669
2670
2673
2674
2956
9726
2676
2678
4615
4840
10061
7824
2895
2683
2684
2687
2695
2697
2699
4197
2700
2703
2708
2717
7776
13047
2718
2719
2724
2730
2735
2737
2741
2747
5237
2749
8240
13956
2757
2758
2760
2761
2762
2763
2764
2773
2775
2812
5379
12345
10008
7644
2779
2785
2787
2789
2800
9509
2803
2805
5324
2807
2809
2813
2815
4193
2816
2819
2822
2826
2827
3487
11863
2835
7120
2837
2841
2842
2843
5887
2844
2850
2851
2856
2857
2858
2860
2862
13749
2863
2864
2865
2866
2867
2876
2879
2882
2883
2887
2893
2894
5863
2898
2906
2908
2910
2914
12863
2917
2918
2919
2920
2921
2927
2928
2945
2929
2932
5139
2937
2938
2939
2941
2943
2944
2954
2957
11194
2960
2961
2962
2963
2964
2965
2967
2970
2971
5768
2974
2977
2978
2979
2981
3267
5135
2985
2987
11664
2993
2994
2997
3002
3003
3004
3006
3008
3009
3010
3015
9538
3017
3019
3021
3022
3025
3026
3029
3030
5891
3034
6695
6043
3036
3038
3040
15050
6794
3269
3047
3048
3049
3050
3057
3059
3062
3063
3065
3066
3068
5753
3070
3072
3073
4604
3079
3080
3081
3084
3085
3090
3091
3092
3097
3100
3101
3102
3103
3104
3106
3108
3109
3113
3118
3119
3120
3121
3122
3123
3126
3130
3132
3133
3134
3136
3139
3141
3142
3143
3145
5703
3147
3151
3152
3154
7645
3156
3160
3162
3163
3165
3167
3169
3170
3171
3172
15700
3176
3179
3180
4397
6337
3192
3193
3194
3195
3196
3197
3199
3206
3207
3210
3214
3215
7236
9743
3219
3220
5068
3229
3235
3240
3243
4750
3250
3252
3254
3259
3263
3277
3279
3283
3284
3291
3295
3296
3298
3301
3305
8774
3307
3312
3313
3315
3317
3322
3323
3325
3326
3327
3330
3331
3341
3332
3337
3338
3349
3350
3352
3357
3358
3359
3360
3365
3366
3369
5474
3372
3373
3374
3376
3382
3385
3389
3390
3394
3395
3400
10166
3403
3405
3408
3409
3410
3413
3414
3415
5329
3418
3421
3450
3422
3429
3431
3433
3436
3437
3438
3439
3441
3455
3457
3462
3466
3468
3474
3475
3476
3478
3481
3486
15181
3490
3491
3492
3997
3497
3499
3501
3508
3729
11835
3514
3521
3522
13792
3524
3525
3526
3527
3530
3531
12989
3532
3533
5457
3534
3535
3536
3539
3545
3548
3549
3550
3552
3559
3562
3563
3567
3569
3575
9808
3578
3579
3583
6786
4230
3587
3592
3593
3594
3600
3604
3605
5621
5799
3608
3609
3610
3612
3613
3615
3617
3618
3628
3630
3631
3639
3645
3647
3648
3651
4182
3653
3656
3659
3661
3662
3664
5022
3668
14325
3674
3675
3688
3691
3697
3707
3698
3703
3704
3709
3716
3722
3739
3740
3746
4802
3748
3752
3755
3757
3766
3771
3772
3773
9584
3775
3776
3780
3781
11663
3782
3783
3787
3788
3789
3793
3797
4106
3806
3809
3816
3817
3818
3820
3821
3822
11795
3824
4498
3825
3826
3827
3828
3833
3839
3845
3851
3856
3859
3860
3865
3867
3869
3871
3874
3878
3879
3880
3884
3888
14798
3891
3894
3895
3897
3898
3899
3901
3902
3904
3905
3906
3908
3911
3915
3924
3925
3927
3928
3931
3932
3940
3936
3937
3944
3945
3947
3949
3954
3957
3959
3962
3963
3964
3965
3968
3970
3974
3980
3981
3983
3984
3986
3995
3996
4650
10444
3998
3999
4000
4003
4010
4012
4013
4019
4020
6401
4024
4025
4030
4031
8681
4032
4033
4034
4035
4037
4043
4044
4045
4050
4051
4053
4055
4060
4067
4073
5444
4075
4079
4080
4082
4085
4087
4088
4094
4095
4097
4100
4101
4102
4107
4110
4112
4114
4116
4117
4120
4121
4123
4125
4131
4132
4133
4135
6657
15982
4136
4138
4144
4145
4147
4149
4152
4153
4155
4156
4158
4163
4168
4172
5727
4175
4177
4178
4179
4183
4185
4187
10225
4195
12187
4200
4202
4204
4206
4207
4211
4213
4214
4215
4216
4218
4222
4224
4225
4227
4228
4237
4242
4246
4249
4253
4258
4264
4270
4279
5067
5722
4283
4284
4295
4299
4300
4301
4313
4315
4320
4327
4328
4329
4332
4335
4337
4339
12150
4351
6710
4354
4355
4356
4357
4360
14010
4373
4377
4386
4391
4394
4396
4398
4402
4403
4406
4407
4412
4422
4425
4426
4430
4432
4435
4441
4447
4448
4451
4454
4778
4456
4460
4463
4465
4472
6168
4479
4480
4490
4491
5036
4492
4494
4497
4499
4502
4503
4504
6082
4505
4509
4510
4511
4512
4515
4516
7493
4517
4518
4519
4520
11763
4612
4522
4523
4529
5919
4531
4532
4533
4540
4541
4542
4543
15606
4544
4545
4547
4552
4553
4559
4560
7999
4566
4568
4729
4571
4573
4574
4577
4581
4583
4585
4587
4590
4598
4607
4608
11129
4616
4619
4620
4622
4628
4632
4639
4640
4641
4646
4647
4648
6294
4651
4652
4654
4655
4657
6363
7980
4662
4665
11785
4671
4673
4674
4676
4679
4683
8563
4685
4689
4690
4693
4694
11457
4696
10929
4700
4702
4703
4710
4712
4714
4719
4720
4721
4725
4726
4727
4730
4732
4733
4735
4736
4737
4738
4741
4743
4744
4745
4748
4751
4753
4754
4759
4760
4761
4763
4765
4766
4767
4769
4770
4771
4774
4775
4777
4780
4781
4782
4784
4786
4787
4788
4791
4792
4796
4797
4799
4803
4805
4808
4809
4810
4812
4814
4817
4822
4824
4825
4829
4830
4836
4838
6059
4841
4843
4844
4845
4846
4847
4848
4849
4851
4854
4855
4857
4858
4859
4861
4862
4863
4865
4866
4867
4868
4871
4874
4876
4878
4880
4881
4882
4884
4887
4888
4890
4892
4894
4896
4898
4899
4900
4903
4904
4905
4906
4908
4915
4917
4918
4919
4920
4924
8187
4925
4926
4931
4932
4933
4934
11352
4936
4937
4941
4942
4943
4945
4946
4950
4951
4952
4954
4955
4957
4958
4959
4960
4961
4962
4963
4967
4968
4969
4970
4976
4979
4983
4986
4988
6853
4990
4992
4994
4997
4999
5000
5001
5002
5003
5004
5006
5007
5008
5010
5011
5012
5014
5015
5017
5018
5019
5020
5234
5023
5024
5025
5026
5027
5029
5033
5034
5037
5038
5041
5046
5048
5052
5053
5054
5056
5058
5059
5060
5061
5062
5063
5064
5066
5069
5070
5072
5073
5074
5075
7998
5080
5081
5082
5084
5087
5091
5092
5093
5094
5097
5098
5100
5101
5102
5103
5104
10857
5108
5110
5111
5115
13484
5118
5120
5124
5125
5129
5130
11284
5133
5136
5137
5138
5141
5143
11123
5145
5146
5147
5148
5150
5153
5155
5157
5158
5159
5160
5161
5163
5164
5165
5166
5167
5169
5170
5774
5171
5172
5174
13777
5175
5176
5177
5178
5179
9340
5180
5181
5182
5184
5186
5188
5189
5190
5191
5192
5193
5194
5195
5492
6439
5196
5197
5198
5199
5200
5203
5204
5205
5206
5207
5208
5209
5211
5212
5213
5214
5215
5216
5217
5218
5219
5220
5221
5222
5223
5225
5226
5228
5229
5230
5231
5232
5235
5236
5238
5240
5241
5242
5243
5245
5246
5248
5249
5253
5254
5255
5257
5258
5259
5260
5261
5263
5264
5265
5267
5268
5271
5272
5273
5274
5277
5278
5279
5280
5281
5282
5283
5284
5285
5286
5288
5290
5291
5292
5294
5295
5296
5297
5298
5299
5300
5301
5303
5304
5305
5306
5311
5313
5314
5315
5317
5318
5319
5323
11727
5325
8140
5326
5327
5331
5334
5335
5336
5341
5342
5343
5344
5345
5348
5352
5353
5354
5356
5659
5359
5360
5361
5364
5365
10182
5366
5369
5370
5371
5374
5375
5377
5378
5381
5383
5384
5385
5388
5389
5392
5393
5394
5395
5398
5399
5400
5401
5402
5403
5404
5405
5406
5407
5408
5409
5410
5411
5413
11696
5417
5418
5421
5423
5424
5426
5427
5428
5430
5433
5434
5435
5437
5439
5440
5441
5442
5443
12162
14949
6601
11390
5445
5446
5447
5448
5449
5450
5455
5456
5458
5460
5461
5464
5465
5467
5468
5470
5472
5473
5475
5476
5477
5478
5479
5481
5482
5483
5484
5485
5487
5488
5489
5490
5491
5494
5495
5496
5497
5499
5500
5501
5503
5504
5507
5509
5511
5513
5514
5515
5518
5519
5520
5523
7112
5525
5526
5532
5534
5536
5537
5538
5539
5540
5542
5544
5547
5548
7911
5551
5552
5553
5554
5555
5557
5558
5561
5563
5565
5566
5567
5570
5572
5573
5574
5575
5576
5577
5578
5579
5580
5581
5582
5584
5586
5587
5590
5592
5594
5595
5596
14953
5602
5603
5604
5606
5608
5609
5610
5611
5612
5614
5615
5616
5618
5619
5620
5622
5624
5625
5627
5628
5630
5633
5634
5636
5638
5643
5645
5646
5648
5649
5650
5651
5653
5654
5655
5660
5661
5662
5667
5668
5669
9906
5673
5675
5676
5677
5678
5679
5680
5683
5684
5686
5687
5688
5689
5690
5691
5692
5694
5696
5697
5698
5699
5700
5701
5704
5707
5708
5709
5710
5711
5712
5713
5714
5715
5716
5718
5719
5720
5721
5723
5724
5725
5729
5731
5734
5736
5739
5744
5746
5747
5748
7488
5750
6801
5752
5757
5758
5759
5760
5761
5763
5764
5765
5766
5769
5770
5771
5773
5775
5776
5778
5779
5780
5781
5783
5785
5786
5788
5789
5791
5792
5793
5794
5795
5796
5797
5800
5801
5803
5804
5808
5811
5812
14763
6375
5813
5814
5815
5816
5817
5818
5819
5820
5821
5822
5823
5824
5825
5826
5827
5831
5833
5834
5835
5836
5837
5838
5839
5840
5842
5844
5845
5849
5850
5852
5853
5855
5857
5859
5861
5864
5866
5867
5869
5870
5872
5874
5875
5876
12647
5879
5885
5886
5888
5889
5890
5892
5895
5897
5901
6705
5903
5907
5908
5912
5913
5915
5916
5918
5923
5924
5925
5926
5929
7828
5936
5937
5938
5939
5940
5941
5943
5946
5951
5953
5955
5957
5962
5963
5964
5967
5972
5975
5977
5978
5980
5981
5982
5991
5992
5993
5994
5995
5997
5998
5999
6002
6003
6005
6007
6010
6013
6015
6022
6025
6027
6030
6033
6034
6035
7200
6036
6037
6040
6532
6044
6045
6046
6047
6048
6050
6054
6058
6061
6062
6065
6066
6067
6069
6070
6071
6072
6073
6076
6077
6078
6081
6083
6087
6088
6089
6090
6092
6093
6094
6095
6096
6098
6099
6100
6102
6103
6104
6105
6107
6110
6114
6116
6118
6119
6120
6125
6126
6127
6128
6129
6130
6131
8547
6133
6134
6135
6137
6141
6145
6146
6147
6149
6150
6152
6153
6155
6156
6157
6158
6159
11345
6160
6163
6164
6166
6170
6171
6172
6173
6175
6176
6177
6178
6533
6179
6180
6181
6183
6188
6189
6190
6193
6194
6196
6199
6200
6201
6203
6204
6432
6205
6207
6212
6221
6222
6223
6226
6227
6230
6231
6233
6235
6237
6238
6239
6242
6243
6246
6247
6249
9943
6251
6252
6254
6256
6257
6258
6259
6261
6264
6267
6268
6269
6270
6272
6274
6275
6278
6281
6282
6283
6286
6287
6289
6291
6292
6537
6295
6296
6297
6298
6299
6302
6303
6304
6305
6306
6307
6308
6309
6310
6311
6313
6314
6315
6318
6321
6322
6323
6329
6330
6332
6333
6335
6336
6338
6343
6344
6347
6348
6349
6350
6352
6353
6354
6355
6357
6360
6361
6367
6368
6371
6372
6373
6376
6377
6380
6381
6382
6384
6385
14287
7551
6387
6390
6392
6394
6395
6398
6440
6405
6410
6412
6413
6414
6415
6416
6417
6420
6422
6426
6427
6428
6433
6434
6437
6438
6441
6443
6447
6451
6453
6454
6455
6456
6457
6458
6459
6461
6462
6464
6465
6467
6468
6470
6471
6474
6475
6476
6478
6479
6481
6482
6483
6484
6485
6486
6487
6488
6489
6492
6493
6495
6496
6498
6499
6503
6505
6506
6507
6508
6510
6511
6513
6514
6516
6517
6518
6519
6520
6522
6524
6525
6526
6527
6529
6531
6534
6538
6539
6540
6541
6542
6543
6544
6546
6547
6549
6550
6553
6554
6555
6556
6558
6559
6560
6561
6562
6565
6566
6567
6568
6569
6571
6573
6574
6575
6579
6581
6582
6586
6587
6589
6590
6593
6594
6595
6599
6600
6603
6605
6606
6611
6612
6613
9797
6614
6617
6619
6620
6621
6622
6625
6628
6629
11025
6631
6632
6633
9705
6636
6639
6640
6641
6642
6643
6644
6645
6647
6648
6649
6651
6654
6656
6658
6659
6660
6661
6662
6664
6665
6667
6669
6670
6671
6672
6673
6674
6675
6676
6677
6680
6682
6686
6687
6689
6690
6692
6693
6696
6697
6701
6702
6704
9704
6707
6708
6709
6711
6712
6715
6723
6716
6718
6719
6720
6721
6724
6725
6726
6728
6729
6732
6735
6736
6737
6738
6740
6743
6745
6749
6752
6756
6757
6758
6759
6760
6761
6763
6765
6766
6767
6771
6772
6774
6776
6777
6778
6780
6781
6783
6785
6787
6788
6789
6790
6792
6795
6796
6797
6798
6799
10084
6802
6804
6805
6808
6809
6811
6812
6814
6816
6818
6822
6823
6825
6829
6831
6832
6836
6837
6840
6841
6842
6845
6847
6848
6849
6851
6856
6862
6864
6865
6866
6867
6872
6873
6874
6876
6877
6888
6890
6891
6899
6903
6907
6910
6917
6918
6920
6928
6932
6933
6937
14587
6947
6949
6953
6954
6958
6964
6965
11343
6966
6967
6968
6969
6970
6971
6973
6978
6979
6980
15749
6982
6984
6985
6991
6993
6994
6995
6996
6999
7002
7008
7012
7013
7014
7016
7018
7021
7022
7024
7025
7026
7034
7037
7040
7041
7046
7047
7048
7049
7051
7052
7054
7057
7058
7059
7060
7061
7064
7065
7071
7072
7074
7078
7082
7083
7085
7087
7088
7089
7091
7092
7093
7094
7097
7099
7100
7101
7107
7108
7109
7111
7336
10570
11237
10357
7117
7118
7124
7126
7127
7130
7131
7134
7137
7138
7139
7141
7145
7148
7149
7150
7155
7156
7157
7158
7162
7163
7165
7166
7168
7169
7171
7172
7174
7176
7180
7181
7182
7184
7185
7187
7188
7189
7190
7191
7192
7193
7199
7204
7205
7206
7207
7208
7211
7212
7215
7216
7217
7218
7221
7223
7224
7227
7228
7233
7235
7239
7240
7243
7249
7250
7252
7255
7256
7257
7259
7260
7262
7263
7264
7268
7269
7376
9455
7271
7272
7275
7278
7279
7282
7284
7285
7286
7287
7288
7290
7291
7294
7295
7296
7297
7301
7306
7307
7310
7312
7314
7319
7321
7327
7328
7329
7331
7333
7334
7335
7337
7341
7345
7349
7351
7353
7354
7355
7356
7357
7360
7361
7362
7364
7367
7369
7374
7375
7377
7379
7380
7381
10296
7382
7384
7385
7386
7387
7388
7390
7392
7394
7396
7400
7401
7403
7404
7405
7406
7407
7408
7410
7414
7415
7416
7417
16195
7421
7422
7423
7425
7427
7428
7429
7430
7432
7433
7434
7438
7439
7441
7442
7443
7446
7447
7449
7450
7451
7453
7456
7457
7458
7459
7460
7463
7464
7465
7466
7467
7469
7470
7471
7472
7475
7570
13158
7476
7477
7479
7480
7481
7484
7485
12103
7487
7489
7490
7498
7499
7501
7503
7504
7505
7507
7510
7512
7514
7515
7516
7517
7518
7519
7520
7524
7525
7526
7527
7530
7531
7534
7536
7538
7539
8986
7540
7542
7543
7544
7545
7550
7558
7560
7561
7562
7564
7565
7566
7567
7568
7569
7572
7573
7575
7576
7582
7583
7584
7585
7586
7587
7589
7590
7591
7592
7593
7595
7596
7599
7601
7604
7605
13575
9168
8945
10458
7964
7607
7608
7609
7610
7611
7612
7613
7614
7615
8117
7617
7618
7619
7620
7622
7623
7625
7626
7627
7633
7628
7629
7634
7635
7636
7637
7638
7639
7640
7641
7642
7643
7646
7649
7650
7654
7658
7659
7662
7663
7664
7668
7669
7671
7678
7679
7681
7682
12897
7683
7684
7685
7688
7690
7693
7694
7695
7697
7698
7703
7704
7705
7708
7709
7710
7712
7713
7719
7721
7722
7724
7725
7731
7732
7733
7734
7737
7740
7744
7745
7746
7747
7749
7750
7752
7755
7756
7757
7759
7762
7765
7769
8120
7770
7772
7773
7774
10751
7778
7781
7782
7783
7784
7787
7789
7790
7794
7795
7796
7800
7801
7803
7805
7806
7809
7810
10870
7811
7813
7814
7815
7816
7819
7820
7822
7823
7825
7826
7830
7831
7832
7836
7837
7842
7843
7844
7845
7846
7849
7850
7853
7854
7859
7860
7861
7863
7864
7865
7868
7869
7870
7871
7874
7875
7877
7878
7880
7884
7885
7886
7892
7898
7899
7900
9472
7903
7904
7906
7907
7908
7910
7914
7916
7917
7921
7923
7925
7926
7929
7930
7931
7939
7942
7948
7950
7951
7960
7963
7965
7968
7973
7975
13726
7977
13079
7979
7981
7985
7986
7990
7994
7995
8004
8008
8010
8015
8016
8018
8024
8026
8027
8028
8030
8031
8032
8037
8041
8042
8043
8045
8048
8049
8050
8051
8052
8053
8061
8063
8065
8066
8068
8069
8070
8071
8072
8073
8074
8075
8079
8083
8087
8088
8091
8092
8093
8094
10549
8095
8096
8098
8099
8103
8106
8107
8108
8109
8110
8116
8118
8123
14261
8124
9109
8126
8127
8130
8132
8136
8137
8138
8139
8141
8150
8152
8153
8154
8155
8159
8160
8161
8165
8166
8169
8170
8172
8173
8174
8176
8178
8181
8183
8184
8185
8186
8189
8191
8192
8194
8199
8201
8203
8205
8206
14730
8208
8209
8210
8211
8214
8215
8216
8221
8222
8225
8227
8228
8234
8239
8241
8242
8243
8244
8246
8252
8254
8255
8258
8260
8261
8262
8263
8266
8267
8268
8270
8271
8272
8273
8274
8278
8279
8281
8284
8285
8286
8287
8288
8289
8290
8292
8293
8294
8295
8296
8297
8298
8299
8300
8301
8302
8303
8304
8305
8306
8307
8309
8310
8311
8312
8313
8314
8315
8316
8319
8320
8321
8323
8324
8325
8326
8327
8328
8329
8330
8331
8333
8334
8335
8336
8337
8338
8339
8340
8341
8343
8344
8346
8348
8349
8351
8353
8354
8356
8357
8358
8359
8360
8362
8363
8364
8365
8366
8367
8368
8370
8371
8372
8373
8374
8376
8377
8378
8379
8380
8382
8383
8384
8386
8387
8388
8390
8391
8392
8393
8394
8395
8396
8399
8400
8401
8402
8403
8404
8405
8406
8407
8409
8411
8413
8414
8415
8416
8417
8418
8419
8420
8421
8423
8424
8425
8426
8427
8428
8430
8431
8432
8433
8434
8435
8436
8437
8438
8439
8440
8441
8442
8443
8444
8445
8446
8447
8448
8449
8450
8451
8452
8453
8454
8455
8456
8457
8458
8460
8461
8462
8463
8464
8465
8466
8467
8468
8469
8470
8471
8472
8473
8474
8475
8476
8477
8480
8481
8482
8483
8484
8485
8487
8488
8489
8490
8491
8492
8493
8494
8495
8496
8497
8498
8499
8500
8501
8502
8503
8504
8505
8506
8507
8508
8509
8510
8511
8513
8514
8515
8516
8517
8518
8519
8520
8521
8522
8523
8524
8525
8526
8527
8529
8530
8531
8532
8533
8534
8535
8536
8537
8538
8539
8540
8545
8548
8549
8551
8552
8554
8555
9709
8557
8559
8560
8562
8564
8565
8566
8567
8568
8569
8570
8571
8572
8573
8574
8577
8578
8579
8580
8582
8583
8584
8585
8587
8589
8590
8591
8592
8593
8594
8595
8596
8597
8598
8599
8600
8601
8602
8603
8604
8605
8606
8607
8608
8609
8610
8611
8612
8615
8616
8617
8618
8619
8620
8621
8622
8623
8624
8625
8626
8627
8628
8629
8630
8631
8633
8634
8635
8636
8637
8638
8639
8640
8641
8642
8643
8644
8645
8646
8647
8648
8649
8650
8651
8652
8653
8654
8655
8656
8657
8658
8659
8660
8662
8663
8664
8665
8666
8667
8669
8671
8672
8673
8674
8675
8676
8677
8678
8679
8680
8682
8683
8685
8686
8687
8688
8689
8690
8692
8693
8694
8695
8696
8697
8698
10108
8699
8700
8701
8702
8703
8705
8706
8707
8709
8710
8711
8712
8713
8714
8715
8717
8718
8719
8720
8721
8722
8724
8725
8726
8727
8728
8729
8730
8731
8732
8733
8734
8735
8736
8737
8738
8740
8741
8742
8743
8744
8745
8746
8747
8748
8749
8750
8751
8752
8753
8754
8755
8756
8757
8759
8760
8761
8762
8763
8764
8765
8766
8767
8768
8769
8770
8771
8772
8773
8775
8776
8777
8778
8779
8780
8781
8782
8783
8784
8785
8786
8787
8788
8789
8790
8792
8793
8794
8795
8796
8797
8798
8799
8801
8802
8803
8804
8805
8806
8807
8808
8809
8811
8812
8814
8815
8816
8817
8818
8819
8820
8822
8823
8825
8826
8827
8828
8829
8830
8832
8833
8834
8835
8836
8837
8838
8839
8840
8841
8842
8843
8844
8845
8846
8848
8849
8850
8851
8852
8853
8854
8855
8856
8857
8858
8859
8860
8862
8863
8864
8865
8867
8868
8869
8870
8871
8872
8873
8874
8875
8876
8877
8878
8879
8880
8881
8882
8883
8884
8885
8886
8887
8888
8889
8890
8891
8892
8893
8894
8896
8897
8898
8899
8900
8901
8902
8903
8904
8905
8906
8907
8908
8909
8910
8911
8912
8913
8914
8916
8917
8918
8919
8920
8921
8922
8923
8924
8925
8926
8927
8928
8930
8931
8932
8933
8934
8935
8936
8937
8938
8940
8941
8943
8944
8946
8947
8948
8949
8951
8952
8953
8954
8955
8956
8957
8958
8959
8960
8962
8963
8964
14170
8965
8966
8967
8968
8969
8970
8971
8972
11040
8973
8974
8975
8977
8978
8979
8980
8981
8982
8983
8985
8987
8988
8989
8990
8991
8992
8993
8994
8995
8996
8997
8998
8999
9000
9001
9003
9004
9005
9006
9007
9008
9011
9013
9014
9015
9016
9017
9018
9019
9020
9021
9022
9023
9024
9025
9026
9027
9028
9029
9030
9031
9032
9033
9036
9037
9038
9039
9040
9041
9042
9043
9044
9046
9047
9048
9049
9050
9051
9052
9053
9054
9055
9056
9057
9058
9059
9060
9061
9062
9063
9064
9065
9066
9067
9068
9069
9070
9071
9072
9073
9074
9075
9076
9077
9078
9079
9080
9081
9082
9083
9084
9085
9086
9087
9088
9090
9091
9092
9093
9094
9095
9096
9097
9098
9099
9100
9101
9102
9103
9104
9105
9106
9107
9108
9111
9112
9113
9114
9115
9945
9116
9117
9118
9121
9122
9123
9124
9125
9126
9127
9128
9130
9131
9132
9133
9134
9135
9136
9137
9139
9140
9141
9142
9143
9144
9145
9146
9148
9149
9150
9151
9152
9153
9155
9156
9157
9158
9159
9160
9161
9162
9163
9164
9165
9166
9167
9169
9170
9171
9172
9173
9174
9175
9176
9177
9178
9179
9180
9181
9182
9184
9185
9186
9187
9188
9189
9191
9192
9193
9194
9195
9196
9197
9198
9199
9200
9201
9202
9203
9204
9205
9206
9208
9209
9211
9212
9213
9214
9215
9216
9217
9218
9219
9220
9221
9222
9223
9224
9225
9226
9227
9228
9230
9231
9232
9233
9234
9235
9236
9237
9238
9239
9240
9241
9242
9243
9244
9245
9246
9247
9248
9249
9251
9252
9253
9254
9255
9256
9257
9258
9259
9260
9261
9262
9263
9264
9265
9266
9267
9268
9269
9270
9271
9272
9273
9274
9275
9277
9278
9279
9280
9281
9282
9283
9284
9285
9287
9288
9289
9290
9292
9293
9294
9295
9296
9297
9298
9299
9300
9302
9303
9304
9305
9307
9308
9309
9310
9311
9313
9314
9315
9316
9317
9318
9319
9320
9321
9322
9323
9324
9325
9326
9327
9328
9329
9330
9331
9332
9333
9334
9335
9336
9337
9338
9341
9343
9344
9345
9346
9347
9348
9349
9350
9351
9352
9353
9354
9355
9357
9358
9359
9360
9361
9362
9363
9365
9366
9367
9368
9369
9370
9371
9372
9373
9374
9375
9376
9377
9378
9379
9380
9381
9382
9383
9384
9385
9386
9387
9388
9389
9390
9391
9393
9394
9395
9396
9397
9399
9400
9401
9402
9403
9404
9405
9406
9407
9408
9409
9410
9411
9412
9413
9414
9415
9416
9417
9418
9420
9421
9422
9423
9424
9425
9426
9427
9428
9429
9430
9431
9432
9433
9434
9435
9436
9437
9438
9439
9440
9441
9442
9443
9444
9445
9446
9447
9448
9449
9450
9451
9452
9453
9454
9456
9457
9458
9459
9460
9461
9462
9463
9465
9473
9475
9477
9478
9480
9482
9483
9485
9489
9490
9491
12835
9494
9499
9503
9512
9519
9520
9525
9526
9527
9532
9535
9536
9537
9542
9543
9544
9547
9553
9555
9558
9559
9560
9562
9563
9567
9568
9570
9572
9573
9574
9582
9587
9589
9592
9593
9596
9597
9598
9599
9600
9603
9609
9610
9614
9618
9620
9623
9625
9628
9629
9630
9633
9634
9637
9639
9640
9641
9642
9643
9644
9645
9646
9647
9649
9651
9656
9658
9660
9661
9666
9668
9669
9672
9674
9675
9678
9680
9683
9690
9692
9695
9697
9701
9703
11624
9713
9716
9718
9721
9724
9725
9728
9729
9734
9739
9741
9744
9747
9754
9758
9759
9761
9762
9763
9769
9771
9772
9773
9777
9780
9784
9786
9794
9796
9798
9799
9803
9806
9812
9813
9816
9818
9820
9822
9823
9824
9825
9826
9830
9836
9844
9850
9851
9853
9855
9861
9863
9864
9868
9872
9878
9879
9882
9885
9887
9888
9889
9892
9895
9896
9897
9899
9900
9902
9903
9904
9908
9911
9916
9917
9923
9924
9925
9935
9938
9939
9946
9950
9954
9957
9958
9960
9967
9970
9972
9975
9976
9983
9984
9991
9994
9997
9998
9999
10002
11729
10004
10013
10015
10022
10024
10025
10032
10037
10038
10041
10046
10053
10056
10059
10062
10063
10064
10065
10069
10071
10076
10077
10078
10088
10090
10091
10095
10097
10098
10102
10107
10111
10115
10116
10118
10119
10120
10125
10126
10128
10129
10131
10132
10136
10137
10138
10139
10140
10142
10143
10144
10145
10146
10147
10148
10151
10152
10153
10154
10155
10159
10167
10171
10176
10177
10179
10180
10184
10185
10188
10189
10190
10191
10192
10193
10194
10196
10197
10198
10199
10200
10201
10202
10206
10208
10210
10212
10216
10219
10220
10223
10226
10228
10230
10233
10234
10235
10237
10239
10240
10242
10245
10248
10250
10251
10252
10255
10256
10257
10259
10260
10264
10266
10268
10269
10270
10273
10274
10282
10285
11866
10292
10293
15110
10294
10646
10295
10304
10308
10310
10311
10312
10315
10316
10319
10320
10326
10330
10338
10341
10346
10347
10348
10352
10354
10355
10365
10366
10369
10370
10377
10381
10389
10392
10395
10398
10400
10404
10409
10413
10415
10419
10423
10424
10430
10431
10440
10441
10442
10443
10452
10455
10460
10461
10462
10464
10469
10470
10472
10473
10474
10476
10477
10479
10480
10481
10488
10492
10494
10497
10511
10512
10513
10514
10517
10520
10521
10522
10523
10524
10526
10527
10533
10535
10538
10539
10542
10545
10548
10552
10553
10555
10557
10561
10562
10568
10569
10572
10573
10574
10575
10576
10577
10578
10581
10589
10590
10591
10592
10594
10597
10602
10604
10605
10606
10610
10611
10613
10614
10616
10618
10619
10621
10625
10629
10632
10633
10634
10635
10636
10638
10639
10640
10641
10642
10643
10648
10649
10651
10654
10655
10658
10659
10661
10663
10665
10666
10668
10669
10675
10679
10681
10684
10696
10700
10702
10704
10706
10710
10711
10712
10715
10721
10722
10725
10726
10728
10736
10739
10740
10742
10744
10745
10746
14522
10754
10755
10759
10771
10773
10776
10778
10779
10782
10791
10796
10802
15901
10805
10808
10809
10813
10814
10816
10817
10818
10819
10824
10835
10836
10960
10961
10838
10843
10847
10852
10853
10854
10859
10864
10869
10871
10873
10877
10879
10880
10881
10887
10888
10898
10899
10906
10908
10909
10912
10913
10914
10916
10926
10927
10928
13212
10933
10935
10936
10937
10940
10946
10947
10951
10956
10959
14410
10962
10963
10964
10967
10968
10972
10973
10974
10978
10985
10988
10991
10995
10997
10998
10999
11000
11002
11003
11004
11005
11009
11354
11012
11015
11018
11020
11028
11031
11033
11034
11041
11043
11045
11046
11048
11049
11051
11052
11057
11058
11063
11658
11065
11068
11069
11074
11075
11086
11095
11097
11099
11100
11104
11105
11107
11108
11109
11110
11112
11114
11115
11118
11119
11120
11121
11124
11125
11130
11134
11136
11152
11157
11163
11164
11175
11176
11177
11179
11187
11262
11189
11193
11197
11206
11210
11216
11220
11221
11223
11225
11227
11229
11231
11232
11235
11236
11239
11240
11245
11250
11251
11258
11266
11269
11273
11275
11276
11278
11290
11291
11304
11305
11306
11314
11315
11319
11320
11323
11324
11326
11334
11337
11339
11342
11347
11349
11351
13963
11353
11356
11358
11367
11374
11380
11384
11389
11392
11396
11399
11400
11403
11408
11410
11411
11413
11416
11424
11425
11427
11428
11432
11440
11445
11446
11449
11452
11453
11464
11465
11466
11467
11468
11470
11473
11480
11483
11485
11486
11487
11490
11493
11499
11500
11503
11504
11506
11507
11509
11510
11512
11515
11516
11519
11520
11522
11528
11532
11534
11535
11536
11537
11538
11540
11542
11543
11547
11548
11550
11551
11552
11553
11554
11555
11557
11563
11564
11567
11568
11570
11571
11574
11575
11578
11581
11583
11584
15885
11588
11591
11594
11595
11596
11599
11600
11601
11603
11605
11610
11612
11613
11619
11625
11634
11636
11637
11639
11640
11641
11647
11653
11654
11660
11661
16277
11665
11666
11667
11669
12075
11671
11676
11681
11684
11687
11688
11692
11693
11694
11697
11703
11704
11710
11711
11714
11719
11720
11721
11724
11725
11726
11728
14435
11731
11734
11735
11737
11740
11744
11745
11748
11753
11755
11757
11758
11759
11761
11764
11767
14586
11770
11774
11778
11780
11781
11782
11783
11786
11789
11791
11792
11796
11797
13921
11798
11799
11801
11802
11806
11809
11810
11811
11812
11815
11816
11819
11821
11824
11826
11827
11828
11829
11831
11832
11833
11837
11838
11839
11840
11842
11843
11845
11846
11847
11848
11849
11850
11851
11852
11853
11854
11855
11856
11858
11859
11860
11861
11862
11864
11865
11867
11868
11869
11870
11871
11874
11875
11877
11879
11880
11881
11882
11883
11885
11886
11887
11889
11890
11891
11892
11894
11896
11897
11898
11899
11900
11901
11903
11906
11907
11909
11910
11911
11913
11915
11916
11917
11919
11920
11921
11922
11923
11924
11926
11927
11928
11929
11932
11934
11936
11937
11938
11939
11940
11941
11942
11944
11945
11946
11947
11950
11951
11952
11953
11954
11957
11959
11960
11968
11969
11970
16311
11971
11973
11974
11975
11979
11980
11981
11983
11984
11987
11991
11995
12000
12003
12005
12007
12008
12011
12012
12013
12015
12016
12018
12020
12021
12022
12023
12024
12025
12029
12033
12034
12037
12038
12039
12041
12042
12043
12044
12045
12047
12048
12049
12050
12052
12053
12054
12055
14224
12056
12057
12058
12060
12061
12062
12063
12064
12067
12068
12071
12072
12074
12076
12077
12080
12082
12084
12085
12086
12087
12088
12089
12090
12092
12093
12094
12095
12098
12099
12101
12106
12108
12110
12111
12112
12114
12115
12116
12117
12118
12119
12120
12121
12122
12123
12127
12128
12129
12130
12131
12133
12134
12135
12139
12140
12142
12143
12144
12145
12147
12149
12151
12152
12153
12155
12156
12157
12158
12160
12163
12166
12168
12170
12171
12176
12177
12178
12180
12182
12188
12193
12197
12202
12203
12204
12207
12209
12210
12211
12212
12214
12215
12216
12220
12225
12231
12234
12235
12243
12248
12251
12253
12255
12257
12258
12259
12260
12262
12263
12265
12267
12272
12275
12276
12278
12282
12284
12285
12287
12288
12289
12292
12294
12297
12298
12299
12303
12304
12305
12306
12307
12309
12311
12313
12315
12319
12320
12324
12328
12331
12333
12336
12339
12340
12342
12349
12354
12361
12365
12366
12368
12369
12370
12372
12373
12375
12376
12377
12379
12381
12383
12385
12387
12388
12389
12390
12391
12392
12394
12395
12396
12399
12400
12402
12403
12405
12407
12408
12411
12412
12413
12414
12416
12418
12419
12420
12422
12423
12426
12427
12434
12437
12438
12439
12441
12443
12444
12447
12449
12450
12451
12452
12455
12457
12458
12461
12462
12464
12466
12470
12471
12476
12479
12480
12484
12485
12487
12488
12489
12490
12491
12492
12493
12494
12495
12496
12497
12498
12499
12500
12501
12502
12503
12504
12505
12506
12507
12508
12509
12510
12511
12512
12513
12514
12515
12516
12517
12518
12519
12520
12521
12522
12523
12524
12525
12526
12527
12528
12529
12530
12531
12532
12535
12536
12537
12540
12541
12542
12543
12544
12545
12546
12547
12548
12549
12550
12551
12553
12554
12555
12556
12557
12558
12559
12560
12561
12562
12563
12566
12568
12569
12570
12572
12574
12575
12576
12577
12578
12579
12580
12581
12582
12583
12584
12585
12586
12587
12588
12590
12591
12592
12593
12594
12595
12596
12597
12598
12599
12600
12601
12602
12603
12604
12606
12608
12609
12610
12611
12613
12614
12615
12617
12618
12619
12620
12622
12623
12624
12627
12628
12630
12631
12632
12633
12634
12635
12636
12637
12638
12639
12640
12641
12642
12643
12644
12645
12646
12648
12650
12651
12652
12653
12654
12655
12656
12657
12658
12660
12661
12662
12663
12664
12665
12666
12667
12668
12669
12670
12672
12673
12674
12676
12677
12678
12679
12681
12682
12683
12684
12685
12686
12687
12688
12689
12690
12691
12692
12693
12694
12696
12697
12698
12699
12700
12701
12702
12704
12705
12706
12707
12708
12709
12710
12711
12712
12713
12714
12715
12716
12717
12720
12723
12725
12727
12729
12730
12732
12736
12740
15177
12743
12744
12745
12746
12748
12749
12753
12755
12756
12757
12758
12759
12760
12761
12763
12765
12766
12768
12771
12772
12774
12775
12777
12778
12782
12783
12784
12786
12788
12790
12791
12792
12793
12794
12795
12796
12797
12800
12801
12803
12804
12805
12808
12812
12814
12816
12817
12818
12819
12823
12824
12825
12826
12829
12834
12837
12838
12840
12841
12842
12843
12844
12846
12847
12849
12851
12852
12853
12856
12857
12859
12862
12864
12866
12869
12871
12872
12874
12875
12878
12879
12880
12881
12882
12883
12885
12886
12887
12890
12892
12896
12899
12900
12902
12904
12905
12906
12907
12909
12912
12913
12914
12915
12923
12924
12925
12927
12929
12930
12932
12934
12936
12938
12939
12941
12942
12943
12946
12947
12951
12952
12953
12956
12958
12961
12962
12963
12964
12968
12975
12976
12977
12978
12981
12984
12988
12991
12992
12995
12998
13002
13008
13009
13018
13025
13026
13030
13032
13043
13045
14381
13051
13055
13061
13065
13066
13069
13070
13072
13074
13077
13081
13082
13085
13088
13090
13091
13092
13096
13099
13103
13106
13111
13121
13127
13131
13132
13136
13137
13138
13139
13141
13143
13144
13156
13157
13163
13164
13170
13171
13172
13177
13179
13181
13186
13188
13189
13194
13196
13199
13204
13205
13214
13219
13220
13224
13225
13228
13233
13235
13236
13238
13240
13246
13250
13251
13253
13255
13256
13258
13259
13260
13263
13269
13270
13278
13280
13285
13288
13291
13295
13296
13297
13300
13302
13303
13307
13311
13312
13314
13316
13318
13322
13323
13324
13327
13331
13332
13333
13334
13338
13339
13355
13358
13371
13381
13385
13388
13389
13390
13396
13398
13405
13411
13412
13414
13419
13425
13428
13432
13436
13439
13440
13460
13466
13473
13477
13479
13486
13497
13499
13500
13502
13508
13509
13519
13524
13527
13529
13532
13537
13538
13539
13541
13545
13546
13548
13550
13551
13555
13559
13568
13574
13576
13577
13583
13585
13587
13591
13592
13594
13598
13612
13614
13617
13618
13620
13623
13624
13625
13628
13634
13635
13637
13639
13640
13643
13644
13650
13651
13658
13659
13660
13662
13665
13667
13669
13671
13673
13674
13676
13677
13687
13697
13698
13699
13702
13704
13718
13719
13722
13728
13738
13743
13746
13748
13754
13755
13758
13759
13764
13767
13773
13775
13783
13785
13786
13787
13788
13794
13804
13807
13818
13819
13820
13821
13826
13831
13832
13849
13850
13855
13858
13859
13862
13863
13865
13867
13870
13877
13878
13879
13886
13887
13892
13894
13895
13907
13908
13911
13913
13919
13924
13925
13928
13933
13936
13939
13943
13945
13946
13948
13949
13950
13952
13953
13955
13957
13965
13967
13968
13969
13970
13972
13973
13974
13977
13992
13993
14001
14006
14007
14009
14011
14014
14016
14474
14017
14018
14025
14027
14036
14038
14043
14048
14057
14058
14060
14062
14063
14065
14067
14069
14072
14075
14077
14078
14079
14080
14081
14082
14360
14087
14089
14090
14091
14092
14096
14097
14102
14103
14104
14105
14109
14112
14118
14120
14130
14133
14140
14143
14144
14147
14152
14153
14154
14156
14168
14173
14179
14182
14184
14191
14196
14197
14198
14208
14209
14212
14214
14220
14221
14222
14227
14228
14233
14235
14237
14239
14244
14248
14250
14253
14260
14263
14264
14267
14268
14274
14282
14285
14288
14291
14292
14295
14296
14297
14301
14313
14322
14323
14324
14329
14332
14333
14342
14344
14348
14349
14355
14364
14371
14372
14379
14383
14385
14387
14390
14393
14394
14403
14404
14405
14408
14428
14436
14444
14446
14453
14454
14470
14478
14483
14489
14491
14492
14496
14497
14499
14500
14504
14507
14511
14513
14515
14517
14519
14520
14523
14524
14528
14535
14542
14544
14548
14549
14550
14553
14559
14560
14562
14567
14568
14572
14577
14581
14582
14589
14591
14593
14594
14600
14610
14616
14618
14625
14627
14636
14639
14643
14644
14648
14651
14652
14655
14657
14659
14661
14664
14668
14673
14675
14678
14686
14691
14693
14702
15165
14708
14709
14711
14712
14728
14736
14738
14741
14751
14760
14761
14764
14765
14778
14802
14805
14809
14813
14816
14819
14820
14822
14824
14826
14827
14831
14832
16554
14837
14839
14842
14843
14846
14850
14854
14858
14859
14861
14864
14866
14867
14875
14880
14884
14887
14890
14895
14898
14900
14902
14907
14909
14912
14914
14915
14919
14920
14922
14926
14928
14929
14930
14931
14932
14936
14937
14939
14942
14944
14945
14946
14947
14948
14954
14955
14956
14957
14958
14960
14961
14962
14963
14966
14967
14969
14974
14975
14977
14982
14983
14984
14985
14986
14988
14989
14990
14993
14994
14996
14997
14998
15000
15004
15005
15010
15011
15012
15013
15014
15016
15018
15019
15021
15023
15024
15025
15027
15028
15029
15033
15034
15035
15037
15039
15041
15042
15043
15046
15047
15048
15049
15051
15052
15054
15056
15057
15058
15059
15062
15063
15064
15066
15067
15069
15071
15074
15076
15079
15081
15082
15084
15085
15089
15093
15094
15099
15105
15107
15109
15111
15119
15120
15122
15125
15128
15130
15134
15137
15138
15140
15141
15143
15149
15150
15151
15154
15163
15171
15174
15175
15176
15178
15179
15180
15183
15184
15191
15192
15195
15196
15197
15199
15200
15201
15202
15203
15205
15206
15211
15212
15216
15218
15220
15224
15228
15229
15231
15232
15233
15234
15235
15236
15237
15238
15240
15241
15242
15246
15249
15251
15253
15256
15258
15260
15261
15262
15265
15266
15267
15269
15271
15275
15277
15278
15279
15280
15281
15283
15285
15286
15289
15290
15291
15293
15300
15301
15303
15304
15309
15312
15322
15324
15325
15328
15329
15334
15338
15345
15343
15354
15355
15357
15359
15362
15363
15365
15367
15373
15374
15375
15377
15378
15384
15385
15386
15387
15390
15395
15396
15397
15403
15416
15426
15427
15431
15438
15440
15445
15450
15457
15467
15469
15473
15481
15482
15483
15484
15490
15491
15499
15502
15503
15504
15505
15507
15509
15512
15513
15529
15537
15538
15542
15551
15570
15578
15582
15584
15586
15602
15603
15604
15614
15616
15626
15634
15638
15643
15644
15648
15652
15657
15660
15670
15673
15678
15680
15682
15685
15690
15693
15696
15699
15703
15705
15707
15714
15715
15716
15717
15718
15724
15725
15727
15729
15731
15732
15733
15735
15738
15739
15740
15742
15745
15746
15748
15756
15761
15765
15767
15769
15771
15773
15774
15775
15778
15779
15781
15783
15786
15788
15789
15791
15794
15795
15796
15797
15799
15800
15801
15803
15804
15805
15806
15807
15808
15810
15811
15812
15815
15816
15817
15818
15819
15825
15827
15833
15834
15835
15848
15849
15851
15855
15856
15860
15869
15870
15871
15872
15874
15882
15886
15887
15892
15900
15902
15905
15906
15911
15913
15916
15917
15920
15921
15924
15926
15928
15931
15936
15938
15940
15942
15943
15945
15946
15947
15948
15950
15955
15961
15962
15963
15964
15971
15977
15979
15980
15984
15985
15987
15988
15989
15992
15993
15995
16000
16003
16004
16006
16013
16015
16016
16017
16018
16023
16024
16025
16028
16034
16036
16037
16064
16065
16067
16070
16072
16076
16077
16086
16090
16092
16093
16095
16098
16101
16109
16110
16111
16112
16113
16115
16116
16121
16122
16127
16132
16134
16141
16143
16147
16150
16151
16153
16156
16161
16165
16174
16185
16191
16207
16220
16226
16227
16229
16232
16238
16239
16246
16248
16251
16253
16255
16259
16261
16263
16265
16268
16303
16269
16270
16274
16465
16275
16276
16278
16279
16280
16281
16283
16284
16288
16289
16290
16292
16294
16296
16300
16302
16304
16307
16308
16309
16313
16320
16322
16325
16326
16327
16330
16331
16333
16334
16336
16337
16338
16339
16340
16341
16343
16346
16347
16348
16350
16351
16355
16357
16358
16360
16363
16365
16366
16368
16378
16379
16381
16384
16390
16395
16400
16401
16403
16405
16406
16407
16420
16421
16422
16427
16430
16431
16432
16433
16436
16438
16440
16441
16443
16450
16454
16456
16457
16463
16464
16468
16470
16472
16477
16478
16485
16494
16495
16496
16497
16499
16501
16502
16504
16506
16507
16508
16511
16523
16527
16536
16537
16546
16547
16549
16553
16555
16556
16560
16563
16565
16566
16567
16568
16570
16571
16572
16574
16576
16581
16582
16584
16589
16590
16591
16592
