0
1
887
5860
142
185
32
9158
3020
138
2443
10572
7034
15
693
2042
27
8893
7902
831
4
5
6
20
493
7
8
66
14
1250
3358
486
426
6316
7342
7184
434
659
2771
62
17
18
19
22
40
23
441
24
5102
30
31
33
34
35
37
41
45
2831
1584
945
692
3413
42
43
44
2912
49
7424
1156
1157
710
5724
2956
854
3896
4220
165
50
51
52
59
1578
61
492
4753
63
64
571
406
70
71
80
81
107
1308
82
85
89
94
96
157
100
103
105
8164
2326
106
109
112
114
660
8790
677
124
125
130
134
139
136
137
141
143
144
709
3111
145
151
155
156
158
160
161
163
164
166
7930
3101
169
173
175
178
179
3336
11233
6842
900
180
184
187
191
192
1233
9792
193
194
197
198
2556
199
2396
6189
1734
202
203
208
209
210
214
217
2467
2494
5199
220
221
222
223
228
229
9094
230
700
829
2515
235
236
254
255
256
260
259
261
262
264
6936
2524
265
268
451
269
271
276
279
280
281
855
749
282
283
284
285
286
287
288
289
290
291
292
293
294
295
296
297
298
299
300
301
302
303
304
305
306
307
308
309
310
311
312
313
314
315
316
317
318
319
320
321
322
323
324
325
326
327
328
329
330
331
332
333
334
335
336
337
338
339
3146
340
341
342
343
344
345
346
347
348
349
350
351
352
353
354
355
356
357
358
359
360
361
362
363
364
365
366
367
368
369
370
371
372
373
374
375
376
377
378
379
380
381
382
383
384
385
386
387
388
389
390
391
392
393
394
395
396
397
401
408
417
3330
5316
4943
3381
2500
6171
419
421
422
423
2705
9273
7866
428
430
437
433
439
2977
440
442
443
2220
2382
444
446
447
450
5832
454
458
581
460
474
4898
476
485
494
500
508
658
510
7484
607
515
3362
7493
915
4980
2616
516
2202
517
518
525
531
535
2138
541
542
10560
8366
8977
545
673
547
548
3878
1357
4718
6036
552
558
562
568
574
575
576
972
585
586
5853
589
592
593
599
1731
2886
602
722
611
614
615
5568
711
1992
2283
5748
7093
8788
619
645
624
2728
667
7813
631
1460
635
638
871
639
642
3616
646
649
656
662
6117
668
2905
3095
671
7893
675
3048
680
683
685
2376
3645
699
5560
703
704
713
706
707
708
4003
3936
5249
1215
4366
2164
7258
6174
7487
712
716
758
718
4908
719
838
1995
726
731
732
3456
3685
1119
739
740
742
751
746
879
10375
4848
3844
5442
7697
7992
761
765
773
7332
776
777
781
787
789
802
803
807
1386
808
809
811
812
814
8128
2704
817
823
7097
824
828
830
833
834
836
7312
2683
837
3346
970
839
5569
3998
1092
1000
1006
842
895
843
844
847
849
6575
851
2661
1242
1375
852
853
9345
3107
3268
2675
856
9887
857
860
4575
861
862
863
864
4802
867
869
2568
4878
8749
1118
873
874
876
7345
877
880
9418
886
889
2844
941
892
893
894
896
5728
1959
3722
5848
901
903
906
907
908
910
913
7218
8246
914
924
928
3509
929
933
1149
936
937
939
940
942
3640
5817
943
7274
944
947
948
949
953
956
957
958
959
960
964
965
967
1383
968
969
11436
971
5142
973
975
978
979
980
982
985
1026
992
993
994
2980
996
997
1003
1004
5538
2118
3496
4215
4505
1005
1007
1011
3525
2070
4696
1016
1017
1018
1019
1810
1020
1025
1027
1030
1032
3182
1035
1038
1040
1042
1046
1048
1058
1060
1061
1064
1069
1071
1074
4044
3404
1079
1081
1086
1088
1089
1090
1091
1094
1097
5564
5327
1100
1104
1109
1110
1111
1113
1117
1121
1122
1124
1126
1129
7739
1131
1132
7019
2035
1134
1135
1136
1137
1140
1142
1143
3114
2194
1938
1814
1148
1150
1151
1158
1159
1162
1163
1166
1173
1174
1175
1176
1184
4206
1186
1203
2577
1205
1209
3521
5274
1216
1218
1222
4161
1226
1326
1229
1232
2800
1234
2620
1235
1237
1238
6206
4351
1248
1249
1252
1255
1259
1982
1309
1261
1272
1273
1275
1276
1280
1286
3990
1287
1292
1294
1296
1297
1300
1302
1305
1307
7247
3162
2695
1310
1311
1317
1318
1319
1322
1324
6895
1327
1328
1329
1331
1334
7564
1336
1340
1348
1352
1874
1361
1362
1366
1367
1368
1373
1374
5289
1382
1387
1392
1393
8650
1395
1396
1397
4033
1408
1409
1411
1413
1417
1419
1423
1424
1427
1429
1434
1438
1439
1443
1444
1446
1450
3059
1451
1453
1454
1462
1464
1465
1470
1471
1478
4538
1484
3839
1486
1491
1495
1498
1503
1506
1507
1509
1517
1518
1525
1529
1534
1554
1561
1563
1565
1568
1569
1570
1571
1574
1575
1577
1583
1588
1589
1592
1597
1598
1600
1606
1607
1968
6777
1614
1620
1627
1631
1632
1638
1640
1642
1647
1649
1651
1655
1656
1657
1662
1666
1668
1671
1675
1684
1689
6882
7592
7486
1695
1702
1705
1708
1711
1716
1718
2372
2250
1719
7602
7425
1720
1721
1722
1723
1725
6497
1726
1727
1728
1729
1732
1736
1741
1744
1745
6180
1746
1747
1751
1752
1755
1756
1763
5297
1764
1767
1773
1774
1777
1780
1783
1784
1786
1787
1791
1792
1794
1795
1796
1797
1798
1799
1800
1803
1804
1805
1809
1812
1813
9033
9170
6719
6559
1815
1817
1821
1822
1823
1831
1832
1833
1837
1838
1842
1845
1846
1847
1887
1848
1851
1852
1855
1856
1858
1859
1863
1865
1866
1867
1868
1870
1873
1892
1875
1877
1878
1879
1880
1881
1882
1883
1884
1885
1886
1888
1890
1894
1895
1903
1905
1906
1908
1909
1910
1915
1916
1917
1919
1921
1925
1926
1927
1928
1931
1932
1934
1940
1942
1946
1947
1948
1950
1952
1953
1954
1957
1958
1960
2383
1962
6817
1963
1964
1965
1967
1975
1981
1989
1990
1994
1996
2004
2006
2010
2015
2018
2021
2022
2023
2024
2028
2029
2030
2031
2457
2032
3188
2039
2041
5059
2044
2046
2049
2050
2052
2053
2054
2056
2057
2058
2059
2061
2065
2072
2074
2075
2077
2078
2082
2083
2084
2085
2087
2089
2091
2092
2094
2097
2100
2101
2102
2104
2107
2108
2110
2112
2114
2887
2117
5782
5208
6396
2120
2122
2127
2129
2136
7238
2141
2145
2146
2147
2150
2156
2157
6768
2158
2159
2165
2167
2171
2172
2175
2182
2184
2185
2186
2187
2191
2192
2193
2195
2196
2197
2199
2200
2201
2210
6718
2213
2215
2216
2218
2221
2224
2225
2226
2228
2232
2406
5915
2233
2240
2242
6434
2243
2247
2248
4280
4547
3534
4579
2253
2255
2260
2261
2262
2266
2267
2274
2282
5556
2290
2291
2292
2294
2296
2297
2300
2302
2305
2308
2310
2312
2314
2318
2320
2325
3629
2327
2329
2330
2331
2332
2336
2337
2339
2342
2346
2348
2349
2352
2353
2354
2356
2362
2363
2365
2366
2367
4078
2370
2371
6532
7728
2378
2380
2907
2387
6301
2392
2395
6748
2399
2401
4169
3380
2402
8850
4151
2403
7099
2407
2408
2409
2413
2414
5503
2415
2417
2422
2428
2429
2430
2431
2434
2435
2436
2444
2447
2450
2453
2454
2456
6286
2459
2461
2463
2464
9201
2465
3356
2469
2470
2472
2474
2475
2478
2480
2487
2488
2490
2491
2493
2495
2499
2504
2506
2508
2510
2514
2923
2518
2519
2523
2525
2526
2527
8533
2530
2533
2534
7020
2542
2543
2544
2546
2553
3238
2559
2560
2561
2567
2569
2570
8530
2807
2578
2579
2582
2583
2585
2586
2589
2591
2593
2595
2597
2598
2601
8654
4909
2605
2610
2615
2618
2619
2622
2623
5089
11338
10605
2625
2629
2631
2632
2635
2637
2676
2638
2701
2639
2640
2641
2644
2645
2650
2651
2652
3189
7413
2653
2654
2655
2658
2660
2662
5563
2663
2667
2677
2679
2682
4046
2688
2689
2690
2692
2693
2694
2698
2699
4540
2703
10201
4252
2707
4281
2709
2711
2717
2719
2720
2724
2725
2729
2733
2735
2739
2742
2743
2750
2764
2770
6006
4541
2772
2782
2786
3741
2787
2790
2792
2804
2806
2810
2814
2820
2828
2834
2835
2841
2843
2852
2856
2857
2875
2876
2879
2896
2899
2900
2903
2909
6054
2910
2915
2916
2921
2922
6520
6541
6551
2929
2932
2935
2936
2938
2939
2941
2945
2948
2951
2952
2953
2954
2964
2968
9323
2969
2970
2971
9162
2972
2973
5381
2975
5257
2978
2984
2987
2988
2990
2993
2999
3001
3003
3004
3005
3009
3010
3012
3013
3014
3017
6784
3023
3025
3026
3027
3028
3043
3044
3045
3050
3053
3055
3056
3058
7824
3060
3061
3063
3075
3064
3065
3067
3068
7526
3069
3073
3074
3079
3081
3085
3091
3094
3096
3099
3100
3102
3105
4871
7082
7971
3112
9388
3115
3116
3121
3122
3126
3127
3128
3129
3130
3135
3138
3139
3142
3143
3145
3598
3148
3151
3155
3160
3161
5518
3163
3164
3166
3167
3170
3171
5382
3176
8163
3184
3185
3192
3193
3196
3198
3199
3203
3207
3219
3220
3225
3339
3233
3234
3235
3536
3243
3247
3248
3249
3251
3254
3257
3260
3524
3318
3267
3271
3274
3275
3278
3281
3282
3283
3290
3293
3308
3310
3313
3316
3408
3329
3331
3333
3393
3340
3341
3351
3355
3357
3359
3360
3361
3366
3367
3370
3373
3377
3378
3379
7741
6242
6674
6268
3388
7529
3394
3397
3403
3409
3414
3417
3928
3418
3419
3427
3428
3432
3438
3440
6602
3449
3452
6916
3465
3467
3468
3469
3470
3471
3474
3478
3479
3480
7384
3482
3484
3489
3490
3492
3494
3495
3498
3520
10706
3502
3505
3506
3508
3513
3933
3523
3610
3626
3528
3531
3533
3601
3537
3538
3540
3543
3545
3546
3547
3548
3549
5866
3550
3556
3558
3559
3561
3562
3563
3565
3567
3568
3574
3575
3578
3579
6004
3580
3581
3583
3584
3588
3591
3851
3593
3597
3600
3604
3605
3606
3607
3608
3612
3613
3615
3872
3619
3624
6499
8719
7162
3627
3630
3631
3632
3635
3637
3638
7613
3639
3641
3643
3644
7026
3647
3650
3652
3654
3655
3659
3660
3665
3669
4814
3670
3671
3672
3674
3675
3676
3677
3678
3679
3680
3682
3689
3691
3692
3694
3695
3699
3700
3727
3701
3702
3705
3706
3707
3709
3711
3714
3715
3717
3718
3724
3725
4368
3729
3730
3732
3740
3742
3743
3745
3747
3749
3754
3756
3757
8523
3758
3759
3762
3765
3766
3767
3768
3769
3770
3771
3772
3773
3774
3775
3776
3778
5385
3779
3780
3842
3781
3784
3786
3787
3789
3792
3794
3796
3797
3798
3799
3800
3802
3805
4570
3806
3807
3810
9045
3813
3814
3815
3816
3817
3819
3821
3822
3824
3825
3827
3828
3830
3833
3837
3840
3841
3843
3846
3848
3850
3852
3854
3857
3858
3861
3866
3867
3868
3869
3871
3873
3874
3875
3914
11386
3876
3877
3880
3881
3882
3883
3889
3894
3895
3897
3901
3902
3905
3907
3908
3909
3910
3911
3912
3913
4946
3916
3921
3922
3924
3925
3926
3927
9607
3929
7352
3934
3937
3939
3940
3941
3942
3944
3945
3946
3950
3951
4578
3953
3954
3959
3960
3964
3967
3969
3970
3972
3974
3976
9215
3979
3980
3982
3984
3985
3987
3991
3994
3996
4002
4007
4008
4010
4013
4016
4019
4020
4029
4030
4038
10633
4039
4043
4045
4049
4050
4052
4053
4054
4058
4063
4064
4067
4560
4068
4069
4071
4072
4076
4077
7299
4081
4082
4086
4087
4088
5622
4089
4091
4093
4094
4095
4096
4097
7329
4098
4100
4101
4103
4105
4107
4110
4111
4114
4115
4116
4117
4118
4119
4120
4122
4123
4125
4129
4130
4131
4133
4134
4136
4137
4139
4141
4143
4144
4145
4146
4147
4148
4305
11070
4149
4150
4154
4155
4157
4159
4160
4162
4163
4164
4165
4166
4167
4168
4170
4171
4172
4173
4174
4175
4176
4177
4178
4179
4180
4181
4182
4183
4184
4185
4186
4187
4188
4189
4190
4191
4192
4193
4194
4196
4197
4198
4199
4200
4201
4202
4203
4204
4205
4208
4209
4210
4211
4212
4213
4214
4217
4218
4219
4221
4222
4223
4224
4225
4226
4227
4229
4230
4231
4232
4233
4234
4236
4237
4238
4239
4241
4242
4244
4245
4246
4248
4250
4251
4253
4254
4255
4256
4257
4258
4259
4261
4262
4263
4264
4266
4267
4268
4270
4271
4272
4273
4274
4277
4279
4282
4283
4284
4285
4286
4287
4288
4289
4290
4292
4293
4294
4295
4296
4297
4298
4301
4302
4304
4306
4307
4308
4309
4310
4311
4312
4313
4314
4315
4316
4318
4319
4320
4321
4322
4324
4325
4326
4327
4328
4329
4331
4332
4333
4334
4335
4336
4337
4338
4339
4340
4342
4343
4344
4346
4347
4348
4349
4350
4352
4353
4354
4355
4356
4357
4358
4359
4360
4361
4362
4363
4364
4365
5910
4367
4548
4369
4371
4372
4373
4374
4375
4377
4378
4379
4380
4382
4384
4385
4387
4388
4390
4391
4392
4393
4394
4395
4397
4398
4400
4401
8536
8857
4402
4403
4404
4405
4406
4407
4408
4409
4410
4411
4412
4413
4416
4418
4419
4420
4422
4423
4424
4425
5944
4426
4427
4428
4429
4430
4431
4432
4433
4434
4436
4437
4438
4439
4440
4441
4442
4443
4444
4445
4446
4447
4448
4449
4450
4451
4452
4453
4454
4455
4456
4457
4458
4459
4460
4461
4462
4463
4464
4465
4466
4467
4468
4469
4470
4471
4473
4474
4476
4477
4478
5370
4479
4482
4483
4484
4485
4487
4489
4490
4494
4495
4496
4497
4501
4503
4504
4506
4508
4510
4511
4513
4515
4516
4517
4518
4519
4521
4523
4524
4525
4526
4527
4528
4531
4532
4533
4534
4535
4536
4537
7236
4539
4542
4543
4544
4549
4550
4551
4552
4554
4555
4556
4557
4558
4559
4563
4565
4566
4567
4568
4569
4571
4573
5481
4577
4581
4582
4583
4586
4588
4590
4591
4592
4594
4595
4596
4597
4598
4599
4600
4602
4603
4605
4606
4607
4608
4609
4610
4611
4612
4613
4615
4616
4617
4618
4619
4620
4622
4623
4624
4625
4626
4627
4628
4629
4630
4632
4633
4634
4635
4636
4637
4638
4639
4641
4643
4644
4645
4646
4647
4648
4649
4650
4651
4653
4654
4655
4657
4658
4659
4660
4661
4663
4664
4665
4666
4668
4669
4672
4673
4675
4678
4680
4681
4685
4686
4687
4688
4689
4691
4692
4694
4695
4697
4698
4700
4701
4702
4703
4704
4705
4706
4707
4708
4709
4710
4711
4712
4713
4714
4716
4717
4719
4720
4721
4722
4725
4726
4728
4730
4731
4732
4733
4734
4735
4736
4737
4738
4739
4740
4742
4743
4744
4746
4747
4748
4750
4751
4754
4755
4757
4759
4760
4761
4762
4763
4764
4765
4766
4767
4768
4769
4770
4771
4772
4773
4774
4776
4779
4781
4782
4783
4784
4785
4786
4787
4788
4789
4790
4791
4792
4793
4794
4795
4796
4798
4799
4800
4801
4803
4804
4805
4807
4809
4810
4811
4812
4815
4816
5412
4817
4819
4820
4822
4823
4824
4826
4828
4829
4830
4831
4832
4833
4834
4835
4837
4838
4839
4840
4842
4843
4845
4846
4847
4849
4850
4851
4852
4853
4854
4855
4856
4857
4858
4859
4860
4861
4862
4864
4865
4867
4868
4872
4873
4874
4875
4876
4877
4879
4881
4882
4883
4884
7588
4885
4886
4887
4888
4889
4890
4892
4896
4897
4899
4900
4901
4902
4903
4905
4906
4907
4918
4919
4921
4922
4923
4924
4928
4929
7419
4930
4931
4932
4933
4934
4935
11203
4936
4937
4942
4945
4948
4950
4951
4954
4956
4957
4958
4960
4961
4965
4970
4972
4974
4975
4976
4977
4978
4979
4981
4983
4984
4988
4989
4991
4996
4999
5000
5001
5002
5003
5005
5006
5007
5010
5012
5013
5014
5017
5019
5020
5022
5023
5024
5025
5026
5027
5029
5032
5033
5034
5035
5036
5037
5038
5040
5041
5042
5044
5045
5046
5049
5050
5051
5052
5054
5060
7635
5061
5062
5065
5067
5070
5072
5073
5074
5075
5079
5080
5083
5084
5086
5090
5092
5094
5099
5106
5107
5108
5109
5113
5117
5118
5120
5123
5127
5131
5134
5145
5144
5146
5149
5150
5151
5154
5155
5156
5158
5159
5160
5162
5164
5165
5166
5167
5169
5171
5176
5178
5179
5180
5181
5182
5184
5185
5187
5193
5197
5200
5204
5210
5211
5214
5216
5217
5219
5222
5223
5224
5225
5228
5229
5231
5235
5236
5237
5238
5239
5242
5243
5244
5245
5246
5248
5250
5251
5252
5253
5256
5258
5260
5261
5263
5265
5266
5268
5270
5271
6141
5272
5275
5278
5279
5282
5288
5292
5293
5298
5299
5300
5301
5302
5304
5305
5306
5307
5308
5309
5313
5314
5317
5318
5319
5320
5322
5323
5324
5325
5328
5329
5332
5333
5335
5337
5338
5339
5340
5341
5342
5343
5344
5345
5346
5348
5350
5351
5352
5353
5355
5356
5357
5358
5359
5360
5361
5362
5363
5364
5365
5366
5368
5372
5373
5374
5375
5376
5377
5378
5379
5380
5383
5384
5386
5389
5393
5394
5396
5397
5398
5399
5400
5402
5403
5404
5405
5406
5407
5408
5410
5411
5413
5414
5417
5418
5420
5422
5423
5425
5426
5428
5429
5430
5435
5436
5437
5439
5441
5443
5444
5446
5448
5451
5455
5457
5462
5465
5466
5471
5472
5473
5474
5475
5480
5482
5486
5492
5499
5500
5506
5507
5508
5510
5512
5513
5514
5517
5522
5524
5527
5528
5529
5534
5535
5539
5540
5541
5545
5546
5547
5555
5558
5559
5561
5562
5565
5572
5574
5577
5579
5580
5700
5583
5589
5592
5594
5595
5597
5598
5600
5601
5604
5608
5609
5610
5614
5617
5618
5619
5621
5623
5627
5636
5637
5638
5639
5640
5641
5642
5643
5644
5254
5645
5647
5650
5651
5652
5655
5658
5660
5664
5665
5667
5668
5670
5672
5675
5677
5678
5681
5683
5684
5686
5687
5688
5689
5694
5699
6944
5701
5704
5707
5709
5710
5715
5717
5719
5720
5722
5725
5734
5736
5738
5739
5740
5741
5743
5752
5757
5759
5760
5761
5766
5769
5772
5774
5777
5779
5781
5785
5790
5792
5799
5801
5804
5805
5812
5815
5822
5823
5826
5829
5833
5840
5845
5846
5849
5851
5852
5855
5858
5861
5862
5865
5867
5868
5872
5873
5874
5875
5878
5879
5881
5882
5883
5885
5886
8351
5887
5890
5892
5893
5895
5896
5902
5904
5906
5907
5908
5913
5914
6384
5925
5927
5931
5940
5943
5946
5948
5951
5953
5958
5959
5961
5963
5966
5968
5971
5973
5977
5979
5989
5991
5995
5996
5997
5998
5999
6000
6001
6007
6008
6009
6011
6014
6015
6019
6020
6022
6023
6030
6033
6034
6039
6041
6043
6044
6045
6050
6052
6053
6056
6057
6059
6060
6063
6065
6066
6067
6071
6073
6074
6077
6083
6086
6090
6094
6095
6096
6098
6102
6104
6105
6113
9173
6118
6119
6121
6123
6131
6132
6134
6137
6138
6140
6143
6146
6147
6153
6154
6155
6160
6164
6167
6168
6170
6173
6177
6182
6188
6193
6198
6205
8958
9342
6210
6215
6217
6222
6224
6231
6232
6234
6235
6236
6238
6240
6244
6248
6249
6251
6253
6254
6257
6262
6265
6273
6274
6276
6277
6280
6281
6282
6283
6284
6287
6289
6291
6292
6293
6294
6295
6299
6300
9868
6303
6304
6305
6306
6307
6309
6311
6312
6313
6314
6318
6320
6322
6324
6338
6339
6342
6348
6350
6353
6355
6357
6358
6359
6360
6361
6371
6373
6375
6376
6377
6381
6383
6385
6386
6387
6391
6392
6394
6395
6397
6398
6399
6403
6404
6406
6407
6409
6414
6415
6418
6422
6425
6426
6429
6430
6443
6444
6445
6448
6450
6452
6455
6457
6458
6465
6466
6467
6472
10653
6473
6475
6476
6481
6483
6486
6490
6491
6492
6495
6496
6498
6500
6505
6506
6508
6514
6523
6525
6526
6527
6531
6533
6535
6536
6539
6540
6542
6543
6547
6553
6561
6565
6573
6577
6578
6579
6581
6582
6584
6586
6588
6589
6590
6591
6592
6593
6595
6598
6600
6601
6604
6606
6607
6613
6614
6615
6617
6618
6619
6624
6625
6627
6628
6631
6632
6633
6635
6636
6637
6638
6639
6640
6644
6646
6650
6651
6652
6654
6656
6660
6661
6662
6666
6668
6671
6673
6680
6681
6682
6684
6686
6689
6690
6692
6693
6694
6695
6696
6697
6698
6700
6703
6705
6706
6708
6709
6711
6713
6716
6717
7382
6720
6723
6725
6727
6728
6729
6730
6731
6733
6735
6736
6737
6739
6742
6743
6746
6747
6756
6757
6759
6764
7061
6765
6766
6767
6770
6776
6778
6780
6782
6783
6785
6786
6787
6788
6790
6791
6792
6794
6795
6798
6802
6803
9067
6804
6806
6807
6808
6809
6810
6812
6813
6815
6816
6818
6821
6822
6823
6824
6825
6826
6827
6830
6831
6832
6833
6835
6838
6840
6841
6844
6848
6849
6850
6851
6852
6855
6857
6860
6861
6863
6864
6865
6866
6867
6869
6870
6871
6873
6874
6875
6877
6879
6880
6883
6885
6887
6888
6890
6891
6893
6894
6896
6898
6899
6900
6903
6905
6907
6909
6911
6912
6913
6914
6915
6931
6918
6920
6921
6922
6927
6928
6930
6932
6935
6939
6940
6942
6943
6945
6946
6947
6948
6949
6950
6953
6954
6956
6957
6959
6961
6964
6970
6971
6978
6980
6983
6985
6986
6993
6994
6999
7000
7003
7004
7007
7009
7011
7012
7013
7018
7022
7023
7025
7027
7030
7031
7032
7033
7036
7037
7039
7040
7043
7044
7045
7046
7048
7051
7052
7053
7055
7057
7059
7063
7065
7066
7071
7072
7074
7078
7081
7085
7086
7090
7091
7096
7098
7100
7101
7105
7107
7109
7111
7113
7114
7115
7116
7123
7124
7129
7130
7135
7136
7139
7142
9859
7151
7153
7156
7160
7161
7163
7164
7491
7170
7171
7173
7176
7178
7180
7181
7182
7192
7196
7197
7208
7209
7210
7211
7212
7214
7215
7216
7217
7223
7224
7227
7229
7230
7235
7237
7242
7243
7246
7249
7250
7252
7253
7255
7256
7259
7260
7261
7262
7264
7267
7268
7269
7273
7279
7281
7283
7284
7286
7289
7291
7293
7294
7295
7297
7301
7302
7305
7306
7308
7314
7315
7316
7317
7319
7321
7323
7331
7333
7339
7347
7348
7349
10090
7350
7351
7353
7356
7357
7358
7360
7361
7362
7364
7369
7370
7372
7374
7377
7381
7385
7387
7391
7393
7394
7397
7399
7400
7402
7403
7405
7406
7407
7410
7411
7412
7414
7416
7417
7426
7427
7428
7429
7460
7430
7431
7432
7433
7434
7435
7438
7439
7441
7443
7446
7448
7451
7453
7455
7456
7485
7457
7459
7461
7462
7463
7466
7468
7470
7473
7477
7478
7480
7481
7483
8711
7488
7490
7492
7494
7495
7496
7500
7505
7509
7510
7511
7512
7514
7515
7516
7517
7521
7522
7524
7525
7528
7530
7531
7533
7534
7535
7537
7538
7539
7540
7541
7542
7544
7546
7547
7549
7550
7553
7558
7559
7562
9263
7566
7567
7568
7569
7571
7572
7575
7576
7577
7578
7579
7580
7581
7583
7584
7586
7587
7590
7593
7595
7598
7600
7601
7603
7604
7606
7607
7608
7609
7610
7611
7614
7615
7616
7617
7618
7626
7627
7630
7631
7632
7634
7637
7646
7648
7649
7650
7651
7654
7655
7656
7657
7664
7666
7667
7671
7675
7679
7680
7681
7682
7685
7686
7687
7688
7690
7692
7696
7703
7704
7707
7708
7711
7713
7714
7716
7717
7718
7720
7721
7722
7723
7724
7725
7726
7727
7729
7730
7731
7732
7733
7734
7735
7737
7738
7740
7742
7744
7745
7746
7747
7748
7749
7750
7751
7752
7753
7754
7755
7756
7757
7758
7759
7760
7761
7762
7763
7764
7766
7768
7769
7770
7771
7772
7773
7774
7776
7777
7779
7782
7784
7785
7786
7788
7789
7790
7791
7794
7795
7796
7800
7802
7803
7804
7809
7810
7811
7812
7814
7816
7818
7819
7823
7825
7826
7827
7828
7833
7836
7838
7839
7840
7842
7843
7844
7845
7846
7850
7851
7853
7854
7855
7858
7860
7861
7862
7863
7864
7867
7870
7874
7876
7877
7880
7881
7882
7883
7884
7885
7886
7888
7889
7890
7891
7894
7895
7898
7899
7900
7907
7909
7910
7916
7917
7919
7922
7923
7924
7925
7929
7932
7934
7935
7936
7937
7939
7940
7941
7942
7943
7944
7945
7946
7947
7948
7949
7950
7951
7952
7953
7954
7955
7956
7957
7958
7959
7960
7961
7962
7963
7965
7966
7967
7968
7969
7970
7972
7973
7974
7975
7977
7978
7979
7980
7981
7982
7983
7984
7985
7986
7987
7988
7989
7990
7991
7993
7994
7995
7996
7997
7998
7999
8000
8001
8002
8003
8004
8005
8006
8007
8008
8009
8010
8011
8012
8013
8015
8017
8019
8020
8021
8022
8023
8024
8025
8026
8027
8028
8029
8030
8031
8033
8034
8035
8036
8037
8038
8039
8040
8041
8043
8044
8045
8046
8047
8048
8049
8050
8051
8052
8053
8054
8055
8056
8057
8058
8059
8060
8061
8064
8065
8066
8067
8068
8069
8070
8071
8072
8074
8075
8076
8077
8078
8079
8080
8081
8082
8083
8084
8085
8086
8087
8088
8089
8090
8091
8093
8094
8095
8096
8097
8098
8099
8100
8101
8102
8104
8105
8106
8107
8108
8109
8110
8111
8112
8113
8114
8115
8116
8117
8118
8120
8121
8122
8123
8124
8125
8126
8127
8129
8130
8131
8132
8133
8134
8135
8136
8137
8138
8139
8140
8141
8142
8144
8145
8146
8148
8149
8150
8151
8152
8153
8154
8155
8156
8157
8158
8159
8160
8161
8162
8165
8166
8167
8168
8169
8170
8171
8172
8173
8174
8175
8176
8177
8178
8179
8180
8181
8182
8183
8184
8185
8186
8187
8188
8189
8190
8191
8192
8193
8194
8195
8196
8197
8198
8199
8200
8201
8202
8203
8204
8205
8206
8207
8209
8210
8211
8212
8213
8214
8215
8216
8217
8218
8219
8220
8221
8223
8224
8225
8226
8227
8228
8229
8230
8231
8232
8233
8234
8235
8236
8237
8238
8239
8240
8241
8242
8245
8247
8251
8252
8254
8255
8256
8257
8258
8259
8263
8265
8266
8269
8270
8271
8272
8274
8276
8282
8284
8289
8290
8291
8292
8295
8296
8297
8311
8312
8314
8317
8321
8325
8331
8332
8333
8334
8335
8336
8337
8338
8340
8341
8343
8349
8350
8352
8353
8354
8358
8361
8364
8365
8367
8369
8371
8372
8375
8376
8378
8381
8382
8383
8384
8385
8386
8387
8389
8390
8392
8393
8394
8398
8401
8406
8409
8411
8412
8415
8416
8419
8420
8421
8422
8425
8426
8430
8431
8434
8436
8437
8438
8439
8441
8442
8443
8444
8448
8450
8452
8453
8455
8457
8462
8463
8464
8466
8467
8470
8472
8473
8474
8477
8478
8480
8484
8485
8486
8487
8488
8489
8490
8493
8499
8500
8509
8510
8512
8513
8515
8516
8517
8518
8519
8520
8522
8526
8528
8531
8534
8537
8538
8542
8543
8545
8550
8564
8567
8568
8572
8576
8579
8580
8581
8584
8585
8591
8592
8595
8597
8599
8601
8603
8608
8610
8613
8614
8615
8616
8618
8619
8622
8624
8625
8627
8629
8630
8631
8632
8636
8637
8639
8640
8643
8644
8645
8647
8648
8649
8657
8660
8662
8665
8666
8667
8668
8671
8672
8673
8676
8677
8678
8682
8683
8684
8685
8686
8687
8688
8692
8694
8695
8696
8697
8700
8702
8709
8710
8713
8714
8716
8717
8718
8720
8732
8733
8734
8736
8738
8741
8748
8750
8752
8753
8755
8758
8759
8760
8761
8762
8763
8764
8765
8766
8769
8770
8772
8775
8777
8779
8780
11372
8781
8785
8789
8792
8795
8798
8808
8809
8815
8817
8821
8829
8832
8837
8838
8840
8846
8851
8858
8860
8863
8868
8870
8871
8872
8875
8876
8882
8884
8892
8894
8896
8897
8900
8904
8906
8908
8917
8920
8921
8922
8923
8926
8927
8928
8929
8930
8931
11065
8932
8934
8935
8936
8938
8940
8941
8944
8945
8946
8947
8948
8950
8951
8952
8954
8955
8956
8957
8959
8963
8964
8967
8968
8969
8971
8972
8973
8976
8978
10495
8980
8981
8982
8984
8985
8986
8988
8989
8990
8992
8994
8995
8996
8997
8998
9000
9001
9003
9004
9005
9006
9007
9008
9011
9012
9013
9015
9016
9017
9020
9023
9024
9025
9026
9027
9028
9030
9031
9034
9035
9036
9037
9038
9041
9044
9046
9048
9050
9051
9053
9054
9055
9056
9058
9059
9060
9061
9063
9064
9065
9066
9068
9069
9071
9072
9073
9074
9075
9076
9077
9078
9080
9082
9083
9085
9086
9087
9088
9089
9092
9093
9096
9097
9099
9102
9103
9107
9108
9112
9114
9115
9118
9121
9122
9125
9129
9133
9135
9136
9138
9142
9144
9145
9147
9148
9149
9150
9151
9152
9153
9154
9396
9159
9164
9165
9168
9169
9172
9175
9176
9177
9181
9183
9187
9189
9190
9195
9197
9198
9200
9202
9203
9204
9205
9207
9209
9212
9213
9214
9428
9216
9219
9220
9222
9224
9227
9228
9229
9230
9232
9233
9234
9235
9236
9237
9238
9241
9243
9244
9247
9249
9251
9252
9253
9254
9255
9258
9260
9261
9264
9265
9269
9270
9281
9283
9284
9285
9287
9289
9291
9292
9294
9295
9296
9301
9304
9305
9306
9308
9309
9311
9313
9314
9316
9319
9321
9326
9327
9331
9332
9338
9341
9344
9348
9349
9351
9353
9354
9356
9357
9359
9361
9362
9363
9366
9370
9372
9373
9375
9377
9378
9379
9382
9383
9387
9392
9393
9401
9404
9406
9407
9411
9414
9415
9419
9421
9422
9429
9430
9431
9433
9434
9436
9437
9439
9441
9442
9443
9445
9448
9449
9451
9452
9453
9457
9459
9460
9462
9463
9466
9468
9470
9473
9474
9479
9481
9485
9486
9488
9489
9491
9492
9493
9494
9496
9497
9498
9499
9500
9502
9506
9507
9508
9512
9514
9517
9519
9520
9525
9526
9529
9530
9532
9535
9537
9538
9540
9541
9542
9543
9545
9548
9552
9553
9554
9555
9556
9557
9558
9560
9563
9564
9565
9567
9568
9570
9571
9573
9574
9575
9576
9577
9579
9580
9583
9584
9585
9586
9587
9590
9591
9592
9593
9595
9601
9602
9603
9606
9609
9610
9614
9616
9617
9619
9620
9622
9629
9637
9640
9642
9647
9648
9650
9651
9652
9653
9654
9658
9660
9661
9663
9667
9668
9669
9670
9672
9675
9677
9678
9679
9681
9683
9685
9688
9690
9692
9693
9696
9697
9701
9702
9703
9704
9705
9706
9707
9708
9709
9711
9717
9719
9722
9723
9726
9728
9729
9733
9735
9736
9742
9743
9744
9748
9749
9753
9757
9758
9759
9760
9762
9765
9769
9772
9774
9776
9777
9778
9781
9787
9789
9790
9791
9793
9794
9795
9797
9798
9799
9800
9808
9809
9811
9814
9817
9818
9821
9823
9824
9827
9829
9830
9832
9833
9837
9838
9839
9840
9842
9843
9846
9847
9848
9849
9852
9853
10629
9860
9861
9862
9863
9869
9870
9872
9876
9878
9883
9884
9885
9888
9889
9891
9892
9896
9897
9903
9904
9906
9908
9909
9910
9911
9912
9914
9915
9925
9927
9929
9930
9934
9938
9943
9944
9948
9966
9971
9973
9976
9979
9982
9986
9987
9988
9993
9996
10003
10006
10012
10023
10026
10027
10032
10037
10038
10046
10048
10056
10059
10061
10066
10068
10070
10072
10075
10079
10081
10083
10088
10092
10093
10094
10095
10098
10100
10106
10107
10109
10114
10117
10120
10121
10122
10130
10154
10157
10158
10162
10163
10164
10167
10171
10173
10176
10177
10179
10183
10186
10191
10193
10195
10196
10197
10202
10203
10204
10207
10209
10214
10217
10222
10224
10225
10228
10229
10236
10252
10257
10261
10268
10271
10278
10283
10284
10287
10288
10289
10290
10291
10303
10307
10311
10313
10314
10318
10319
10321
10322
10323
10324
10327
10335
10338
10341
10344
10346
10347
10348
10352
10354
10359
10364
10371
10379
10383
10384
10388
10389
10392
10395
10400
10403
10408
10416
10417
10418
10420
10434
10449
10454
10455
10473
10476
10482
10485
10486
10494
10496
10499
10511
10513
10514
10519
10521
10524
10528
10532
10536
10539
10541
10544
10545
10546
10550
10562
10566
10568
10569
10570
10573
10575
10576
10581
10583
10586
10589
10597
10600
10602
10603
10604
11676
10937
10606
10626
10628
10636
10639
10641
10644
10646
10654
10655
10656
10657
10662
10665
10668
10675
10677
10679
10686
10696
10698
10700
10702
10707
10710
10712
10713
10714
10716
10718
10720
10726
10730
10735
10742
10743
10745
10746
10748
10750
10754
10755
10757
10759
10763
10764
10765
10769
10770
10773
10776
10778
10783
10784
10785
10788
10791
10792
10794
10795
11433
10798
10800
10805
10809
10810
10812
10813
10815
10821
10823
10824
10825
10830
10832
10833
10835
10842
10846
10847
10850
10853
10855
10856
10857
10859
10861
10862
10863
10868
10869
10871
10872
10875
10876
10877
10879
10880
10882
10884
10892
10896
10898
10900
10901
10903
10904
10910
10911
10912
10920
10928
10933
10935
10940
10943
10946
10949
10951
10953
10954
10955
10959
10960
10961
10968
10970
10972
10973
10974
10978
10979
10980
10981
10985
10988
10989
10993
10995
11001
11005
11007
11009
11010
11011
11012
11013
11023
11025
11026
11029
11030
11032
11033
11034
11040
11044
11045
11046
11048
11050
11052
11055
11056
11059
11060
11062
11064
11066
11067
11069
11074
11077
11080
11086
11087
11091
11092
11093
11101
11103
11106
11109
11110
11115
11121
11124
11125
11127
11139
11143
11152
11155
11156
11157
11162
11165
11171
11174
11193
11194
11197
11204
11207
11209
11219
11220
11222
11227
11228
11230
11232
11237
11238
11246
11253
11254
11255
11259
11261
11266
11270
11273
11274
11275
11281
11282
11285
11289
11290
11292
11296
11298
11300
11303
11309
11311
11312
11313
11316
11321
11323
11326
11327
11328
11329
11333
11336
11339
11344
11347
11352
11357
11360
11369
11374
11381
11383
11384
11387
11388
11389
11390
11391
11393
11395
11397
11398
11400
11401
11403
11404
11405
11415
11417
11423
11438
11440
11442
11447
11449
11450
11451
11459
11463
11468
11469
11471
11475
11484
11491
11493
11498
11499
11504
11506
11511
11512
11513
11514
11517
11521
11522
11523
11524
11527
11532
11534
11535
11536
11541
11544
11548
11549
11550
11551
11555
11557
11559
11562
11564
11566
11571
11572
11573
11578
11580
11581
11583
11584
11589
11590
11592
11593
11595
11599
11601
11606
11608
11609
11612
11614
11765
11618
11620
11622
11623
11624
11628
11631
11632
11635
11636
11641
11642
11643
11644
11647
11649
11656
11657
11660
11665
11670
11672
11674
11679
11688
11695
11699
11702
11703
11704
11712
11723
11729
11732
11733
11737
11738
11739
11740
11745
11746
11751
11757
11758
11760
11763
11769
11772
11774
11775
11781
11784
11788
11790
11791
11792
11793
11794
11795
11796
11798
11805
11808
11810
11811
11812
11814
11815
11816
11818
11820
11822
11823
11825
11827
11828
11830
11831
11834
11837
11838
11839
11842
11843
11846
11847
11848
11849
11857
11858
11860
11865
11866
11867
11868
11872
11874
11875
11879
11880
11881
11885
11886
11888
11890
11895
11898
11899
11901
11908
11914
11916
11917
11918
11921
11922
11924
11926
11927
11932
11933
11938
11939
11944
11948
11952
11955
11957
11958
11960
11963
11964
11966
11968
11969
11970
11973
11974
11979
11984
11987
11992
11993
11995
11996
11997
12000
12002
12003
12004
12005
12006
12007
12008
12010
12011
12014
12019
12020
12023
12026
12027
12028
12030
12031
12032
12035
12037
12039
12040
12042
12046
12052
12053
12054
12057
12059
12064
12068
12069
12072
