0
1
52
998
5274
2
505
12
13
17
18
32
33
34
103
36
38
16179
44
40
42
43
67
1282
827
46
47
10020
1285
49
50
51
159
61
62
63
18325
2784
3328
10722
17925
5195
7340
5071
8692
90
1957
72
73
13048
75
13716
76
78
77
79
295
81
112
445
84
226
268
85
279
86
87
88
89
170
92
93
648
94
98
102
10488
157
106
10002
5902
287
107
111
513
6702
8463
21843
4664
346
124
125
13107
131
16644
132
133
134
413
139
142
143
613
550
150
151
152
2348
155
156
907
6628
1925
9640
5257
2955
5420
9379
1620
8867
15734
13612
3577
4406
2783
160
1352
163
167
168
173
175
176
223
224
231
12907
6071
5084
235
238
240
1252
12328
243
244
246
247
249
250
253
8035
8157
256
263
265
22620
2329
2077
693
269
270
271
6751
280
281
352
917
5469
286
288
294
297
298
1584
304
306
307
309
314
321
3362
2731
323
2785
12634
324
326
330
332
333
337
338
340
341
345
349
353
7994
1597
354
355
357
358
359
360
361
362
365
367
399
402
15576
403
1016
404
408
409
437
2023
410
411
412
414
415
416
417
418
419
425
7842
9219
7782
2473
5578
5171
1347
2038
440
441
442
443
19868
444
2664
4833
681
447
448
450
451
452
455
456
457
458
459
461
462
464
465
471
472
1326
476
477
478
480
482
483
4035
2881
522
523
492
2350
1337
486
488
16511
489
490
491
2239
8634
1806
493
495
17478
499
500
504
2699
506
507
510
512
6826
4759
514
515
516
517
518
519
520
521
7041
524
530
834
534
536
537
10021
538
541
544
545
546
1039
572
551
4822
552
553
555
556
561
562
563
564
567
569
571
573
577
578
579
580
581
583
584
585
586
588
591
592
593
594
595
597
598
1103
817
600
602
22645
634
603
604
11984
605
607
608
611
612
614
615
617
619
620
622
623
625
627
628
629
6763
633
638
762
3739
640
641
642
643
646
647
650
651
653
656
658
5639
1386
910
659
662
663
664
665
669
668
670
16335
672
673
675
676
677
678
679
6436
16110
5560
15956
18461
680
683
684
692
867
14213
2695
1416
7754
14615
1166
1271
6183
6170
988
3930
1118
695
696
697
699
801
863
704
710
711
712
4221
713
714
8564
716
717
718
724
12994
11718
9357
12886
726
730
734
1797
9849
735
737
739
743
745
746
748
749
750
751
754
758
760
761
12322
1766
763
764
765
768
772
778
779
780
782
787
788
792
793
800
805
810
811
813
814
19433
815
816
819
821
823
824
825
826
830
832
833
838
842
846
848
850
16075
851
853
854
856
857
858
859
860
862
2439
866
891
869
870
871
872
24072
25107
20056
11034
1180
873
874
10191
876
877
878
881
882
883
884
885
886
887
888
889
1829
8104
894
2054
898
14912
903
904
908
909
6442
2315
911
912
914
6413
4776
919
922
2277
16265
923
925
926
929
23134
933
16774
934
935
14150
936
941
943
19755
945
3289
946
947
18882
952
959
960
963
2402
964
969
970
971
974
975
976
7703
11513
978
979
981
982
986
7129
987
3266
991
992
25006
997
999
1000
1004
1007
1009
1013
1014
1015
1017
1022
1026
1030
1032
1033
1040
15045
20639
1046
1054
1057
1241
1071
1059
1062
1064
1069
1070
12443
1072
1316
1076
1077
1079
1082
1083
9931
1086
1090
1091
1092
1093
1094
1095
1096
1097
1098
1100
1102
1104
1108
1109
1122
1123
1124
1127
1129
1130
11019
3644
1137
1140
1142
1143
1146
1147
1148
1149
1150
1155
1156
1159
4505
1161
11913
1167
1332
1168
1169
1170
1172
1174
1179
3055
6934
1181
1183
1186
1188
1189
1190
1192
1194
1196
1197
1198
1199
1204
1206
1207
18710
1595
1210
1211
1212
1215
1216
1217
1218
1219
2295
1225
1230
1231
1233
1237
1238
1239
1242
1244
1247
1248
1250
1253
1257
1259
1261
1262
1263
1265
1267
1268
1272
1274
1275
1278
1280
1288
1289
1291
1294
1298
1300
1302
1304
1305
1309
6499
1314
1315
2351
1318
1319
1323
1324
1327
8543
1328
1330
1331
20684
2501
1333
1334
1335
1336
17412
6186
1339
1340
1343
1344
1346
21948
1351
1354
1356
1357
1358
1360
1362
1368
1371
1372
1373
1374
1375
1377
1383
1388
1389
1390
1392
1393
1395
1396
1882
1397
4620
1399
1400
1402
1403
1404
1405
1408
4779
1409
1411
1413
1414
1417
1418
1419
1421
1423
1424
1426
1427
1429
1431
18619
1432
1433
1434
1436
1437
1438
1439
1440
1442
1447
1448
6902
1451
1452
14274
8742
1454
1455
1456
1457
1459
1460
1461
1462
1463
1465
1467
1470
1472
1473
1475
1476
1480
1482
3531
11250
1484
1486
16621
17244
1487
1490
1492
1493
1495
1496
1498
1501
7030
1504
1505
1506
1508
1509
1510
1511
1514
1515
1516
1517
11353
1523
1524
1530
1531
1536
1537
1538
1543
1546
1549
1551
1553
1554
1558
1566
1569
1570
1571
1572
1573
1574
1575
1576
1578
1579
1581
1582
2485
1587
1588
1590
1591
7743
1598
1599
1602
1603
1604
1607
1608
1609
1610
1614
1615
1616
1617
1618
1619
1621
1623
1624
1625
1626
1627
1630
1631
1632
1633
1635
1636
1639
1641
1642
1645
1646
1647
1648
1649
1651
1652
1653
1654
11228
1655
1656
1657
1658
1659
1662
1663
2870
1664
1665
1667
1668
1669
1671
1672
1673
1674
1675
1677
1678
1679
1680
1682
1683
12912
13555
1684
1685
1686
1687
1688
1689
1690
10142
1691
1693
1694
1695
1701
1703
1704
1705
1706
1709
1710
1711
1799
1712
1713
1716
5572
6901
1717
1718
1719
1720
1722
1725
1726
1727
1729
1730
1731
1736
1738
1740
1743
1745
1746
1747
9708
1752
2276
1753
1754
1756
1758
1760
1761
1762
1763
1765
1768
1769
1770
1771
1772
1773
1774
1776
1777
1778
1779
1780
1782
1784
1789
1838
1790
1791
1793
1794
1796
15671
8984
12380
25245
1798
1803
1804
1805
1807
1808
1809
1810
1811
1812
1813
1814
1816
1823
1824
1826
1827
1828
1830
1833
1834
1835
1837
1842
2556
1844
1845
1846
1850
1852
1854
1856
1859
1861
1862
1863
1865
1867
1868
1871
1872
1873
1875
1876
1877
1878
1879
1889
1890
1891
1892
1893
1895
1897
1898
1901
1902
1903
1904
1906
1907
1910
1912
1913
11902
1915
1916
1918
1919
1920
1921
1922
1924
1928
1936
1938
1943
1944
6619
1945
6146
10824
1946
1947
1948
1952
1956
1959
1961
1964
1965
1966
1967
1969
10089
18082
1970
1973
1975
1977
1980
1981
1982
1985
1988
1989
1990
1991
1992
1996
1999
2001
2003
2004
2005
2006
2007
2008
2010
2014
2016
2018
2022
12035
8135
19352
2024
2026
2028
2029
2031
2032
2033
2036
2037
2040
6401
2045
2048
14333
2049
2051
2052
2053
2055
2056
2059
2060
2964
9596
9597
2061
2066
2068
9367
2069
2070
2073
2074
2997
7010
2081
2083
2084
2086
2087
2088
2648
2089
2090
2093
2094
2095
2099
2100
2101
2102
2103
2105
2106
2108
2109
2111
2112
2113
2118
12134
2119
2121
2123
2124
2125
7873
8775
2129
2130
2132
2133
2135
2136
2137
2139
2140
2141
2143
2144
2145
2146
2147
2150
2153
2157
2158
2159
2160
2161
7581
2162
2163
2180
2164
2165
2166
2168
2171
2172
2173
2174
2175
2176
2177
2178
2179
7156
2182
2185
2186
2187
2194
2221
2195
2196
2197
2198
2199
2200
2201
2202
2203
2204
2205
2206
2210
2211
2212
10164
2213
2214
2215
2216
2217
2218
2219
14129
3802
2222
2223
2224
2226
2227
2228
2229
2230
2231
2233
2234
2235
2236
2238
9337
2240
2241
2242
2243
2245
2246
2250
2252
2253
2254
2255
2260
2264
2266
2267
2268
2269
2271
2272
2275
2279
2280
2281
2282
10210
2283
2285
2286
2287
2288
2289
2290
2291
2293
2296
2300
2303
2306
2307
2308
2310
2311
2313
2314
2317
2318
2320
2321
2323
2324
2325
4530
19242
2488
21514
2326
15471
2328
6821
18097
16101
20127
2330
2334
2339
2340
2343
2344
2345
2346
2347
22925
2500
3242
5354
2355
2365
2367
2368
2370
2371
2372
2373
2374
2375
2376
2379
2384
2389
2390
2391
2393
2396
2399
17107
2400
2401
8100
7236
2403
2404
2405
2406
2408
2409
2412
2413
2414
2415
2417
2418
2422
2423
2428
2429
2430
2431
2432
2434
2436
2437
2438
2440
2443
2444
2445
2446
2447
2448
2450
2451
2452
2453
2454
2455
2718
2456
2458
2459
2460
2461
2462
2465
2466
2468
2469
2470
2471
2474
2475
2476
2477
2478
2480
2481
2482
2483
2487
2497
2498
2499
17859
4809
8009
2502
2503
2504
2505
2506
2507
2508
2509
3114
2510
2512
2513
2515
2516
2518
2519
2520
2523
2524
2526
2528
2529
2531
6313
2532
2533
2534
2535
2537
2539
2540
2542
2543
2546
18109
2547
2548
2549
2550
2551
2552
2553
2555
2557
2558
2560
2564
11552
2565
2566
2567
2572
2575
2577
2578
2581
2582
2583
2588
2589
2590
2618
2592
2595
2597
2598
2601
2605
2609
3196
2611
2615
6077
2619
14370
2620
2621
2623
2624
2625
7349
17691
20414
2627
2628
2629
2631
2632
2633
2634
2635
2638
2639
2640
2641
2643
2645
2650
2656
2657
2658
2659
2660
2661
2662
2663
2665
2668
2669
2670
2672
2673
2674
2675
2676
2679
2680
8440
5373
8781
2682
2683
2684
2685
2686
2690
2691
2692
2693
2694
3200
12652
9589
3899
2697
2698
2700
2702
2704
2705
2706
2708
2710
2711
2713
2715
2716
2717
2719
2720
2722
2723
2724
2727
2728
2729
2730
2733
2734
2735
2736
2737
2738
2739
2740
2741
2743
2745
2746
2748
2749
2751
2752
2754
2755
2757
2758
2759
2761
2763
2764
2765
2767
2769
2770
2772
2774
2775
2778
2779
2780
2781
10227
2786
2787
2789
2790
2792
2793
2794
2795
2796
2797
2799
3583
2801
2803
2806
2807
2808
2809
2813
2815
2816
2818
2820
2821
2823
2824
2825
2826
2827
2828
2829
2830
2831
2833
2840
2841
2842
2845
2847
2848
2854
2855
2859
2860
2861
3084
2862
2863
2865
2868
2869
2871
2873
2874
2876
2877
2883
2884
2885
2887
2888
2891
2895
2897
2898
2901
2902
13654
2903
2904
2905
7709
2907
2910
2913
2914
2916
2917
2918
2919
2921
2923
2925
2926
2927
2928
2929
2930
2933
2934
2936
8474
2937
2938
2939
2940
2943
2944
2945
2946
2948
2951
9755
2957
2959
2960
2961
2962
2965
2967
2969
2970
2972
2973
2974
2975
2976
2977
2978
2981
2982
2984
19549
2986
2987
2990
2991
2992
2993
2994
2996
2998
2999
3002
3004
3006
3007
3008
3009
3010
3011
3012
3013
3014
3015
3016
3017
3018
3019
3021
3023
3026
3028
3030
3031
3032
3033
3034
3037
3039
3040
3042
3044
3045
3046
3052
3053
3054
3056
3057
3059
3060
3061
3062
3063
6944
3066
3067
3068
3070
3072
3073
3078
3079
3080
3082
3085
3086
3088
3089
3090
3091
3092
3094
3099
3100
3101
3103
3104
3106
3107
3108
3110
3112
3113
3115
3117
3120
3122
3123
3128
3129
3131
3133
8195
3134
3135
3138
3141
3143
3145
3146
3147
3150
3151
3152
3153
3155
3157
3816
5017
3162
3163
3164
3166
3168
3169
3170
3171
3172
3173
3176
3177
3178
3179
3185
3186
3187
3188
3189
3191
3192
3193
3198
3201
3204
3207
3211
3214
3215
3216
3217
3218
3219
3220
3222
16963
17262
9275
3223
3225
3228
3230
3233
3234
3235
3236
14108
3237
3238
3241
3243
3248
3249
3253
3254
3257
3259
3261
3265
3279
3280
18999
3282
3284
3286
3288
3290
3295
3296
3298
3308
3310
3312
3313
3314
3315
3318
3322
3325
3326
3331
3336
3338
7544
3343
3345
3350
3355
3361
3365
11405
3885
3376
13295
3378
3382
3384
3385
3386
3397
3405
3413
3420
10977
3422
3425
3429
3430
3432
3434
3436
3450
3451
3454
3461
3468
3473
3474
3478
3481
3486
3489
3492
3493
3497
3503
3504
3505
3506
3510
16480
18260
3511
3512
3514
3517
3519
3528
3532
3539
3546
3547
3556
3557
3559
3560
3566
3569
3572
3581
3584
3586
3597
3598
3601
3608
3609
3617
3624
3640
3643
3654
3655
3657
3661
3665
3669
3670
3673
3675
3680
3683
3684
3685
3687
3689
3692
3694
3699
3700
3702
3706
3707
3708
4875
3714
3717
3722
3723
3725
3726
3727
3731
3732
3737
3738
3743
9150
3745
3746
3751
3756
3759
3763
3765
3767
3776
3777
3778
3779
3783
3784
3788
3791
3792
3794
3796
3797
3798
3800
3801
3804
3808
3809
3810
3811
3814
3815
3818
3819
3822
3823
3824
3826
3840
3843
3844
3846
3848
3852
3857
3858
3860
3861
3867
3869
3874
17433
3875
3881
3882
3883
3889
3891
3892
3898
10428
3902
17467
3903
3904
3906
3907
22447
3908
3909
3910
3912
4923
4973
3915
3921
3924
3925
3926
3929
3935
3953
3954
3955
3956
3960
3961
3974
3979
3986
3987
3989
3990
3993
3994
7062
3995
3997
3999
4005
4009
4010
4016
4017
4018
4024
4027
4031
4032
4034
4036
4038
4039
4042
4043
4048
4049
4050
4052
4057
4059
4062
4064
4065
4066
4068
4075
4078
4079
4080
4081
4082
10160
4085
4086
4087
4088
4089
4091
4101
4103
4104
4107
4109
4111
4114
4115
4120
4122
4123
4130
4131
4132
4134
4135
4140
4148
4149
4154
7003
4157
4159
4160
4168
4169
4172
4174
4178
4179
4180
4183
4186
17692
4188
4194
17564
4196
4201
4203
4204
4205
4206
4210
4214
4217
4218
4229
4230
4235
4237
4238
4240
4241
4243
4244
4246
4249
4251
4254
4255
4260
4266
4269
8682
4273
4274
4276
4279
4286
4289
6221
4290
4292
4294
4295
4300
9682
4304
4305
4308
4312
4313
4315
4322
4335
4336
4339
9475
4346
4353
4355
4357
4359
4361
4363
4364
4365
4370
4374
4380
4384
4387
11288
4388
4399
4400
4401
4403
4404
4405
4410
4413
4415
4419
4420
4424
4430
4434
4435
4438
13830
4445
4448
4455
4460
4462
4465
4466
4470
4473
4486
4487
4489
4493
4496
4504
4506
4509
4516
6277
6470
19016
4762
4517
4520
4521
4522
12725
4525
4528
4529
4533
4536
4544
4545
4551
4555
4560
4563
4564
4565
4566
4569
4573
4575
4578
17876
4579
4585
4593
4596
4597
4599
4600
4602
4604
4605
4607
4609
4610
4619
4627
21989
4629
4631
4634
4635
4636
4637
19099
4639
4640
4642
4645
4649
4651
4654
4655
4656
4657
4661
12918
4665
4666
4667
4670
4673
4674
4675
17960
4676
4677
4679
5856
4682
4687
4689
4691
4692
4696
4697
15785
4699
4700
4701
4707
4708
4713
4718
4719
4722
4723
4727
4728
4729
4734
4740
4741
4742
4746
4749
4750
4751
4761
4764
4765
4766
4771
4773
10712
4775
4778
4784
4789
4791
4792
4794
4797
4799
4800
4805
4808
4811
16560
4816
4817
10096
4864
4827
4828
4831
4835
4839
4840
4841
4844
4847
4850
4853
4856
4858
4859
4861
4865
4866
4867
4870
4873
8803
4879
4881
4884
4896
4901
4910
4912
4928
4929
4933
4934
4936
4946
4950
4952
4954
4955
4956
4961
4962
14540
4963
4967
4968
4969
4970
4972
14444
4976
4978
4982
4983
4986
4988
4989
4993
4995
4996
4997
5002
5008
5009
5010
5013
5014
5022
5027
5037
5038
5039
5044
5047
5048
5050
9876
5054
5061
5064
5065
5076
5077
5082
5083
5085
5086
5088
5091
5092
5094
5098
5099
5100
5104
5105
5110
5112
5115
5116
10049
5117
5119
5120
5122
5123
5126
5129
5133
5134
5139
5141
5142
5144
5145
5150
5153
5154
5155
5156
5158
5161
5163
5164
5167
5168
5173
5176
5178
5182
5185
5186
5189
5190
5196
5199
5200
18039
5202
5205
5206
5209
5210
5211
5213
5214
5215
5217
5218
5219
11594
5225
5228
5234
5241
5248
5260
5261
5263
5270
5272
5273
5277
5278
23196
5284
5286
5295
5296
5298
5301
5302
5303
5305
5306
5308
5309
5310
5313
5314
5315
5318
5321
5322
5328
5329
5331
5332
5336
5340
5342
5343
5345
5349
6885
17366
7845
5355
5356
5361
5365
5367
5368
5370
5371
5372
5721
5374
5375
5378
5383
5384
5385
5388
5390
5393
5394
5396
5397
5399
5400
5402
5404
5406
5407
5409
5410
5413
5672
5418
5419
13098
9871
5421
5422
5428
5431
5433
5434
5435
5437
5440
5442
5443
5446
13190
5449
6326
5452
5453
5455
5456
5457
5458
5459
5460
5462
5464
5465
5466
5468
5470
5473
5477
5478
5482
5485
5487
5490
5491
5492
5494
5495
5502
5505
5506
5510
5511
5520
5521
5522
11533
5524
5528
5530
5532
5534
5536
5537
5541
5542
5546
5547
5548
5552
5553
5558
5561
5563
5564
5566
5568
17539
5571
5575
5577
5581
5582
5583
5587
5588
5591
5592
5597
5598
5599
5602
5606
5608
5609
5610
5612
5613
5616
5617
5618
5619
5620
5622
5623
5626
5628
5629
5637
5638
5641
5643
5646
5654
5660
5662
5666
5668
5670
5674
5675
5677
5678
5681
5684
5685
5689
5698
5699
5701
5705
5706
5709
5711
5712
5714
5718
5722
5723
5727
5728
5731
5733
5738
5741
5744
5748
11433
5749
5751
5753
5754
5755
5757
5762
5763
5764
5766
5767
5768
5770
5771
5773
5776
5777
5778
5780
5781
5782
5787
5788
5789
5792
5797
5798
5800
5803
5807
5810
5817
5823
5824
5826
11375
5827
5828
5829
5830
5831
5838
5839
5841
5846
5848
5849
5850
5851
5853
5855
5857
5866
5869
5876
5880
5884
5889
5890
5899
5901
5903
5904
5905
5907
5914
5918
5923
5926
5927
5928
5929
5930
5932
5935
5936
5939
5943
5944
5949
5956
5957
5960
5963
5964
5967
5970
5971
5972
5973
5974
5976
5980
5986
5988
5993
5994
5996
5997
6001
6003
6007
6008
16036
6009
6011
6013
6014
6020
6022
6027
6028
6032
6035
6043
6044
6047
6048
6049
6050
6055
6056
6057
6059
6060
6061
6062
6063
6065
6067
6068
6069
6070
6073
6074
6081
6082
6083
6086
6087
6092
6093
6095
6096
6099
6100
6101
6102
6103
6104
6106
6112
6114
6115
6116
6121
6122
6124
6127
6128
6130
6131
6132
6141
6144
6145
6148
7102
6149
6152
6154
6155
6156
6164
6165
6166
6167
6168
6169
16253
11071
6171
6174
6178
6182
7510
6184
6185
6189
6190
12341
6191
6192
6194
21007
6195
6196
6197
6198
6199
6200
6201
6204
6206
6208
6210
6211
6217
6220
6223
6664
6224
6225
6227
6228
6229
6230
17271
16765
6232
6235
6239
6240
6242
6243
6245
6247
6249
6250
6251
6253
6255
6257
6258
6259
6262
6263
6267
6270
6272
6275
18143
6278
6279
6280
6284
6291
6293
6295
6299
6303
6308
6310
6312
6314
6315
6316
6318
6321
6322
6324
6325
6327
6330
6331
6333
6334
6337
6338
6339
6341
6342
6343
7264
6345
6346
6348
6349
6350
6352
6353
6355
6356
8461
6358
6359
6362
6365
6366
6367
6369
6374
6381
6384
6386
6387
6388
6389
6393
6394
6395
6397
6400
6403
6408
6409
6414
6418
22954
6419
6420
6422
6426
6427
6428
6429
6431
6434
6435
6443
6448
6450
6451
6455
6456
6458
6459
6460
6463
6467
6468
6469
23221
6472
6473
6474
6478
6479
6482
6483
9344
6485
6486
6487
6489
16508
6491
6492
6494
6495
6496
6498
6500
6502
6503
6504
6505
6508
6511
6512
6513
6514
6515
6516
6518
6519
6522
6523
6524
6525
6526
6530
6532
6533
6536
6542
6548
6550
6551
6553
6554
6555
6556
6558
6561
6562
6563
6566
6568
6569
6570
6574
6576
6578
6579
6582
6583
6585
6587
6588
6940
6589
12418
6593
6595
6596
6597
6601
6602
6604
6605
6609
6610
6614
6616
6618
6620
6621
6624
6625
6629
6632
6634
6637
6640
6641
6642
6643
6645
6647
6648
6649
6650
6653
6660
6662
6663
6665
6670
6671
6672
6675
6676
6677
6679
6680
6686
6687
6689
6691
6697
6701
6706
6707
6708
6709
6711
6714
6716
6719
6720
6723
6724
6725
6726
6728
6731
6732
6733
6734
6735
6736
6738
6739
6741
6742
6746
6757
6760
6761
6762
6768
10283
6770
6772
6773
6774
6775
6776
6780
6782
6785
7651
6789
6791
24214
6795
9987
6802
6804
6808
6809
6810
6811
6812
6814
6815
6819
6823
6824
6825
6827
6829
6831
6832
6835
9857
10108
6838
6839
6840
6842
6843
6845
6850
6852
6854
6856
6857
6858
6861
6864
6865
16282
6872
6873
6876
6878
6881
6884
9512
6889
6890
6893
6897
6898
6899
6906
6908
6909
6911
6914
6916
6917
6921
6922
6923
6925
6928
6931
6939
6941
6942
6945
6946
6947
6950
6956
6957
6958
6961
6962
6970
6975
6977
6978
6979
6982
6984
6986
6987
6990
6991
6992
6995
6996
6997
6998
7000
7004
7006
7007
7008
7009
7011
7012
7013
7014
7017
7019
7021
7022
7023
7025
7026
7027
7029
7031
7032
7033
7034
7035
7037
7038
7042
7044
7046
7049
7051
7056
7057
7058
7059
7060
7063
7068
7070
7073
7074
7076
7077
14834
7080
7081
7083
7086
9266
7087
7089
7090
7091
7093
7095
7096
7101
7104
7105
7108
7109
7111
7112
7114
7117
7120
9164
8055
7123
7125
7128
7130
7132
7133
7134
7138
7139
7140
7142
7143
24939
7993
7148
7150
7151
7153
7154
7155
7160
7161
7162
7163
7166
7167
7171
7174
7176
7181
7182
7188
7189
7190
7193
7194
7195
7197
7198
7199
7200
7201
7203
7206
7207
7214
7216
7217
7218
7220
7221
7222
7224
7226
7228
7229
7230
7231
7234
7235
7237
7239
7240
7242
7243
7244
7245
7246
7247
7248
7249
7250
7251
7253
7255
7256
7259
7260
7263
7265
7266
7269
7271
7272
7275
7280
7281
7282
7284
7286
7287
7288
7289
7290
7292
7294
7295
7301
7304
7305
7306
7308
7312
7313
7314
7315
7316
7317
7319
7320
7322
7323
7325
7327
7328
7329
7330
7332
7333
7334
7337
7341
7342
7344
7345
7347
7348
8364
9524
7350
7351
7353
7355
7356
7357
7358
7359
7362
7363
7364
7367
17727
7368
7370
7372
7373
7375
7376
7378
7379
7384
7385
7386
7388
7390
7392
7395
7399
7400
7401
7402
7404
7406
7409
7410
7412
7414
7419
7421
7422
7423
7430
7433
7434
7435
7437
7439
7441
7443
7444
7445
7446
7447
7449
7452
7453
7455
7456
7458
7459
7461
7462
7465
7466
7467
7468
7469
7470
7472
7473
7474
7476
7478
7479
7480
7483
7484
7485
7486
7491
7493
7494
7495
7500
7501
7503
10711
7511
7513
7515
7518
7519
7520
7521
7523
7524
7526
7527
10912
9834
7528
7529
7531
7532
7534
7538
7539
7540
7545
7546
7548
7550
7552
7553
7554
7555
7557
7558
7559
7563
7564
7566
7568
7572
7574
7575
7577
7578
7587
7588
10415
7589
7590
7593
7594
7596
7597
7599
7600
7601
7606
7609
7610
7612
7613
7614
7615
7616
7618
7619
7620
7621
7625
7626
7627
7628
7629
7631
7634
7638
7639
7642
7646
7647
7649
7652
7656
7658
7661
7662
7663
7664
7665
7668
7672
7673
7674
7675
7676
7684
7685
7686
7687
7689
7691
7692
7694
7697
7701
7706
7708
7710
7711
7713
7715
7716
7717
7718
7719
7721
7722
7724
7725
7727
7732
7733
7734
7735
7736
7738
7742
7746
7749
7755
7756
7763
7764
7767
7768
7769
7770
7771
8410
7772
7773
7774
7779
7780
7781
7788
7790
7791
7793
7794
7798
7799
7800
7801
7803
7804
7807
7809
7811
7812
7816
7817
7818
7819
7821
7822
7823
7826
7828
7831
7832
7833
7835
7836
7837
7838
7843
7844
7849
7852
7854
7858
7860
7866
7867
7872
7875
7876
7877
7880
7882
7886
7887
7888
7889
7890
7892
7894
7898
7899
7900
7901
7906
7907
7909
7911
7912
7920
7921
7922
7923
7925
7927
7929
7930
7931
7936
7937
7939
7943
7945
7946
7948
7950
7951
7953
7955
7956
10803
7958
7961
7964
7969
7970
7974
7977
7979
7981
7988
7996
7998
7999
8000
8002
8008
8010
8016
8021
8023
8024
8025
8026
25454
8030
8031
8032
8034
8036
8037
8044
8045
8046
8049
8051
8053
8054
8056
8057
8058
8062
8064
8069
8070
8073
8076
8079
8081
8083
8086
8089
8090
8091
8092
8093
8095
8096
8097
8098
8101
8103
8105
8107
8110
8111
8112
8114
8115
8117
8118
8122
8123
8125
22075
8130
8134
8138
8139
8142
8143
8144
8148
8151
8154
8155
8156
8159
8162
8163
8164
8165
8168
8170
9029
8171
8172
8176
8177
8179
8180
8181
8182
8183
8184
8185
8186
8189
16876
8192
13643
8194
8196
8198
8199
8200
8202
8204
8205
8207
8208
8209
8210
8211
8214
8215
8219
8221
8222
8223
8225
8227
8228
8229
8230
8232
8239
23676
8242
8245
8247
8249
8250
8253
8254
8259
8260
8261
8264
8265
8269
8270
8271
11780
8274
8276
8278
8279
8280
8282
8283
13976
8284
8288
8290
8291
8293
8473
8294
8296
8298
8299
10170
8303
8305
8306
8307
8308
8311
8312
8313
8670
8314
8316
8317
8318
8319
8320
8321
8323
8328
8331
8332
8334
8336
8337
8338
8341
8342
8343
8344
8345
8349
8350
8351
8352
8356
8357
8360
8361
8363
8365
8366
8367
8371
8372
8375
8376
8377
8378
8380
8381
8384
8385
8390
8391
8392
8394
8395
8396
8399
8400
8402
8403
8404
8405
8408
8411
8412
8413
8414
8415
8416
8418
8419
8423
8424
8426
8427
8429
8430
9006
8432
8434
8438
8439
8441
8446
8447
8450
8452
8455
8459
25047
8462
8464
8465
8467
8470
8472
8478
8480
8483
8485
8488
8499
8500
8501
8503
8504
8505
8507
8508
8509
8511
8513
8514
8515
10347
8516
14620
8518
8520
8522
8523
8524
8526
8527
8528
8530
8531
8532
8533
8534
8535
8536
8537
8541
8542
8545
8547
8548
8549
8550
8551
8552
8555
8556
8557
8558
8562
8563
8565
8566
8567
8569
8571
8572
8573
8574
8575
8578
8579
8580
8581
8582
8583
8584
8586
8587
8588
8589
8590
8591
8592
8593
8594
8596
8597
8603
8604
8606
8607
8609
8611
8612
8613
8615
19988
8616
8618
8619
8620
8622
8623
8624
8625
8627
8630
8638
8643
8644
8646
10626
8647
8648
8651
8652
8654
8655
8656
8658
8659
8660
8661
8663
8664
8665
8667
8668
8669
10609
8671
8673
8674
8675
8677
8678
8679
8681
8684
8685
8688
8690
8691
8693
8694
8695
8696
8697
8699
8701
8703
8704
8705
8706
8707
8709
8710
8711
8712
8715
8716
8717
8718
8720
8721
8722
8726
8727
8730
8737
8739
8740
8741
8743
8744
8745
8746
8748
8749
8750
8751
8753
8757
8760
8761
8762
8764
8765
8766
8767
8769
8770
8771
8772
8776
8778
8779
14440
8782
8786
8787
8788
8789
8790
8791
8792
8793
8796
8797
8799
8800
8801
8805
8806
8808
8815
19144
10383
8816
8819
8820
8821
8822
8823
8825
8826
8827
8829
8830
8834
8836
8840
8841
8842
8843
8844
8845
8846
8847
8849
8850
8851
12137
8855
8857
8858
8859
8860
8861
8864
8865
8866
8868
8873
8876
8878
8879
8880
8882
8883
8885
8886
8887
8889
8892
8893
8894
8896
8897
8902
8903
8904
8907
8908
13347
8909
8912
8913
8915
8917
8918
8919
8923
8924
8925
8926
8927
8928
8930
8932
8933
8934
10060
8942
8943
8944
8945
8947
8949
8950
8951
8952
8953
8954
8959
8962
8963
8964
8965
8967
8969
8970
8972
8973
8974
8976
8981
10202
23070
8983
8985
8986
8987
8988
8989
8990
8991
8992
8993
8994
8997
8999
9000
9004
9005
9009
9010
9011
9013
9014
9015
9018
9020
9021
9023
9025
9027
9028
9031
9034
9036
9037
9038
9039
9040
9043
9045
9047
9048
9049
9050
9051
9053
9056
9057
9058
9059
9060
9062
9064
9066
9067
9068
9070
9073
9074
9075
9076
9077
9078
9079
9080
9083
9084
9085
9086
9087
9088
9090
9091
9093
9095
9096
9098
9099
9100
9101
9102
9103
9104
9107
9108
9109
9111
9112
9114
9115
9116
9117
9121
9122
9123
9126
9128
9129
9131
9132
9133
9137
9138
9139
9140
9142
9144
9146
9148
9149
9151
9152
11262
9153
9154
9155
9156
9157
9158
9160
9161
9163
9166
9167
9169
9170
9172
9174
9176
9178
9179
9183
9185
9186
9187
9189
9191
9192
9196
9198
9199
9200
9201
9204
9205
9206
9207
9209
9210
9211
9212
9213
9214
9215
9216
9217
9218
9220
9221
9224
9225
9226
9227
9229
12460
9230
9231
9234
9235
9236
9237
9238
9239
9241
9246
9247
9248
9250
9255
9256
9257
9259
9260
9261
9264
9267
9268
9269
9273
9274
9276
9277
9278
9279
9281
9282
9283
9284
9285
9290
9291
9292
9293
9295
9296
9299
9300
9301
9302
9303
9304
9305
9306
9310
9311
9314
9315
9316
9317
9321
9322
9324
9325
9327
9328
9329
9330
9331
9333
9334
9335
9338
9345
9346
9348
9349
9350
9351
9352
9353
9354
9355
9356
9359
9362
9363
9364
9366
9368
9369
9370
9372
9374
9375
9376
9378
9381
9382
9383
9384
9385
9387
9390
9391
9393
9394
9397
9400
9401
9402
9404
9405
9408
9409
9414
9415
9417
9420
9423
9426
9427
9428
9429
9431
9433
9434
9435
9437
9442
9445
9448
9449
9450
9452
10050
9454
9455
9456
9457
9458
9460
9461
9463
9464
9466
9467
9472
9473
9474
9478
13106
9479
9480
9481
12519
9482
9483
9486
9487
9488
9489
9490
9491
9496
9500
9503
9506
13645
9507
9508
9513
9515
9516
9517
9518
9521
9522
9523
10855
9526
9527
9529
9532
9533
9535
9536
9537
9541
9545
19840
9548
9549
9552
9553
9554
9555
9556
9557
9560
9562
9563
9564
9566
9567
9570
9577
9579
9581
9585
9590
9592
9593
9598
9600
9602
9604
11009
9606
9608
9611
11371
9612
9617
9622
9625
9627
9628
9629
9635
9638
9641
9642
9644
9647
9648
9649
9650
9653
9655
9656
9659
9660
9662
9663
9665
9667
9671
9674
20290
9675
16735
9676
9683
9685
9687
9691
9701
12638
9703
9706
9707
9711
9713
9714
9715
9716
9718
9719
9720
9721
9723
9725
9726
9736
9739
9741
9742
9743
9744
9745
9747
9748
9751
9752
9753
9754
9756
9759
9766
9767
9768
9769
9770
9771
9772
9773
9775
9777
9778
9779
9785
9786
9788
9790
9791
9793
9794
9797
9801
9813
9802
9803
9806
9807
9808
9809
9812
9814
9815
9818
9820
9821
9825
9826
9827
9828
9831
9832
9839
9840
9843
9846
9847
9852
9854
9855
9859
9860
9861
9864
9868
9869
9870
9872
9873
9874
9875
9877
9879
9881
9884
9887
9888
9890
9891
9893
9894
9895
9898
9899
9900
9903
9904
9905
9909
9912
9913
9916
9917
9921
9922
9923
9925
9927
9928
9930
9936
9937
9938
9939
9941
9942
9945
9946
9949
9950
9953
9954
9958
9964
9965
9968
9969
9970
9971
9974
9977
9983
9984
9985
9990
9993
9994
9995
9997
9998
9999
10000
10001
10003
10004
10006
13239
10012
10014
10015
10016
10017
10018
10019
10023
10027
10028
10032
10033
10034
10035
10037
10038
10039
10041
10042
10043
10045
10046
10047
10048
10052
10055
10061
10062
10063
10064
10065
10066
10067
10068
10070
10071
10072
10201
10074
10076
10077
10078
10079
10087
10090
10091
10092
10093
10094
10095
10098
10099
11159
10100
10101
10103
10104
10106
10107
10110
10114
17339
10117
10118
10119
10121
10123
10127
10224
10128
10130
10131
10132
10133
10134
10135
10136
10817
10139
10141
10146
10147
10149
10150
10152
10154
10156
10157
10158
11255
10161
10163
21605
10166
10168
10171
10172
10173
10174
10178
10181
10182
10184
10185
10186
10189
10190
10195
10198
10199
10204
10207
10211
10212
10213
10214
10216
10217
10218
10219
10220
10223
10225
10226
10229
10230
10231
10235
10237
10238
10239
10240
10242
10243
10244
10245
10246
10247
10249
10256
10257
10258
10259
10260
10261
10262
10263
10265
10267
10271
10273
10275
10276
10278
10280
10281
10282
10284
10285
10286
10288
10289
10290
10291
10292
10293
10294
10296
10297
10299
10300
10301
10302
10303
10305
10308
10309
10310
10311
10312
10313
10315
10317
10319
10320
10530
10321
10322
10323
10324
10326
10327
10328
10329
10330
10331
10332
10333
10334
10338
10339
10341
10343
10344
10345
10346
10348
10349
10350
10351
10352
10353
10354
10356
10357
10359
10360
10361
19993
10363
10364
10365
10367
10369
10370
10373
12012
10376
10377
10378
10379
17794
10381
10382
18970
10384
10386
10388
10390
10391
10393
10394
10395
10396
10397
10398
10403
10405
10406
10407
10408
10409
10410
10411
10412
10413
10414
10416
10418
10420
10421
10422
10423
10425
10429
10430
10431
10432
10433
10435
10437
10438
10439
10442
10443
10444
10445
10446
10447
10448
10449
10450
10452
10453
10454
10455
10456
10457
10458
10459
10460
10461
10462
10464
10465
10466
10467
10468
10469
10470
10471
10472
10473
10475
10477
10478
10479
10480
10481
10482
10483
10484
10485
10487
10489
10490
10491
10492
10493
10495
10496
10497
10499
10500
10501
10502
10503
10504
10505
10506
10507
10508
10509
10510
10511
10512
10515
10516
10517
10728
10518
10519
10520
10523
10524
10526
10527
10528
10529
10531
10532
10533
10534
10535
10536
10537
10538
10539
10540
10541
10542
10543
10544
10545
10546
10547
10548
10550
18542
18543
10551
10552
10553
10554
10556
10557
10558
10559
10560
10561
10562
10563
10565
10566
10567
10568
10570
10571
10573
10574
10575
10576
10577
10578
10579
10580
10581
10582
10584
10585
10586
10588
10589
10590
10591
10592
10593
10594
10595
10596
10597
10598
10599
10600
10601
10602
10604
10605
10606
10607
10608
10610
10612
10613
10614
10615
10616
10617
10618
10619
10620
10621
10622
10623
10624
10627
10628
10629
10630
10631
10632
10634
10635
10636
10637
10638
10640
10641
10643
10644
10645
10646
10647
10648
10649
10650
10652
10653
10654
10655
10656
10657
10658
10660
10661
10662
10664
10666
10667
10668
10669
10670
10671
10672
10673
10674
10675
10676
10677
10678
10679
10680
10681
10682
10683
10685
10687
10688
10690
10691
10692
10695
10696
10697
10699
10702
10704
10705
10709
10710
10713
10715
10716
10717
10718
10720
10721
10723
10724
10725
10726
10727
11202
10729
10730
10731
10732
10733
10735
10737
10739
10740
10741
10743
10745
10746
10747
10748
10749
10750
10751
10752
10753
22059
10754
10756
10758
10760
10761
10763
10765
10766
10767
10768
10769
10770
10771
10772
10773
10774
10776
10777
10779
10780
10781
10782
10783
10784
10785
10786
10787
10788
10789
10792
10793
10795
10796
10798
10799
10800
10801
10802
10804
10806
10808
10809
10810
10811
10813
10814
10815
10816
10818
10819
10822
10828
10829
10830
10831
10832
10833
10834
10835
10837
10838
10839
10840
10844
10845
10846
10847
10848
10849
10850
10851
10852
10853
10854
10856
10857
10858
10859
10861
10863
10864
10866
10867
10869
10871
10873
10874
10875
10876
10877
10878
10882
10883
10884
10885
10886
10887
10888
10889
10891
10892
10893
10894
10895
10898
10899
10900
10901
10903
10904
10905
10907
10908
10909
10910
10911
10913
10914
10915
10916
10918
10922
10923
10924
10925
10926
10927
10928
10929
10931
10932
10933
10937
10938
10939
10940
10943
10944
10945
10946
10949
10950
10951
10952
10953
10954
10955
10956
21063
10957
10958
10960
10962
10965
10966
10967
10968
10969
10970
10971
10972
10973
11804
10974
10975
10978
10980
10983
10985
10987
10988
10989
10991
10992
10993
10994
10995
10996
10997
11000
11003
11004
11005
11006
11007
11010
11011
11012
11013
11014
11017
11020
11021
11022
17088
11023
11024
11025
11030
11032
11033
11035
11036
11037
11038
11039
11040
11041
11042
11044
11045
11046
11047
11048
11050
11051
11053
11055
11059
11061
11062
11063
11064
11065
11067
11068
11069
11070
11073
11074
11075
11076
11078
11079
11084
11085
11086
11087
11089
11090
14573
11091
11092
11094
11098
11101
11103
11104
11106
11107
11109
11110
11111
11113
11114
11115
11116
11117
11119
11120
11121
11122
11123
11125
11129
11130
11131
11132
11134
11136
11138
11139
11140
11141
11145
11146
11147
11151
11152
11153
11154
11157
11158
11160
11161
11163
11164
11165
11166
11167
11168
11169
11171
11172
11173
11174
11175
11176
11178
11179
11180
11181
11183
11184
11185
11186
11188
11190
11192
11193
11194
11195
11196
11197
11198
11200
11201
11203
11205
11206
11207
11208
11209
11211
11213
11214
11215
11216
11218
11219
11220
11221
11223
11224
11225
11226
11227
11229
11230
11232
11233
11234
11235
11236
11237
11238
11239
11240
11241
11242
11243
11244
11245
11248
11249
13000
11252
11253
11254
11256
11257
11259
11261
11265
11267
11269
11271
11274
11275
11276
17735
11279
11280
11281
11283
11284
11285
11286
11289
11290
11292
11294
11295
11296
11297
11300
11301
11303
11304
11306
11307
11310
11311
11312
11315
11317
11319
11320
11322
11323
11324
11325
11326
11327
11328
11329
11330
11331
11332
11336
11337
11339
11340
11341
11344
11345
11347
11349
11350
11351
11354
11355
11356
11357
11358
11359
11360
11361
11364
11365
11366
11367
11369
11372
11373
11374
11376
11378
11379
11380
11381
11382
11383
11384
11388
11391
11392
11393
11394
11397
11398
11399
11400
11401
11402
11404
11406
11407
11408
11413
11414
11415
11416
11417
11418
11419
11420
11421
11422
11426
11428
11429
11430
11431
11435
11436
11437
11438
11439
11440
11441
11443
11444
11445
11446
11449
11450
11451
11452
11453
11454
11455
11456
11457
11458
11459
11578
11460
11462
11463
11465
11466
11467
11468
11469
11470
11471
11473
11474
11476
11477
13549
11478
11479
11480
11481
11484
11485
11486
11487
11488
11490
11492
11493
11494
11495
11497
11498
17885
11499
11503
11504
11505
11506
11507
11508
11509
11510
11511
11514
11515
11516
11517
11520
11521
11522
11523
11524
11525
11526
11527
11528
11529
11530
11531
11534
11535
11536
11537
11538
11539
11540
11543
11544
11545
11546
11547
11548
11549
11550
11553
11554
11555
11556
11557
11558
11560
11561
11562
11563
11564
11565
11566
11567
11568
11569
11573
11574
11575
11577
11579
11580
11581
11582
11585
11588
11589
11590
11591
11592
11595
11597
11598
11599
11600
11601
11603
11604
11605
11606
11609
11610
11611
11612
11614
11617
11620
11622
11623
11624
11625
11626
11627
11628
11631
11632
11633
11634
11636
11637
11638
11639
11640
11641
11643
11647
11648
11650
11651
11652
11653
11654
11655
11656
11659
11660
11661
11662
11663
11664
11665
11667
11670
11671
11672
11673
11674
11675
11676
11677
11678
11679
11680
11682
11683
11684
11688
11689
11690
11715
11691
11692
11693
11697
11698
11699
11700
11701
11703
11704
11705
11707
11708
11709
11710
11711
11712
11713
23279
11714
11716
11717
11720
11723
11724
11725
11726
11727
11728
11729
11731
11733
11735
11736
11737
11738
11739
11741
11742
11744
11745
11747
11748
11749
11751
11752
11753
11754
11755
11758
11759
11760
11761
11762
11763
11764
11765
11766
11767
11769
11771
11772
11775
11776
11777
11778
11779
11781
11782
11783
11784
11785
11787
11788
11789
11790
11794
11795
11796
11797
11798
11799
11801
11805
11807
11808
11809
11811
11812
11815
11817
11820
11822
11824
11826
11830
11831
11832
11833
11834
11836
11837
11838
11840
11841
11842
11844
11845
11848
11849
11850
11851
11852
11855
11858
11860
11862
11863
11864
11865
11867
11868
11869
11870
11871
20990
11874
11875
11876
11879
11881
11882
11884
11885
11887
11888
11889
11890
11891
11893
11894
11895
11896
11897
11900
11901
11903
11905
11906
11909
11910
11911
17790
11914
11916
11917
11919
11920
11921
11922
11923
11924
11925
11927
11928
11931
11934
11937
11938
11939
11940
11941
11942
11943
11944
11945
11946
11947
11948
11949
11950
11954
11955
11956
11957
11959
11960
11962
11963
11964
11965
11966
11967
11968
11972
11973
11974
11976
11977
11980
11992
11985
11986
11988
11990
11993
11994
11995
15055
11997
11998
11999
12000
12001
12002
12003
12004
12005
12006
12009
12010
12011
12013
12016
12017
12019
12020
12021
12022
12023
12024
12026
12028
12029
12030
12031
12032
12033
12036
12037
12038
12039
12041
12043
12046
12048
12049
12051
12058
12059
12060
12062
12063
12064
12065
12066
12068
12069
12071
12073
12075
12076
12077
12079
12081
12083
12084
12086
12096
12098
12099
12104
12106
12107
12108
12109
12110
12112
12113
12114
12116
12117
12118
12119
12121
12122
12129
12131
12132
12133
12135
12136
12139
12142
12143
12145
12146
12149
12150
12151
12152
12153
12154
12156
12157
12158
12160
12163
12164
12165
12167
12168
12172
12174
12175
12176
12177
12179
12180
12182
12183
12185
12188
12190
12191
12192
12193
12194
12195
12196
12198
12200
12202
12350
12204
12205
12207
12208
12209
12210
12211
12213
12214
12215
12216
12219
13345
12222
12223
12224
12225
12226
12229
12230
12232
12233
12235
12237
12238
12239
12240
12242
12243
12245
12246
12248
12250
12251
12252
12255
12257
12259
12260
12261
12264
12266
12267
12269
12270
12271
12273
12325
12275
12276
12278
12279
12280
12281
12282
12283
12284
12287
12288
12289
12291
12292
12294
12295
12298
12299
12300
12301
12302
12303
12304
12305
12306
12307
12308
12309
12312
12313
12314
12315
12316
12317
12318
12319
12320
12321
12324
12326
12327
12329
12331
12333
12334
12335
12336
12339
12340
12342
12343
12344
12346
12347
12348
12349
12351
12352
12353
12354
12355
12356
12357
12361
12362
12364
12365
12366
12367
12368
12371
12372
12373
12374
12377
12378
12379
12381
13794
12383
12384
12387
12388
12389
12390
12392
12395
12396
12398
12399
12402
12403
12405
12406
12407
12408
12409
12410
12412
12413
12414
12415
12416
12417
12765
12419
12421
12422
12423
12424
12425
12426
12428
12431
12433
12435
12437
12438
12439
12441
12442
12444
12447
12449
12451
12452
12453
12454
12455
12456
12457
12459
12461
12463
12464
12465
12467
12468
12469
12470
12471
12472
12473
12474
12475
12477
12478
12479
12481
12483
12485
12486
12488
12489
12493
12494
12497
12498
12499
12500
12501
12502
12504
12505
12507
12508
12509
12510
12511
12512
12513
12516
12517
12520
12521
12523
12524
12525
12526
12530
12531
12532
12533
12534
12535
12538
12539
12546
12548
12550
12551
12552
12557
12558
12559
12561
12563
12564
12565
12571
12573
12574
12575
12576
12580
12581
12582
12583
12584
12589
12590
12592
12593
12595
12596
12597
12599
12600
12601
12602
12608
12609
12614
12615
12616
12624
12625
12628
12629
12630
12631
12632
12640
12641
12642
12647
12648
12655
12656
12657
12658
12660
12661
12662
12671
12672
12673
12674
12675
12676
12678
12681
12682
12684
12685
12687
12688
12692
12693
12694
12695
12696
12699
12700
12701
12703
12705
12706
12707
12708
12709
12710
12711
12712
12714
12715
12717
12719
12721
12722
12726
12727
12729
12736
12737
12738
12742
12743
12744
12745
12746
12749
12750
12751
12752
12758
12759
12760
12761
12763
12764
12766
12769
12770
12772
12773
12774
12776
12777
12778
13571
12780
12781
12782
12985
12783
12786
12787
12788
12789
12791
12792
12793
12794
12795
12797
12802
12803
12804
12805
12806
12807
12808
12810
12812
12813
12814
12815
12816
12818
12819
12820
12821
12822
12823
12824
12826
12827
12828
12829
12831
12832
12834
12835
12836
12838
12840
12843
12844
12845
12846
12848
12849
12850
12852
12853
12857
12858
12859
12862
12863
12864
12865
12866
12868
12869
12870
12871
12872
12874
12875
12876
12877
12879
12880
12889
12891
12893
12895
12896
12897
12899
12901
12903
12904
12905
12906
12908
12909
12910
12911
12913
12914
12915
12917
12919
12920
12922
12925
12928
12929
12931
12933
12934
12935
12936
12938
12940
12941
12942
12943
12944
12945
12946
12948
12952
12953
12955
12956
12957
12958
12959
12960
12963
12964
12965
12966
12967
12968
12970
12972
12973
12975
12976
12977
12978
12979
12980
12981
12982
12987
12988
12989
12991
12995
12996
12998
12999
13003
13005
13006
13007
13009
13011
13013
13017
13018
19327
13024
13025
13027
13029
13030
13038
13041
13043
13044
13046
13052
13053
13054
13059
13060
13061
13062
13063
13064
13065
13069
13070
13071
13074
13075
13076
13077
13078
13079
13081
13082
13083
13085
13088
13089
13095
13096
13097
13099
13101
13102
13103
13111
13112
13116
13117
13121
13122
13123
13128
13130
13131
13132
13134
13135
13136
13137
13138
13139
13140
13141
13142
13143
13144
13146
13147
13149
13150
13151
13153
13157
13160
13162
13163
13164
13166
13167
13168
13170
13171
13172
13173
13176
13177
13178
13180
13183
13184
13186
13188
13192
13193
13194
13196
13198
13199
13200
13205
13207
13209
13210
13211
13213
13214
13220
13222
13225
13226
13228
13229
13230
13231
13232
13233
13234
13236
13238
19799
13241
13242
13243
13246
13247
13249
13250
13252
13254
13256
13257
13259
13260
13262
13263
13264
13266
13268
13270
13274
13275
13277
13278
13280
13284
13285
13286
13287
13288
13289
13290
13291
13292
13294
13296
13298
13299
13300
13301
13302
13304
13306
13307
13308
13309
13311
13312
13313
13315
13316
13317
13318
13319
13320
13321
13322
13323
15525
13324
13325
13326
13327
13329
13332
13333
13334
20057
19066
13338
13339
13340
13342
13343
13344
13348
13349
13350
13351
13353
13354
13355
13356
13357
13358
13359
13360
13362
13363
13366
13367
13370
13371
13372
13375
13376
13377
13378
13380
13383
13387
13388
13389
13394
13395
13396
13397
13398
13399
13401
13402
13403
13405
13406
13407
13410
13411
13412
13415
13416
13420
13423
13424
13425
13426
13427
13428
13429
13433
13434
13436
13439
13440
13441
13443
13447
13448
13449
13450
13451
13456
13457
13458
13464
13467
13468
13469
13470
13472
13473
13474
13475
13476
13479
13481
13482
13486
13487
13489
13492
13493
13494
13497
13498
13500
13501
13502
13505
13506
13507
13509
13510
13511
13513
13514
13515
13516
13517
13518
13519
13523
13524
13525
13527
13529
13531
13533
13534
13535
13536
13538
13539
13540
13541
13542
13546
13547
13548
13551
13553
13554
13556
13557
13560
13561
13564
13567
13572
13573
13574
13576
13577
13578
13579
13580
13582
13583
13584
13585
13586
13588
13589
13591
13592
13593
13594
13595
13596
13597
13598
13599
13603
13608
13609
13610
13611
13616
13617
13619
13620
13623
13624
13625
13628
13629
13631
13633
13634
13635
13638
13639
13640
13641
13642
13644
13646
13647
13649
13650
13651
13652
13653
13655
13658
13659
13661
13662
13663
13664
13667
13668
13671
13673
13674
13675
13676
13677
13678
13679
13680
13682
13683
13687
13688
13689
13691
13695
13696
13697
13699
13700
13702
13703
13704
13708
13709
13710
13711
13712
13713
13715
21650
13718
13719
13720
13722
13723
13729
13730
13731
13732
13733
13734
13736
13737
13738
13739
13740
13741
13745
13746
13747
13748
13749
13750
13752
13753
13754
13755
13756
13757
13758
13759
13760
13762
13763
13765
13766
13768
13769
13770
13772
13773
13776
13777
13778
13779
13780
13781
13782
13784
13785
13786
13787
13788
13789
13790
13793
13797
13800
13801
13803
13804
13806
13807
13808
13809
13810
13812
13813
13814
13815
13820
13821
13822
13823
13824
13825
13826
13827
13828
13829
13831
13832
13835
13836
13837
13838
13839
13840
13841
13842
13843
13844
13845
13846
13847
13848
13849
13852
13853
13854
13855
13856
13857
13860
13861
13862
13863
13864
13865
13866
13867
13869
13870
13871
13872
13873
13874
13877
13878
13879
13880
13881
13882
13883
13884
13886
13887
13889
13890
13891
13892
13893
13894
13895
13897
13898
13899
19744
13900
13901
13902
13903
13904
13906
13907
13909
13910
13911
13912
13913
13915
13916
13917
13918
13919
13920
13921
13922
13923
13924
13926
13927
13928
13929
13930
20542
13931
13933
13935
13936
13937
13938
13939
13940
13941
13942
13943
13944
13945
13947
13948
13949
13950
13951
13952
13953
13954
13955
13956
13958
13959
13960
13961
13963
13964
13966
13968
13969
13970
13972
13973
13977
13978
13982
13984
13985
13987
13988
13992
13993
13995
13999
14002
14003
14005
14006
14007
14008
14009
14010
14013
14014
14015
14017
14020
14022
14023
14024
14026
14027
14028
14029
14032
14034
14036
14037
14040
14041
14042
14043
14045
14046
14048
14049
14050
14052
14053
14055
14056
14058
14060
14061
14063
14064
14065
14068
14069
14071
14072
14074
14076
14077
14078
14083
14085
14087
14088
14089
14092
14093
14095
14096
14097
14100
14102
14105
14106
14107
14109
14110
14111
14112
14114
14115
14118
14119
14121
14124
14126
14127
14128
14132
14133
14134
14135
14136
14138
14139
14140
14141
14142
14146
14148
14149
14151
14152
14153
14154
14157
14159
14163
14166
14168
14169
14173
14175
14178
14179
14183
14185
14186
14187
14189
14190
14193
14194
14196
14197
14198
14199
14200
14202
14203
14204
14205
14208
14209
14211
14212
14215
14216
14217
14220
14221
14222
14223
14225
14226
14229
14230
14231
14232
14234
14235
14238
14239
14240
14242
14244
14245
14246
14247
14251
14254
14257
14260
14261
14262
14263
14264
14576
18810
14265
14267
14268
14271
14272
14273
14275
14276
14277
14278
14281
14282
14283
14284
14285
14286
14290
14291
14293
14294
14296
14297
14299
14300
14301
14303
14305
14309
14311
14312
14313
14314
14318
14322
14324
14327
14329
14331
14332
14334
14335
14336
14337
14338
14339
14340
14342
14343
14345
14348
14350
14353
14355
14356
14357
14359
14361
14362
14363
14368
14369
14371
14374
14376
14377
14378
14379
14381
14384
14385
14387
14388
14389
14391
14393
14394
14398
14399
14400
14401
14402
14403
14404
14405
14410
14413
14414
14415
14417
14418
14423
14424
14425
14426
14427
14428
14430
14431
14433
14434
14435
14438
14439
14442
14443
14449
14450
14454
14455
14456
14458
14459
14460
14461
14462
14463
14464
14465
14468
14469
14470
14473
14474
14477
14479
14484
14485
14487
14489
14491
14492
14496
14499
14500
14502
23304
23401
14503
14504
14508
14509
14510
14511
14512
14513
14516
14518
14519
14521
14523
14524
14525
14526
14529
14530
14531
14534
14535
14537
14538
14539
14542
14543
14544
14546
14550
14552
14553
14555
14556
14557
14558
14560
14561
14565
14568
14569
14570
14572
14574
14575
14577
14579
14580
14581
14582
14583
14584
14585
14586
14587
14588
14589
14590
14591
14592
14593
14594
14595
14597
14601
14603
14604
14606
14607
14608
14609
14610
14611
14612
14613
14614
14616
14617
14618
14621
14622
14625
14626
14627
14629
14630
14631
14632
14633
14634
14635
14636
14637
14639
14640
14641
14642
14643
14644
14646
14647
14648
14649
14650
14652
14653
14654
14655
14656
14657
14658
14659
14660
14661
16556
14662
14663
14664
14665
14666
14667
14668
14669
14671
14672
14673
14674
14675
14676
14677
14678
14679
14680
14681
14682
14683
14684
14686
14687
14688
14689
14690
14692
14693
14694
14695
14696
14697
14698
14701
14702
14703
14704
14706
14707
14708
14709
14712
14713
14714
14715
14716
14717
14718
14719
14720
14721
14722
14724
14725
14726
14727
14728
14729
14730
14731
14734
14735
14736
14738
14739
14740
14741
14744
14745
14746
14749
14750
14751
14752
14754
14755
14757
14758
14759
14760
14761
14764
14766
14767
14770
14772
14773
14774
14776
14777
14779
14780
14781
14782
14783
14784
14786
14787
14788
14789
14790
14792
14795
14796
14799
14800
14801
14802
14803
14804
14805
14806
14807
14808
14809
14810
14811
14813
14814
14815
14816
14817
14818
14821
14822
14825
14826
14827
14829
14833
14835
14836
14838
14839
14840
14841
14842
14843
14844
14845
14849
14851
14853
14854
14855
14856
14857
14858
14860
14861
14863
14864
14866
14871
14875
14879
14880
14883
14884
14885
14886
14888
14889
14890
14891
14892
14899
14900
14901
14902
14903
14905
14908
14911
14913
14914
14915
14916
14917
14919
14920
14921
14926
14928
14929
14931
14932
14933
14937
14940
14942
14943
14945
14946
14947
14948
14949
14953
14956
14958
14959
14960
14962
14966
14967
14968
14970
14971
14973
14976
14982
14984
14985
14986
14988
14993
14994
14996
14999
15001
15003
15004
15005
16224
15006
15007
15008
15009
15010
15013
15015
15016
15023
15025
15026
15035
15036
15037
15038
15040
15044
15050
15054
15057
15058
15059
15060
15064
15065
15066
15067
15068
15070
15071
15075
15077
15078
15080
15081
15082
15084
15085
15088
15090
15093
15096
15097
15099
15100
15102
15104
15106
15107
15110
15112
15113
15117
15119
15121
15123
15124
15128
15130
15131
15135
15136
15140
15141
15144
15145
15151
15152
15154
15155
15156
15158
15160
15162
15163
15164
15165
15167
15168
15171
15173
15174
15175
15176
15178
15180
15181
15183
15184
15185
15186
15187
15193
15194
15196
15198
15199
15200
15202
15203
15205
15211
15213
15216
15219
15222
15225
15226
15227
15228
15233
15235
15237
15239
15242
15243
15244
15245
15253
15255
15256
15264
15266
15267
15268
15269
15272
15276
15277
15278
15283
15288
15291
15293
15294
15296
17048
15298
15299
15302
15304
15305
15307
15309
15311
15312
15317
15321
15323
15328
15329
15330
15331
15334
15338
15339
15340
15345
15346
15347
15348
15349
15350
15351
15357
15453
15358
15364
15366
15372
15375
15378
15382
15383
15384
15388
15389
15390
15394
15399
15400
15404
15411
15416
15418
15419
15420
15421
15423
15425
15427
15429
15430
15431
15433
15437
15439
15440
15442
15935
15443
15447
15452
15454
15456
15457
15458
15459
15460
15461
15463
15465
15466
15468
15472
15475
15476
15477
15481
15485
15486
15492
15493
15495
15501
15504
15505
15508
15511
15512
15514
15517
15519
15520
15522
15523
15524
15527
15530
15531
15536
15538
15545
15549
15551
15552
15555
15556
15558
15559
15561
15563
15567
15569
15570
15571
18244
15573
15575
15580
15582
15587
15592
15593
15596
15598
15599
15600
15601
15602
15604
15605
15606
15610
15614
15615
15617
15618
15620
15621
15624
15626
15627
15629
15631
15633
15634
15636
15637
15638
15639
15640
15641
15642
15644
15645
15646
15647
15650
15651
15652
15653
15655
15657
15658
15659
15660
15662
15663
15664
15668
15669
15670
15673
15674
15678
15681
15683
15684
15691
15693
15695
15698
15699
15701
15702
15705
15707
15708
15709
15710
15712
15713
15715
15716
15720
15721
15722
15723
15724
15727
15728
15731
15732
15735
15738
15741
15749
15750
15751
15752
15754
15755
15759
15760
15761
15763
15764
15766
15769
15770
15771
15775
15777
15778
15780
15781
15782
15784
24018
15786
15791
15793
15802
15805
15806
15807
15810
15811
15812
15814
15816
15817
15819
15821
15822
15823
15826
15827
15829
15831
15832
15833
15839
15841
15842
15844
15845
15846
15848
15849
15852
15853
15854
15858
15859
15861
15862
15863
15866
15867
15870
15871
15872
15874
15876
15877
15879
15881
15883
15885
15887
15889
15895
15898
15900
15902
15903
15905
15908
15909
15912
15916
15918
15922
15923
15924
15929
15931
15932
15933
15934
15936
15937
15938
15940
15941
15943
15944
15948
15949
15952
15957
15958
15959
15963
15964
15966
15968
15969
15972
15973
15974
15977
15984
15986
15988
15991
15992
15994
15995
15996
15997
15998
15999
16001
16002
16005
16008
16011
16013
16014
16018
16020
16023
16024
16025
16027
16029
16035
16037
16038
16043
16044
21360
16045
16046
16048
16049
16050
16052
16053
16055
16059
16062
16063
16064
16066
16068
16072
16078
16079
16083
16088
16089
16092
16093
16094
16095
16097
16098
16102
16103
16107
16108
16112
16115
16118
16119
16122
16123
16124
16126
16130
16131
16133
16136
16143
16144
16147
16151
16152
16153
16156
16158
16159
16160
16161
16162
16163
16164
16165
16167
16169
16170
16172
16173
16180
16181
16183
16184
16186
16187
16189
16191
16192
16195
16196
16197
16199
16200
16201
16203
16204
16205
16210
16213
16215
16218
16219
16221
16222
16226
16227
16229
16230
16233
16234
16235
16236
16237
16238
16239
16241
16242
16244
16245
16255
16256
16257
16258
16261
16262
16264
16268
16271
16273
16274
16279
16281
16285
16286
16288
16289
16293
16295
16296
16298
16299
16303
16304
16306
16308
16309
16311
16312
16313
16314
16316
16321
16323
16328
16329
16331
16336
16337
16338
16342
16343
16344
16348
16350
16359
16361
16363
16365
16367
16371
16372
16374
16375
16377
16382
16383
16389
16390
16392
16394
16397
16399
16400
16407
16409
16411
16414
16415
16417
16418
16420
16423
16425
16427
16428
16429
16430
16435
16436
16437
16438
16439
16440
16444
16445
16446
16448
22439
16451
16453
16456
16459
16460
16461
16462
16466
16468
16848
16469
16470
16472
16473
16476
16481
16485
16487
16489
16490
16494
16495
16500
16501
16502
16503
16504
16506
16510
16512
16514
16516
16522
16525
16527
16528
16529
16532
16533
16537
16538
16539
16540
16544
16549
16550
16555
16557
16558
16559
16563
16565
16572
16575
16580
16581
16582
16583
16585
16586
16587
16588
16590
16591
16592
16594
16595
16596
16597
16598
16600
16601
16602
16603
16604
16605
16606
16607
16608
16609
16611
16612
16614
16615
16616
16617
16618
16619
16620
16622
16625
16626
16628
16629
16630
16631
16633
16635
16637
16638
16639
16640
16641
16643
16645
16646
16647
16648
16650
16651
16652
16654
16655
16657
16658
16660
16661
16662
16663
16664
16665
16668
16669
16671
16672
16674
16675
16677
16679
16680
16681
16682
16683
16687
16690
16691
16692
16693
16696
16697
16698
16699
16701
16702
16704
16710
16711
16714
16715
16716
16717
16718
16719
16720
16723
16725
16726
16727
16728
16729
16730
16731
16734
16736
16737
16738
16739
16741
16742
16743
16744
16745
16746
16747
16750
16751
16752
16753
16754
16755
16757
16760
16763
16764
16766
16767
16768
16769
16770
16771
16772
16776
16777
16778
16779
16780
16781
16782
16783
16784
16785
16786
16787
16788
16789
16791
16792
16795
16796
16797
16798
16802
16804
16805
16807
16808
16809
16811
16812
16813
16814
16816
16819
16820
16821
16823
16825
16829
16830
16831
16832
16833
16835
16836
16837
16838
16839
16840
16841
16842
16843
16845
16846
16847
16849
16850
16851
16852
16853
16854
16855
16856
16857
16859
16860
16861
16862
16863
16864
16865
16867
16868
16871
16873
16874
16875
16879
16881
16882
16884
16887
16890
16891
16892
16893
16897
16902
16904
16910
16911
16912
16913
16914
16915
16916
16917
16918
16920
16921
16924
16926
16928
16929
16930
16931
16932
16933
16936
16937
16938
16939
16941
16942
16943
16944
16945
16946
16947
16948
16949
16951
16952
16953
16957
16960
16962
16964
16965
16968
16970
16972
16973
16975
16977
16978
16979
16980
16981
16982
16984
16985
16988
16989
16992
16995
16998
17002
17005
17008
17013
17015
17016
17017
17019
17020
17021
17022
17024
17026
17031
17038
17039
17040
17044
17047
17051
17053
17054
17056
17057
17058
17061
17065
17066
17070
17072
17074
17075
17076
17077
17080
17082
17085
17087
17091
17092
17095
17096
17097
17098
17099
17100
17103
17104
17105
17106
17114
17115
17116
17120
17121
17123
17124
17125
17126
17128
17129
17130
17131
17134
17135
17137
17138
17141
17147
17148
17149
17151
17153
17154
17162
17164
17165
17166
17167
17168
17172
17176
17177
17178
17183
17184
17188
17190
17191
17197
17199
17200
17206
17208
17209
17212
17215
17217
17218
17220
17221
17225
17228
17229
17230
17231
17232
17233
17234
17239
17240
17241
17247
17255
17256
17259
17260
17261
17263
17268
17270
17274
17275
17286
17288
17290
17291
17292
17298
17302
17303
17304
17305
17306
17307
17308
17309
17312
17315
17317
17318
17319
17321
17322
17329
17332
17338
17340
17341
17342
17343
17345
17347
17350
17351
17353
17359
17360
17362
17363
17364
17365
17367
17368
17371
17373
17376
17377
17380
17382
17384
17385
17386
17389
17390
17392
17394
17395
17396
17399
17400
17404
17408
17409
17410
17411
17414
17421
17422
17424
17425
17427
17429
17430
17432
17435
17436
17439
17445
17448
17450
17451
17457
17460
17465
17470
17471
17472
17473
17474
17475
17477
17479
17482
17485
17486
17615
17492
17495
17496
17497
17499
17503
17504
17506
17507
17512
17513
17514
17515
17517
17518
17522
17526
17527
17530
17531
17532
17533
17541
17542
17544
17546
17548
17554
17555
17557
17558
17559
17560
17567
17570
17575
17578
17579
17581
17583
17585
17589
17592
17593
17595
17596
17598
17599
17603
17604
17607
17609
17610
17612
17613
17614
17617
17619
17621
17623
17625
17626
17628
17631
17632
17634
17637
17638
17643
17644
17647
17649
17650
17653
17655
17656
17657
17658
17659
17660
17663
17664
17666
17667
17668
17669
17671
17675
17677
17681
17682
17683
17685
17686
17688
17690
17693
17694
17695
17696
17701
17703
17704
17705
17711
17713
17714
17716
17718
17719
17722
17723
17724
17728
17729
17730
17731
17732
17733
17736
17739
17741
17742
17743
17744
17745
17748
17750
17751
17752
17753
17754
17757
17758
17759
17760
20112
17761
17763
17765
17766
17767
17770
17771
17772
17776
17777
17778
17779
17780
17784
17786
17793
17797
17798
17799
17800
17801
17802
17807
17809
17810
17812
17813
17814
17815
17821
17824
17825
17826
17827
17828
17830
17831
17835
18307
17836
17838
17841
17843
17844
17846
17847
17848
17850
17851
17852
17853
17855
17856
17857
17858
17860
17863
17866
17867
17869
17870
17873
17874
17877
17879
17880
17884
17886
17888
17889
17891
17893
17895
17897
17898
17899
17903
17904
17905
17906
17908
17909
17911
17912
17913
17914
17915
17916
17917
17918
17919
17920
17921
17928
17929
17930
17931
17933
17935
17936
17937
17940
17942
17943
17945
17946
17948
17949
17953
17954
17956
17958
17959
17961
17962
17966
17970
17972
17975
17978
17980
17981
17983
17984
17987
17992
17993
17995
17998
18000
18002
18005
18006
18007
18009
18011
18012
18015
18017
18020
18021
18022
18024
18025
18026
18030
18031
18032
18035
18036
18037
18040
18041
18042
18043
18045
18047
18048
18052
18056
18058
18060
18064
18068
18070
18071
18072
18074
18075
18076
18078
18080
18081
18083
18085
18086
18090
18091
18092
18093
18096
18099
18100
18621
18101
18104
18106
18114
18115
18117
18119
18120
18123
18124
18126
18128
18133
18138
18140
18146
18151
18153
18154
18156
18159
18160
18161
18162
18165
18166
18168
18171
18172
18173
18174
18175
18177
18178
18179
18180
18181
18184
18185
18187
18188
18190
18192
18194
18196
18197
18198
18199
18200
18202
18204
18205
18207
18214
18218
18219
18220
18224
18226
18228
18229
18232
18233
18234
18236
18238
18239
18246
18247
18250
18251
18252
18253
18256
18257
18262
18265
18267
18270
18273
18279
18281
18282
18284
18286
18288
18289
18291
18298
18301
18303
18304
18305
18310
18311
18312
18313
18317
18320
18321
18324
18327
18329
18332
18333
18337
18338
18340
18342
18343
18346
18347
18348
22472
18349
18350
18351
18352
18356
18357
18363
18364
18365
18367
18368
18369
18372
18373
18374
18378
18379
18381
18386
18390
18396
18397
18398
18399
18400
18403
18405
18407
18409
18410
18413
18417
18418
18425
18426
18427
18428
18429
18431
18437
18438
18439
18444
18447
18448
18452
18459
18462
18467
18469
18472
18473
18476
18480
18481
18484
18486
18490
18493
18496
18497
18499
18500
18501
18510
18515
18517
18518
18519
18523
18532
18533
18534
18535
18540
18541
18544
18548
18549
18551
18552
18554
18556
18559
18560
18561
18563
18564
18566
18567
18568
18569
18570
18571
18723
18577
18580
18582
18583
18584
18585
18586
18589
18590
18593
18594
18595
18596
18597
18598
18599
18604
18606
18607
18610
18613
18616
18618
18622
22505
18626
18628
18632
18633
18635
18637
18638
18639
18641
18642
18643
18648
18650
18651
18652
18653
18656
18660
18661
18662
18663
18667
18668
18671
18673
18674
18675
18679
18681
18683
18684
18685
18689
18690
18691
18694
18700
18704
18706
18707
18709
18712
18720
18722
18724
18725
18726
18728
18731
18735
18738
18740
18746
18747
18749
18751
18761
18762
18763
18766
18768
18772
18773
18774
18775
18776
18777
18779
18780
18781
18783
18784
18785
18786
18787
18788
18789
18790
18791
18792
18793
18794
18796
18797
18798
18799
18800
18801
18802
18803
18805
18806
18807
18808
18812
18813
18814
18815
18816
18817
18818
18819
18820
18821
18822
18823
18825
18826
18827
18828
18829
18830
18831
18832
18833
18835
18836
18837
18838
18839
18840
18841
18842
18843
18844
18846
18847
18848
18849
18850
18851
18852
18853
18854
18855
18856
18857
18858
18859
18860
18861
18864
18865
18866
18868
18871
18872
18873
18874
18875
18876
18877
18878
18879
18880
18881
18884
18886
18889
18890
18891
18893
18895
18902
18903
18905
18906
18907
18908
18909
18910
18911
18914
18915
18916
18917
18918
18919
18920
18921
18923
18924
18926
18927
18928
18929
18930
18931
18932
18933
18935
18936
18938
18939
18940
18942
18943
18945
18946
18947
18948
18949
18950
18951
18954
18958
18963
18965
18968
18969
18972
18975
18977
18979
18980
18981
18983
18987
18990
18991
18992
18993
18994
18997
19000
19001
19002
19003
19004
19007
19008
19010
19013
19015
19017
19018
19020
19021
19022
19029
19030
19031
19032
19033
19039
19044
19045
19046
19047
19050
19051
19052
19053
19054
19055
19058
19062
19067
19069
19070
19071
19072
19075
19076
19078
19080
19081
19083
19084
19085
19088
19090
19094
19098
19101
19102
19104
19106
19107
19108
19110
19111
19113
19114
19115
19116
19117
19122
19123
19124
24835
19128
19132
19135
19136
19137
19138
19140
19141
19143
19145
19147
19148
19151
19152
19154
19155
19157
19158
19159
19160
19161
19162
19163
19164
19165
19166
19167
19168
19169
19171
19172
19176
19177
19178
19179
19180
19181
19182
19183
19184
19185
19186
19187
19188
19189
19192
19194
19196
19197
19201
19203
19205
19206
19207
19208
19211
19212
19213
19214
19216
19217
19218
19221
19222
19223
19224
19225
19226
19227
19229
19230
19233
19234
19237
19239
19240
19241
19243
19245
19247
19248
19249
19250
19252
19254
19255
19256
19257
19258
19259
19262
19263
19264
19265
19266
19267
19272
19273
19274
19275
19278
19280
19281
19282
19283
19284
19287
19290
19291
19292
19293
19294
19296
19297
19298
19300
19301
19302
19304
19306
19307
19308
19309
19310
19311
19312
19313
19314
19316
19317
19318
19321
19322
19323
19324
19325
19326
19328
19329
19330
19331
19332
19333
19336
19339
19340
19341
19343
19344
19347
19348
19350
19351
19353
19354
19355
19357
19358
19361
19362
19366
19370
19372
19373
19374
19375
19378
19379
19381
19382
19383
19384
19385
19389
19390
19391
19392
19393
19394
19396
19397
19398
19402
19406
19407
19409
19412
19413
19414
19418
19420
19422
19425
19426
19427
19429
19431
19436
19437
19439
19441
19442
19443
19444
19445
19446
19478
19448
19451
19453
19454
19456
19457
19458
19459
19460
19461
19467
19468
19469
19470
19472
19473
19475
19477
19482
19483
19484
19485
19486
19488
19489
19491
19493
19494
19495
19496
19497
19499
19502
19503
19504
19506
19507
19508
19509
19510
19511
19512
19513
19514
19515
19519
19521
19523
19524
19528
19529
19530
19532
19533
19534
19535
19536
19538
19539
19540
19543
19544
19545
19546
19547
19550
19554
19557
19558
19559
19560
19561
19562
19563
19564
19565
19566
19567
19568
19569
19571
19572
19575
19577
19579
19582
19585
19586
19587
19588
19589
19590
19593
19595
19596
19597
19598
19599
19600
19601
19602
19604
19606
19608
19610
19611
19615
19616
19617
19618
19619
19621
19624
19625
19626
19630
19631
19632
19633
19634
19644
19646
19647
19650
19652
19654
19655
19656
19658
19659
19661
19663
19664
19665
19667
19668
19671
19674
19675
19678
19679
19680
19681
19685
19687
19689
19690
19691
19692
19693
19694
19695
19696
19697
19698
19699
19700
19703
19704
19705
19707
19709
19710
19711
19714
19716
19717
19718
19722
19723
19725
19730
19731
19733
19735
19739
19740
19743
19746
19750
19759
19760
19762
19764
19770
19773
19776
19777
19783
19784
19786
19787
19792
19794
19796
19797
19802
19803
19806
19808
19810
19811
19812
19814
19815
19816
19817
19818
19820
19822
19823
19824
19825
19828
19830
19831
19832
19833
19834
19835
19839
19841
19842
19843
19845
19846
19847
19848
19849
19850
19851
19852
19853
19855
19856
19857
19858
19863
19864
19865
19866
19867
19869
19870
19872
19874
19875
19876
19877
19880
19881
19882
19883
19884
19885
19887
19888
19889
19890
19891
19892
19894
19897
19898
19900
19901
19903
19904
19906
19908
19909
19912
19913
19915
19916
19917
19919
19921
19923
19924
19925
19926
19927
19928
19929
19930
19931
19932
19935
19936
19937
19938
19939
19940
19942
19944
19945
19948
19949
19950
19958
19960
19961
19965
19966
19967
19971
19972
19973
19975
19977
19980
19981
19982
19989
19990
19995
19998
19999
20000
20003
20004
20005
20007
20008
20009
20010
20018
20020
20021
20023
20024
20030
20031
20033
20034
20037
20038
20040
20041
20042
20043
20044
20045
20047
20049
20050
20052
20145
20058
20059
20061
20066
20067
20069
20074
20077
20080
20083
20084
20085
20086
20088
20089
20094
20096
20098
20100
20101
20103
20105
20106
20110
20111
20116
20118
20124
20125
20126
20130
20131
20133
20142
20143
20144
20146
20148
20149
20150
20151
20152
20155
20160
20162
20163
20165
20169
20171
20174
20175
20178
20182
20186
20188
20190
20191
20192
20195
20199
20200
20203
20207
20208
20209
20212
20214
20216
20218
20220
20221
20222
20223
20224
20226
20227
20228
20231
20234
20237
20238
20239
20242
20246
20248
20249
20250
20252
20256
20257
20261
20263
20265
20266
20269
20273
20275
20276
20277
20282
20283
20284
20285
20287
20289
20291
20294
20295
20297
20298
20299
20300
20301
20303
20304
20305
20306
20307
20309
20310
20311
20312
20314
20316
20317
20323
20324
20325
20326
20328
20329
20332
20333
20334
20335
20336
20339
20342
20343
20345
20352
20354
20355
20357
20364
20365
20366
20369
20370
20371
20373
20374
20375
20376
20381
20386
20388
20389
20391
20394
20395
20396
20397
20398
20399
20400
20401
20403
20404
20415
20419
20421
20422
20426
20428
20432
20434
20436
20437
20438
20439
20440
20445
20448
20451
20452
20455
20456
20457
20460
20461
20463
20465
20469
20472
20473
20474
20475
20476
20477
20478
20480
20481
20482
20484
20490
20493
20494
20497
20501
20503
20506
20509
20511
20512
20514
20516
20525
20526
20527
20529
20532
20535
20536
20539
20540
20545
20548
20549
20551
20553
20555
20556
20559
20560
20563
20575
20577
20585
20586
20587
20591
20595
20596
20599
20601
20602
20604
20608
20609
20610
20613
20614
20615
20618
20623
20624
20628
20629
20630
20640
20641
20642
20643
20645
20653
20660
20662
20664
20670
20673
20675
20677
20683
20688
20689
20690
20691
20693
20695
20697
20700
20704
20705
20706
20707
20708
20709
20711
20712
20713
20715
20716
20717
20721
20722
20726
20730
20731
20735
20739
20741
20742
20743
20754
20757
20761
20762
20763
20765
20769
20770
20771
20772
20774
20778
20779
20782
20783
20786
20787
20789
20790
20794
20801
20803
20804
20805
20806
20808
20810
20811
20812
20813
20816
20817
20818
20820
20824
20826
20828
20829
20830
20831
20832
20833
20834
20838
20839
20845
20851
20853
20854
20857
20858
20860
20861
20866
20867
20872
20873
20883
20884
20885
20888
20898
20900
20901
20905
20906
20910
20911
20912
20913
20915
20917
20920
20922
20923
20925
20926
20927
20930
20932
20933
20938
20940
20942
20944
20945
20947
20948
20949
20950
20951
20953
20954
20956
20957
20960
20961
20962
20965
20967
20968
20971
20972
20973
20977
20978
20981
20984
20985
20986
20987
20988
20991
20993
20994
20996
21000
21001
21004
21006
21010
21012
21015
21017
21019
21020
21023
21027
21029
21031
21034
21035
21037
21038
21039
21040
21041
21043
21044
21051
21052
21053
21055
21060
21064
21065
21067
21072
21079
21080
21082
21083
21084
21085
21087
21089
21094
21095
21097
21099
21100
21102
21103
21107
21108
21109
21111
21112
21113
21117
21121
21123
21126
21129
21130
21132
21133
21134
21136
21142
21150
21152
21154
21156
21158
21159
21163
21165
21169
21170
21172
21174
21177
21179
21182
21183
21187
21191
21192
21199
21201
21204
21205
21207
21208
21209
21211
21212
21213
21214
21217
21218
21223
21224
21227
21229
21232
21241
21244
21245
21246
21248
21252
21253
21262
21263
21266
21269
21270
21273
21274
21283
21284
21285
21287
21294
21300
21303
21304
21305
21308
21309
21313
21314
21317
21318
21321
21322
21323
21325
21327
21329
21333
21346
21349
21352
21353
21355
21356
21358
21359
21362
21363
21364
21365
21366
21368
21369
21374
21376
21377
21379
21388
21390
21394
21395
21396
21397
21401
21405
21409
21410
21414
21415
21417
21420
21424
21427
21429
21430
21431
21436
21438
21439
21440
21444
21445
21448
21449
21450
21451
21454
21460
21461
21462
21463
21464
21467
21468
21469
21470
21477
21479
21481
21491
21493
21494
21499
21504
21505
21516
21521
21523
21535
21539
21540
21543
21544
21545
21547
21549
21550
21551
21552
21553
21556
21557
21561
21562
21564
21571
21572
21573
21574
21577
21578
21583
21586
21589
21591
21595
21599
21601
21602
21604
21609
21612
21618
21619
21621
21626
21629
21630
21631
21633
21635
21637
21640
21648
21651
21655
21657
21659
21661
21670
21672
21673
21674
21675
21679
21684
21687
21688
21689
21690
21691
21699
21705
21709
21710
21711
21712
21715
21727
21730
21733
21735
21736
21740
21741
21742
21743
21744
21750
21758
21764
21765
21774
21775
21776
21777
21782
21783
21789
21792
21796
21798
21799
21801
21803
21806
21807
21810
21813
21814
21819
21820
21828
21835
21836
21840
21844
21852
21854
21855
21857
21858
21859
21862
21863
21864
21866
21867
21871
21875
21879
21882
21885
21886
21891
21899
21903
21904
21907
21909
21910
21911
21913
21914
21917
21918
21919
21921
21923
21925
21927
21931
21932
21935
21937
21940
21944
21949
21950
21951
21953
21956
21962
21963
21970
21971
21973
21974
21975
21976
21977
21978
21979
21980
21981
21986
21987
21990
21992
21994
21995
21998
21999
22005
22009
22011
22012
22014
22021
22022
22027
22029
22030
22035
22037
22040
22044
22050
22057
22759
22060
22063
22070
22082
22084
22087
22090
22103
22104
22109
22111
22112
22116
22125
22129
22130
22132
22134
22135
22137
22139
22140
22143
22147
22153
22156
22158
22160
22163
22164
22166
22170
22173
22177
22178
22180
22181
22185
22187
22197
22199
22201
22205
22207
22208
22210
22211
22215
22216
22218
22225
22226
22229
22230
22232
22234
22244
22245
22246
22248
22249
22250
22251
22252
22254
22260
22268
22269
22273
22274
22277
22281
22282
22285
22287
22289
22296
22297
22298
22301
22305
22306
22309
22310
22313
22314
22317
22318
22333
22340
22342
22343
22349
22352
22354
22356
22362
22365
22366
22368
22371
22377
22379
22383
22384
22387
22392
22399
22404
22406
22408
22413
22416
22422
22423
22424
22425
22426
22427
22833
22428
22429
22433
22437
22440
22442
22445
22448
22449
22453
22456
22457
22463
22471
22479
22484
22489
22493
22495
22503
22509
22512
22517
22520
22527
22528
22530
22531
22536
22537
22538
22543
22544
22546
22547
22548
22550
22555
22556
22557
22561
22563
22567
22569
22571
22574
22575
22576
22578
22583
22584
22585
22588
22589
22591
22595
22596
22611
22612
22614
22618
22635
22640
22641
22642
22643
22647
22649
22652
22657
22660
22662
22666
22667
22677
22678
22685
22689
22696
22703
22704
22713
22717
22720
22724
22726
22727
22732
22735
22737
22738
22742
22743
22753
22755
22761
22765
22770
22773
22777
22778
22779
22785
22787
22789
22790
22795
22800
22805
22807
22809
22810
22811
22813
22816
22817
22818
22821
22822
22829
22831
22832
22838
22841
22843
22845
22846
22849
22855
22856
22858
22859
22868
22870
22876
22877
22882
22886
22888
22895
22901
22909
22911
22912
22916
22917
22919
22920
22926
22929
22932
22935
22938
22942
22943
22944
22947
22949
22953
22956
22957
22958
22959
22967
22970
22977
22984
22987
22998
23001
23002
23004
23005
23010
23011
23012
23014
23025
23028
23034
23040
23052
23053
23054
23055
23057
23058
23064
23067
23068
23071
23074
23077
23079
23082
23094
23095
23098
23114
23122
23123
23124
23125
23129
23130
23131
23137
23138
23141
23143
23147
23149
23150
23151
23152
23156
23158
23162
23165
23166
23167
23177
23179
23180
23181
23183
23185
23187
23188
23189
23191
23195
23197
23199
23201
23202
23206
23207
23209
23214
23217
23218
23219
23224
23225
23226
23227
23231
23233
23243
23244
23249
23252
23253
23260
23261
23270
23275
23276
23280
23286
23289
23292
23293
23297
23300
23301
23320
23323
23326
23328
23336
23338
23340
23344
23347
23349
23350
23368
23369
23373
23374
23378
23380
23382
23384
23388
23390
23392
23394
23395
23399
23400
23403
23407
23408
23412
23413
23417
23422
23425
23430
23433
23437
23443
23444
23459
23461
23462
23463
23464
23465
23470
23472
23473
23477
23485
23487
23491
23492
23494
23496
23497
23498
23500
23503
23504
23506
23510
23511
23513
23528
23534
23535
23538
23541
23546
23553
23554
23557
23561
23569
23570
23574
23576
23578
23584
23587
23589
23595
23596
23598
23602
23605
23611
23612
23617
23618
23621
23622
23623
23624
23626
23629
23635
23641
23642
23643
23644
23647
23649
23655
23656
23657
23660
23664
23666
23667
23669
23670
23672
23674
23675
23682
23683
23684
23688
23690
23692
23694
23696
23699
23700
23702
23703
23704
23706
23707
23708
23714
23725
23726
23728
23731
23732
23735
23739
23749
23751
23755
23757
23763
23768
23774
23786
23788
23789
23790
23792
23795
23797
23798
23799
23801
23802
23803
23805
23806
23807
23808
23809
23810
23812
23814
23816
23819
23820
23821
23824
23825
23826
23827
23828
23829
23832
23833
23834
23835
23837
23838
23839
23840
23842
23844
23845
23846
23847
23848
23850
23851
23852
23853
23854
23856
23857
23859
23862
23863
23864
23865
23866
23868
23869
23873
23874
23875
23877
23878
23879
23881
23884
23885
23888
23889
23892
23893
23898
23899
23900
23904
23906
23908
23909
23911
23912
23917
23918
23920
23921
23922
23924
23925
23926
23927
23929
23930
23931
23934
23935
23937
23938
23939
23940
23941
23943
23944
23945
23949
23950
23951
23952
23955
23957
23958
23959
23960
23963
23964
23965
23968
23969
23970
23972
23976
23979
23980
23982
23984
23986
23987
23988
23992
23993
23995
23996
23997
23998
24000
24001
24002
24005
24006
24007
24009
24010
24011
24012
24014
24019
24022
24023
24024
24026
24027
24030
24031
24032
24033
24035
24038
24042
24045
24046
24047
24048
24049
24053
24054
24057
24059
24065
24066
24069
24070
24074
24078
24079
24082
24083
24090
24095
24097
24100
24105
24106
24107
24108
24110
24112
24115
24118
24122
24126
24128
24129
24130
24131
24133
24136
24138
24141
24146
24148
24150
24155
24156
24157
24158
24159
24172
24178
24179
24180
24183
24184
24188
24190
24194
24195
24196
24197
24198
24199
24203
24204
24206
24208
24211
24212
24215
24217
24218
24219
24221
24222
24223
24229
24232
24248
24251
24252
24254
24257
24260
24267
24270
24276
24278
24284
24285
24286
24287
24296
24298
24301
24302
24309
24312
24313
24315
24317
24322
24326
24330
24333
24336
24344
24347
24351
24352
24356
24358
24363
24364
24368
24370
24371
24376
24379
24382
24383
24392
24397
24400
24403
24405
24417
24420
24426
24428
24432
24433
24434
24435
24436
24437
24438
24441
24442
24444
24447
24448
24449
24450
24455
24458
24460
24467
24471
24472
24476
24484
24488
24496
24497
24499
24506
24511
24515
24516
24527
24531
24535
24542
24544
24550
24552
24557
24558
24559
24564
24570
24571
24575
24576
24580
24585
24587
24590
24591
24596
24599
24603
24605
24609
24613
24616
24624
24629
24633
24634
24637
24638
24640
24641
24642
24643
24651
24652
24673
24680
24688
24691
24694
24695
24707
24722
24724
24729
24731
24733
24740
24761
24769
24776
24777
24784
24788
24799
24804
24823
24824
24825
24830
24831
24834
24849
24853
24854
24855
24858
24861
24863
24864
24865
24866
24876
24878
24885
24887
24894
24895
24896
24897
24898
24900
24902
24906
24911
24914
24915
24921
24922
24923
24924
24925
24927
24931
24932
24938
24944
24947
24948
24955
24956
24957
24958
24963
24966
24967
24969
24984
24990
24993
24994
24995
24996
25000
25002
25004
25005
25012
25013
25019
25020
25023
25027
25033
25034
25040
25042
25050
25055
25059
25060
25061
25062
25070
25071
25073
25095
25116
25117
25127
25128
25131
25148
25153
25169
25183
25184
25186
25187
25189
25191
25194
25198
25201
25202
25205
25211
25214
25222
25232
25234
25236
25237
25243
25247
25261
25262
25264
25268
25274
25277
25278
25279
25282
25288
25290
25295
25298
25299
25305
25306
25307
25308
25311
25313
25314
25316
25317
25318
25319
25320
25322
25323
25324
25325
25326
25327
25330
25333
25334
25335
25338
25345
25347
25348
25349
25351
25352
25353
25356
25360
25361
25362
25363
25364
25367
25369
25373
25374
25376
25382
25383
25385
25391
25395
25396
25397
25398
25401
25403
25404
25406
25415
25419
25421
25424
25427
25430
25435
25436
25437
25438
25440
25444
25447
25451
25457
25458
25459
25464
25465
25468
25470
25474
25475
25480
25481
25483
25485
25487
25488
25489
25490
25491
25494
25496
25497
25498
25500
25501
25503
25504
25505
25506
25510
25511
25514
25515
25516
25518
25520
25521
25522
25531
25532
25534
25535
25536
25537
25540
25541
25547
25549
25551
25552
25553
25554
25555
25556
25557
25558
25559
25560
25562
25564
25565
25566
25567
25568
25569
25570
25571
25572
25574
25576
25579
25580
25581
25584
25586
25587
