0
1
2
3
5054
4
5
7
8
9
10
14
16
17
18
1984
6954
19
41
21
22
23
26
29
30
33
34
35
38
39
42
43
60
44
45
50
52
53
54
56
37
57
3916
2812
3297
58
59
157
264
61
62
63
68
69
750
70
4562
73
74
297
75
76
77
82
85
86
88
89
90
91
92
93
95
97
100
101
102
103
1193
104
105
106
110
112
113
114
117
120
121
122
14177
1145
124
127
128
129
131
132
134
147
469
135
136
137
1457
140
143
144
145
146
14447
150
1982
153
154
155
156
158
160
161
163
164
165
168
169
170
171
172
174
176
178
179
180
181
182
184
185
186
189
190
191
192
193
2699
7537
197
198
199
201
202
1280
2181
2758
10475
948
6389
411
11013
206
207
209
210
214
217
218
219
220
223
224
225
226
227
228
230
231
232
233
235
236
237
238
240
241
242
243
245
246
247
249
579
252
257
258
3122
259
260
263
267
780
2642
6652
269
271
272
273
282
287
288
295
296
3254
299
300
304
306
307
474
308
309
311
313
314
317
321
324
325
326
328
329
332
338
342
343
344
347
348
350
354
356
1682
14227
357
358
360
361
363
366
370
372
373
374
375
376
379
380
382
388
391
393
2149
11154
6097
788
3765
7542
3991
10751
5023
395
396
398
6072
402
403
404
407
408
410
412
414
415
594
419
1469
420
421
426
428
1238
432
433
6411
438
1809
4548
443
445
1241
447
448
462
449
451
452
457
470
472
480
3742
482
485
486
487
5192
488
489
3859
491
494
495
497
498
499
501
502
503
505
506
507
508
510
511
516
517
518
520
521
523
524
526
527
528
529
530
531
532
533
536
539
540
541
542
543
546
548
549
550
552
553
555
556
557
559
560
561
562
563
564
566
568
569
4672
571
574
576
580
581
582
584
585
709
586
588
592
593
595
596
597
599
602
604
606
607
608
609
611
612
613
617
619
620
621
624
628
631
632
633
634
635
636
638
639
641
642
643
646
647
648
649
3017
6621
654
655
657
658
659
660
662
10919
664
666
667
668
673
675
677
678
680
683
684
685
686
687
688
692
694
696
697
698
700
704
6505
4846
4079
3315
2074
705
706
710
711
712
713
714
718
720
722
723
726
728
730
732
733
734
3581
735
736
738
1684
739
740
741
746
747
748
749
758
760
761
762
763
764
765
769
864
770
773
774
775
777
778
6773
4414
4031
782
784
785
1397
786
787
3131
790
794
795
796
797
800
801
804
806
807
808
810
8670
812
814
815
816
11411
820
822
906
918
828
829
831
832
835
843
844
846
848
852
853
7585
855
857
861
862
863
867
869
872
873
875
876
877
878
879
880
882
884
888
890
891
892
895
899
900
901
902
903
904
905
8043
908
909
911
912
913
916
919
920
1778
927
928
929
931
932
1342
937
938
939
941
946
949
951
952
5439
960
961
962
964
965
966
967
968
973
974
975
976
977
980
984
985
987
988
989
990
992
993
997
1000
1001
1002
1004
1006
1009
1011
1013
1015
1016
1018
1019
1022
1024
1025
1026
1027
1029
1030
1031
1034
1035
1036
1039
1041
1042
1044
1046
1047
1052
1053
1056
1057
1059
1061
1062
1065
1066
1069
1070
1073
1074
1075
1076
1078
1079
1080
1081
1082
1083
1085
1087
1089
1091
1092
1099
1100
1105
1109
1110
1111
3097
1112
1114
1116
1323
1118
1120
1124
1125
1126
5625
1131
1132
1133
1134
1136
1139
1140
1141
1142
1144
4496
1979
1148
1149
1151
1154
1155
1157
1158
1161
1163
1164
1166
1167
1169
1172
1175
1177
1178
1179
1180
1183
1184
1185
1187
1189
1191
1197
1198
1201
1204
1205
1206
1207
1208
1213
1216
1217
1218
1219
1225
1228
1229
1230
1232
1233
1240
1247
1253
1254
1258
1259
1261
1266
3146
4269
1272
1274
1275
1278
1281
1282
1284
1286
1288
1289
1294
1296
1297
3165
1300
1303
1307
1311
1315
1317
4296
1318
1321
1324
1326
1327
4624
2444
2670
1330
1341
4917
12431
1349
1351
1353
1354
1358
1360
1362
1364
1365
1368
1371
1372
1737
1379
1381
1387
7610
9707
1388
1390
1396
4679
1899
1402
1403
1404
1408
1409
1411
1415
1416
1419
1420
1421
1426
3081
3096
1427
1428
1430
1435
1436
4321
1437
1440
1441
1443
1444
1689
1446
1449
1450
1451
1454
1459
1461
1464
1467
1468
1473
1478
1480
6093
1484
1485
1488
1492
1494
1496
1497
1499
1502
1504
1509
1510
1523
1524
1526
2524
1528
1530
1531
1532
1534
1538
1539
1540
1541
1545
1546
1549
1551
1552
1553
1554
1557
1558
1559
1560
5148
2787
1563
1567
1568
1570
1571
1573
1575
1576
1578
1579
1586
1587
1591
1593
1594
1595
1596
1601
1604
1607
1608
1609
1610
1611
1612
1617
1619
1621
1622
1623
1625
1631
1633
1634
1635
1641
1649
1652
1653
1654
1655
1657
1663
1664
1665
1669
1672
1674
1677
1678
1679
1680
1683
2020
5551
5256
1690
1692
1695
1696
1698
1700
1702
1703
1705
1706
1709
1710
1715
1716
1717
1718
1720
1721
1723
1724
1725
1727
1728
1730
1732
1733
1734
1736
1742
1743
1744
2848
1745
1746
1747
1750
1751
1752
1753
1754
1756
1757
13908
1758
1761
1767
1771
1772
1773
1774
1775
1776
1777
1779
1780
1783
1785
1787
1788
1789
1792
1794
1795
1796
1797
1798
1799
1801
1802
1803
1804
1807
1851
1810
1811
1813
1815
1816
5105
1820
1821
1824
1826
1828
1831
1833
1839
1842
1843
1844
1847
1848
1850
5064
1852
1853
1854
1855
1856
1857
1862
1863
1864
1867
1868
1869
1870
1871
1873
1875
1876
1877
1878
1881
1884
1886
1887
1888
1889
1890
1892
1893
1894
1895
1896
2930
1897
1898
4515
8552
1900
1901
1906
1907
1909
1911
1912
1915
1916
1918
4314
1921
1922
1923
1925
1926
1929
8789
1932
1934
5827
1935
2690
1936
3708
1937
1938
1940
1941
1944
1945
1946
1948
1949
1950
1953
1955
1956
1957
1958
1959
1960
1961
1964
1965
1967
1969
1971
1972
1976
5505
1981
5899
1983
1985
1986
1987
1988
1989
1990
1991
1992
1994
1996
2000
2001
2003
2004
2005
2006
2007
2010
2012
2013
2016
2017
2018
2019
2026
2027
2028
9724
2029
6569
2030
2032
2033
2034
2271
2035
2036
2042
2044
2045
2046
2047
7523
2048
2049
2050
2052
2053
2060
2062
2064
2065
2067
2068
2069
2070
2071
2073
2078
2081
2082
2089
2090
2094
2095
2097
2098
2101
2102
2103
2104
2105
2108
2375
2109
2110
2112
2114
2116
2117
2118
2121
2122
2123
2125
2126
2128
6274
2131
2132
2133
2134
2135
2136
2137
2138
2139
2141
2143
2144
2145
2146
2147
2150
2151
2152
2153
2157
2158
2159
2160
2164
2166
2167
2168
2170
2171
2172
2174
6028
2176
2177
2178
2179
2184
2185
2186
2187
2188
2189
2195
2198
2200
2201
2206
2213
2214
2215
2216
2219
2221
2223
2225
2227
2229
2230
2232
2233
2235
2237
2238
10804
2243
2244
2249
2250
2253
2255
2256
2257
2258
2260
2264
2266
2267
2268
2269
2270
2272
2273
2275
2284
2285
2289
2293
2296
2298
2299
2303
2307
2308
2309
2314
2591
2316
2317
2318
2320
2321
2327
2329
2330
2331
2333
2335
2337
2339
2343
2348
2353
2354
2355
10710
2356
2358
2360
2361
2364
2367
2369
2370
2372
2373
2374
3625
2379
2380
2382
2386
2390
2391
2392
2393
2394
2397
2920
2398
10667
2406
2409
2877
2410
2411
2413
2417
2422
2423
2424
2425
2426
2431
2434
2435
2437
2438
2439
2440
2441
2442
11293
2447
2448
2450
2451
2456
2462
2463
4376
2465
2467
2468
2469
2472
2479
2481
2484
2485
12736
2486
2487
2488
2492
2493
2494
2495
2496
2497
2500
2504
2506
2514
2515
2516
2518
11786
2520
2521
2522
2603
2525
2526
2528
2529
2530
2533
2540
2541
2545
2547
2550
2551
2553
2555
7817
2557
2558
2559
2561
2562
2567
2568
2570
2574
2578
3033
2579
2583
2584
2589
2721
2590
2593
2595
2597
2599
2601
2602
3677
2604
2605
2608
2609
2611
2612
2616
2618
2619
2620
2624
2625
2626
2627
2628
2629
6527
2631
2634
2635
2636
2638
2640
2641
2643
2645
2648
2649
2650
2652
2655
2657
2659
2660
2663
2664
2667
2668
2669
2671
2672
2673
2674
2675
2676
2678
2679
2681
2818
2894
2682
2683
2689
2696
2700
2702
2703
2707
3250
2709
2714
2716
2717
2720
2722
2724
2725
2726
2730
3632
2731
2732
2734
2736
2737
2741
2742
2743
2744
2745
2747
2751
2765
2755
2757
4750
2759
2760
2764
7913
2767
2768
2769
2771
2772
2774
2775
2776
2780
2781
2783
3465
2796
2797
2802
2803
2804
2806
2808
2815
2817
4553
2822
2823
2824
2825
2827
2828
2830
2833
2834
2835
2836
2840
2843
2850
2853
2854
2856
2857
2859
2860
3398
2861
2862
2866
2868
2869
2870
2871
2872
2873
2874
2876
2881
2884
2885
2889
2893
9104
3571
2895
2898
2899
2903
2904
2910
2911
2912
2915
2916
2917
2918
2921
2922
2925
2926
2927
2929
2932
2933
2936
2937
2939
2942
2943
2944
2947
2948
2950
2953
2954
2955
2956
2962
2963
2964
2965
5634
2967
2972
2975
2976
2978
2979
2980
2987
2990
2991
2992
2993
2994
3559
2995
2996
13792
4383
2998
3000
3004
3005
3009
3012
3020
3022
8305
3023
4032
3025
3026
3028
3030
3034
3035
3037
3038
3040
13227
3041
3044
3045
3047
3050
3055
3058
3061
3065
3066
3068
3073
3079
3080
3082
3085
3089
3092
3098
3099
3101
3102
3107
3110
3111
3114
3116
3118
3120
3121
3918
4253
3123
3130
8252
3132
3134
3137
3138
3139
3140
3144
3149
3151
3163
3152
3155
3815
3199
3164
3167
3170
3172
3175
3176
5898
3183
3186
3191
3197
4937
3206
3219
3220
3223
3226
3230
3231
3233
3234
3235
3237
3241
3331
3249
6087
3253
3258
3260
2999
3261
6515
3267
3268
3273
3277
3279
3284
3286
3287
3290
3294
3296
3299
3301
3303
3306
3307
3310
3311
3312
5320
9537
13290
4244
3932
3319
3320
3321
3326
3328
3329
3336
3340
3342
3345
7580
12193
3346
3350
3353
3358
3359
3360
3361
3364
3369
3370
3371
3373
3374
3378
3383
7436
3384
3385
3388
3390
3391
3395
3397
3399
3401
3403
3414
3418
3421
3875
3424
3425
3436
3438
3443
3444
3446
3453
3459
3460
3461
3462
3463
3467
3468
3469
3471
3474
3476
3478
3481
3482
3483
3490
5388
3492
3494
3495
3498
3499
3500
3501
3502
3508
3509
3510
3512
3515
3518
3522
3523
3526
14337
3527
3529
3530
3533
3534
3536
3537
3538
3539
3540
4964
12583
12619
5951
3542
3545
3546
3548
3549
3551
3554
3555
3560
3563
3564
3565
3566
3569
3572
3574
3577
3580
3582
3584
3585
3588
3589
3591
3592
3593
3594
3595
3596
3598
6367
3602
3603
3604
3605
3607
3608
3611
3613
3614
3617
3619
3620
11571
3621
3622
3626
3627
3631
4520
5528
3633
3641
3644
3646
3647
3648
3650
3651
3652
12124
3654
3656
3658
3661
3668
3669
4962
3670
3671
3673
3674
3676
3678
3679
14070
3681
3682
3685
3686
3687
3688
3690
3692
3693
3694
3695
3696
3697
3699
8510
3700
3701
3704
3705
3709
3713
3717
3721
3722
3724
3725
3727
3729
3730
3731
3732
3734
3735
3737
3741
3745
3748
3749
3751
3754
3755
3757
3758
3762
3763
3766
3768
3769
3770
3771
3772
3774
3776
3777
3778
3779
3784
3786
3787
3788
3789
3792
3793
3794
3795
3796
3797
3798
3799
3800
3802
3803
3804
3808
3809
3811
3812
3818
3819
3820
3821
3822
3827
3828
3829
3832
3834
3835
3836
3837
3838
3840
3841
3843
3846
3850
3852
3853
3857
3858
8735
3860
3862
3863
3866
3868
3870
3871
3872
3874
3994
3882
3886
3888
3889
3895
3898
3900
3901
3902
3903
3905
3906
3909
6452
3910
3912
3915
3917
3922
3923
3925
3929
3930
3931
3933
3934
3937
3938
3939
3944
3945
3946
3947
3950
3951
3957
3971
3972
3973
3974
3976
3977
3980
3983
3988
3989
3990
3995
3996
3997
3998
4002
4005
4007
4009
4011
4012
4013
4017
4019
4020
4021
4025
4027
4028
4029
4030
5026
6473
4445
4034
4035
4036
4037
4038
4039
4045
4046
4048
4049
4055
4056
4057
4059
4061
4070
4071
4073
4074
4077
4081
4085
4086
4089
4090
4092
4098
4105
4106
4108
4109
4110
4111
4114
4115
4122
4123
4127
4131
4132
4135
4136
4137
4138
4139
4147
4148
4149
4154
4155
4156
4160
4161
4162
4164
4165
4166
4171
4174
4182
4183
4184
4185
4188
4189
4191
4204
4205
4206
4208
4210
4211
4218
4219
4220
4221
4222
4227
4229
4232
4235
4241
4242
4246
4249
4250
4254
4256
4259
4261
4262
4263
4264
4266
4267
4268
4270
4271
4272
4273
4275
4277
4279
4281
4282
4284
4285
4288
4291
4292
4294
4295
4300
4302
4303
4306
4308
4311
4313
4322
4324
4325
10529
4326
4327
4328
4329
4333
4334
4337
4344
4345
4348
4349
4352
4353
4359
4366
4360
4361
4367
4369
4370
4371
4377
4378
4385
4387
4394
4397
4398
5319
4399
4400
4401
4408
4413
4415
4416
4417
4419
4422
4427
4428
4429
4434
4435
4438
4444
4446
4453
4454
4455
4456
4458
4459
4460
4464
4465
4466
4467
4468
4469
4475
4476
4477
4478
4479
4480
4481
4482
4483
4484
4485
4486
4489
4490
4493
4494
4495
4498
4499
4502
4503
4505
4506
4510
4511
4512
4513
4514
4517
4518
4519
4521
4523
4524
4526
4527
4530
4531
4532
4533
4534
4536
4537
4538
4539
4541
4542
4544
4547
4549
4551
4552
4558
4560
4561
4564
4567
4570
4571
4572
4573
5053
4574
4578
4579
4583
4586
4587
4589
4590
4594
4595
4597
4599
4606
4612
4615
4618
4622
4623
4630
4632
4633
4638
4639
4642
4645
4646
4649
4650
4651
4652
4656
4657
4658
4659
4661
4663
4664
4665
4667
4668
4676
4677
4678
4680
4681
4682
4683
4684
4686
4688
4690
4691
4692
4693
4694
4695
4696
4697
4700
4702
4707
4708
4709
4710
4712
4713
4714
4717
4718
4724
4725
4727
4728
4732
4733
4766
4734
4737
4738
4740
4741
4742
4744
4746
4747
4748
4753
4755
4756
4758
4759
4760
4761
4763
4768
4769
4770
4771
4775
4776
4777
4778
4780
4781
4783
4791
4792
4793
4797
4799
4800
4801
4802
4804
4805
4806
4807
4810
4814
4816
4817
4819
4820
4821
4822
4824
4825
4826
4828
4829
4830
4831
4832
4835
4839
4840
4841
4842
4843
4847
4848
4849
4850
4851
4853
4854
4860
4861
4862
4863
4864
4865
4868
4869
4870
4871
4872
4873
4874
4876
4877
4878
4881
4882
4884
4885
4886
4888
4889
4890
4891
4892
4893
4894
4895
4897
4898
4899
4900
4901
4903
4904
4906
4911
4912
4913
4914
8171
4916
4918
4919
4925
4927
4930
4934
4936
4942
4945
4947
4948
4950
4951
4952
7946
4953
4957
4958
4959
4960
4961
4966
4968
4970
4971
4973
4974
4976
4977
4979
4981
4982
4983
4984
4985
4986
4987
4992
4993
4994
4995
4997
4999
5000
5001
5003
5007
5009
5010
5012
5013
5015
5016
5017
5019
5021
5022
5052
5024
5025
5763
5030
5031
5032
5033
5035
5037
5038
5039
5042
5043
5045
5046
5047
5050
5057
5058
5059
5060
5063
5066
5067
5068
5069
5070
5071
5072
5073
5074
5075
5078
5079
5083
5084
5085
5086
5087
5088
5089
5090
5091
5095
5097
5099
5100
5103
5104
5108
5113
5114
5704
5115
5116
5120
5121
5124
5126
5127
5128
5130
5131
5132
5133
5135
5139
5143
5146
6342
5150
5151
5155
5156
5157
5158
5159
5160
5161
5162
5163
5164
5166
5167
5168
5171
5172
5173
5174
5175
5176
5177
5182
5184
5185
5187
5188
5189
5191
5193
5194
5196
5201
5203
5206
5210
5211
5212
5213
5214
5216
5219
5221
5222
5223
5225
5227
5228
5232
5234
5558
5236
5237
5238
5239
5240
5241
5247
5250
5251
5253
5254
5255
5257
5262
5263
5264
5265
5267
5268
5269
6146
9495
5272
5274
5275
5277
5278
5279
5286
5287
5288
5289
5294
5297
5300
5303
5304
5305
5307
5311
5312
5313
5316
5317
5321
5324
5326
5327
5328
5329
5330
5331
5343
5344
5347
5348
5349
5351
5352
5353
5354
5357
5358
5360
5361
5364
5366
5368
5370
5374
5378
5381
5382
5383
5385
5386
5387
5390
5394
5397
5399
5403
5408
5410
5412
5415
5416
5419
5420
5421
5422
5423
5426
5428
5432
5433
5434
5435
5436
5438
13355
5440
5441
5443
5446
5452
5453
5454
5455
5457
5458
5462
5464
5468
5474
5482
5483
5484
5485
5486
5487
5489
5490
5491
5492
5495
5498
5499
5500
5502
5503
5509
5510
5512
5513
5516
5517
5520
5521
5522
5523
5526
5527
5532
5533
5535
5537
5538
5539
5540
5542
5544
5549
5550
5552
5554
5556
5562
5563
5565
5566
5567
5570
5571
5573
5574
5575
5576
5577
5579
5582
5583
5584
5585
5589
5590
5591
5592
5593
5594
5595
5596
5597
5598
5600
5602
5603
5604
5605
5606
5608
5609
5612
5613
5617
5618
5619
5620
5621
5622
5624
5626
5628
5629
5630
5631
5633
5635
5636
5637
5638
5639
5641
5645
5647
5648
5650
5651
5652
5654
5656
5657
5658
5659
5661
5663
5665
5666
5667
5668
5670
5672
5674
5675
5676
5678
5679
5680
5682
5684
5685
5689
5690
5694
5695
5700
5703
5705
5706
5707
5708
5709
5710
5715
5716
5718
5719
5720
5721
5722
5723
5725
5728
5729
5730
5731
5732
5733
5738
5740
5741
9581
5742
5743
5745
5746
5747
5752
5754
5755
5757
5760
5762
5765
5767
5771
5774
5775
11240
5777
5782
5786
5794
5797
5798
5799
5800
5803
5804
5812
5813
5816
5823
5826
5830
5831
5834
5835
5837
5839
5840
5841
5842
5845
5849
5850
5851
5852
5854
5856
5857
5858
5861
5863
5864
5866
5867
5868
5869
5871
5872
5874
5876
5877
5878
5882
5883
5885
5887
5891
5895
5897
5901
5903
5904
5905
5908
5909
5910
5913
5915
5916
5917
5918
5922
5925
5928
5929
5930
5932
5937
5938
5939
5944
5946
5947
5948
5949
5952
5954
5957
5958
5961
5962
5963
5965
5968
5969
5970
5972
5973
5974
5975
5977
5978
5981
5982
5983
5987
5988
5995
6001
6004
6007
6015
6019
6022
6024
6026
6030
6032
6033
6034
6036
6038
6039
6040
6041
6042
6046
6049
6052
6056
6057
6058
6060
6062
6063
6064
6065
6066
6067
6068
6069
6071
6074
6075
6076
6078
6079
6080
6081
6082
6085
6088
6089
6094
6095
6096
10864
6103
6106
6107
6109
6112
6114
6115
6116
6119
6120
6123
6124
6128
6129
6132
6133
6134
6135
6136
6137
6138
6140
6141
6143
6145
6149
6150
6151
6152
6153
6155
6156
10074
6158
9441
6161
6163
6164
6165
6166
6167
6168
6169
6171
6172
6176
6178
6179
6180
6181
6182
6184
6186
6187
6188
6190
6191
6192
6193
6195
6196
6198
6200
6204
6207
6209
6210
6211
6213
6215
6217
6218
11136
6219
6220
6223
6224
6232
6234
6235
6238
6240
6241
6242
6244
6245
6249
6254
6255
6262
6263
6266
6267
6270
6272
6275
6276
6278
6279
6280
6284
6286
6288
6290
6291
6292
6295
6296
6299
6300
6301
6303
6308
6310
6311
6316
6318
6320
6322
6323
6324
6326
6328
6330
6334
6335
6336
6337
6338
6340
6345
6347
6348
6349
6353
6354
6355
6356
6357
6359
6362
6364
6368
6371
6373
6374
6618
6376
6380
6382
6384
6387
6388
6391
6392
6393
6394
6397
6400
6401
6409
6410
6412
6413
6414
6416
6417
6422
6423
6426
6427
6429
6430
6436
6437
6439
6443
6445
6446
6448
6449
6450
6451
6453
6457
6459
6461
6464
9487
6466
6467
6469
6470
6472
6474
6475
6476
6477
6478
6479
6480
6484
6485
6486
6488
6489
6490
6492
6493
6494
6495
6498
6500
6503
6504
6506
6512
6514
6516
6517
6518
6519
6523
6525
6526
6528
6533
6535
6536
6537
6538
6540
6542
6544
6547
6548
6552
6554
6555
6556
6557
6558
6559
6563
6564
6565
6567
6568
6570
6577
6580
6582
6583
6585
6590
6591
6593
6594
6596
6597
6598
6600
6602
6606
6608
6609
6611
6614
6615
6616
6617
6619
6620
6622
6623
6624
6625
6627
6628
6629
6630
6632
6633
6634
6636
6637
6638
6643
6644
6653
6654
6655
6656
6657
6658
6659
6660
6661
6662
6663
6665
6667
6668
6670
6675
6676
6678
6681
6682
6685
6686
6688
6689
6690
6692
6694
6695
12187
8036
6696
6698
6701
6703
6704
6707
6708
6709
6711
6712
6713
6714
6715
6717
6718
6719
6722
6723
6724
6725
6726
6728
6729
6730
6731
6733
6734
6737
6738
6739
6742
6744
6745
6746
6747
6750
6755
6756
6757
6765
6766
6769
6772
6775
6777
6778
6780
6781
6782
6783
6784
6789
6791
6793
6794
6795
6796
6798
6799
6802
6803
6809
6810
6812
6814
6815
6816
6817
6819
6820
6822
6823
6828
6829
6830
6835
6836
6838
6839
6840
6842
6844
6845
6846
6847
6848
6849
6852
6853
6855
6858
6861
6864
6865
6866
6868
6870
6871
6872
6875
6876
6877
10882
6878
6881
6885
6886
6889
6890
6891
6893
6894
6895
6897
6899
6902
6905
6909
6911
6912
6913
6915
6917
6921
6922
6924
6926
6927
6929
6936
6937
6938
6940
6944
6951
6955
6956
6959
6962
6965
6966
6972
6973
6974
6975
6976
6977
6979
6984
6985
6990
6991
11504
6992
7006
7013
7017
7018
7019
7020
7022
7023
7024
7025
7029
7031
7032
7034
7039
7043
7045
7047
7048
7051
7053
7055
7057
7058
7059
7061
7066
7069
7070
7071
7072
7073
7074
7075
7081
7082
7084
7085
7086
7089
7092
7093
7096
7099
7103
7107
7110
7113
7115
7117
7120
7124
7125
7126
7127
7130
7131
7134
7136
7137
7140
7141
7142
7146
7152
7154
7155
7156
7157
7158
7160
7161
7163
7164
7167
7172
7175
7176
7177
7178
7181
7185
7188
7192
7195
7197
7198
7202
7204
7206
7207
7213
7214
7216
7218
7219
7221
7222
7226
7230
7231
7232
7234
7237
7238
7240
7241
7246
7247
7248
7249
7251
7252
7254
7256
7258
7265
7268
7270
7285
7286
7287
7291
7297
7300
7304
7305
7307
7310
7312
7313
7314
7315
7319
7320
7326
7329
7330
7332
7335
7336
7338
7340
7341
7345
7347
7348
7350
7352
7353
7356
9961
7357
7360
7367
7368
7371
7373
7377
7378
7379
7381
7384
7385
7386
7387
7389
7393
7395
7402
7405
7406
7407
7409
7411
7412
7414
7415
7416
7418
7420
7422
7423
7424
7425
14140
7426
7428
7429
7430
7433
7434
7435
7437
7439
7440
7441
7443
7453
7455
7456
7457
7458
12600
7460
7461
7465
7468
7471
7472
7474
7476
7489
7490
7493
7494
7497
7498
7499
7500
7501
7503
7504
7505
7507
7509
7510
7511
7513
7514
7518
7520
7522
7524
7526
7528
7532
7533
7535
7536
7540
7541
7543
7544
7547
7548
7549
7550
7551
11929
7552
7555
7557
7558
7560
7562
7563
7564
7567
7568
7569
7571
7573
7575
7577
7581
7582
7583
7586
7587
7590
7593
7595
7598
7599
7600
7602
7603
7604
7605
7606
7609
14269
7611
7615
7616
7617
7618
7619
7620
7622
7624
7625
7630
7631
7632
7635
7637
7638
7639
7641
7642
7647
7649
7653
7657
7658
7659
7660
7661
7662
7663
7664
7665
7667
7668
7670
7671
7672
7675
7676
7678
7680
7681
7682
7684
7685
7686
7691
7693
7694
7695
7697
7703
7706
7708
7709
7713
7714
7719
7720
7721
7723
7724
7725
7727
7731
7735
7736
7738
7740
7741
7744
7746
7749
7750
7751
7752
7753
7756
7760
7761
7762
7763
7764
7766
7767
7768
7769
7770
7771
7772
7775
7778
7779
7780
7781
7782
7783
7784
7785
7786
7789
7790
7791
7794
7796
7797
7798
7799
7800
7801
7806
7807
7808
7809
7810
7811
7812
7813
7815
7816
10044
7819
7820
7821
7822
7825
7828
7829
7831
7832
7833
7835
7836
7838
7839
7842
7843
7844
7845
7847
7848
7850
7851
7853
7854
7855
7856
7857
7858
7859
7861
7866
7867
7868
7870
7871
7872
7874
7875
7876
7877
7880
7882
7885
7886
7889
7893
7894
7895
7896
7898
7899
7902
7903
7904
7907
7909
7910
7911
7918
7919
13604
7921
7922
7923
7926
7927
7930
7932
7934
7937
7939
7941
7944
7947
7948
7949
7950
7951
7952
7957
7958
7959
7960
7969
7974
7977
7978
7990
7993
7994
7995
7996
7997
7998
7999
8000
8001
8002
8003
8004
8005
8007
8008
8009
8011
8014
8015
8016
8018
8020
8023
8026
8027
8029
8031
8033
8034
8035
8037
8038
8039
8040
8041
8044
8045
8046
8047
8048
8050
8052
8053
8054
8055
8057
8058
8059
8060
8061
8062
8064
8065
8066
8067
8068
8070
8072
8073
8076
8077
8078
8079
8084
8085
8086
8087
8091
8093
8095
8096
8097
8098
8099
8102
8103
8105
8106
8107
9595
8108
8110
8116
8117
8120
8121
8125
8128
8130
8131
8134
8135
8137
8142
8147
8148
8149
8153
8159
8161
8604
8162
8167
8169
8170
8178
8172
8174
8175
8176
8177
8179
8180
8181
8182
8185
8186
8187
8189
8190
8514
8299
8192
8193
8197
8198
8200
8201
8203
8206
8208
8209
8211
8212
8214
8216
8217
8218
8219
8220
8222
8224
8225
8226
8227
8228
8232
8234
8235
8236
8238
8239
8240
10375
8242
8245
8249
8250
8253
8254
8255
8257
8261
8262
8264
8270
8271
8272
8274
8276
8277
8278
8282
8285
8290
8292
8294
8297
8302
8307
8308
8309
8311
8313
8314
8316
8317
8320
8323
8326
8327
8328
8329
8330
8332
8333
8339
8340
8341
8347
8350
8351
8355
8359
8362
8375
8391
8376
8378
8379
8384
8385
8390
13018
13035
8394
8395
8396
8402
8403
8408
8409
8410
8411
8412
8415
8416
8417
8418
8420
8421
8422
8423
8424
8427
8428
8431
8432
8433
8436
8439
8441
8442
8444
8450
8451
8454
8461
8464
8468
8469
8470
8474
8479
8482
8483
8484
8486
8487
8489
8491
8492
8493
8494
8496
8497
8500
8502
8503
8504
8505
8506
8508
9767
8516
8517
8519
8524
8527
8528
8529
8533
8534
8535
8536
8538
8539
8542
8544
8545
8550
8553
8554
8556
8560
8561
8562
8564
8565
8568
8573
8574
8575
8576
8577
8578
8579
8580
8582
8587
8589
8590
8592
8593
8594
8597
8599
8605
8608
8609
8610
8613
8618
8619
8621
8626
8627
8628
8633
8634
8635
8636
8637
8638
8640
8641
8642
8643
8644
8645
8646
8647
8649
8654
8656
8657
8658
8660
8661
8663
8664
8666
8671
8675
8676
8677
8678
8679
8682
8684
8685
8686
8687
8688
8690
8691
8693
8694
8695
8697
8700
8702
8703
8704
8706
8714
8716
8718
8719
13179
8720
8722
8724
8725
8726
8728
8729
8736
8737
8738
8739
8740
8741
8742
8743
8744
8745
8746
8748
8749
8750
8752
8753
8756
8757
8758
8762
8763
8766
8770
8772
8773
8774
8777
8778
8779
8780
8781
8782
8785
8786
8787
8788
8791
8792
8794
8795
8802
8806
8807
9676
8808
8809
8810
8811
8812
8813
8814
8816
8819
8820
8821
8822
8823
8824
8826
8827
8829
8830
8831
8832
8833
8834
8835
8838
8839
8846
8848
8849
8850
8853
8855
8857
8858
8861
8862
8866
8867
8874
8876
8878
8882
8883
8884
8885
8886
8889
8890
8891
8894
8898
8899
8900
8901
8902
8907
8909
8910
8911
8912
8916
8917
8918
8920
8922
8925
8926
8929
8930
8931
8934
8936
8938
8942
8946
8948
8949
8953
8954
8957
8958
8961
8963
8966
8969
8970
8973
8978
8979
8980
8981
8983
8985
8987
8991
8994
8995
8996
8999
9000
9001
9002
9003
9005
9006
9008
9010
9013
9014
9015
9026
9027
9031
9032
9033
9041
9042
9047
9048
9049
9051
9053
9061
9062
9063
9065
9070
9071
9076
9078
9084
9085
9088
9090
9093
9094
9096
9098
9099
9108
9112
9114
9115
9116
9117
9120
9123
9124
9125
9127
9128
9130
9131
9134
9135
9136
9139
9140
9141
9144
9145
9146
9148
9151
9152
9154
9155
9158
9160
9163
9164
9168
9169
9170
9172
9176
9178
9179
9180
9181
9182
9185
9186
9187
9188
9191
9193
9194
9195
9197
9198
9200
9202
9203
9207
9211
9215
9218
9219
9220
9225
9230
9231
9232
9233
9236
9237
9239
9240
9242
9244
9251
9252
9254
9256
9257
9258
9262
9265
9270
9271
9272
9273
9274
9275
9278
9279
9280
9282
9283
9284
9285
9288
9289
9290
9292
9293
9296
9298
9299
9300
9301
9303
9304
9306
9309
9311
9313
9315
9316
9318
9320
9324
9328
9329
9330
9336
9340
9347
9348
9349
9350
9351
9352
9355
9357
9358
9361
9365
9369
9370
9384
9385
9386
9388
9389
9400
9403
9405
9406
9408
9410
9411
9412
9413
9415
9421
9422
9425
9427
9429
9430
9432
9437
9438
9445
9446
9450
9451
9456
9459
9461
9462
9464
9466
9467
9468
9470
9472
9473
9475
9476
9477
9480
9484
9485
9488
9489
9491
9493
9497
9498
9504
9505
9511
9513
9514
9584
9516
9519
9520
9521
9532
9539
9541
9545
9546
9548
9551
9553
9556
9560
9561
9563
9564
9568
9571
11900
9575
9576
9586
9587
9588
9589
9597
9602
9603
9613
9614
9616
9619
9620
9623
9625
9631
9632
9635
9638
9639
9640
9641
9642
9644
9645
9647
9651
9652
9655
9656
9658
9661
9662
9666
9671
9672
9674
9677
9679
9681
9682
9684
9685
9686
9687
9689
9692
9693
9694
9696
9698
9702
10363
9703
9708
9710
9711
9713
9716
9718
9722
9730
9735
9741
9744
9747
9748
9750
9753
9754
9755
9756
9758
9760
9761
9762
9777
9781
9783
9784
9785
9786
9787
9788
9789
9790
9792
9793
9795
9796
9799
9800
9802
9803
9807
9808
9810
9812
9813
9814
9816
9818
9821
9824
9829
9830
9831
9832
9833
9836
9837
9842
9843
9844
9846
9848
9850
9853
9859
9860
9861
9862
9865
9866
9867
9870
9875
9877
9878
9880
9885
9886
9891
9892
9896
9897
9899
9901
9902
9903
9907
9908
9909
9911
9914
9917
9919
9922
9925
9926
9927
9928
9930
9936
9937
9939
9940
9943
10018
9944
9945
9946
9947
9950
9951
9952
9955
9956
9958
9959
9960
14304
14306
14309
9965
9966
9967
9969
9972
9974
9975
9976
9978
9980
9983
9987
9988
9990
9991
9992
9993
9996
9997
9999
10000
10002
10006
10007
10008
10012
10020
10021
10022
10024
10025
10026
10029
10032
10033
10035
10036
10037
10038
10039
10040
10041
10047
10048
10050
10052
10053
10054
10058
10060
10064
10065
10070
10072
10075
10076
10077
10078
10079
10081
10083
10084
10089
10091
10093
10097
10103
10106
10107
10108
10109
10110
10112
10113
10114
10115
10116
10118
10123
10133
10136
10144
10146
10147
10149
10151
10153
10154
10157
10159
10160
10161
10162
10163
10164
10166
10169
10172
10174
10178
10179
10180
10181
10183
10186
10187
10192
10194
10196
10199
10203
10204
10207
10208
10210
10211
10212
10214
10215
10216
10218
10219
10221
10222
10224
10226
10227
10228
10230
10233
10234
10235
10238
10239
10240
10243
10249
10250
10252
10254
10258
10259
10261
10262
10267
10271
10278
10280
10281
10282
10283
10286
10293
10294
10296
10298
10303
10304
10305
10306
10308
10312
10318
10325
10326
10327
10331
10333
10336
10344
10346
10347
10351
10353
10361
10362
10371
10373
10379
10382
10384
10386
10388
10391
10398
10399
10400
10403
10404
10405
10406
10411
10412
10417
10418
10424
10425
10426
10427
10429
10430
10434
10436
10440
10442
10443
10444
10447
10454
10456
10458
10462
10463
10466
10473
10474
10477
10479
10862
10480
10485
10487
10489
10503
10504
10505
10506
10508
10513
10516
10523
10525
10587
10533
10566
10571
10572
10573
10581
10583
10584
10586
10589
13985
10590
10593
10594
10600
10602
10605
10608
10609
10611
10614
10617
10618
10619
10620
10623
10624
10627
10628
10630
10631
10634
10637
10640
10641
10644
10646
10647
10648
10650
10658
10660
10661
10662
10664
10668
10670
10673
10677
10680
10685
10686
10688
10692
10695
10696
10697
10701
10708
10716
10719
10723
10725
10731
10737
10740
10743
10744
10745
10748
10749
10750
10752
10754
10755
10757
10759
10760
10763
10768
10769
10771
10772
10773
10774
10775
10777
10778
10784
10788
10794
10795
10799
10803
10806
10807
11044
10808
10811
10822
10823
10825
10826
10829
10831
10832
10834
10835
10840
10843
10845
10846
10848
10850
10851
10852
10856
10859
10860
10861
10867
10868
10869
10873
10874
10876
10879
10880
11660
10883
10887
10890
10892
10894
10896
10900
10902
10903
10904
10907
10909
10914
10918
10920
10921
10923
10924
10927
10929
10930
10932
10936
10938
10939
10942
10943
10944
10946
10948
10949
10950
10954
10955
10956
10957
10958
10959
10960
10963
10964
10965
10967
10969
10971
10972
10976
10979
10981
10982
10983
10984
10986
10987
10988
10989
10991
10992
10993
10994
10995
10997
10999
11000
11002
11004
11005
11006
11007
11009
11010
11014
11015
11016
11018
11019
11020
11021
11022
11023
11024
11025
11027
11028
11029
11035
11039
11040
11041
11042
11043
11045
11047
11048
11051
11052
11053
11055
11057
11061
11066
11069
11070
11071
11073
11074
11081
11083
11084
11085
11086
11088
11090
11091
11093
11096
11097
11103
11106
11109
11111
11114
11115
11118
11120
11123
11124
11125
11126
11128
11130
11134
11135
11138
11139
11141
11143
11145
11146
11147
11149
11152
13845
11156
11158
11160
11161
11162
11163
11164
11166
11167
11170
11172
11175
11176
11179
11180
11181
11182
11184
11186
11187
11191
11192
11193
11195
11196
11197
11206
11207
11209
11211
11215
11221
11222
11223
11227
11228
11230
11233
11242
11243
11244
11246
11251
11252
11254
11255
11257
11259
11261
11262
11263
11264
11265
11266
11267
11268
11269
11270
11271
11272
11433
11273
11282
11283
11285
11289
11292
11295
11298
11300
11301
11302
11303
11304
11305
11308
11310
11313
11315
11316
11317
11318
11319
11320
11321
11322
11326
11329
11330
11332
11334
11335
11336
11337
11338
11341
11344
11346
11347
11348
11352
11353
11354
11355
11357
11358
11359
11361
11362
11365
11367
11368
11369
11370
11371
11372
11373
11375
11376
11381
11383
11385
11386
11388
11389
11390
11391
11392
11393
11394
11395
11396
11398
11399
11405
11407
11408
11410
11414
11415
11417
11424
11426
11428
11429
11434
11436
11439
11441
11445
11446
11448
11451
11452
11453
11454
11458
11459
11462
11464
11466
11472
11473
11476
11477
11478
11479
11480
11483
11486
11491
11492
11493
11496
11498
11499
11502
11503
11506
11508
11509
11510
11512
11514
11518
11521
11528
11536
11539
11540
11554
11556
11559
11560
11561
11562
11569
11570
11572
11574
11579
11580
11582
11584
11591
11592
11596
11598
11601
11603
11605
11607
11611
11614
11616
11622
11623
11627
11628
11630
11634
11636
11638
11639
11642
11643
11644
11646
11647
11649
11651
11655
11656
11657
11659
11663
11665
11667
11668
11669
11674
11676
11680
11681
11683
11684
11686
11688
11695
11698
11699
11700
11704
11705
11708
11713
11719
11720
11722
11725
11728
11730
11731
11732
11733
11734
11737
11739
11741
11743
11747
11749
11752
11754
11757
11761
11763
11764
11765
11771
11774
11777
11782
11789
11791
11794
11795
11797
11799
11803
11805
11806
11807
11809
11810
11811
11817
11818
11822
11823
11826
11827
11832
11835
11836
11837
11838
11840
11843
11844
11847
11848
11851
11853
11856
11860
11861
11865
11866
11868
11869
11870
11872
11874
11879
11880
11882
11885
11886
11890
11892
11894
11895
11896
11899
11903
11905
11910
11917
11918
11923
11925
11926
11927
11930
11934
11938
11939
11940
11942
11947
11948
11949
11950
11951
11952
11953
11954
11957
11960
11961
11964
11967
11969
11970
11971
11972
11973
11974
11976
11977
11981
11982
11985
11988
11989
11993
11994
11995
11998
12001
12003
12007
12008
12011
12016
12018
12019
12021
12022
12026
12028
12029
12030
12033
12035
12044
12046
12048
12055
12059
12060
12064
12066
12069
12071
12077
12085
12086
12088
12091
12096
12100
12102
12104
12106
12107
12109
12110
12111
12112
12113
12119
12120
12125
12128
12129
12130
12134
12135
12141
12142
12148
12150
12151
12153
12154
12160
12167
12168
12171
12172
12175
12176
12178
12181
12182
12185
12186
12197
12202
12203
12204
12208
12209
12211
12212
12213
12215
12216
12217
12219
12220
12222
12224
12226
12229
12230
12231
12237
12238
12241
12244
12246
12247
12248
12250
12251
12252
12256
12259
12260
12262
12265
12272
12273
12274
12275
12278
12283
12284
12287
12290
12293
12294
12295
12296
12298
12299
12300
12301
12303
12304
12305
12307
12310
12316
12317
12318
12319
12321
12322
12323
12326
12330
12331
12332
12333
12334
12335
12340
12341
12342
12343
12344
12345
12346
12348
12349
12352
12353
12360
12362
12366
12367
12370
12372
12376
12377
12378
12380
12381
12382
12384
12386
12387
12393
12394
12396
12398
12399
12402
12403
12406
12407
12408
12410
12411
12412
12413
12414
12416
12417
12421
12422
12423
12424
12425
12427
12428
12429
12433
12435
12440
12441
12445
12447
12451
12453
12463
12466
12467
12469
12470
12472
12474
12475
12476
12477
12479
12481
12483
12485
12488
12491
12493
12495
12496
12499
12501
12502
12505
12506
12507
12511
12513
12515
12516
12518
12521
12523
12525
12527
12530
12531
12534
12535
12536
12537
12538
12539
12540
12541
12545
12546
12547
12553
12558
12560
12562
12564
12567
12569
12571
12573
12576
12577
12578
12579
12580
12581
12582
12586
12587
12588
12590
12594
12599
12601
12603
12604
12605
12607
12608
12609
12612
12614
12615
12617
12618
12621
12622
12623
12625
12627
12628
12629
12630
12631
12632
12635
12636
12637
12638
12642
12643
12646
12647
12648
12650
12651
12652
12654
12655
12656
12658
12659
12664
12665
12666
12667
12668
12671
12672
12674
12675
12679
12680
12683
12685
12688
12689
12691
12692
12693
12694
12695
12696
12700
12701
12705
12706
12710
12711
12712
12713
12714
12715
12716
12717
12718
12719
12721
12722
12724
12725
12726
12727
12728
12732
12739
12740
12741
12743
12744
12745
12746
12749
12750
12752
12754
12755
12765
12766
12770
12772
12773
12780
12782
12786
12790
12791
12793
12794
12798
12801
12804
12805
12806
12808
12812
12813
12817
12820
12825
12827
12828
12830
12833
12834
12835
12838
12842
12845
12846
12847
12849
12851
12853
12854
12856
12858
12861
12868
12869
12870
12871
12872
12877
12880
12883
12884
12886
12887
12889
12891
12893
12895
12899
12900
12904
12905
12906
12911
12918
12920
12921
12923
12927
12928
12929
12930
12931
12934
12936
12937
12938
12940
12943
12946
12947
12949
12951
12953
12955
12956
12957
12958
12961
12963
12964
12965
12966
12968
12969
12971
12974
12975
12976
12978
12980
12981
12983
12986
12991
12992
12994
12996
12998
12999
13000
13001
13002
13003
13006
13009
13011
13013
13014
13015
13017
13023
13024
13026
13027
13030
13033
13034
13038
13042
13045
13046
13047
13048
13054
13055
13057
13058
13059
13060
13061
13062
13067
13068
13071
13072
13073
13076
13079
13081
13082
13084
13089
13090
13091
13094
13095
13099
13100
13101
13106
13110
13111
13114
13118
13120
13121
13122
13124
13128
13129
13133
13134
13135
13136
13138
13140
13141
13144
13145
13146
13148
13149
13150
13156
13157
13158
13159
13163
13165
13167
13168
13173
13175
13183
13184
13185
13193
13194
13196
13197
13199
13203
13204
13205
13206
13212
13216
13220
13221
13223
13224
13225
13231
13232
13233
13234
13235
13236
13237
13239
13240
13242
13246
13249
13250
13253
13255
13256
13261
13267
13270
13274
13275
13277
13279
13282
13285
13286
13287
13292
13297
13298
13300
13301
13302
13303
13305
13307
13309
13310
13313
13315
13318
13322
13323
13324
13325
13330
13337
13339
13343
13344
13348
13350
13351
13352
13354
13356
13357
13358
13363
13364
13369
13370
13373
13375
13376
13377
13378
13379
13381
13385
13386
13387
13388
13389
13390
13391
13393
13394
13396
13398
13401
13406
13407
13408
13409
13412
13413
13416
13419
13420
13427
13429
13430
13433
13438
13439
13442
13446
13449
13451
13453
13454
13455
13456
13458
13464
13465
13467
13468
13469
13471
13472
13473
13474
13475
13476
13477
13479
13480
13482
13483
13484
13486
13487
13488
13489
13490
13493
13494
13496
13497
13498
13499
13501
13502
13503
13504
13509
13510
13511
13512
13513
13515
13517
13518
13519
13520
13521
13522
13525
13526
13527
13528
13529
13530
13531
13533
13534
13537
13545
13547
13549
13552
13553
13554
13556
13557
13559
13561
13562
13564
13566
13569
13570
13572
13574
13576
13578
13579
13580
13583
13585
13586
13588
13590
13591
13594
13598
13599
13600
13601
13602
13603
13605
13606
13608
13610
13611
13612
13614
13616
13617
13618
13619
13620
13714
13624
13625
13627
13628
13630
13632
13633
13634
13636
13638
13639
13640
13641
13642
13645
13646
13647
13648
13649
13650
13651
13652
13654
13656
13657
13658
13659
13660
13662
13664
13666
13667
13668
13670
13671
13672
13673
13674
13675
13676
13677
13680
13682
13685
13686
13692
13693
13695
13697
13699
13700
13701
13702
13703
13704
13705
13707
13709
13715
13716
13717
13718
13722
13723
13726
13727
13729
13732
13733
13734
13735
13737
13738
13739
13744
13745
13746
13747
13748
13751
13755
13756
13757
13759
13760
13763
13766
13767
13768
13770
13771
13773
13774
13775
13778
13779
13780
13784
13786
13787
13788
13789
13790
13791
13793
13795
13796
13797
13798
13800
13801
13802
13803
13804
13805
13807
13808
13810
13811
13812
13813
13814
13815
13816
13817
13819
13820
13822
13823
13824
13826
13828
13831
13832
13833
13834
13835
13836
13840
13841
13843
13844
13846
13847
13851
13853
13854
13856
13857
13860
13864
13865
13869
13877
13878
13881
13882
13886
13895
13896
13917
13925
13927
13938
13950
13954
13958
13965
13976
13977
13978
13979
13984
13991
13993
13994
13995
13998
14007
14012
14014
14015
14016
14018
14022
14026
14027
14028
14031
14035
14036
14039
14041
14043
14044
14049
14052
14058
14059
14060
14062
14065
14066
14067
14072
14073
14076
14077
14078
14079
14080
14081
14082
14083
14085
14086
14087
14089
14090
14094
14096
14097
14098
14101
14102
14105
14109
14112
14114
14115
14117
14118
14120
14121
14125
14126
14128
14134
14135
14136
14138
14142
14145
14146
14147
14149
14151
14153
14154
14155
14156
14158
14161
14164
14165
14166
14168
14169
14170
14171
14172
14173
14174
14175
14176
14178
14179
14183
14184
14185
14187
14188
14190
14191
14192
14194
14196
14199
14201
14202
14209
14210
14212
14214
14215
14218
14220
14222
14224
14225
14226
14228
14229
14237
14238
14239
14240
14241
14242
14243
14248
14249
14252
14253
14255
14256
14258
14259
14260
14261
14262
14264
14267
14268
14274
14275
14278
14282
14283
14284
14285
14287
14288
14290
14291
14292
14293
14295
14296
14297
14298
14299
14300
14301
14302
14303
14305
14308
14310
14311
14315
14316
14317
14318
14320
14322
14323
14325
14327
14328
14330
14332
14333
14336
14339
14340
14341
14342
14343
14347
14348
14349
14350
14352
14355
14359
14360
14361
14362
14363
14364
14365
14366
14370
14371
14372
14373
14374
14375
14378
14379
14380
14381
14382
14383
14384
14385
14386
14387
14388
14390
14391
14392
14393
14395
14396
14397
14398
14399
14401
14404
14405
14408
14409
14410
14411
14413
14414
14416
14419
14420
14421
14422
14423
14425
14426
14428
14429
14431
14432
14433
14434
14435
14436
14437
14438
14439
14440
14442
14443
14444
14445
14448
14449
14450
14451
14453
14454
14456
14458
14461
14462
14463
14464
14465
14466
14467
14468
14470
14471
14473
14474
14475
14476
14479
14480
14481
14482
14483
14485
14486
14488
14489
