0
1
1877
3
23
4
10117
5
6
960
113
192
8
9
10
14
1548
77
5142
5119
15
768
17
18
19
1988
5798
294
6023
72
649
205
1138
2738
11481
3262
2591
468
43
37
4838
40
769
5444
4012
3020
3538
1134
44
1202
713
3864
3034
5385
63
49
64
50
238
51
52
289
6965
1271
54
55
56
59
2129
583
65
66
759
70
1189
5158
1453
4724
2619
71
5479
73
74
75
76
4618
411
171
83
84
2521
87
903
6229
88
154
157
94
8186
96
2301
110
5187
1727
114
122
3873
136
142
1009
147
151
1252
1789
161
163
164
173
176
178
3401
3786
1235
4622
191
704
3863
194
198
199
5399
2151
204
1316
208
1758
220
222
225
234
1401
229
666
11119
236
7524
241
275
6908
243
245
246
2564
2793
4816
991
249
251
4307
3091
252
253
254
258
255
1952
586
1042
256
257
261
265
1670
1809
280
1572
7601
442
445
2239
3910
8535
992
2798
8950
2302
268
269
270
8643
272
274
899
6184
4334
6193
334
669
276
3169
2041
861
281
286
288
3299
3597
3601
11966
290
291
292
6163
6844
1509
293
7612
295
296
300
302
303
304
305
1111
309
312
315
317
318
319
320
321
322
323
324
325
329
331
335
2536
1771
1553
336
337
338
340
342
1131
345
11872
518
13421
346
348
350
8192
1039
9721
1391
2078
1663
354
355
2184
5008
3868
3999
356
357
961
655
364
365
367
368
369
370
371
373
374
375
379
2581
380
382
384
386
388
391
395
400
402
403
404
405
407
408
410
2174
412
417
419
420
421
422
423
426
428
429
5002
432
433
7173
435
436
437
438
5295
440
441
12371
702
443
1853
1678
444
8640
446
447
2080
451
448
450
453
454
457
458
459
460
461
462
463
464
2082
10531
466
7774
467
471
475
477
2629
12004
1819
479
483
486
732
489
764
492
493
2168
1434
12382
494
498
7363
527
1854
499
500
4834
4772
1692
504
505
611
1537
3031
506
507
512
513
516
517
521
4936
5672
522
526
2087
529
531
532
534
567
535
538
540
542
543
544
545
546
548
555
557
1192
1130
4204
5122
3479
558
559
560
561
562
563
565
566
568
569
571
572
3092
574
575
576
577
578
580
581
582
585
589
590
593
594
596
602
603
609
610
1536
6091
9369
7161
613
615
616
12486
618
619
623
627
630
632
635
641
4492
6428
642
643
648
650
653
654
3464
4698
656
3913
2896
665
6960
667
668
670
671
7165
672
673
674
675
676
4076
4091
677
679
681
683
1891
685
686
689
690
691
693
694
695
1666
697
698
4611
745
699
1208
700
701
1028
703
897
11753
1196
7696
1023
705
706
707
853
708
709
712
715
718
720
721
724
725
726
1650
727
731
733
8212
735
737
738
1669
741
3014
742
2318
743
747
750
751
752
753
2789
754
756
758
760
761
763
3974
2186
5562
4987
5162
770
771
772
775
776
777
781
1120
5644
1174
2935
5599
784
786
788
789
790
3558
791
803
805
806
807
808
811
812
814
815
816
819
820
822
827
829
830
3236
831
834
835
837
839
840
841
842
4120
9664
844
845
846
847
848
852
2310
854
855
6187
862
863
866
5240
870
874
875
878
880
881
2073
882
883
884
887
1762
888
889
890
895
1803
900
5448
1675
901
902
12484
9744
904
905
906
907
908
911
913
915
916
917
6102
918
920
921
922
923
924
925
928
930
932
3154
4188
933
935
936
938
939
943
944
946
952
955
956
957
958
959
1473
1836
12394
2958
2289
962
963
965
966
968
969
971
7073
972
973
974
3426
976
977
979
980
981
982
988
990
5498
999
1001
1002
1366
1003
1005
1006
2010
1011
1012
1015
1016
1017
1018
1019
1020
1021
1027
4613
1029
1030
1031
1032
1033
1035
1036
1038
6731
4982
1369
1043
1044
1045
1046
1047
1048
1049
1051
1052
1053
1054
1218
1056
1057
1060
1085
1061
1062
1063
1064
1065
8076
14700
14414
1066
1068
3716
2764
4111
1069
1072
1074
1075
1076
1077
1078
1081
1084
1086
1087
1088
1089
1358
4029
2423
1090
1091
1092
1094
1095
1097
1099
1100
1104
1106
1107
1108
1110
1113
1115
1116
5999
1117
1118
1119
6915
1146
1122
1126
1127
4862
5253
7233
11917
5805
13093
11911
1709
4920
1290
3659
7369
12621
5073
5986
11002
5500
1133
4583
8758
2582
2622
1135
1136
1137
3050
9204
1278
11237
1140
1141
6081
2865
1338
1142
1143
1144
1147
1148
1149
6613
1151
1152
1153
1157
1160
1161
3083
1162
1163
1166
1394
1167
1169
1170
6209
3139
4260
13867
4690
7933
1172
1173
1288
2005
1177
4044
1178
1180
1544
10958
1181
1183
1184
1186
1188
2801
1190
1191
1231
1193
1195
3110
1198
1200
1201
3475
1204
8203
2416
1205
1207
1209
1211
1212
1213
1215
1216
1217
11111
1236
1219
12805
1224
1225
1228
1234
11202
7002
1237
1238
1240
1242
7764
1243
1244
6212
1247
1248
7984
1253
1255
1256
1257
1258
1259
1260
1261
1262
1268
5106
1270
1272
1273
1274
1730
1279
1281
1282
1283
1286
3798
1287
1289
1291
1296
1297
1300
1304
1309
1310
1312
1313
1314
1315
1317
1318
1319
3310
1322
1325
1331
1334
1335
1336
1337
4778
1339
1340
3593
1343
1344
1345
1350
1352
1353
1355
1645
4573
11897
6329
1356
1359
1365
1368
1848
1371
1376
1415
1377
1378
1380
1382
1384
1393
3661
1395
1396
1398
10996
11383
1400
5686
1405
1407
1408
5732
2788
5850
1409
1411
1413
1416
3653
1418
1419
1420
1422
1425
1702
1427
4803
1433
1435
1436
1437
1438
1439
1440
1441
1444
1448
1451
1452
1455
1459
1460
2488
1461
1462
1464
6851
1465
1468
1471
1472
1474
1477
1480
4973
1481
1482
1489
1491
1492
10983
2036
1493
1494
1495
1497
1500
1502
1504
1505
1506
1507
1508
2092
1510
1512
1520
1522
3181
1525
1526
1527
1530
13816
11625
10841
1766
4265
11285
4536
2363
2879
1538
1539
1903
1543
1792
1546
1547
3592
1549
1552
10981
11617
15113
10346
8689
2131
9471
1554
1557
1562
8884
1565
1566
2385
1567
15730
1568
1570
1571
1573
7457
1574
1575
6881
1576
1577
1579
1580
1581
1582
1586
1588
1589
1590
2229
2228
1591
1594
1595
1598
1601
1603
1605
1607
1614
1615
1616
1617
1618
1619
1621
1622
5437
1624
1626
1627
1628
1629
11651
1630
1631
1632
1633
1634
1635
1636
1637
1640
6897
1642
1644
1646
1649
8307
1652
1654
1655
1656
1657
1658
1660
1661
1662
9714
2074
2367
1665
5803
1671
1672
1673
1674
1676
1679
1681
1682
1684
1685
1688
1690
1695
1696
1697
1698
3859
2766
2552
1701
1704
7171
1706
1707
1708
1712
1714
1715
1717
1720
7239
5480
1722
1726
5103
1728
1729
1732
1733
1736
1741
1742
1743
5807
1744
1746
1747
7650
1750
1752
1754
1755
1756
1757
1759
1760
3185
1764
4414
1767
1770
1772
1778
1783
9680
1784
1785
2344
2399
1786
1788
5378
8610
1888
2189
7666
4830
1793
1805
1806
1808
1810
1811
1881
1812
1813
1817
1818
1820
1823
1824
5608
1825
1826
1827
1828
1829
1830
2130
1831
1832
1833
1834
1835
1837
1838
2745
1839
1842
1843
1844
2014
1845
1846
1847
1851
1852
1855
1856
1857
1858
1860
1861
1863
1866
1868
1871
1874
1876
1878
1880
1882
1885
1890
1892
1893
1894
1895
1897
1898
1899
1900
1901
1904
1905
1906
1907
1908
1912
1914
1915
1916
1918
1921
1923
1927
1928
1929
1932
1933
5832
1934
1935
1936
1937
1938
1940
1944
1945
1947
1948
1949
1950
3263
1953
1954
1955
1956
1957
1958
1959
1960
1961
1962
1963
1975
1965
2601
1966
1970
1971
1972
1973
1976
1977
1978
7486
1979
8560
11722
1981
1982
1985
1986
9543
1987
1989
1990
1992
1993
1996
1997
1998
2000
2001
2003
2004
2006
2009
2100
2724
2013
2677
2017
2018
2019
2022
2028
2029
2032
2033
2037
2040
3373
2043
2046
2047
2049
2051
2055
2058
2059
2061
2063
2064
2066
2067
2244
2722
2068
2070
2071
2072
12831
2075
2076
2079
3122
3517
3935
2083
2085
2086
2090
11473
2093
2094
2096
2097
2098
2101
2103
2104
2105
2106
2107
2108
2109
2111
2112
2117
2118
2120
2121
2122
14569
2125
2126
2127
2128
14195
14486
2132
2133
2135
2136
2137
2138
2139
2140
2141
2144
2145
2146
2147
2149
2150
2152
2154
2156
2157
2158
2159
2160
7908
2162
2163
2164
2166
2167
13101
2169
2170
2172
3010
2176
2177
2180
2181
2183
6071
2185
2187
2188
2194
2195
2197
2198
2199
2201
2203
2204
2205
2206
2207
2209
2213
2214
2215
2216
2217
2218
2219
3448
2226
6914
2227
2230
2234
2235
2236
2238
2240
2242
2243
5114
2245
2248
2249
2250
2252
3473
2253
2254
4887
2255
2257
2259
2260
2261
2266
2268
15485
2269
2579
2271
2273
2275
2277
2278
2279
2281
2283
2285
2286
2287
5331
2290
2291
2293
2294
2295
2297
2298
7947
8097
2299
2304
2305
2306
2307
2309
8297
2312
8145
2314
2320
2322
2326
2327
2329
2330
2331
2334
7049
3101
2336
2338
2341
2343
2346
2349
2350
2351
2355
2357
2358
2359
2361
2362
2383
12894
2364
2365
8095
2369
2371
2372
2373
2374
2375
2377
2378
2379
2749
2384
7937
2391
2393
2396
2397
2400
2401
2402
2403
2404
2407
2408
2411
2412
2415
2417
2418
2420
2422
2424
3779
2426
2427
2428
2429
2430
2431
2434
2436
2438
2439
2440
2443
2445
2446
2757
5618
12700
2447
2449
2453
2455
2459
2460
2762
2462
2463
2465
2468
12279
2471
2472
2473
2474
2475
2477
2478
2480
3180
2481
2483
2485
2489
2490
2492
2493
2496
2497
2499
2500
2504
3350
2505
2506
2508
2510
2511
2512
2513
2515
2516
2517
2518
2519
2522
2523
2525
2528
2534
2538
2540
2541
2542
5024
4879
2544
2548
2549
2553
2555
2556
2559
2561
2562
2563
14887
2565
2567
13201
6549
2569
2570
2574
2576
2578
2583
2584
4725
2588
2590
2592
2593
2595
5082
2597
2598
2600
2604
2606
2607
2608
2609
2610
2611
2613
2614
2615
2616
2617
2618
2620
2621
2623
2627
2628
2631
2632
2633
2634
2638
2641
2642
2643
2644
2645
2646
2648
2649
2651
2652
2653
2654
2656
2657
2658
2662
2663
2666
2667
2668
2669
2670
2672
2673
2674
2675
2678
2679
2680
2684
2685
2686
2688
2689
2690
2692
2695
2696
2697
2698
2699
2701
2702
2703
2705
2706
2707
2708
2709
2710
2711
8026
2712
2713
2714
2715
2716
6951
3663
2717
2718
2720
2721
2723
2725
2727
2728
2729
6271
2730
2900
2732
2733
2734
2735
2739
2741
2742
2743
2744
2746
2747
2751
2753
2754
2755
2756
8778
2759
3158
2765
2767
2768
2769
2771
2773
2774
2775
2776
2777
2779
2780
2784
2785
2790
2791
2792
2796
2797
2799
2800
2802
2804
2805
2806
2809
2811
2812
2813
2815
2816
2818
2819
2820
2822
2823
2826
2827
2828
2829
2831
2832
2833
2834
2837
2838
2840
8502
6747
2841
2843
2844
2845
2846
2847
2849
2852
2853
5967
2855
2856
2858
2859
2861
2862
2863
2864
2866
2867
2868
2869
2870
2871
2878
4788
2881
2882
2883
2885
11810
2886
2887
3682
4606
2889
2890
2891
2892
2894
2897
2898
2899
2901
2904
2906
2907
2909
2911
2912
2913
2914
2915
2920
2921
2922
2923
2924
2926
2927
2928
2931
2932
2933
11840
10670
2936
2937
2939
2941
2943
2944
2945
2946
2947
4461
2948
2950
2951
2952
2953
2954
2956
2957
2959
2961
2963
2964
2965
2966
2968
2972
2975
2976
2977
2984
2986
2988
9671
2989
2990
2991
2992
2993
2994
2995
5274
7495
2996
2998
3000
3001
3002
3003
3004
3007
3009
4037
3015
11774
3016
3017
3018
3019
3021
3022
3025
3026
3027
3029
3030
3032
3033
6762
3731
3035
3037
3040
3041
3042
3043
3045
3046
3047
10925
6757
3049
3051
3052
3055
3056
5435
3057
3059
3060
3061
3062
3063
3067
3068
3069
3073
3074
3075
3076
3077
3079
3080
3081
3082
3086
3088
6937
3089
3093
3094
3095
3098
3099
4947
3100
3102
3104
3109
3112
3114
3118
3121
3123
3124
3126
3127
3129
3131
3132
3134
3138
3140
3141
3143
3145
3146
3147
3152
8870
3155
3157
3159
3161
3162
3165
12379
3168
3170
3171
3172
3173
3175
3178
3179
3183
3184
7446
3186
3187
3189
3192
3193
3195
3196
3197
3199
3201
3202
3203
3207
3208
3209
3211
3212
3213
3214
3215
3216
3217
3219
3220
3221
3224
3225
3227
3228
3229
3230
3234
3235
11412
3237
3239
3241
3242
3243
3246
3249
3253
3264
3267
3272
3275
3278
3282
3283
3287
3288
3292
3293
3295
3297
3298
3301
3302
3306
3312
3314
3319
3323
3325
3327
3328
3329
6720
3330
3331
9061
3332
3334
3335
3337
3338
3341
3342
3344
3351
3354
3355
3357
3359
3360
3361
9605
7525
3363
3366
3368
3369
3370
3372
5694
3375
3377
3378
3380
3381
3383
3384
3387
3390
3391
3394
3395
3396
3398
8198
3399
3400
3407
3408
3411
3413
3415
3416
3418
3419
3422
3423
3424
3425
3427
3435
3437
3438
3441
3442
3443
3444
3446
3447
13278
3449
3450
3451
3455
3456
3458
3460
3461
3463
3468
3471
3474
3476
3477
3478
3480
3481
3482
3483
3485
3486
3487
3488
3491
3492
3495
3496
3499
3500
3502
3505
3506
3507
3509
3510
3511
3512
3519
3520
3522
3523
3524
3525
3529
9208
3530
3531
3532
3534
3535
3537
3540
3541
3543
3544
3545
3547
3548
3551
3552
3556
3559
3564
3566
3568
3570
3572
3573
3574
3575
3576
3577
3578
3579
3580
3581
3582
3584
3585
3586
3587
3589
3591
3594
3595
3598
3603
3604
3605
3607
3612
3614
3619
3622
3625
3628
3629
3630
3634
3638
3641
3642
3645
3648
3649
3652
3654
3657
3660
11374
3664
3666
3667
3669
3671
3673
3680
3681
3685
3688
3690
3692
3693
3694
3697
3698
3699
3700
3701
3702
3703
3705
5490
8251
3706
3707
3711
3712
3714
3717
3719
3724
3726
3727
3785
3728
3729
3730
3734
3735
3736
3737
3738
3739
3741
3742
3743
3744
3746
3747
3748
3750
3752
3756
3759
3760
3761
3762
3767
5325
3768
3769
3771
3772
3773
3774
3776
12119
3777
3778
3780
3783
3784
3787
3789
3794
3797
3799
3800
3804
3805
3809
3811
3812
3814
3815
3817
3818
3820
3821
3822
3823
3824
3825
3826
3827
3828
11892
4219
3829
3830
3831
3832
3833
3834
3835
3836
3838
3839
3842
3843
3844
3845
3852
3857
7853
3867
3869
3872
8904
3874
3877
3880
3881
3885
3887
3888
3889
3890
3892
3893
3894
3895
3896
3898
3900
3904
3905
3906
3908
3909
3912
3914
3915
3916
3917
8068
3919
3925
3927
3929
3932
3933
3934
3937
3939
3940
3942
3944
3946
3947
3948
3949
3951
3952
3954
3955
3957
3958
3964
3965
3967
3971
3977
3978
3985
3987
3988
3990
3992
11949
3994
13807
3997
4002
4003
4004
4007
4008
4013
4014
4015
4016
4019
4020
4021
4023
4025
4026
4027
4030
4033
4034
4035
4036
4038
4040
4042
4043
4046
4048
4050
4053
4054
4055
4056
4060
4062
4063
4064
4066
4067
4068
4070
4071
4072
4074
4075
4078
4079
4081
4082
4086
4088
4089
4090
4093
4094
4095
4096
4097
4099
4101
4103
4104
4105
4108
4110
4113
4114
4115
4119
4122
4123
4124
4125
4127
4128
4129
4130
4131
12553
4134
4139
4141
4143
4144
4146
4147
4151
4153
4155
4158
4159
4161
4164
4165
4170
4171
4178
4182
4185
4187
4189
4192
4194
4197
7089
4200
4201
4517
4205
4206
4209
4211
4212
4214
4215
4221
4222
4226
4228
4231
4233
4236
4237
4241
9018
4242
4244
4247
4248
4249
4252
11644
4253
4254
4255
4262
4263
4264
8138
4267
4268
4269
4270
4272
4273
4274
4276
4277
4279
4280
4282
4283
4284
4285
4286
4287
4289
4290
4291
4293
4294
4295
4297
4299
4300
4302
4305
4308
4309
4310
4311
4312
4313
4314
4315
4316
4317
4321
4322
4323
4325
4328
4329
4330
4331
4332
4333
4335
4336
4338
4339
4342
4346
4347
4350
4351
4352
4353
4356
4358
4361
4362
4363
4364
4369
4370
4371
4373
4374
10729
4375
4380
4382
4386
4391
4392
4396
4399
4402
4405
4407
4409
4412
4413
4416
5724
4417
4418
4421
4423
4424
4427
4430
4432
4436
4437
4438
4439
4444
4447
4448
4451
4452
4455
4460
4463
4468
4469
4479
4480
4483
4485
4491
4497
4498
4502
4504
4510
4514
4515
4516
4520
4525
4527
4531
4533
4537
4539
4540
4543
4545
4548
4551
4553
4555
4556
4557
4558
4559
4561
4562
4563
4564
4566
4568
4571
4572
4574
4575
4576
4577
4578
4579
4580
4581
4584
4590
4591
4595
4596
4597
4598
4600
4601
4602
4603
4604
4605
4609
4610
5525
4614
4617
4619
4623
4624
4628
4630
4631
4635
4638
4641
4642
4643
4645
4646
4651
4653
4966
4654
4655
4656
4657
4659
4665
4666
4669
4670
4671
4672
4673
4677
4680
4682
4684
4685
4687
4688
4689
4691
4692
4693
4694
4697
4701
4702
4704
4706
4708
4712
4713
4714
4718
4719
4722
4728
4731
4733
4734
4737
4739
4740
4745
4746
4747
4749
4751
4752
4754
4756
4758
4759
4762
4764
4765
4766
4767
4770
4771
4773
4775
4780
4781
4786
4787
4790
4791
4951
4792
4793
4796
4797
4798
4800
7549
4802
4804
4805
4806
4810
4814
4819
5264
4822
4823
4825
4829
16050
4832
4833
4835
4839
4840
4841
4842
4845
4846
4847
4849
4852
4853
4854
4856
4857
4858
4859
4860
10961
4864
4867
4869
4872
4873
4875
4876
4877
4878
5552
4886
8865
4888
4889
4895
4897
4901
4905
4907
4908
4909
4910
4912
4913
4914
4915
4916
4917
4918
4919
4921
4922
4923
4924
4925
4927
4928
12086
4929
4930
4931
4932
4933
4935
4937
4939
4940
4941
4942
10143
4944
4945
4946
4948
8553
4952
4953
4955
4956
4958
4961
4962
4963
4964
4965
4968
4970
4972
4974
4975
4977
4978
4979
4980
4981
4983
4984
4985
4988
4989
4990
4991
4992
4993
4995
4997
4999
5003
5004
5005
5006
5007
5010
7463
5015
5016
5018
5019
5021
5026
5029
5030
5031
5032
5035
5036
5037
5038
5039
5040
5041
5042
5043
5044
5045
5049
5050
5051
5052
5053
5054
5055
5056
5057
5058
5059
5060
5061
5062
5063
5064
5065
5066
5067
5068
5069
5070
5072
5074
9394
5075
5076
5077
9589
5079
5080
5081
5083
10643
5084
5085
5087
5088
5089
5091
5092
5093
5094
5095
5097
5098
5099
5100
5101
5107
5108
5109
5110
5111
5112
5115
5117
5118
5120
5121
5123
5124
5125
5127
5128
5129
5130
5131
5132
5133
5134
5137
5138
5139
5140
5141
5143
5144
9720
5146
5147
5148
5150
5151
5152
5153
5155
5160
5163
5164
5165
9113
5166
5167
5171
5172
5173
5176
5177
6164
5178
5180
5183
5184
5185
5186
5189
5191
5192
5193
5196
5197
5200
5205
10683
5206
5207
5215
5219
5220
5223
5224
5229
5230
5231
5232
5236
7685
14246
5241
5247
5250
5251
5260
5262
5263
5266
5268
5269
5270
5272
5273
5275
5278
5279
5280
5283
5285
5287
5288
5289
5291
5294
5296
5299
5300
5302
5303
5304
5305
5306
5309
5311
5312
5316
5317
5318
5319
5324
5329
5330
5332
5333
5337
5338
5340
5341
5342
5344
5346
5352
5353
5354
5356
5358
5361
5362
5363
5365
5366
5367
5369
5371
5372
5374
5376
5379
5381
5387
5390
5391
5392
5393
5395
5396
5398
6867
5401
5408
5409
5411
5412
5418
8375
5419
5420
5422
5423
5425
5427
5428
5429
5430
5433
5447
5449
5454
5455
5456
5457
5460
5462
5463
5464
5467
5470
5471
5472
5473
5482
5486
5487
5493
5494
5495
5497
5502
5503
5505
5509
5510
5511
5513
5515
5517
5519
5520
5524
5526
5527
5528
5529
9016
5530
5532
5534
5535
5538
5540
5541
5544
5545
5547
5548
5551
5553
5554
5555
5556
5558
5559
5560
5565
5566
5568
5569
5570
5571
5572
5575
5576
5577
5578
5579
5581
5582
5585
5586
5590
5591
5592
5593
5594
5597
5598
5600
5605
5610
5611
5613
5615
5616
5617
5619
5620
5621
5622
5623
5625
5626
5627
5628
5630
5632
5633
5635
5639
5640
5642
5645
5647
5649
5650
5652
5654
5656
5657
5658
5659
5660
5661
5662
5665
5667
5668
5669
5670
5671
5673
5674
5675
5676
5678
5679
5681
5682
5683
5684
5685
5689
5690
5692
5693
5695
5696
5697
5698
5699
5700
5702
5703
5704
5705
5706
5707
5709
5710
5712
5713
6670
5715
5716
5717
5718
5719
5720
5721
5722
9029
5723
7109
5725
5726
5728
5729
5731
5733
5735
5736
5737
5738
5739
5740
5741
5742
5744
5745
5748
5751
5752
5753
5754
5756
5757
5758
5759
5760
5762
5763
5765
5766
11410
5767
5768
5770
5771
5773
5774
5775
5776
5777
5778
5779
5780
5782
5783
5784
5786
5788
5790
5791
5792
5793
5794
5795
5796
6903
5799
5800
5801
5804
5806
5810
5916
5813
5814
5815
5816
5818
5819
5821
5825
5826
5828
5829
5831
5833
5834
5836
5840
5841
5842
5844
5845
9052
5849
5851
5853
5854
5857
5860
10544
7485
5862
5863
5865
5866
5869
5871
5872
5873
5874
5875
5876
5877
5880
5881
5882
5883
5886
5887
5890
5891
5892
5893
5894
5895
5896
5897
5899
5900
5901
5902
5905
5909
5910
5911
5913
5914
13901
5915
5917
5919
5920
5922
5923
5925
5928
5934
5935
5936
5937
5938
5940
5942
5943
5944
5946
5947
5948
5949
5951
5953
5956
5958
5959
5960
5961
5965
5966
5968
5970
5972
5973
5977
5978
5981
5984
13719
14270
5987
5992
5994
5995
5996
5998
6000
6001
6008
6009
6010
6011
6013
6016
6017
6018
6019
6021
6025
6026
6027
6029
6035
6037
6038
6042
6044
6048
6050
6051
6052
6053
8018
6054
6059
6060
6063
6066
6068
6069
6070
6072
6073
6075
6078
6079
14855
6082
6083
6085
6089
6090
6092
6093
6096
6097
6098
6099
6751
6100
6101
6104
6105
6109
6110
6112
6113
6116
6117
13939
6118
6122
6123
6126
6131
6132
6136
6138
6139
6141
6143
6146
6148
6150
6152
6154
6155
6158
6161
6162
6166
6167
6169
6170
6172
6173
6176
6180
6182
6185
6189
6190
6197
6198
6199
6200
6201
6202
6204
6205
6210
6213
6214
6217
6218
6220
6223
6224
6225
6226
6227
6228
6230
6232
6235
6239
6240
6241
6242
6243
6244
6246
6249
6251
6253
6254
6257
6258
6259
6260
6261
6262
6263
6266
6267
6268
6275
6281
6317
6328
6335
6344
6355
6361
6383
6384
6398
6411
6421
6426
6434
6439
6441
7884
6444
6461
6466
6469
6474
6475
6476
6481
6490
11109
6491
6502
6504
6505
6517
6519
6521
6525
6527
6531
6533
6538
6550
6553
6555
6558
6559
6563
6566
6569
6571
6572
6575
6577
6579
6585
6587
6593
6600
6601
6602
6604
6605
6612
6617
6620
6633
6634
6646
6648
6649
6656
6662
6664
6675
6678
6679
6684
6685
6686
6689
6699
6700
6707
6712
6714
6717
6719
6721
6723
6725
6730
6733
6735
6738
6741
6742
6743
6744
6745
6748
6752
6754
13191
6759
6765
6767
6770
6771
6774
6777
6781
6783
6785
6786
6787
6788
6789
6792
6795
6796
6799
6801
6802
6803
6804
6806
6808
6810
6811
6816
6817
6821
6824
6825
6826
6827
6829
6831
6832
6834
6839
6840
6843
6845
6849
6850
6855
6856
6861
6866
12837
6868
6870
6871
10679
6872
6876
6880
6884
6886
6890
6895
6896
6898
6899
6901
6902
6905
6907
6911
6912
6913
6916
6918
6919
6924
6925
6927
6928
6931
6932
6933
6939
6940
12444
6942
6943
6944
6945
6947
6953
6955
6957
6958
6959
6962
6964
6966
6967
6969
6972
6975
6976
6977
6978
6979
6982
6983
6986
6988
6989
6990
6992
6993
6994
6997
6999
7001
7005
7006
7007
7009
7011
7013
7015
7016
7017
7018
7019
7020
7023
7024
7025
7026
7032
7035
7036
7038
7042
7044
7045
7046
7050
7051
7052
7053
7054
7055
7056
7057
7062
7065
7066
7067
7068
7074
7075
7076
7080
7081
7082
7085
7086
7087
7088
7092
7097
7101
7102
7103
7104
7105
7106
7108
7112
7114
7115
7118
7121
7122
7125
7129
7133
7134
7137
7139
7142
7143
7144
7147
7148
7151
7157
7158
7159
7162
7163
7164
7166
7172
7179
7180
7181
7183
7186
7187
7188
7189
7192
7194
7195
7196
7199
7200
7201
7202
11106
7210
7213
7215
7218
7222
7227
7231
7236
7240
7242
7246
7248
7249
7255
7257
7258
7260
7261
7262
7264
7265
7266
7267
7268
7271
7274
7275
7277
7278
7279
7280
7282
7283
7284
7287
7293
7299
7301
7302
7303
7308
7309
7311
7312
7313
7315
7316
11422
7317
7321
7322
7323
7325
7329
7331
7336
7337
7340
7341
7342
7343
7345
7346
7347
7348
7350
7351
7352
7353
7354
7355
7356
7357
7362
7365
7366
9681
7370
7374
7376
7377
7379
7382
7383
7388
7392
7393
7394
7395
7396
7398
7403
7409
7410
7412
7413
7415
7416
7417
7418
7419
7420
7421
7422
7426
7428
7431
7432
7433
7435
7436
7438
7439
7440
7441
7443
7444
7445
7671
7449
7450
7453
7454
7456
7458
7460
7461
7462
7469
7471
7472
7474
7477
7478
7481
7483
7487
7488
7489
7492
7493
7494
7498
7501
7502
7503
7504
7505
7508
7510
7513
7514
14255
7516
7517
7518
7519
7520
7522
7527
7528
7529
7530
7532
7533
7534
8025
7536
7537
7539
7540
7541
7542
7544
7546
7548
7552
16138
7553
7556
7559
7560
7561
7562
7563
7564
7565
7567
7568
7572
7573
7574
7575
7578
7579
7584
7588
7597
7600
7606
7609
7611
7613
7614
7616
7617
7618
7622
7623
7626
7627
7628
7632
7634
7637
7638
7639
7640
7641
7643
7645
7649
7655
7657
7663
7667
7668
7672
7674
7677
7678
7683
7684
7689
7690
7691
7693
7697
7699
7700
7701
7704
7705
7706
7710
7712
7715
7717
7719
7722
7723
7727
7729
7730
7731
7735
7736
7739
7740
7742
7743
7745
7748
7749
7750
7751
7753
7755
7756
7757
7760
7761
7763
7765
7766
7767
7768
7770
7773
7775
7776
7778
7780
7782
7783
7784
7785
7786
7788
7790
7794
7796
7797
7798
7799
7800
7801
7803
7805
7806
7808
7810
7811
7813
7814
7815
7816
7817
7821
7822
7823
7825
7826
7827
7829
7831
7833
7834
7835
7836
7837
7838
7839
7840
7841
7842
7843
7844
7845
7850
7851
7852
7854
7855
7856
7858
7861
7863
7864
7865
7867
7868
7869
7871
7873
7874
7875
7876
7877
7879
7880
7881
7882
7883
7888
7889
7890
7891
7893
7895
7898
7899
7900
7901
7903
7904
7905
7906
7907
7909
7910
7912
7917
7918
7920
7922
7923
7924
7926
7927
7928
7929
7932
7934
7936
7938
7946
7948
7949
7950
7953
7955
7957
7959
7961
7963
7964
7965
7970
7971
7972
7973
7976
7977
7979
7980
7981
7982
7983
7985
7986
7987
7988
7989
7990
7991
7992
7993
7995
7996
7997
7998
8000
8001
8002
8003
8004
8006
8007
8009
8012
8013
8014
8016
8017
8019
8022
8027
8028
8029
8030
8032
8035
8036
8041
8043
8044
8047
8051
8052
8053
14189
8055
8057
8058
8059
8062
8063
8064
8066
8070
8071
8072
8074
8078
8079
8081
8082
8086
8087
8090
8092
8094
8099
8100
8101
8103
8104
8105
8107
8110
8274
8112
8114
8115
8116
8117
8118
8121
8122
8124
8125
8126
8127
8128
8129
8130
8131
8132
8135
8137
8140
15384
8141
8144
8146
8147
8148
8149
8150
8152
8153
8156
8157
8158
8159
8160
8162
8163
8164
8166
8167
8170
8173
8175
8176
8178
8179
8183
8184
8188
8194
8196
8199
8200
8201
8202
8204
8208
8209
8213
8215
8216
8218
8219
8220
8221
8224
8226
8228
8230
8232
8234
8236
8237
8238
8241
8243
8246
8247
8248
8249
8250
8252
8253
8254
8255
8256
8257
8258
8260
8265
8266
8268
8269
8270
8271
8272
8273
8275
8278
8281
8284
8285
8286
8287
8293
8296
8299
8300
8302
8303
8304
8305
8306
8308
8311
8312
8313
8314
8316
8317
8318
8320
8321
8322
8324
8325
8327
8328
8335
8336
8337
8338
8339
8343
8344
8345
8347
8348
8350
8351
8352
8353
8354
8356
8359
8361
8363
8364
8365
8366
8367
8369
8371
8372
8373
8377
8378
8379
8382
8384
8385
8387
8388
8389
8391
8393
8394
8395
8397
8398
8399
8400
8401
8403
8406
8407
8408
8410
8411
9475
8413
8414
8416
8417
8421
8425
8426
8427
8428
8430
8431
8432
8433
8434
8435
8437
8438
8831
8439
8441
8443
8446
8448
8449
8454
8455
8456
8457
8458
8460
15478
8461
8462
8464
8465
8467
8469
8471
8472
8473
8474
8475
8476
8477
8478
8479
8480
8482
8483
8484
8486
8490
8491
8492
8493
8495
8496
8498
8499
8500
8501
8503
8504
8505
8506
8507
8508
8510
8512
8514
8515
8516
8517
8518
8519
8520
8521
8523
8524
8525
8527
8528
8529
8531
8532
8533
8534
8537
8538
8539
8540
8541
8542
8543
8546
8547
8549
8550
8551
8552
8555
8557
8558
8559
8561
8562
8563
8564
8565
8566
8567
8568
8571
8572
8573
8574
8575
8576
8578
14510
8579
8580
8581
8583
8584
8586
8587
8589
8592
8593
8595
8596
8597
8598
8599
8601
8603
8604
8605
8606
8607
8608
8609
8612
8613
8614
8615
8616
8617
8618
8619
8620
8621
8622
8623
8624
8625
8627
8628
8630
8631
8633
8634
8635
8636
8638
8639
8641
8646
8650
8652
8653
8654
8655
8656
8657
8658
8659
8660
8662
8663
8665
8666
8669
8672
8673
8674
8675
10609
8676
8677
8679
8680
8682
8683
8684
8686
8690
8696
8699
8702
8708
8714
8715
8716
8717
8718
8722
8723
8729
8731
8732
8733
8739
8741
8744
8745
8746
8747
8752
8753
8757
8760
8761
8762
8763
8764
8765
8767
8769
8771
8773
8775
8777
8780
8783
8784
8785
8786
8787
8788
8789
8790
8791
8792
8795
8796
8797
8798
8799
8800
8802
8803
8804
8805
8806
8807
8809
8810
8811
8812
8813
8814
8815
8816
8817
8818
8820
8822
8823
8824
8825
8826
8827
8828
8829
8830
8832
8833
8836
8837
8838
8839
8840
8841
8842
8843
8844
8845
8846
8847
8848
8849
8850
8851
8852
8853
8854
8858
8859
8860
8862
8863
8864
8866
11770
8868
8869
8871
8872
8873
8874
8875
8876
8877
8878
8879
8880
8881
8883
8885
8886
8887
8888
8889
8890
8891
8892
8893
8894
8895
8897
8898
8899
8902
8903
8905
8906
8907
8908
8909
8910
8911
8912
8913
8914
8915
8916
8917
8918
8919
8920
8921
8922
8923
8924
8925
8926
8927
8928
8929
8930
8933
8934
8935
8937
8938
8939
8941
8942
8944
8945
8946
8947
8948
8949
8951
8952
8953
8955
8956
8957
8958
8959
8960
8962
8963
8964
8967
8968
8969
8970
8972
8973
8974
8975
8976
8977
8978
8979
8980
8981
8982
8983
8984
8985
8986
8987
8988
8990
8991
8992
8994
8995
8996
8997
9000
9001
9002
9004
9005
9006
9007
9008
9009
9011
9014
9015
9017
9020
9021
9023
9024
9025
9027
9028
9031
9032
9033
9035
9036
9037
9039
9041
9043
9045
9046
9047
9049
9050
9051
9053
9054
9057
9058
9060
9062
9064
9065
9066
9068
9069
9070
9071
9072
9073
9075
9076
9077
9078
9079
9080
9082
9083
9084
9085
9086
9087
9089
9090
9091
9092
9093
9094
9096
9097
9098
9101
9102
9103
9104
9105
9106
9107
9108
9109
9110
9114
9115
9116
9117
9121
9122
9123
9124
9125
9126
9127
9128
9129
9130
9131
9132
9133
9134
9136
9137
9138
9139
9140
9141
9143
13164
9146
9149
9150
9151
9152
9153
9155
9157
9158
9159
9160
9161
9162
9163
9165
9166
9169
9171
9174
9175
9176
9177
9179
9180
9181
9182
9183
9184
9185
9186
9188
9189
9190
9191
9192
9193
9194
9196
9199
9200
9201
9202
9203
9205
9206
9207
9209
9211
9212
9213
9214
9215
9216
9218
9219
9221
9222
9224
9225
9226
9229
9231
9232
9233
9236
9237
9238
9241
9242
9244
9245
9246
9247
9248
9249
9250
9251
9253
9256
9257
9260
9261
9262
9264
9265
9266
9267
9268
9269
9271
9272
9273
9274
9275
9276
9277
9278
9279
9280
9281
9282
9283
9284
9287
9288
9289
9291
9292
9293
9294
9296
9297
9299
9300
9302
9304
9306
9307
9308
9312
9313
9315
9316
9317
9318
9321
9323
9324
9325
9330
9331
9333
9334
9335
9336
9337
9339
9341
9343
9345
9347
9348
9349
9350
9352
9354
9359
9360
9364
9365
9366
9367
9368
9372
9374
9375
9376
9377
9378
9379
9380
9381
9383
9384
9385
9386
9387
9388
9390
9391
9392
9393
9395
13442
9396
9397
9398
9399
9400
9402
9403
9404
9405
9406
9407
9409
9410
9411
9412
9414
9416
9418
9420
9421
9422
9423
9587
9424
9425
9426
9427
9428
9431
9433
9435
9436
9437
9438
9443
9444
9445
9446
9448
9449
9450
9452
9453
9456
9459
9462
9463
9464
9465
9466
9468
9469
9470
9474
9476
9478
9481
9483
9484
9485
9488
9490
9491
9494
9496
9497
9500
9501
9503
9505
9506
9507
9508
9509
9510
9511
9512
9514
9515
9516
9517
9518
9519
9521
9524
9525
9528
9529
9531
9532
9534
9535
9536
9538
9539
9540
9542
9544
9545
9546
9548
9549
9550
9551
9552
9554
9555
12485
9556
9558
9559
9560
9561
9562
9563
9564
9565
9566
9568
9569
9570
9571
9572
9573
9574
9577
10756
9579
9580
9581
9582
9584
9585
9588
13100
9592
9595
9599
9603
9604
9606
9607
9610
9611
9616
9618
9619
9620
9625
9626
9627
9633
9634
9635
9636
9637
9639
9642
9643
9644
9647
9652
9653
9654
9656
9657
9658
9660
9662
9663
9665
9668
9669
9672
9674
9675
9676
9678
9682
9685
9690
9694
9697
9698
9700
9702
9703
9706
9707
9710
9717
9719
9723
9724
9728
9729
9731
9732
9736
9739
9740
9752
9747
9748
9750
9754
9755
9756
9758
9760
9767
9768
9771
9772
9774
9778
9782
9783
9784
9787
9789
9791
9792
9795
9797
9798
9799
9800
9803
9804
9806
9808
9811
9816
9817
9819
9820
9821
9823
9824
9826
9832
9833
9834
9836
9842
9843
9847
9848
9849
9851
9853
9855
9856
9857
9858
9860
9863
9865
9866
9868
9872
9873
9875
9876
9877
9878
9879
9880
9881
9882
9885
9887
9888
9911
9917
9923
9932
9934
9935
9936
9941
9942
9954
9964
9965
9970
9982
10009
10020
10022
10032
10038
10079
10083
10102
10104
10112
10116
10126
10130
10138
10149
10171
10187
10209
10214
10216
10230
10244
10247
10250
10253
10275
10282
10298
10299
10300
10304
10306
10310
10323
10337
10338
10347
10360
10367
10376
10379
10382
10393
10413
10415
10420
10422
10425
10431
10453
10459
10463
10466
10468
10487
10488
10491
10499
10510
10517
10520
10524
10526
10530
10539
10540
10555
10566
10576
10577
10583
10587
10588
10591
10595
10597
12458
10604
10607
10614
10622
10625
10627
10640
10641
10645
10649
10661
10664
10671
10674
10676
10677
10688
10699
10702
10704
10706
10707
10708
10709
10714
10716
10717
10718
10719
10721
10725
10726
10733
10736
10739
10741
10746
10751
10764
10770
10784
10790
10799
10803
10806
10808
10815
10818
10823
10837
10838
10845
10846
10847
10848
10849
10850
10851
10852
10855
10858
10863
10864
10871
10876
10883
10886
10890
10895
10897
10898
10899
10903
10904
10907
10910
10915
10916
10921
10922
10924
10926
10928
10929
10931
10933
10934
10937
10939
10942
10948
10949
10950
10954
10955
10956
10957
10962
10963
10969
10971
10982
10986
10987
10989
10990
10997
11000
11005
11006
11007
11009
11011
11014
11016
11018
11023
11024
11025
11026
11028
11030
11034
11035
11041
11043
11045
11046
11047
11049
11053
11054
12024
11289
15652
11058
11067
11072
11076
11080
11081
11084
11085
11093
11094
11103
11107
11118
11127
11128
11129
11131
11135
11137
11138
11146
11150
11151
11154
11164
11173
11176
11177
11179
11182
11184
11185
11190
11192
11199
13378
11203
11211
11212
11218
11224
11229
11230
11232
11236
11242
13250
11264
11267
11271
11273
11276
11288
11290
11293
11294
11296
11297
11298
11318
11324
11325
11327
11331
11332
11333
11338
11339
11343
11344
11348
11351
11353
11354
11357
11360
11361
11363
11369
11373
11375
11378
11385
11386
11392
11393
11396
11402
11404
11409
11416
11420
11421
11425
11427
11437
11438
11441
11442
11443
11448
11451
11452
11458
11459
11462
11463
11466
11467
11468
11469
11470
11477
15784
11485
11494
11495
11496
11503
11504
11505
11507
11514
11515
11517
11519
11520
11521
11528
11534
11535
11538
11543
11545
11549
11558
11564
15736
11566
11569
11573
11575
11582
11583
11585
11587
11591
11592
11594
11596
11608
11609
11610
11614
11615
11616
11618
11623
11655
11626
11630
11635
11637
11639
11640
11647
11648
11649
11650
11654
11657
11661
11665
11666
11671
11672
11673
11674
11678
11683
11685
11692
11693
11698
11700
11701
11706
11707
11708
11709
11710
11713
11716
11717
11720
11725
11727
12103
11730
11735
11740
11742
11744
11749
11752
11757
11759
11760
11763
11764
11772
11773
11779
11781
11786
11791
11793
11797
11804
11809
11813
11814
11819
11823
11831
11836
11838
11841
11842
11844
11849
11852
11854
11855
11864
11865
11868
11869
11870
11875
11876
11877
11878
11879
11884
11889
11890
11891
11894
11896
11901
11902
11905
11906
11907
11908
11909
11913
11918
13631
11921
11924
11930
11933
11934
11935
11937
11939
11940
11941
11942
11943
11944
11945
11946
11947
11952
11956
11957
11958
11959
11961
11962
11964
11972
11975
11977
11978
11979
11984
11987
11989
11992
11993
11999
12000
12001
12003
12005
12006
12011
12018
12020
12021
12022
12026
12027
12031
12033
12038
12043
12046
12052
12054
12056
12057
12059
12062
12065
12074
12084
12088
12090
12092
12094
12095
12096
12098
12100
12102
12108
12110
12112
12114
12120
12121
12122
12124
12135
12136
12141
12147
12148
12149
12156
12157
12159
12160
12161
12166
12167
12169
12170
12171
12173
12174
12176
12177
12178
12179
12180
12181
12182
12185
12188
12189
12195
12196
12198
12199
12202
12203
12211
12214
12216
12220
12222
12224
12227
12230
12231
12244
12245
12246
12249
12251
12261
12265
12266
12268
12269
12271
12273
12276
12278
12280
12282
12287
12288
12289
12290
12292
12293
12315
12317
12319
12320
12322
12323
12324
12328
12329
12333
12334
12335
12337
12338
12339
12340
12341
12355
12359
12360
12366
12369
12370
12374
12377
12380
12383
12384
12386
12388
12389
12390
12393
12395
12396
12398
12404
12405
12410
12411
12414
12415
12417
12419
12420
12422
12425
12426
12427
12430
12431
12433
12436
12438
12440
12441
12442
12443
12447
12448
12449
12450
12456
12457
12460
12461
12462
12463
12465
12466
12467
12471
12475
12476
12477
12481
12611
12489
12490
12491
12492
12493
12497
12498
12501
12502
12504
12506
12507
12508
12509
12510
12512
12513
12514
12515
12516
12518
12521
12523
12524
12527
12529
12530
12531
12532
12538
12540
12543
12544
12545
12546
12549
12551
12552
12558
12560
12561
12564
12566
12567
12568
12569
12571
12574
12578
12580
12581
12582
12585
12587
12589
12596
12597
12598
12601
12602
12603
12606
12609
12614
12617
12619
12620
12626
12628
12629
12630
12632
12633
12639
12640
12641
12645
12647
12648
12651
12653
12654
12655
12659
12661
12664
12665
12666
12669
12671
12672
12678
12679
12684
12686
12687
12692
12694
12698
12702
12703
12704
12706
12707
12709
12711
12714
12716
12718
12720
12721
12723
12724
12728
12729
12730
12731
12732
12738
12739
12742
12748
12750
12754
12759
12765
12766
12767
12768
12769
12773
12780
12781
12786
12789
12793
12794
12797
12799
12801
12802
12804
12807
12813
12816
12817
12823
12828
12832
12833
12834
12839
12840
12841
12842
12845
12846
12848
12849
12851
12853
12854
12858
12859
12860
12861
12862
12863
12864
12865
12867
12871
12873
12874
12876
12878
12880
12881
12882
12884
12887
12889
12890
12892
12893
12896
12897
12898
12899
12900
12901
12902
12908
12912
12915
12916
12922
12924
12925
12929
12932
12934
12935
12938
12943
12954
12961
12962
12963
12966
12968
12969
12971
12974
12978
12981
12982
12984
12993
12996
13000
13007
13008
13009
13010
13012
13014
13015
13016
13017
13018
13021
13024
13027
13030
13031
13033
13034
13040
13043
13044
13048
13050
13053
13054
13059
13062
13063
13067
13070
13077
13079
13080
13083
13085
13086
13087
13088
13098
13099
13103
13106
13107
13108
13116
13119
13122
13125
13129
13131
13132
13133
13134
13140
13143
13144
13147
13148
13155
13156
13158
13161
13163
13165
13167
13176
13178
13180
13182
13185
13186
13187
13188
13190
13192
13193
13194
13195
13198
13206
13207
13210
13211
13212
13215
13216
13218
13223
13226
13227
13229
13233
13239
13241
13243
13251
13253
13255
13260
13264
13266
13267
13268
13269
13270
13275
13276
13277
13280
13281
13285
13288
13289
13292
13294
13296
13299
13300
13302
13303
13305
13306
13307
13308
13310
13314
13315
13317
13318
13319
13321
13325
13328
13329
13330
13331
13334
13335
13336
13339
13341
13342
13345
13346
13347
13353
13356
13357
13359
13360
13361
13362
13363
13365
13368
13369
13370
13371
13372
13373
13374
13375
13377
13379
13380
13381
13383
13384
13386
13388
13389
13390
13391
13392
13396
13397
13399
13400
13401
13402
13403
13405
13406
13407
13410
13414
13415
13416
13417
13418
13419
13420
13424
13425
13426
13428
13430
13433
13435
13436
13437
13440
13441
13443
13445
13446
13447
13448
13449
13452
13454
13455
13461
13474
13475
13476
13481
13482
13484
13485
13489
13491
14609
13493
13494
13499
13500
13501
13502
13504
13505
13508
13509
13510
13512
13514
13516
13520
13524
13526
13529
13530
13531
13532
13539
13540
13542
13543
13545
13546
13548
13549
13550
13551
13554
13555
13557
13562
13564
13567
13568
13571
13573
13574
13577
13579
13581
13582
13588
13592
13593
13597
13605
13606
13607
13610
13611
13618
13619
13620
13622
13623
13624
13625
13626
13627
13628
13630
13632
13633
13640
13642
13643
13644
13647
13648
13654
13656
13658
13659
13660
13661
13662
13663
13664
13667
13670
13672
13673
13675
13680
13681
13682
13685
13687
13690
13692
13693
13695
13696
13699
13700
13701
13707
13709
13710
13711
13713
13715
13716
13717
13718
13720
13721
13726
13730
13731
13732
13733
13735
13736
13738
13739
13742
13743
13746
13747
13748
13751
13753
13754
13755
13756
13757
13758
13759
13762
13763
13764
13767
13768
13769
13772
13773
13774
13776
13777
13780
13781
13782
13783
13784
13785
13786
13788
13789
13790
13793
13794
13795
13796
13797
13798
13799
13800
13801
13802
13803
13810
13811
13812
13815
13817
13818
13821
13822
13824
13825
13826
13827
13829
13830
13833
13835
13836
13839
13840
13841
13843
13845
13847
13848
13850
13852
13855
13856
13859
13860
13864
13868
13870
13871
13874
13875
13877
13878
13880
13881
13882
13883
13887
13888
13889
13893
13896
13898
13900
13903
13904
13905
13906
13907
13908
13909
13910
13911
13912
13920
13921
13922
13923
13926
13928
13929
13930
13932
13933
13934
13935
13938
14018
13940
13941
13942
13943
13944
13947
13948
13949
13950
13951
13953
13954
13957
13958
13960
13961
13963
13964
13965
13966
13968
13969
13970
13971
13972
13973
13975
13977
13979
13980
13981
13984
13985
13987
13989
13991
13993
13997
14001
14003
14004
14005
14007
14008
14009
14010
14011
14013
14015
14016
14022
14024
14025
14026
14027
14029
14030
14031
14032
14033
14034
14035
14036
14038
14039
14040
14043
14044
14046
14051
14052
14053
14058
14059
14060
14061
14062
14063
14064
14065
14066
14068
14071
14072
14073
14074
14075
14076
14077
14079
14080
14083
14084
14086
14087
14088
14090
14092
14095
14098
14099
14101
14102
14105
14106
14107
14109
14110
14112
14113
14115
14116
14118
14120
14121
14122
14123
14126
14127
14128
14129
14131
14134
14135
14589
14136
14137
14138
14141
14142
14143
14144
14145
14146
14149
14152
14153
14157
14158
14159
14160
14162
14163
14165
14167
14168
14169
14170
14172
14173
14174
14175
14176
14177
14178
14180
14181
14185
14187
16083
14190
14191
14192
14193
14194
14196
14198
14200
14202
14204
14205
14207
14208
14209
14211
14215
14216
14219
14221
14223
14225
14226
14227
14228
14230
14232
14235
14237
14238
14239
14240
14243
14245
14251
14252
14253
14254
14256
14259
14262
14263
14264
14265
14266
14267
14268
14269
14272
14273
14274
14278
14279
14281
14283
14284
14285
14286
14287
14288
14289
14290
14291
14292
14293
14294
14295
14298
14299
14300
14301
14302
14303
14304
14306
14307
14308
14309
14310
14312
14313
14317
14320
14321
14322
14325
14327
14334
14338
14339
14340
14342
14344
14345
14347
14352
14354
14355
14356
14358
14361
14362
14363
14367
14368
14372
14373
14379
14381
14382
14383
14384
14385
14388
14389
14390
14391
14392
14394
14395
14396
14397
14398
14401
14407
14409
14411
14416
14421
14422
14423
14424
14425
14430
14431
14432
14433
14436
14438
14439
14440
14441
14442
14443
14446
14447
14448
14449
14450
14452
14454
14459
14464
14466
14467
14472
14477
14478
14479
14481
14484
14487
14493
14495
14497
14499
14504
14505
14506
14508
14511
14512
14513
14514
14517
14523
14527
14528
14529
14530
14533
14534
14536
14537
14538
14539
14540
14542
14547
14549
14550
14551
14552
14554
14555
14556
14557
14559
14560
14561
14562
14565
14567
14568
14570
14571
14572
14573
14574
14575
14576
14582
14584
14586
14590
14591
14597
14600
14603
14605
14607
14611
14613
14617
14618
14640
14644
14646
14647
14651
14654
14656
14657
14660
14664
14667
14668
14670
14672
14673
14676
14677
14678
14680
14682
14686
14687
14690
14691
14692
14693
14695
14697
14698
14699
14702
14703
14705
14706
14707
14711
14713
14715
14716
14717
14719
14720
14721
14722
14724
14725
14726
14727
14728
14730
14732
14734
14735
14736
14737
14738
14739
14742
14743
14745
14746
14747
14748
14749
14751
14752
14753
14754
14756
14758
14760
14761
14764
14765
14766
14767
14770
14771
14773
14774
14775
14777
14778
14779
14780
14783
14784
14788
14791
14792
14794
14795
14796
14797
14801
14804
14805
14808
14811
14817
14820
14828
14830
14856
14858
14864
14868
14869
14878
14880
14884
14885
14905
14910
14913
14916
14917
14918
14922
14929
14935
14940
14947
14948
14954
14956
14957
14959
14964
14967
14971
14975
14979
14986
14989
14996
15001
15005
15006
15012
15014
15017
15019
15025
15032
15034
15037
15056
15059
15062
15068
15069
15073
15075
15078
15081
15084
15088
15090
15096
15097
15098
15102
15103
15104
15106
15107
15118
15119
15120
15122
15124
15125
15131
15132
15133
15136
15138
15139
15142
15143
15148
15149
15154
15158
15160
15161
15162
15164
15167
15168
15172
15176
15177
15180
15188
15189
15197
15198
15199
15201
15202
15204
15205
15210
15217
15222
15223
15224
15225
15229
15231
15232
15233
15234
15237
15238
15239
15240
15241
15242
15247
15248
15249
15250
15253
15254
15255
15257
15259
15260
15261
15263
15267
15268
15269
15270
15272
15295
15297
15299
15302
15303
15304
15306
15309
15310
15333
15334
15335
15336
15343
15345
15349
15352
15353
15354
15357
15358
15361
15362
15364
15370
15373
15379
15380
15382
15383
15385
15386
15388
15389
15390
15392
15395
15396
15399
15401
15402
15403
15405
15407
15409
15410
15411
15414
15417
15418
15419
15422
15423
15427
15433
15439
15440
15441
15443
15445
15446
15448
15449
15452
15454
15456
15459
15460
15461
15464
15466
15469
15472
15481
15484
15491
15493
15498
15500
15503
15505
15506
15510
15513
15515
15523
15531
15536
15537
15538
15549
15552
15554
15555
15556
15561
15563
15564
15569
15574
15577
15581
15585
15588
15589
15590
15591
15592
15595
15597
15599
15600
15601
15604
15607
15612
15613
15614
15618
15619
15626
15630
15632
15634
15636
15638
15641
15643
15644
15645
15646
15648
15649
15651
15655
15656
15657
15658
15659
15660
15662
15663
15667
15669
15670
15673
15675
15676
15677
15679
15681
15683
15685
15686
15689
15691
15694
15696
15697
15701
15702
15703
15706
15710
15717
15718
15719
15724
15725
15728
15729
15731
15733
15735
15737
15739
15740
15745
15746
15754
15758
15759
15760
15763
15765
15769
15772
15775
15776
15778
15780
15781
16089
15786
15789
15799
15801
15802
15804
15805
15806
15807
15808
15810
15811
15829
15830
15832
15837
15843
15846
15849
15860
15861
15862
15869
15881
15883
15884
15886
15888
15899
15900
15904
15910
15913
15917
15921
15922
15923
15926
15927
15931
15935
15936
15938
15939
15942
15946
15947
15951
15956
15957
15961
15962
15968
15970
15973
15981
15982
15984
15985
15987
15990
15991
15992
15994
15995
15997
16036
15999
16001
16002
16008
16009
16010
16015
16027
16030
16032
16033
16035
16041
16046
16052
16053
16055
16056
16057
16060
16061
16062
16066
16067
16068
16076
16077
16078
16080
16084
16088
16090
16092
16104
16106
16108
16111
16114
16117
16118
16119
16120
16122
16123
16125
16127
16129
16130
16143
16153
16155
16156
16158
16160
16161
16162
16163
16165
16168
16170
16171
16177
16179
16180
16182
16185
16187
16192
16194
16195
16202
16207
16210
16211
16212
16220
16221
16223
16225
16226
16231
16233
16238
16239
16240
16242
16243
16244
16246
16249
16257
16259
16261
16268
16269
16273
16274
16275
16276
16281
16284
16288
16298
16304
16307
16316
16324
16342
16343
16344
16346
16348
16349
16350
16355
16359
16362
16363
16366
16369
16370
16373
