2
132
390
521
10
3729
23
807
43
46
50
2867
55
3389
1479
1608
631
3157
7135
1760
6929
189
3959
2302
4
5
9
385
11
12
13
17
18
2633
2638
273
22
2152
27
28
29
30
32
52
34
3128
35
1120
195
1356
3827
2168
125
1246
36
6388
38
40
296
69
41
114
8142
7525
42
4562
407
45
48
49
51
54
57
2355
365
1715
58
59
60
101
6790
1011
1205
1150
61
62
67
70
72
3903
4367
73
898
10723
9100
82
2485
2742
75
1251
278
81
368
4259
83
87
88
89
90
6066
2685
93
94
100
102
2673
103
440
104
3289
437
439
4842
105
106
1728
1927
5906
270
1142
113
115
116
798
119
4708
120
122
1362
124
126
134
137
6539
139
140
141
143
1097
144
9215
146
153
1706
4841
5175
7465
154
3167
6290
161
1766
968
4244
8283
162
677
238
163
164
806
1077
165
166
753
10033
167
171
5891
172
2802
173
177
179
181
184
1243
185
186
187
188
190
4937
5138
3343
4914
193
2204
530
1292
194
756
197
198
6363
199
2283
200
201
202
204
206
207
208
209
211
212
6370
213
660
215
216
221
222
224
225
2389
227
229
230
232
233
2307
237
239
9674
6811
245
247
248
250
251
252
254
255
256
7046
257
259
7060
414
800
5304
964
3914
2551
8429
1276
260
262
8809
4284
263
264
5404
266
269
737
334
271
2570
272
274
279
4407
848
470
281
283
285
6193
288
290
291
6960
980
3317
5207
293
294
295
297
298
300
9028
301
11711
302
303
304
305
308
309
310
311
312
313
314
316
318
412
319
322
325
326
1793
327
4308
328
329
330
331
332
2686
333
335
336
353
337
338
339
342
340
341
355
644
359
425
431
643
509
343
345
346
347
348
6634
6941
349
350
351
2589
356
357
1146
4199
7254
361
362
3184
363
436
4190
364
812
366
367
2630
369
5206
721
371
373
374
1531
376
377
556
378
379
1001
380
381
5858
4452
1010
383
6246
386
387
389
391
392
1385
4252
393
394
395
7841
396
397
399
400
402
403
405
406
5965
3342
411
413
415
416
417
418
8731
419
420
2709
421
422
4181
424
426
427
432
433
435
6864
438
7786
443
447
451
453
454
459
4015
460
679
461
4286
462
469
1701
6440
6361
471
472
475
479
481
482
483
489
490
495
6035
497
504
506
5646
2385
507
513
516
517
518
2241
520
1516
523
525
529
531
533
535
537
539
540
542
543
547
550
1733
551
650
553
554
2666
555
920
559
563
564
565
566
567
568
569
571
572
573
574
575
577
579
580
583
584
587
588
867
1835
590
591
593
594
596
597
598
599
600
601
604
605
606
607
608
609
611
612
614
615
617
618
620
621
622
625
626
627
628
629
632
634
635
636
638
641
642
4967
2920
2892
2713
645
646
5652
937
653
654
655
657
3401
658
659
2408
1808
661
961
4627
1845
6653
662
663
664
666
982
670
671
672
2326
676
678
680
681
682
683
684
688
689
690
691
693
694
695
10494
697
698
700
7871
702
703
704
706
708
712
2688
745
914
1061
713
714
716
720
5244
5706
722
724
8387
7583
726
728
729
730
731
733
7011
734
735
736
739
740
741
742
743
1875
1350
744
1713
746
747
748
749
751
752
5653
755
5792
3234
759
1931
761
762
763
764
765
1897
766
767
770
772
773
774
775
5481
776
777
779
780
781
782
900
981
9912
783
784
785
786
787
1242
788
789
791
794
7721
6627
1913
799
804
805
4545
3048
808
809
811
813
816
817
818
820
824
825
828
829
830
831
832
833
834
835
836
837
838
4534
839
840
842
843
844
845
846
847
1130
8604
2154
849
850
857
859
860
861
862
863
864
865
866
868
869
5174
870
871
872
873
874
875
4944
876
878
879
881
882
883
885
886
887
890
891
892
893
894
2859
897
899
901
902
944
904
8611
2998
10936
907
908
911
912
915
916
5063
917
1849
918
919
2449
922
923
924
925
928
930
931
932
939
8478
940
4756
941
9573
945
946
948
950
951
952
953
956
958
959
11245
960
962
966
967
969
973
974
975
976
977
1985
979
5836
2160
1809
6004
1178
7198
984
1342
985
5324
987
988
989
990
992
993
994
995
996
9455
997
1000
2368
2706
2837
1002
1003
1004
1005
1009
2045
1012
1013
1014
1015
1016
5328
1017
1018
1019
1021
1022
1023
1025
1026
1027
1226
1028
1030
1031
1032
1033
6463
6191
1034
1036
1037
4188
2444
1039
1040
5600
8844
1041
1042
1043
1055
1044
1045
1048
1050
1051
1052
1053
1054
1056
1057
1058
1060
1063
1064
1067
1068
1069
1070
1071
1072
1073
1074
1075
1076
1078
3721
1079
1080
1081
1082
1083
1084
1085
1086
1087
1090
1091
1092
1093
1094
1095
1096
1098
1100
1101
1102
1103
1104
1105
1108
1109
1110
1111
1112
1113
6535
1114
1115
1117
1118
1119
1804
10623
1121
1123
1125
1127
1128
1129
1131
1132
1133
1137
1138
1670
1139
1140
1141
8281
1143
1277
1144
1147
1148
9964
1152
1153
1154
1155
1156
1157
1161
1163
1164
1165
1542
1166
1168
1170
1173
1174
1175
1176
1177
1179
1180
4034
1181
1182
1183
1185
1188
1189
1191
1192
1194
1195
1196
1198
6755
1199
1200
1201
1202
1203
1204
1206
1207
1208
1215
1216
1218
1219
2775
1220
1221
1222
1223
1224
1225
1228
1230
5915
1231
1233
1235
1236
1237
5121
1238
1240
1241
6063
2132
1690
9183
1245
4018
1249
1250
1253
1254
1255
1256
1257
1258
1259
1261
1262
1264
1266
1267
1269
1271
1122
1281
1282
1283
1288
1289
1291
1293
1305
1294
1295
1299
1300
1301
1303
1304
1306
1309
1310
1313
1315
1317
1319
1320
1321
1326
1329
1332
1333
1334
1336
1337
1338
1339
1341
1343
1344
1345
1346
1347
1351
1352
1353
1354
1355
1357
1358
1359
1360
1366
1367
1368
1369
1372
1377
1379
10765
1381
1382
1383
1384
5385
1801
1387
1388
1390
1391
1392
1393
1394
1395
1398
1400
1405
1406
1408
1410
2037
1414
1415
1416
1421
1424
1427
1432
1433
1434
1436
1437
1441
1442
1443
1445
1447
1448
1449
1450
1451
1454
1455
1457
5170
1459
1460
1461
1462
1464
1465
1466
1467
1470
1472
1473
1474
1475
4280
3944
1476
1477
4561
1478
1480
1481
1483
1484
1485
1486
1487
1488
1489
1490
1492
1493
1494
1495
1496
1497
1498
1500
1501
1502
1503
1504
1505
1506
1509
1510
1512
1513
1514
1515
1517
1518
1519
1521
1522
1524
1525
1526
1527
1528
1530
1532
1533
1767
1535
1538
1540
1543
1544
1545
1546
1547
3095
1548
1550
2058
1551
1554
1556
1557
1558
1559
1561
1562
1563
1564
1565
1567
1569
1570
1576
1577
1578
1579
1580
1581
1582
1583
1584
1586
1587
1588
1589
1590
1592
1593
1596
1597
1598
4819
1627
1599
1602
1603
1604
1607
1609
1611
1613
1614
1616
1617
1619
1620
4411
1621
1622
1623
1624
1625
1626
1628
1629
1631
1632
11673
1634
1635
1640
1642
1643
1646
1648
1649
1650
1651
1655
1656
1658
1659
1660
5312
1661
1662
1663
1664
1665
1667
1668
1669
1673
1674
1675
1677
1679
1680
1683
1685
1686
1687
1688
1689
1692
1693
1694
1695
1696
1697
1698
1699
1700
1702
9314
1703
1704
1705
1708
1711
2084
1712
1714
1716
1718
1719
1721
1722
1724
1725
1727
1731
4749
2130
2111
1735
1736
1738
1740
1741
1743
1752
1753
1754
1757
1759
1761
1763
1765
1769
1770
1774
1776
1781
1782
1787
1789
1791
1795
1798
1800
1803
1807
1811
1813
6116
7468
1818
1819
1820
1822
6820
1823
1826
1827
1828
1833
1838
5329
5010
1839
1843
1846
1847
1852
1854
1856
1857
1859
1863
1868
1871
1873
1874
1877
8895
1878
1884
1885
1887
1889
1890
1892
1893
1894
1896
1900
1901
1902
1905
1909
1914
1919
1920
1923
1925
1926
1930
1933
1936
1937
1940
1941
1942
1944
1948
1953
1956
1957
1958
1960
1964
1965
1969
1973
1978
1979
1982
1983
1984
1986
1987
1988
1990
1991
1992
1993
1994
1996
1997
1998
2005
2006
2007
2263
2011
2012
2013
2014
2015
2016
2019
2020
2024
2026
4956
2027
2029
2030
2031
2032
2034
2036
2568
2038
2040
2042
2044
2046
2047
2048
2049
2052
2054
2055
2056
2217
2061
2062
2063
2064
2065
2066
2067
4021
2069
2070
2071
2072
2073
2074
2080
2081
2082
2083
2085
2089
2091
2093
2094
2097
2098
2099
2103
2104
2106
2107
2108
2109
2112
6106
2114
2115
2116
2117
2118
2119
2121
2122
2123
2124
2126
6310
2128
2129
3514
2133
2135
2136
2230
2137
2139
2140
2142
5234
2145
2146
2147
2149
2151
3889
2156
2157
2161
2162
2163
2165
2167
2170
2171
2175
2176
2177
2179
2182
2183
2184
2185
2187
2189
2190
2191
2192
2193
2194
2197
2198
2199
2200
2202
2203
4910
2206
2207
2208
2209
2211
2213
2214
2215
2216
12193
2219
2221
2224
2226
4052
2228
6984
2634
2232
2233
2235
5282
2236
2242
2243
2261
2262
3091
2265
2266
2268
2269
2270
2271
2272
2273
2274
2275
2277
6133
2278
2281
2282
3101
2284
2286
2288
2290
2291
2736
2292
2295
2296
2297
2298
2300
2301
2303
2304
2305
2309
2311
2312
2313
2315
2316
7701
2321
2323
2327
2328
2329
2787
2333
8947
2335
2341
2342
2347
2351
2352
2354
2358
2360
2361
2364
2366
6652
2369
2370
2371
2375
2376
2380
2382
2383
2384
4795
2386
2387
2388
2390
2393
2396
2398
6344
2401
2403
2404
2406
3055
2407
2410
2414
2415
2418
2419
2420
9472
2422
2423
2424
2425
2426
2427
2430
4417
2432
2433
2435
2436
2438
11113
2440
2442
9536
9598
2443
2445
8873
2446
2447
2448
2451
2452
2453
2455
2461
2463
2464
2465
2466
2467
2471
2472
2476
2477
2478
2479
2480
3727
2481
2482
2484
2486
2488
2495
2496
2500
2501
2504
2509
2511
2515
2516
2519
2520
2522
2526
2527
2531
2533
2537
2540
2543
2545
2546
2549
2550
2552
2554
6357
2556
2559
2562
2563
2564
2567
2844
2571
2578
2580
2581
3196
2584
2585
2586
2593
2595
2599
2602
2604
2606
2608
2610
2615
2616
2618
2620
2623
2625
2628
2631
2632
2636
2637
12054
2639
2640
2641
2646
2649
2654
2662
2663
2664
2668
2669
2670
2672
2674
2682
2683
2695
2684
2687
2690
2691
4507
2700
5804
2701
2702
3277
8202
2710
2714
2716
2718
2723
2724
2727
2728
2734
4839
2737
2740
2741
2743
2744
2746
2747
2748
2752
2756
2758
2765
4375
2768
2770
2771
2772
2774
2776
2778
2780
2786
2788
2789
2792
2805
2806
2808
2811
2812
2814
2815
2816
2822
2823
2825
2826
7589
2827
2828
2829
6850
2830
2831
3706
5134
2832
2833
2834
2835
2838
2839
2840
2841
2843
2848
2849
2850
2852
2853
2856
2857
2858
2861
2862
2863
2864
2865
3798
2866
4659
2870
2872
2874
2878
2881
2884
2885
2886
2889
2893
2895
7594
2896
2898
2900
2901
2902
2906
2912
2913
3025
2914
2915
2918
2923
6377
2924
2925
2927
2929
2936
2938
2943
2944
2951
2952
2953
2954
8511
2956
2959
2962
2974
2975
6950
2976
2979
2982
2987
2996
3005
3011
3012
3013
5226
3014
3015
3090
3017
3018
3020
3027
3028
3045
3051
7108
3061
5838
3824
4255
3066
3068
3069
3071
3073
3074
3079
3081
3084
3085
3086
3092
3093
3094
3096
3097
3100
3314
3104
3106
3109
3110
3111
3112
3114
3115
3116
3118
6351
3119
3120
3122
3124
3126
3127
3129
3130
3131
3132
3137
3139
3142
3144
3146
3148
3149
3186
3151
3153
3156
7491
3158
3159
3160
3162
3163
3164
3165
3166
3831
3168
3169
3173
3174
3176
3179
3180
3182
3183
3185
4266
3188
3189
3192
3193
3195
3197
3199
3349
3201
3202
3206
3208
3209
3212
3216
3219
3220
3221
3223
3225
3227
3230
3235
3241
3244
3246
3251
3255
3257
3258
3259
3260
3263
3264
3266
3268
3269
3270
3271
3272
3273
3276
3280
3285
3286
3287
3294
3295
3297
7440
3300
3301
3302
3304
3308
3309
3311
3313
3315
3316
3334
9514
3318
3319
3320
3322
3323
3325
3328
3330
3331
9999
3335
3336
3338
3339
3341
3344
3345
3346
3350
3351
3352
3355
3356
3360
3361
3362
3363
3364
3366
3367
3368
5899
3369
3372
3373
3374
3375
3379
4114
3382
3384
3385
3386
3387
3388
10903
3391
3392
3393
3394
3395
3397
3399
3400
3402
3404
3405
3407
3413
3414
3415
3420
3421
3422
3423
3425
3428
3431
9475
3432
3433
3435
3436
3439
3440
3441
3443
3445
3446
3448
3453
3457
3463
3465
3468
3470
3476
3479
3491
8678
3494
3495
3498
3502
3511
5664
3515
3518
3523
3524
3525
3528
3529
3531
3534
3536
3543
3548
3550
3555
3559
3560
6277
3563
3564
3566
3568
3569
3571
3572
3575
7161
3576
3582
3584
3588
3593
3603
3610
7036
3616
3621
3624
3630
3632
3634
3638
3639
3641
3646
3647
3655
3657
3659
3660
3666
3669
3674
3675
3681
3686
3688
3689
3692
3695
3699
3707
3709
3712
3714
3717
3718
3719
3720
3722
3723
3726
3733
3734
3737
3738
3741
3745
3747
3748
3752
3755
3756
3757
3760
3768
3776
3777
3782
3784
3787
3788
3791
3792
3794
3795
3797
3799
3800
3801
3803
3805
3806
3807
3808
3809
3810
3811
3816
3817
3818
3821
3822
3823
3825
3828
3829
3833
3835
3836
3837
3840
3841
3842
3846
3847
3848
3849
3850
3852
3853
3857
3858
3859
3860
3861
3864
3866
3867
3868
3869
3870
3871
3872
3873
3876
3877
3878
3880
3881
3882
3883
3886
7346
3887
3888
3890
3893
3895
3896
3897
3898
3899
3901
3905
3907
3910
3911
3913
3919
3925
3926
3927
3929
3930
3932
3933
3936
3937
3938
3939
3940
3941
3943
3946
3949
3951
3952
3953
3955
3956
3957
3961
3963
3964
3965
3967
3969
3971
3972
3973
3974
3978
3997
3998
4000
4002
4003
4004
4006
4008
4009
4010
4012
4013
4014
4016
4019
4020
4022
4025
4027
4029
4031
4033
4035
4036
4037
4038
4039
4040
4043
4044
4047
4049
4050
4051
4053
4054
4055
4056
4057
4058
4062
4063
4064
4065
4066
4067
4069
4070
4072
4073
4074
5043
4075
4076
4077
10701
4078
4081
4082
4084
4085
4089
4090
4093
4095
4096
4099
4100
4102
4103
4104
4105
4106
4112
4113
4115
4119
4120
4123
4124
4128
4129
4131
4132
4133
4134
4135
4136
4140
4141
4142
4143
4144
11829
11830
4146
4147
4148
4150
4152
4154
4155
4156
4157
4158
4159
4160
4161
4162
4164
4165
4166
4168
4170
4171
4174
4175
4177
4178
4180
4183
4184
4193
4194
4195
4196
4197
4198
4200
4201
4205
6090
4206
4208
4209
4212
4214
4215
4217
4220
4223
4228
4230
4232
4233
4236
4237
4239
4240
4241
4242
4243
4246
4247
4249
4250
4251
4253
4256
4260
4333
4265
4268
4269
4270
4271
4275
4278
4279
4282
4283
4285
4287
4288
4289
4290
4291
4293
4294
4298
4305
4306
4307
4309
4311
4312
4315
4327
4334
4336
4337
4340
4343
4351
4353
4355
4356
4359
4361
4362
4366
4368
4369
4370
4372
5281
7742
4376
4377
4378
4380
4383
4384
4385
4386
4388
4389
4390
4393
4394
4398
4400
4402
4404
4405
4406
4408
4409
4410
4412
4414
4416
4422
4423
4427
4429
4430
4434
4435
4437
4440
4442
4447
4448
4449
4450
4455
4457
5649
4463
4465
4466
4472
4475
4476
4488
4493
4496
4497
4498
4501
4503
4505
4508
4511
4512
4514
4517
4518
6750
4519
4520
4522
4523
4525
4526
4531
4536
4539
4547
4553
4554
4557
4558
4559
11078
4563
4564
4566
4569
4573
4575
4578
4579
4580
4588
4590
4591
4592
4593
4594
4597
4601
4602
4603
4608
4609
4610
4612
4615
4616
4617
4618
4620
4621
4623
4624
4626
4628
4629
4632
4635
4636
4665
9534
4637
4638
4639
4640
4641
4643
4644
4645
4646
4647
4651
4652
4660
4662
4664
4667
4671
4672
4675
4676
4682
4685
4687
4688
4699
4704
4711
4714
4715
4716
4722
4725
4727
4731
7889
4735
4736
4747
4748
4750
4751
4752
4753
4757
4759
4763
4765
4770
4774
4775
4778
4780
4782
4783
4784
4786
4788
4789
4790
4792
4794
9056
4796
4797
4798
4799
4801
4802
4803
4804
4807
4809
4810
4812
4813
4815
4818
4820
4821
4823
4824
4826
4827
4828
5309
4830
4831
4832
4833
4837
4840
4846
4847
4849
4850
4857
4858
4862
4865
4870
4872
4873
4874
4876
4877
4878
4880
4881
4882
4883
4884
4885
4886
4887
4888
4894
4895
4896
4898
4899
4900
4901
4902
4905
4906
4907
4908
4911
4912
4913
4916
4919
4921
4922
4923
4925
4927
4928
4930
4931
4932
4935
4936
4939
4940
4942
4943
4946
4947
4948
4949
4951
4952
4953
4954
4959
4960
4961
4963
4966
4969
4973
4978
4979
4980
4984
4985
4988
4989
4990
4991
4993
4994
5000
5001
5003
5006
5011
5013
5015
5016
5017
5019
5020
5021
5022
5023
5028
5029
5030
5031
5032
5033
5034
5035
5036
5037
5040
5044
5045
5046
5048
5052
5055
5056
5057
5059
5061
5062
5065
5066
5067
5070
5071
5073
5074
5076
5078
5080
5081
5082
5083
5084
5086
5088
5091
5093
5095
5096
5177
5097
5101
5102
5103
5104
5105
5109
5111
5112
5113
5115
5116
5119
5123
5126
5127
5130
5132
5133
5136
5137
5139
5140
5141
5142
5144
5145
5146
5147
5148
5149
10579
5150
5151
5155
5157
5158
5161
5162
5164
5165
5166
5167
5299
5171
5172
5173
5179
5180
5182
5183
5184
5188
5189
5190
5193
5200
5201
5204
5205
5452
5211
5213
5215
5217
5218
5220
5221
5222
5223
5225
5231
5233
5235
5236
5239
5240
5241
5242
5243
5246
5247
5251
5253
5254
7783
5255
5256
5258
5259
5260
5261
5263
5747
5264
5268
5269
5270
5274
5275
5276
5293
5283
5285
5286
5289
5290
5296
5291
5294
5297
5300
5302
5882
5303
5305
5306
5308
5310
5317
5318
5319
5320
5501
5321
5322
5323
5967
5330
5331
5332
5336
5337
5338
5339
5341
5343
5344
5347
5348
5350
5354
5357
5361
5362
5365
5366
5367
5368
5371
5372
5375
5379
5381
5382
5383
5386
5387
5388
5389
5390
5392
5393
5394
5396
5397
5398
5399
5400
5401
5405
5407
5408
5411
5412
5413
5414
5415
6202
5416
5417
5418
5421
5422
5423
5424
5425
5426
5431
5432
5433
5434
5437
5439
5441
5443
5444
5445
5447
5451
5462
5465
5466
5468
5469
5476
5480
7917
5489
5492
5494
5497
5504
5505
5506
5507
5508
5513
5514
5515
5517
5518
5520
5521
5522
5525
5527
5533
5535
5536
5538
5539
5541
5543
5544
5545
5546
5548
5550
5551
5552
5553
5555
5556
5557
5559
5566
5567
5571
5577
5578
5579
5581
5582
5583
5584
5585
5586
5588
5590
5591
5594
5596
5606
5607
5608
5609
5611
5612
5613
5614
5615
5616
5617
5619
5620
5622
5625
5626
5627
5628
5631
5633
5635
5636
5637
5642
5645
5647
5650
5651
5654
5656
5660
5661
5662
5663
5665
5667
5670
5671
5672
5673
5676
5677
5678
5679
5680
5681
5682
5683
5685
5689
5692
5695
5696
5697
5698
5699
5700
5701
5703
5704
5705
5708
5709
5710
5711
5712
5714
5715
5716
5718
5719
5721
5722
5723
5724
5726
5727
5728
5731
5732
5733
5734
5735
5736
5739
5741
5742
5744
5745
5746
5748
5751
5753
5755
5756
5759
5761
5762
5763
5764
5765
5766
5767
5769
5771
5772
5773
5774
5776
5777
5782
5783
5785
5786
5787
5789
5790
5791
5794
5795
5796
5797
5799
5800
5803
5806
5807
5808
5809
5810
5811
5812
5815
5816
5819
5822
5823
5826
5827
5828
5829
5833
5835
5839
5840
5842
5843
5844
5845
5846
5849
5850
5852
5853
5854
5855
5856
5857
5860
5862
5863
5867
5870
5871
5872
5878
5879
5880
5883
5884
5887
5888
5894
5895
5896
5897
5898
5902
5903
5905
5908
5909
5914
5917
5918
5927
5946
5947
5950
5952
5953
5958
5959
5962
9290
5972
5973
5975
5977
5981
5984
5985
5986
5987
5991
5997
5999
6005
6007
6008
6009
6010
6012
6014
6015
6016
6017
6018
6024
6029
6032
6034
6372
6036
6038
6043
6044
8545
6045
6047
6050
6056
6057
6062
6065
6070
6072
6074
6075
6076
6078
6079
6081
6085
6087
6088
6091
6092
6093
6094
6809
6095
6096
6098
6100
6101
6102
6103
6104
6105
6107
6108
6109
6110
6111
6112
6115
6117
6118
6119
6120
6122
6124
6127
6128
6130
6132
6134
6136
6137
6138
6140
6141
6145
6146
6147
6148
6150
6152
6154
6155
6156
6157
6159
6160
6161
6162
6164
6165
6167
6168
6170
6171
6172
6173
6174
6175
6177
6178
6179
6181
6182
6183
6184
6185
6187
6188
6189
6190
6192
6194
6195
6197
6198
6199
6200
6204
6205
6207
6208
6209
6215
6216
6217
6218
6219
6220
6221
6222
6223
6224
6225
6227
6230
6232
6233
6235
6236
6238
6239
6240
6242
6243
6244
6245
6250
6251
6252
6253
6255
6256
6257
6258
6263
6268
6269
6271
6272
6274
6275
6276
6279
6280
6282
6284
6285
6286
6287
6288
6289
6291
6293
6297
6298
6300
6302
6303
6305
6306
6307
6308
6309
6313
6314
6316
6318
6321
6322
6323
6324
6326
6327
6328
6329
6333
6334
6335
6336
6339
6340
6341
6347
6348
6349
6350
6352
6355
6356
6358
6360
6366
6367
6369
6373
6375
6376
6378
6379
6381
6383
6384
6385
6387
6391
6393
6399
6401
6402
6403
6404
6410
6411
6412
7403
6415
6416
6417
6418
6419
6423
6424
6425
6426
6427
6429
6430
6431
6433
6435
6436
6437
6439
6441
6442
6444
6446
6447
6448
6449
6450
6452
6453
6454
6456
6457
6459
6460
6462
6468
6469
6470
6471
6473
6474
6475
6477
6478
6479
6482
6483
6484
6485
6486
6487
6488
6489
6491
6492
6493
6494
6495
6496
6497
6498
6499
6500
6501
6502
6503
6504
6505
6506
6507
6508
6509
6510
6513
6514
6515
6516
6518
6520
6522
6523
6524
6525
6526
6527
6528
6531
6533
6534
6536
6537
6540
6541
6542
6545
6546
6549
6553
6554
6555
6556
6557
6558
6559
6560
6561
6563
6565
6566
6570
6571
6572
6573
6575
6578
6579
6582
6583
6584
10061
6587
6590
6592
6779
6593
6594
6595
6596
6597
6600
6601
6602
6606
6607
6608
6610
6612
6613
6614
6615
6620
6621
6622
6623
6625
6628
6632
6633
6635
6636
6637
6641
6642
6645
6647
6648
6650
6656
6660
6661
6662
6663
6667
6669
6670
6673
6674
6676
6677
6681
6682
6683
6688
6689
6698
6700
6708
6709
6712
6718
6720
6728
6729
6732
6736
6737
6741
6743
6746
6748
6749
6751
6752
6759
6761
6762
6763
6766
6768
6769
6771
6776
6777
6778
6780
6783
6786
6787
6793
6796
6798
6802
6804
6805
6808
6810
6816
6823
6824
6825
6826
6827
6828
6829
6832
6833
6834
6835
6838
6840
6842
6846
6847
6848
6849
6855
6857
6858
6859
6860
6862
6865
11664
6866
6867
6868
6869
6870
6871
6872
6873
6875
6879
6881
6882
6883
6886
6888
6889
6890
6892
6893
9395
6895
6896
6897
6899
6900
6901
6902
6904
6905
6906
6908
6910
6912
6914
6915
6918
6921
6923
6924
6926
6928
6930
6932
6933
6934
6936
6937
6938
6939
6940
6947
6948
6949
6957
6961
6964
6966
11259
6967
6969
6971
6974
6975
6977
6978
6979
6980
6981
6982
6983
6988
6989
6990
6991
6992
6994
6998
6999
7000
7003
7005
7007
7008
7009
7012
7015
7017
7019
7020
7024
7025
7026
7027
7030
7031
7033
7038
7039
7042
7044
7047
7052
7053
7054
7057
7058
7059
7065
7069
7070
7073
7076
7085
7086
7088
7089
7090
7096
7099
7100
7106
7111
7112
7119
7126
7128
7129
7130
7133
7134
7137
7138
7140
7145
7147
7148
7150
7152
7153
7156
7157
7158
7159
7163
7165
7174
7175
7183
7186
7187
7283
7188
7191
7193
7201
7203
7204
7205
7207
7214
7221
7222
7225
7227
7228
7229
7231
7232
7236
7237
7238
7242
7245
7246
7248
7251
7252
7253
7255
7257
7259
7260
7368
7263
7264
7265
7266
7268
7269
7272
7273
7274
7278
7279
7282
7286
7288
7294
7297
7298
7300
7301
7302
7306
7309
7310
7311
7313
7314
7316
7319
7321
7323
7324
7325
7328
7330
7332
7335
7338
7341
7343
7344
7348
7349
7351
7354
7355
7358
7361
7362
7363
7364
7369
7370
7372
7373
7377
7379
7380
7384
7385
7386
7388
7389
7391
7393
7394
7398
7413
7416
7420
7422
7424
7427
7430
7431
7432
7434
7435
10161
7439
7444
7446
7451
7452
7467
7492
7497
7503
7508
7516
7520
7524
7526
7527
7528
7533
7534
7537
7539
7540
7542
7550
7551
7553
7554
7562
7564
7565
7578
7588
7592
7596
7598
7604
7615
7616
7618
7620
7627
7632
7634
7635
7643
7644
7648
7649
7652
7654
7656
7661
7662
7664
7670
7677
7680
7686
7687
7689
7690
7692
7703
7704
7709
7718
7722
7723
7724
7725
7728
7731
7732
7738
7740
7746
7747
7751
7754
7756
7758
7759
7760
7764
7766
7768
7772
7773
7774
7782
7790
7794
7800
7801
7810
7822
7824
7828
7830
7835
7845
7846
7847
7850
7874
7877
7880
7892
7895
7897
7899
7901
7902
7907
7908
7913
7920
7927
7928
7934
7937
7941
7942
7945
7947
7948
7950
7952
7954
7955
7957
7964
7966
7970
7973
7974
7976
7978
7980
7981
7982
7983
7984
10708
7985
7988
7991
7992
7993
7994
7995
7996
7997
7998
8000
8002
8005
8006
8007
8010
8015
8022
8024
8025
8027
8030
8031
8033
8034
8036
8038
8039
8044
8045
8049
8052
8053
8054
8058
8059
8063
8065
8066
8068
8069
8072
8078
8079
8081
8082
8086
8089
8093
8094
8095
8121
8096
8097
8098
8101
8103
8107
8108
8109
8111
8112
8113
8119
8120
8123
8125
8130
8132
8133
8134
8137
8139
8143
8144
8145
8147
8148
8154
8156
8159
8164
8175
8176
8181
8187
8190
8193
8199
8205
8214
8216
8219
8221
8225
8226
8227
8232
8237
8241
8243
8247
8253
8254
8256
8258
8264
8271
8272
8275
8280
8282
8290
8293
8296
8297
8317
8320
8323
8325
8331
8333
8335
8339
8341
8342
8346
8347
8352
8353
8354
8358
8359
8365
8366
8368
8369
8371
8372
8374
8376
8378
8379
8380
8382
8392
8395
8400
8401
8402
8405
8407
8409
8410
8412
8414
8416
8421
8425
8428
8431
8432
8433
8434
8435
8437
8439
8443
8445
8452
8456
8457
8458
8459
8464
8465
8470
8471
8474
8479
8482
8485
8486
8487
8490
8491
8492
8500
8503
8504
8506
8510
8516
8517
8519
8520
8521
8523
8527
8528
8530
8532
8535
8536
8538
8540
8542
8549
8550
8551
8552
8553
8556
8557
8558
8559
8565
8567
8568
8569
8571
8572
8575
8576
8579
8585
8586
8587
8592
8596
8597
8598
8602
8603
8605
8608
8610
8615
8616
8620
8621
8624
8625
8631
8641
8642
8643
10931
8645
8647
8648
8649
8650
8651
8653
8654
8656
8657
8661
8662
8663
8664
8666
8669
8670
8679
8680
8682
8683
8686
8687
8688
8690
8691
8692
8693
8695
8696
8698
8700
8701
8702
8704
8705
8707
8709
8711
8714
8716
8719
8720
8721
8734
8736
8739
8740
8743
8746
8748
8752
8753
8754
8756
8757
8760
8763
8766
8768
8769
8771
8772
8773
8775
8777
8779
8780
8783
8784
8785
8788
8793
8798
8800
8801
8803
8805
8806
8807
11640
8810
8812
8814
8815
8816
8820
8821
8824
8826
8831
8832
8837
8840
8841
8842
8843
8846
8847
8848
8849
8850
8852
8853
8862
8864
8868
8870
8874
8879
8880
8881
8882
8883
8884
8886
8887
8892
8897
8898
8899
12289
8900
8907
8908
8909
8910
8911
8912
8916
8919
8920
8921
8923
8925
8926
8928
8933
8937
8941
8943
8945
8949
8955
8956
8959
8961
8963
8967
8972
8973
8974
8977
8978
8979
8980
8981
8982
8983
8986
8989
8990
8991
8992
8993
8994
8996
8997
8998
9214
8999
9000
9001
9002
9004
9005
9006
9007
9008
9011
9013
9018
9023
9029
9030
9034
9035
9037
9038
9040
9041
9045
9047
9049
9050
9052
9478
9494
10127
9057
9058
9062
9064
9065
9068
9072
9077
9078
9080
9081
9083
9088
9089
9090
9091
9094
9095
9096
9097
9098
9101
9107
9108
9109
9111
9115
9116
9117
9118
9122
9123
9124
9125
9127
9128
9129
9130
9131
9132
9134
9135
9136
9138
9141
9142
9143
9144
9148
9149
9151
9152
9153
9154
9155
9158
9160
9161
9163
9165
9167
9168
9169
9178
9179
9184
9187
9191
9197
9200
9203
9205
9207
9208
9209
9211
9213
9220
9225
9227
9231
9232
9233
9236
9243
9245
9247
9251
9252
9255
9256
9257
9258
9259
9260
9261
9263
9267
9268
9274
9275
9276
9278
9279
9282
9283
9284
9286
9287
9289
9291
9292
9293
9294
9295
9296
9297
9298
9299
9300
9302
9303
9304
9307
9308
9310
9312
9316
9318
9322
9325
9326
9327
9328
9330
9333
9334
9336
9337
9339
9340
9343
9344
9345
9349
9350
9351
9354
9358
9359
9360
9361
9362
9363
9366
9368
9369
9370
9371
9373
9374
9376
9377
9379
9380
9381
9382
9387
9389
9391
9392
9393
9394
9396
9397
9398
9399
9402
9403
9404
9405
9406
9407
9409
9410
9411
9413
9414
9418
9419
9420
9422
9423
9424
9426
9427
9429
9430
9431
9432
9437
9441
9442
9443
9445
9447
9448
9451
9452
9453
9456
9458
9460
9461
9463
9464
9465
9467
9468
9470
9473
9474
9476
9477
9479
9482
9484
9485
9486
9489
9490
9491
9492
9495
9496
9497
9499
9501
9503
9504
9506
9507
9508
9510
9511
9516
9517
9519
9522
9524
9527
9529
9531
9532
9537
9538
9539
9542
9543
9544
9545
9546
9548
9549
9550
9553
9556
9560
9561
9568
9569
9570
9572
9575
9577
9578
9580
9584
9587
9588
9591
9595
9596
9603
9611
9614
9621
9624
9625
9627
9631
9635
9640
9641
9642
9643
9646
9652
9654
9655
9656
9660
9662
9664
9665
9667
9669
9679
9684
9685
9689
9690
9692
9697
9698
9702
9703
9710
9718
9720
9721
9722
9723
9728
9735
9736
9739
9741
9743
9746
9748
9750
9755
9757
9759
9761
9762
9764
9765
9766
9767
9768
9770
9771
9774
9775
9776
9778
9779
9782
9787
9789
9792
9797
9798
9800
9801
9802
9806
9807
9808
9812
9813
9814
9816
9817
9819
9820
9821
9828
9829
9830
9832
9833
9834
9839
9840
9841
9842
9843
9846
9847
9848
9849
9850
9851
9852
10309
9854
9855
9856
9857
9859
9861
9862
9863
9864
9866
9867
9869
9870
9871
9872
9873
9874
9875
9877
9878
9879
9880
9881
9882
9883
9884
9885
9886
9887
9890
9891
9892
9893
9894
9895
9897
9899
9901
9902
9903
9904
9906
9909
9914
9915
9916
9917
9918
9920
9922
9923
9924
9925
9926
9927
9928
9930
9933
9934
9938
9940
9944
9945
9948
9949
9950
9952
9953
9954
9955
9957
9958
9962
9963
9965
9970
9972
9976
9977
9979
9984
9986
9987
9988
9990
9991
9993
9994
9995
9996
10000
10002
10006
10007
10008
10009
10011
10014
10017
10018
10020
10021
10022
10023
10025
10026
10036
10043
10044
10048
10051
10052
10053
10055
10056
10057
10058
10059
10062
10063
10066
10068
10069
10073
10074
10077
10080
10083
10092
10095
10102
10105
10112
10113
10121
10122
10123
10125
10130
10131
10139
10142
10143
10144
10147
10153
10159
10162
10170
10172
10173
10174
10178
10181
10189
10191
10194
10197
10199
10202
10203
10209
10210
10215
10217
10218
10219
10223
10226
10228
10230
10232
10236
10240
10241
10242
10244
10245
10247
10248
10249
10254
10255
10258
10265
10266
10267
10269
10274
10277
10278
10283
10285
10288
10290
10291
10293
10294
10297
10298
10304
10305
10306
10307
10312
10313
10314
10315
10317
10318
10319
10321
10328
10331
10332
10333
10334
10336
10338
10341
10343
10344
10345
10346
10348
10351
10353
10354
10355
10360
10361
10363
10364
10365
10366
10369
10370
10371
10375
10377
10378
10381
10383
10386
10392
10395
10397
10400
10404
10405
10413
10415
10418
10419
10427
10429
10435
10437
10438
10442
10446
10448
10450
10452
10456
10464
10465
10467
10468
10469
10471
10472
10476
10477
10480
10485
10487
10491
10496
10500
10501
10502
10506
10508
10513
10514
10517
10519
10523
10528
10533
10536
10538
10544
10546
10550
10551
10552
10554
10555
10557
10559
10563
10566
10567
10569
10570
10571
10572
10573
10574
10577
10582
10585
10586
10587
10590
10591
10593
10594
10596
10598
10599
10600
10601
10604
10605
10607
10614
10615
10617
10618
10621
10625
10630
10631
10632
10636
10637
10639
10640
10642
10645
10649
10651
10655
10657
10662
10666
10667
10668
10671
10672
10674
10676
10679
10682
10683
10685
10688
10692
10694
10700
10703
10709
10712
10716
10717
10728
10730
10731
10733
10734
10736
10742
10743
10744
10747
10751
11274
10757
10760
10761
10771
10774
10776
10777
10781
10784
10785
10789
10791
10792
10795
10803
10808
10809
10811
10814
10815
10819
10821
10823
10827
10834
10835
10839
10841
10842
10843
10845
10846
10847
10849
10851
10852
10853
10860
10863
10871
10872
10873
10874
10875
10876
10878
10880
10882
10885
10888
10890
10896
10899
10902
10908
10914
10920
10922
10924
10925
10927
10929
10932
10934
10940
10941
10944
10945
10948
10951
10953
10954
10957
10965
10975
10978
10980
10983
10985
10988
10996
10998
10999
11003
11004
11009
11014
11015
11017
11018
11026
11027
11029
11032
11036
11037
11039
11040
11049
11052
11054
11057
11060
11061
11064
11065
11071
11073
11080
11085
11087
11089
11090
11091
11097
11098
11099
11100
11103
11104
11109
11110
11111
11114
11116
11118
11120
11121
11123
11125
11126
11127
11128
11129
11131
11134
11135
11137
11138
11139
11140
11142
11148
11149
11151
11152
11153
11155
11156
11157
11160
11161
11162
11165
11166
11167
11168
11169
11170
11171
11177
11180
11182
11183
11184
11187
11189
11190
11192
11193
11197
11198
11200
11202
11203
11204
11205
11207
11208
11209
11213
11216
11219
11221
11222
11226
11227
11228
11229
11232
11233
11234
11235
11236
11240
11241
11243
11246
11247
11249
11251
11253
11255
11258
11260
11261
11263
11268
11270
11273
11275
11276
11277
11279
11285
11288
11290
11294
11296
11300
11302
11304
11305
11306
11308
11310
11311
11313
11314
11315
11316
11317
11318
11319
11320
11322
11323
11324
11325
11326
11327
11328
11332
11330
11331
11336
11339
11340
11341
11343
11346
11348
11349
11350
11351
11356
11358
11360
11363
11365
11367
11369
11370
11372
11377
11379
11380
11381
11383
11384
11385
11386
11387
11388
11389
11390
11393
11394
11406
11422
11423
11429
11430
11433
11435
11436
11437
11442
11443
11444
11453
11456
11457
11458
11459
11489
11492
11499
11500
11501
11505
11509
11511
11518
11521
11522
11524
11526
11539
11543
11545
11547
11550
11552
11553
11558
11559
11561
11562
11572
11573
11576
11577
11578
11583
11585
11586
11587
11589
11590
11597
11598
11600
11605
11607
11610
11611
11612
11614
11618
11621
11626
11628
11630
11632
11635
11643
11644
11645
11646
11650
11651
11654
11658
11661
11662
11670
11672
11680
11681
11683
11684
11685
11687
11688
11689
11692
11695
11696
11698
11701
11702
11704
11708
11710
11712
11713
11714
11718
11720
11721
11726
11727
11728
11729
11733
11736
11740
11741
11744
11748
11750
11752
11753
11754
11755
11757
11758
11760
11762
11763
11765
11769
11775
11776
11782
11785
11790
11809
11815
11817
11820
11821
11824
11825
11826
11828
11831
11833
11834
11835
11836
11837
11838
11843
11844
11845
11846
11847
11849
11850
11851
11853
11854
11855
11857
11861
11863
11865
11867
11870
11873
11875
11876
11880
11881
11883
11885
11893
11894
11898
11901
11905
11910
11911
11912
11915
11921
11924
11929
11935
11936
11937
11944
11953
11955
11963
11974
11983
11985
11989
11993
11995
12000
12003
12004
12013
12014
12018
12019
12021
12022
12024
12025
12026
12027
12028
12034
12035
12037
12045
12053
12055
12060
12061
12062
12063
12064
12066
12069
12071
12072
12073
12074
12076
12077
12081
12083
12089
12090
12091
12095
12097
12098
12099
12105
12106
12108
12113
12114
12116
12117
12118
12119
12124
12125
12126
12127
12128
12130
12131
12132
12133
12134
12135
12136
12138
12140
12141
12142
12144
12145
12151
12152
12153
12155
12159
12162
12163
12166
12168
12172
12177
12178
12179
12180
12184
12185
12186
12187
12188
12190
12194
12196
12199
12200
12202
12203
12206
12207
12208
12211
12213
12215
12216
12217
12218
12219
12221
12222
12227
12231
12232
12234
12236
12237
12282
12284
12286
12427
12423
12290
12296
12297
12301
12304
12305
12306
12307
12308
12310
12311
12313
12315
12316
12319
12324
12325
12326
12327
12330
12331
12332
12333
12335
12338
12348
12349
12351
12354
12356
12357
12358
12359
12361
12362
12364
12371
12378
12384
12386
12391
12392
12393
12394
12402
12407
12422
12424
12425
12426
12429
12430
12431
12432
12434
12435
