7
8
9
382
14
20
22
27
28
42
144
353
43
365
46
49
50
53
57
94
60
62
63
81
85
86
125
90
91
988
92
95
96
435
97
108
109
122
182
510
110
111
112
113
116
360
356
271
119
120
121
123
126
127
129
130
164
131
135
137
142
145
146
147
148
149
150
151
632
154
158
160
915
161
162
165
166
362
254
167
168
566
169
172
687
175
176
179
618
359
183
637
184
187
188
191
197
199
200
259
203
204
205
1101
214
215
218
221
224
226
227
229
230
237
238
244
245
331
247
250
251
252
253
962
771
260
386
261
262
263
265
301
266
267
268
269
270
283
272
273
278
279
842
280
281
658
427
284
285
286
289
297
298
700
303
305
311
312
935
319
320
321
322
329
332
586
334
336
338
343
347
348
349
351
352
354
355
357
876
361
363
364
366
367
368
369
370
371
374
375
376
975
377
413
378
379
380
645
383
384
385
387
388
389
390
391
392
884
393
394
395
397
399
400
401
402
404
1774
407
408
410
411
412
416
419
1078
420
421
422
423
424
425
428
429
430
433
437
438
486
439
441
442
443
448
449
450
451
452
453
454
455
456
457
460
461
462
463
464
465
466
467
469
470
471
472
473
474
475
476
477
478
479
480
481
482
483
485
488
490
491
493
494
495
496
497
498
499
500
501
502
503
504
508
509
511
512
514
515
516
517
518
519
520
522
524
525
526
527
528
529
530
531
532
533
535
536
538
539
540
541
718
542
543
545
547
548
549
550
551
555
986
556
557
558
560
561
562
563
564
565
567
568
569
577
578
579
580
582
585
587
590
594
595
596
598
599
600
601
602
603
606
607
608
611
612
615
616
617
619
621
622
623
624
625
626
627
628
629
631
893
633
634
635
636
642
643
644
647
649
650
652
654
655
656
661
662
663
664
666
667
668
673
674
675
680
681
683
686
688
692
693
694
695
696
697
699
701
702
703
704
705
707
708
709
712
713
715
719
720
721
722
726
728
729
730
731
733
734
735
1410
739
740
747
749
750
752
753
754
756
758
759
761
762
766
767
768
770
772
773
774
946
775
777
778
779
780
781
783
784
785
786
787
788
791
792
1035
794
795
796
797
798
799
800
801
802
803
804
805
806
807
808
809
810
811
812
813
815
817
818
821
823
825
827
829
831
832
1106
834
835
836
837
838
1195
1167
1495
841
843
844
845
846
847
849
852
874
860
862
864
868
869
873
875
1086
877
879
880
881
882
883
887
888
1182
895
897
900
903
904
906
958
907
908
912
913
914
916
917
918
919
920
921
922
924
925
927
929
932
933
934
936
939
941
942
943
945
947
1331
951
952
1138
953
1021
954
985
955
957
960
961
965
1017
968
969
970
971
972
976
977
979
980
981
982
984
987
990
991
992
993
994
1133
995
996
997
998
999
1000
1005
1006
1007
1008
1009
1010
1011
1012
1015
1016
1018
1020
1022
1023
1024
1025
1028
1029
1030
1031
1033
1034
1038
1039
1041
1042
1043
1045
1046
1049
1107
1052
1053
1054
1055
1056
1068
1069
1071
1073
1079
1080
1081
1082
1084
1085
1088
1089
1090
1091
1092
1093
1094
1095
1098
1100
1105
1109
1110
1111
1112
1113
1114
1117
1118
1119
1122
1123
1124
1125
1126
1128
1129
1130
1131
1132
1134
1135
1136
1137
1139
1140
1141
1142
1143
1144
1145
1146
1147
1149
1150
1152
1153
1154
1155
1156
1159
1160
1162
1163
1166
1169
1171
1173
1174
1175
1176
1179
1181
1183
1185
1187
1188
1190
1193
1194
1199
1202
1206
1207
1208
1209
1218
1224
1225
1226
1227
1229
1291
1230
1232
1233
1241
1245
1246
1248
1249
1253
1254
1255
1260
1264
1266
1268
1269
1271
1272
1275
1276
1281
1283
1289
1293
1294
1295
1296
1299
1302
1305
1307
1312
1314
1315
1316
1317
1320
1324
1332
1340
1347
1349
1352
1355
1356
1357
1358
1363
1367
1368
1369
1371
1374
1378
1381
1383
1385
1386
1387
1388
1392
1393
1394
1395
1396
1398
1400
1404
1405
1406
1407
1409
1413
1416
1419
1422
1424
1426
1430
1431
1432
1433
1434
1435
1436
1437
1438
1439
1443
1446
1447
1448
1449
1450
1451
1452
1457
1459
1460
1461
1464
1465
1467
1469
1470
1474
1475
1477
1927
2308
1478
1479
1480
1486
1491
1492
1494
1497
1498
1500
1507
1509
1511
1512
1798
1887
1513
1517
1519
1524
1526
1530
1534
1535
1538
1540
1542
1544
1546
1547
1548
1551
1553
1554
1558
1559
1560
1562
1563
1565
1567
1568
1569
1571
1572
1573
1574
1578
1579
1582
1590
1591
1592
1594
1600
1601
1604
1605
1606
1607
1609
1611
1613
1614
1616
1619
1622
1623
1624
1625
1627
1629
1631
1632
1633
1634
1635
1638
1641
1642
1644
1646
1648
1650
1651
1652
1653
1654
1655
1657
1662
1664
1665
1668
1669
1671
1672
1673
1675
1677
1678
1679
1680
1682
1684
1686
1688
1691
1695
1696
1698
1700
1701
1702
1705
1707
1708
1709
1710
1713
1715
1716
1718
1719
1720
1721
1723
1724
1726
1731
1732
1733
1737
1738
1740
1741
1742
1746
1754
1759
1761
1762
1765
1766
1769
1771
1778
1779
1780
1781
1783
1788
1791
1793
1794
1797
1799
1802
1805
1809
1810
1812
1816
1817
1819
1825
1826
1827
1828
1830
1833
1834
1838
1842
1845
1847
1848
1851
1854
1855
1864
1873
1883
1886
1890
1894
1900
1909
1912
1923
1928
1929
1930
1931
1932
1933
1935
1938
1942
1944
1947
1951
1952
1954
1955
1956
1957
1958
1959
2302
1960
1961
1965
1968
1969
1971
1974
1978
1979
1983
1985
1989
1990
1991
1993
1996
2001
2003
2004
2007
2011
2012
2013
2015
2017
2019
2020
2024
2026
2028
2032
2034
2037
2040
2042
2043
2044
2045
2049
2052
2053
2055
2058
2059
2065
2066
2067
2068
2069
2070
2072
2074
2076
2078
2079
2080
2082
2083
2084
2085
2086
2088
2089
2090
2091
2094
2095
2096
2098
2102
2104
2106
2109
2110
2111
2112
2114
2115
2116
2118
2121
2122
2124
2125
2126
2131
2134
2139
2142
2143
2146
2147
2152
2154
2156
2157
2160
2162
2163
2167
2170
2171
2172
2173
2175
2177
2180
2182
2183
2184
2188
2189
2191
2192
2194
2195
2199
2200
2201
2203
2204
2205
2206
2211
2212
2214
2216
2221
2223
2225
2227
2233
2234
2237
2238
2242
2243
2244
2250
2254
2258
2259
2260
2261
2262
2266
2267
2270
2273
2275
2276
2279
2283
2284
2287
2288
2293
2296
2297
2301
2305
2311
2314
2315
2318
2319
2323
2325
2341
2342
2347
2351
2352
2361
2362
2365
2367
2369
2370
2381
2384
2387
2389
2392
2399
2402
2403
2404
2405
2406
2409
2412
2413
2419
2433
2435
2438
2439
2441
2442
2446
2451
2452
2454
2455
2458
2461
2468
2474
2475
2481
2483
2488
2489
2494
2496
2497
2501
2504
2507
2510
2511
2516
2523
2524
2526
2530
2531
2535
2537
2538
2539
2542
2545
2546
2547
2548
2550
2551
2557
2561
2562
2565
2566
2567
2582
2568
2572
2575
2580
2586
2588
2590
2591
2594
2595
2598
2599
2600
2602
2603
2607
2609
2610
2611
2612
2613
2615
2617
2618
2619
2620
2621
2622
2623
2624
2625
2629
2631
2636
2640
2641
2644
2647
2648
2654
2658
2660
2664
2667
2669
2671
2672
2673
2675
2676
2681
2696
2682
2691
2695
2698
2700
2704
2705
2711
2713
2721
2729
2730
2731
2733
2739
2740
2744
2780
2746
2750
2753
2754
2755
2757
2758
2760
2761
2763
2768
2771
2778
2782
2783
2784
2785
2786
2789
2792
2793
2794
2795
2796
2797
2798
2799
2801
2809
2811
2812
2815
2818
2821
2822
2828
2830
