0
1
8640
2
1440
3
4096
13249
2530
4417
40
5610
1485
9647
113
5649
3604
405
6136
7668
7361
7675
3562
5
353
2146
2180
2599
331
7277
184
1170
2456
644
5370
5371
1419
1471
8
9
9209
11979
2550
12655
10
7240
8385
5832
11
9260
1774
6288
2898
9909
56
35
19
163
3415
12
13
14
928
412
15
673
3003
8390
7090
5915
60
11261
16
17
18
179
2087
4833
5509
6358
1253
13864
21
22
2372
5766
8040
10442
8240
4535
4856
7133
29
42
30
11609
31
32
1406
11175
33
34
5340
6251
138
5004
6895
10928
9779
7118
6170
37
14927
4148
41
6952
43
44
3416
3828
285
4873
45
65
423
3051
8346
46
3682
50
3616
907
7182
51
5973
634
52
53
8679
55
4325
59
63
409
64
264
897
3345
66
67
68
2869
408
1144
6042
920
72
73
1701
4745
13225
3479
1459
5526
13655
75
125
81
82
1858
83
197
2119
11368
3409
6423
6552
84
288
9638
1532
3154
5007
8818
2612
9429
1433
4783
3838
96
97
98
99
1679
2450
5749
6295
792
7419
3756
3087
102
108
109
111
112
117
118
119
120
5864
3376
124
1798
10851
127
5699
10668
128
129
132
133
3878
137
143
148
149
12726
152
153
156
157
3201
159
168
1231
170
2314
173
8176
1434
15083
178
180
183
185
2728
186
4671
191
192
12790
196
1112
2419
2307
198
210
211
7181
216
225
3117
3158
2103
226
227
9700
8166
228
245
244
5556
252
253
2145
1476
5127
2698
398
1782
254
4754
3091
257
258
261
262
263
9319
275
276
2451
279
284
14277
289
301
330
335
337
343
345
352
366
368
6470
374
383
1629
10961
13076
413
13246
479
384
5154
392
394
395
8332
5711
8086
505
397
5768
403
406
2264
10168
5454
411
5510
11791
13072
3925
10262
3419
418
1600
2257
427
1445
5878
1530
428
3237
7870
429
1237
433
1001
434
436
571
443
444
446
5091
10580
455
459
1489
462
465
470
1696
4749
6738
2714
2556
477
5995
5394
7886
5917
4923
486
487
490
493
494
496
2493
502
6031
506
5368
4976
5440
516
524
525
5632
531
532
543
544
800
545
1616
2069
546
549
552
555
556
557
565
566
1756
573
4086
588
589
6408
590
6022
592
603
604
608
605
5225
607
12970
652
4655
3284
3645
4778
2611
4854
3302
616
617
2500
4133
5450
8949
2937
629
623
1316
626
6924
3443
1894
630
981
633
2504
7879
8861
635
637
3870
639
643
8585
8522
8533
647
649
10657
5614
5500
654
6269
655
660
665
667
7028
14068
675
676
683
9604
6634
5196
11410
13144
687
688
689
695
697
4907
10615
713
716
717
718
6004
719
751
3642
6852
758
783
790
791
796
6659
12851
4857
797
805
823
2621
828
4514
831
862
884
5552
1236
885
890
908
919
922
925
927
930
934
935
938
941
958
964
965
982
9363
5347
995
8132
1488
5399
998
9765
999
1797
1002
1610
2566
1005
1006
1565
1015
1016
1020
1028
1030
1031
3976
2736
7825
6046
1035
1036
3362
1039
1048
1053
1056
1061
1064
1066
1071
1072
1074
1077
1081
1087
1090
1091
2031
1101
1122
1200
1124
1125
1126
1136
13387
5786
12981
1139
1143
1145
1146
1147
1148
1149
4562
1152
1159
1154
1155
1156
1158
1160
1162
4858
1163
1164
1169
5934
5780
3802
1174
1176
6149
1180
1182
9570
1362
1184
2341
1185
1187
1188
1192
1195
4598
1197
11677
1198
3693
14446
1199
1297
10300
4637
1753
1202
1204
1205
2462
1206
1208
1214
1215
9728
14050
1243
13390
6743
6203
3452
3711
1223
1228
9840
1232
2977
1233
5137
1241
1242
6890
1245
1246
1248
1249
1250
8302
2900
5358
1255
1258
1263
1266
1271
1276
1277
1278
2345
9144
1280
1282
1290
2992
1292
1294
5453
1299
1302
1303
1306
1307
1308
1310
1311
1312
1314
12787
1315
1728
1319
1321
1324
1325
1326
1377
1327
1408
1329
13581
1332
2097
1341
8187
1342
1349
1355
1356
1357
1358
1361
2469
1631
1372
1373
1374
1382
1383
1384
1386
1387
1388
1389
1391
1396
1398
1399
1402
8066
2002
1403
1405
1410
1418
8235
1423
1425
1426
10428
2173
1427
1429
2287
1431
1432
1939
1435
10624
1437
1438
1439
2189
3377
12723
3422
1441
2770
1444
1446
1450
1451
1456
4462
1458
13834
7763
3159
1462
1467
1470
1473
1478
1479
1480
1483
4176
7064
2373
1492
1493
4002
1495
1496
1497
1498
5306
1503
1509
1512
4019
1513
4310
1514
1516
1517
7539
1519
1520
1522
1524
13510
1527
7681
6791
7578
1533
1538
1543
1546
8508
1552
1553
1557
1558
1563
1564
1571
1573
1904
3862
1577
1586
4883
1589
1593
1594
14114
1598
3318
1604
1897
1611
1614
1619
1620
1621
1623
1625
1626
1634
10233
1638
1642
1643
1650
1646
1647
1649
10362
1664
1665
6867
15675
1667
1669
6949
1670
3677
1671
1673
2541
1676
1684
1685
1686
1688
1691
3827
1694
1695
1697
1698
1699
1700
7876
3614
4044
6132
5753
3455
1710
1712
1713
1714
1716
1717
1719
1721
2608
1724
1725
1730
1732
1736
11296
1742
8839
1746
1747
2371
6640
1755
5577
1757
1758
1759
1760
1762
1773
1775
6225
1779
1781
1790
1791
1800
1801
1808
1813
1819
1821
1824
1826
1827
1831
1832
1835
1847
1850
1855
1856
1863
3131
1857
4257
10987
11525
4360
6092
4816
2805
4855
8412
1859
1864
5569
1867
1868
1871
2102
1881
1882
1887
1893
1902
3874
1909
1910
1914
1924
1928
1929
1931
5892
8029
12719
1934
2104
1935
1938
1940
1946
1947
6590
1949
1951
1953
7757
1964
1971
1973
4107
1977
1984
1988
9010
15066
1997
2006
8616
8714
2008
2011
2012
2029
7625
5531
2030
2038
2047
2049
3027
2050
2051
2070
2086
6533
2088
2095
2630
4171
5253
2114
2118
3881
2120
2125
2126
5051
2134
2135
2141
2160
4338
6264
2171
2174
2176
2178
2181
2182
2932
6899
2205
2218
2227
2817
2250
2259
10463
2263
2269
2273
2276
2277
2281
2282
2286
2289
2295
2296
2301
2302
2303
6087
2311
13383
7890
2315
2316
2322
2323
2329
2330
2335
2351
2353
2357
2359
7011
2361
2364
11092
6739
10495
2374
2379
2380
2381
2384
2387
4490
2392
2393
2396
2408
2410
2413
2414
2416
3829
4806
13357
11218
3286
2522
3358
2422
2430
2437
7607
2455
2466
2468
13645
7551
2473
2474
2479
15141
2488
2496
2498
2502
7658
11992
2503
2644
2505
2507
2512
2518
2520
2521
3260
2528
2529
6583
10107
2716
2538
2542
2543
2547
2712
2554
2555
2560
2563
2564
2569
2575
2576
2577
2580
2582
2583
2586
2587
2591
2874
2594
2596
2597
2598
10531
2601
2603
2604
2605
2606
2609
2610
5571
2617
2618
2622
2624
2626
2627
2631
2634
2636
2637
2642
2646
2647
2652
9384
2654
2657
2659
2670
2672
2674
2676
2679
2689
2690
2692
2697
2703
2704
8819
2708
2713
13161
2717
2719
2720
2722
2723
15382
4958
2726
2729
2730
2733
2735
2739
2742
2743
2747
2748
2749
2752
2759
2765
2768
6066
2769
3845
5212
2771
2772
2773
9490
2776
2777
2780
2782
2783
2784
2787
2792
2795
2796
2797
2798
2799
2802
9081
2807
2810
2811
2816
8362
3333
2818
2819
2820
7998
2821
2822
2825
2826
2828
2917
2835
2838
2839
2845
2847
2849
8877
2850
2853
2857
2858
2861
2865
2866
2922
2870
2872
2875
6111
2876
2879
2883
13071
4281
2885
2886
11511
2888
3550
2890
2891
2892
2893
13542
5013
2899
8704
7963
2901
2902
2907
2908
2909
2910
2911
2912
7478
9142
2918
2919
2924
2926
2930
2934
2936
2938
2940
2941
4940
2944
2947
2950
2951
2952
2954
2956
2957
2958
4628
2959
2961
4489
3934
2963
2965
4971
2966
2972
2974
2976
2981
2986
2995
2996
2998
2999
3006
3010
3013
3014
3021
3022
3025
3028
3285
6620
10877
3030
3032
3033
3034
8379
3035
3036
3037
4763
10372
3038
3041
3043
3044
3050
3053
3055
3059
3062
3067
3068
3071
3073
4021
3075
3077
3078
5550
5431
3081
3084
3085
3092
3093
3094
3095
3096
8033
3099
3103
3109
3110
3114
3116
3122
3213
3123
3128
6835
3132
3135
3136
3137
3315
3139
3142
3143
3144
3145
3148
3151
6050
3152
3153
3661
3381
10876
3163
3168
3171
3172
3178
3179
3180
3183
3184
3199
3200
9215
3209
3214
3220
3227
3229
3230
3529
3233
3236
12999
14258
3239
3241
3246
11805
3248
5628
3249
3252
3254
3257
3264
3267
3268
3273
3275
3276
3278
3279
5589
3287
3288
3291
3293
3300
3304
14980
3308
3309
3310
3314
7809
3663
3319
3323
3324
3326
3334
3336
7332
3337
3339
3340
3341
6133
3343
6900
3347
3348
3351
3353
3356
3363
3364
3369
11058
3370
3371
3372
4879
6385
4029
3373
3375
3379
3382
3383
3386
3387
3388
11098
3392
3395
3396
3400
3401
3402
3405
3410
3411
3413
4841
3417
4651
3423
7907
3426
3427
3433
3435
3436
3439
3440
3441
8294
8359
3445
3454
3457
3464
3466
3467
3471
3474
3475
3476
3477
12701
3480
3483
3484
11743
3487
3489
3490
3495
3497
3498
3502
3504
3506
3507
3508
3509
3511
3520
3523
3524
3525
3527
11203
14248
3531
3532
3535
3538
3539
3542
3543
3547
7490
3551
3561
7005
3564
3568
3572
5663
3574
3576
3578
3584
3586
3594
10747
3596
5042
3598
3601
3606
3608
3609
3610
3613
6057
3618
3619
3620
3623
3628
3636
3638
3640
3641
15875
5584
15188
3644
3646
3649
3650
3651
3652
3653
3658
3659
3660
3662
3667
3669
3670
3703
3675
3676
4270
3678
3679
3683
10332
3684
3685
3687
6897
3689
3692
3694
3699
3700
15953
12529
3701
4635
3702
3705
3708
3709
3714
3715
3720
3726
3727
3728
3732
3735
3736
3737
3738
3741
3744
3748
3751
3753
3762
3764
3765
3766
3767
3769
3770
3771
3773
3775
3777
3780
3782
3783
3786
3787
3789
3790
3796
3797
3799
3804
3805
3809
3810
3811
3812
3814
3818
3820
3824
3830
3831
3832
3833
3834
3835
3836
3837
3841
3843
3844
3846
3847
3848
3849
3850
3852
3853
3854
3856
11476
5851
3857
3858
3859
3860
3861
3864
3865
3867
3869
3873
3875
3877
3879
12695
6113
3883
3889
3891
3895
3896
9225
3901
3902
3908
3909
3911
3912
3916
3917
3918
3920
3922
3927
3928
3929
3937
3940
3945
3950
3952
3953
3956
3959
3960
3964
3965
3966
3968
3971
3972
3973
4809
3975
10824
3980
3982
3983
3985
3986
3988
3990
3991
3993
3996
3997
3998
3999
4001
4003
4004
4006
4007
4012
4014
11807
4017
6663
4023
11303
4025
4028
7115
4031
4034
4035
4037
4038
4043
4045
4046
4052
4056
4057
4101
4126
4059
4061
4065
4070
4074
4082
4083
4085
4898
4088
4089
4091
4093
4094
4095
4103
4104
4106
4109
4111
11257
4113
4116
8505
4132
4137
4140
4143
4145
4146
4147
4149
4150
4151
4152
4156
4157
4158
4159
4163
4167
4168
4170
4175
4180
4184
4187
4188
6080
4189
13304
4195
4198
4199
4201
4203
4205
4206
4216
4218
4223
4226
4228
4233
4234
4244
4245
4253
4246
4250
4254
4255
4256
4263
4269
5710
4273
4275
4279
4280
4282
4283
4284
4288
4298
4299
4304
4306
4309
4992
8293
4312
10589
4314
4317
4320
4324
4327
4330
4333
4334
4339
4341
4344
4348
4357
4358
5742
4366
6274
4372
4378
6984
4379
4398
4399
4403
4404
4408
5115
5747
4411
4414
4416
4422
4425
4426
4427
4428
4439
4443
4444
6987
4446
4452
4458
4459
9184
4468
4469
4473
4477
4478
4479
4480
4482
4483
4491
4494
4496
4500
4502
4503
4504
4505
4508
4509
4512
9610
4519
4523
4526
4527
4529
4532
4534
4543
9454
8150
6910
4544
4545
5349
4550
4553
4556
4558
4559
4561
4564
4566
4567
4568
4569
4570
4572
4578
4586
4595
4606
4607
4609
4610
4613
4631
4634
8057
10139
4970
4645
6271
4657
4665
4678
4685
4686
4691
4699
4702
4711
4712
4726
4727
4729
4730
8426
4731
4734
4736
4737
4741
4744
4750
4753
4756
4759
4765
4766
12494
4768
4772
4777
5639
4780
4786
4790
4791
4795
4796
4797
4798
4799
15537
4810
4827
4831
4836
4839
4843
4848
4850
5260
14016
4859
4864
4867
4869
4871
5863
4872
5645
4875
4876
4877
4881
4882
4886
4890
4891
4894
4895
4896
4897
4904
4910
14051
10322
6522
4915
4916
4918
4922
4924
4925
10017
4926
4928
4931
4933
4935
4936
4937
13938
13702
4938
6602
4942
4947
4948
4950
4951
4954
4957
4960
4962
6352
4966
4967
4974
4975
4978
4979
4982
4983
4984
4986
4991
6336
5687
4993
4995
4998
4999
5003
5017
5025
5034
5044
5045
5047
5505
5060
5069
5074
5075
5081
5087
5088
5090
5092
5096
5098
5102
5472
8509
5103
5106
5108
5111
5126
5128
5130
5131
5133
6199
5143
5150
5151
5155
5157
5160
5162
5163
5165
5174
5175
5176
5188
5194
5197
5198
5199
5200
5204
5205
5206
5207
5208
5209
5210
5211
8803
5219
5222
5223
5224
6946
5234
5235
5276
5237
5238
5239
5240
5243
5252
5254
5255
5259
8933
5264
5270
5272
5273
5274
5275
5278
5281
5283
5284
5285
5287
5294
5295
5296
5297
5298
5299
5307
5312
5313
5314
5315
5319
5321
5324
5325
5326
5327
5328
7454
5329
5330
5333
5334
5336
6211
5337
5339
15555
5342
5345
10476
5348
5353
5359
9253
5481
10032
5365
5372
5373
5374
5377
5379
5381
5385
5389
5390
6350
5393
5401
5403
5404
5408
5409
5413
5415
5419
5420
5423
5425
5426
8612
5430
5433
5435
5437
5438
5439
5443
5444
5449
5451
8291
9137
5456
5460
5461
5462
5465
5469
5470
5471
5473
5474
5475
5476
5477
5478
5479
5480
5487
5488
5492
5497
5498
5499
5506
5883
5514
5518
5520
5523
5529
5770
5532
13804
5534
5537
5538
5541
5542
5545
5547
6586
5554
5555
5557
5559
5560
5561
5563
5564
5565
11081
5572
5574
5575
5578
5581
5585
5586
5587
6167
5592
5599
5600
5601
5603
5604
5606
5607
5608
9078
6234
8475
5611
5616
5617
5618
5622
5623
5624
5625
5630
5631
5633
5634
5635
5636
5637
5640
5643
5644
5650
5656
5660
5665
5666
7846
7228
5672
5676
5678
10839
5679
5680
5682
5688
5692
5695
5696
5697
5703
5704
5707
5712
5714
5715
5717
5719
5720
5764
5721
5722
6566
5723
5725
5727
5729
5730
10982
5731
5733
5734
5738
5739
5740
5941
5744
5746
5750
5754
5755
5756
5757
5758
5759
5760
6075
5767
5774
5782
5785
6141
5789
5791
5792
5794
5795
5797
5806
5812
5814
5816
5819
5821
5823
5824
5825
5826
5834
5840
5841
5845
5846
5850
5853
5855
5856
5857
5858
5860
5861
5862
5866
5869
5872
5874
5876
5877
5879
5897
5884
5885
5886
5888
5891
5894
5895
8053
5900
5901
5902
14559
5904
5908
5909
5911
5912
6206
5914
5919
5922
5924
5926
5928
5929
5930
5937
5938
5946
5949
5951
5952
5954
5956
5957
5958
5959
5963
5964
5967
5969
5970
5972
7299
5978
5984
5987
5988
5989
5990
5991
5993
5994
8356
5996
6003
6005
6006
6007
6008
6009
6012
6016
6017
6018
6019
6021
6023
6026
6028
6029
6033
6037
6039
6040
7194
6043
6044
6045
6047
6048
6051
6053
6056
6061
6062
6064
6068
6069
6070
6071
6076
6077
6078
6081
6084
6085
6086
6088
6089
6093
6097
6099
6100
6101
6102
6108
6110
6115
6116
6118
6120
6123
6124
6125
6126
6127
7662
6130
9821
6134
6135
6140
6142
6143
6144
6145
6146
6148
6150
9479
6151
6152
6154
6155
6156
6157
6158
6159
6160
6161
6162
6163
6164
6165
6166
6168
6173
6174
6175
6176
6177
6178
6179
6182
6183
6184
6185
6186
6192
6194
6197
6198
6200
6201
6204
6205
6208
10872
6212
6216
6218
6219
6220
6221
6222
6223
6226
6228
6235
6240
6241
6244
6245
6247
6248
6249
6250
6252
6253
6255
6257
6258
6261
6263
8767
6268
6275
11231
6276
6278
6279
6280
6282
6283
6289
6290
6291
6292
6296
6297
6300
6302
6303
6306
6307
6308
6309
6310
6312
6313
6314
6315
6320
6321
6323
6324
6326
6327
6330
6331
6332
6334
6338
6340
6342
6343
6345
6348
6349
6351
6357
6360
6361
6363
6364
6366
6367
6368
6369
6371
6374
6375
6376
6378
6379
6380
6381
6386
6387
6392
6393
6395
6396
6397
6398
6400
6401
6403
6404
6406
6410
6411
6413
6414
6415
6416
6420
6422
6424
6426
6427
6428
6430
6431
6432
6433
6435
6436
6438
6439
14615
6440
6445
6446
6447
6449
6450
6451
6452
6454
6455
6456
6457
6459
6461
6465
7872
6473
6474
6475
6476
6477
6478
6480
6481
6482
6483
6486
6487
6488
6492
6498
6499
6503
6504
6506
6507
6508
6511
6512
6515
6517
6521
6523
6524
6525
6526
6529
6531
6534
6535
6536
6538
6539
6540
6541
6542
6543
6544
6546
6548
6549
6551
6553
6554
6555
6558
6559
6560
6561
6562
6564
8078
6567
6569
6572
6574
6581
6576
6577
6578
6582
6584
6585
6593
6596
6597
6599
6601
6603
6604
6605
6608
6610
6611
6612
6615
6616
6625
6628
6629
6633
6636
6638
6648
6649
6650
6651
6656
6657
6660
6662
6665
6679
6681
6684
6687
6688
6691
6713
6694
6697
6699
6700
6701
6702
6704
6706
6708
6709
6710
6711
6714
6716
6719
6720
6725
6726
6727
6730
6732
6733
6735
6742
6744
6745
6746
6748
6752
6756
6758
6759
6760
6761
6762
6766
6767
6770
6772
6773
6775
6776
6777
6782
6786
6788
6789
6793
6795
6797
6798
6799
6800
6803
6805
6807
6809
6810
6811
6814
6815
6816
6817
6818
6824
6826
6827
6828
6830
6831
6833
6834
6836
6839
6840
8826
6841
6842
6843
6844
6845
6846
6847
6849
6851
6853
6854
6855
6856
6857
6858
6859
6860
6862
6863
6864
6865
6866
6868
6869
6870
6872
6873
6874
6875
6876
6877
12298
6878
6880
6881
6882
10889
6883
6885
6886
6887
6889
6891
6893
6898
6901
6902
6903
6904
6906
6908
6909
12434
6911
6912
6913
6914
6915
6916
6917
6918
6919
6921
6922
6923
6925
6926
8307
6927
6928
6929
6930
6932
6933
6934
6935
6936
6937
6938
6939
6940
6941
6942
6943
6944
6945
6948
6950
6953
6954
6955
6956
6958
6959
6960
6962
6963
6964
6966
6968
6969
6970
6971
6972
6973
6974
6975
6976
6977
6978
6979
6981
6982
6983
6985
6988
6989
6991
6992
7014
6993
6994
6995
6996
6997
6998
6999
7000
7001
7004
7007
7009
7010
9236
7012
7013
7015
7016
7017
7018
7020
7022
7023
7024
7026
7027
7029
7031
10449
7033
7036
7037
7038
7039
7040
7042
7044
7046
7047
7048
7049
7051
7052
7053
7055
7056
7057
7058
7067
7069
7070
7071
7072
7073
7075
7078
7080
7081
7082
7083
7086
7087
7088
7089
7091
7092
7094
7095
7100
7103
7105
7106
7107
7111
7113
7119
7120
7125
7127
7131
7132
7134
7135
7136
7141
7142
7144
7145
7146
7147
7148
7149
7153
7154
7155
7156
7157
7158
7159
7161
7162
7163
7164
7166
7168
7169
7170
7172
7173
7174
7175
7177
7183
7184
7188
7189
7190
7191
7192
7193
7195
7196
7198
7200
7202
7204
7205
7207
7213
7217
7218
7219
7220
7221
7222
7225
7226
7227
7229
7230
7231
7235
7236
7237
7238
7239
7241
7242
7243
7245
7246
7249
7250
7251
7252
7253
7254
7256
7257
7258
7259
7260
7262
7263
7264
7267
7268
7269
7270
7271
7272
7273
7274
7275
7276
7278
7279
7280
7281
7283
7284
7285
7286
7287
7289
7290
7291
7293
7294
7295
7296
7297
7298
7300
7301
11823
7302
7303
7304
7305
7306
7307
7308
7309
7310
7311
7312
7313
7314
7315
7316
7317
7318
7319
7320
7321
7322
7323
7324
7325
7326
7327
7328
7329
7330
7331
7425
8097
8303
7333
7334
7335
7336
7337
7338
7339
7340
7342
7343
7344
7345
7346
7347
7348
7349
7350
7351
7352
7353
7354
7355
7356
7357
7358
7359
7360
7362
7363
7364
7365
7366
7367
7368
7369
7370
7371
7372
7374
7375
7377
7379
7380
7381
7382
7383
7384
7385
7386
7387
7388
7389
7390
7391
7392
7393
7394
7395
7396
7397
7398
7399
7400
7401
7402
7403
7404
7405
7406
7407
7408
7409
7410
7411
7412
7413
7414
7415
7416
7417
7418
7420
11550
7422
7423
7424
7426
7427
7428
7429
7430
7432
7433
7434
7435
7436
7437
7439
7440
7441
7442
7443
7444
7445
7446
7447
7448
7449
7450
7451
7453
7455
7456
7457
7458
7459
7460
7461
7462
7463
7464
7465
7466
7467
7468
7469
7470
7471
7472
7473
7474
7475
7476
7477
7479
7480
7481
7482
7483
7484
7485
7486
7487
7488
7489
7491
7492
7493
7494
7495
7496
7497
7498
7499
7500
7501
7502
7503
7504
7505
7507
7508
7509
7510
7511
7512
7513
7515
7516
7517
7518
7520
7521
7522
7523
7524
7526
7527
7528
7529
7530
7531
7532
7533
7535
7536
7537
7538
7540
7541
7542
7543
7544
7545
7546
7547
7548
7549
7552
7553
7554
7555
7556
7557
7558
7559
7561
7562
7563
7564
7565
7566
7568
7569
7570
13601
7571
7572
7573
7574
7576
7579
7580
7581
7582
7584
7585
7586
13301
7587
7588
7589
7591
7592
7593
7595
7596
7597
7598
7599
7600
7602
7603
7606
7608
7609
7612
7613
7614
8271
7615
7617
7618
7619
7620
7621
7624
7628
7630
7631
7632
7633
7634
7636
7639
7643
7648
7652
7653
7654
7655
7656
7657
7659
7664
7666
7670
7671
7672
7674
11233
7676
7678
7679
7680
7682
7684
7685
7686
7690
7691
7692
7693
7694
7695
7697
7698
7699
7700
7701
7703
7706
7707
7708
7709
12026
7710
7712
7714
7718
7719
7720
7721
7722
7724
7725
7726
7727
7728
7729
7730
7731
7732
7733
7734
7735
14978
7736
7737
7738
7740
7742
7743
7744
7746
7748
7750
7754
7755
7758
7759
7760
7761
7762
7764
7766
7767
7769
7770
7771
7774
7775
7778
7779
7780
7781
7783
7785
7786
7787
7788
7789
7790
7791
7793
7794
7795
7796
7797
7798
7799
7800
7803
7804
7805
7806
7807
7808
7811
7813
7814
7815
7816
7817
7819
7821
7822
7823
7824
7827
7828
7830
7832
7834
7835
7837
7839
7841
7842
7843
7845
7847
7849
7850
7851
7852
7854
7856
7858
7859
7860
7861
7862
7863
7864
8491
7865
7866
7867
7868
11446
9031
7871
7873
7874
7875
7877
7878
7880
7881
7883
7884
7887
7888
7889
7891
7892
7893
7895
10837
7896
7897
7898
7899
7901
7902
7903
7904
7906
7909
7910
7911
7915
7916
7917
7919
7920
7921
7924
7927
7928
7933
7935
7937
7940
7942
7945
7946
7948
7950
7952
7953
7954
7955
7958
7961
7962
7964
7969
7970
7974
7975
7976
7978
7979
7981
7982
7983
7985
7986
7988
7989
7991
7992
7993
7997
7999
8000
8002
8003
8005
8006
8008
8011
8013
8014
8017
8019
8021
8023
8024
8026
8027
8028
8030
8031
8032
14893
8035
8036
8037
8042
8044
8046
8047
8050
8051
8055
8056
8058
8059
8060
8061
8062
8063
8068
8069
8072
8080
8082
8083
8084
8087
8088
8089
8093
8094
8099
8100
8102
8103
8104
8105
8106
8107
8108
8110
8111
8112
8116
8117
8118
8119
8120
8121
8122
8125
8126
8128
8129
8130
8133
8135
8136
8137
8139
8141
8142
8143
8144
8145
8146
8147
8149
8151
8152
8153
8154
8155
8156
8158
8159
8160
8161
8162
8163
8164
8165
8168
8169
8170
8171
8172
8173
8174
8175
8178
8179
8180
8181
8182
8183
8185
8186
8662
8189
8190
8191
8192
8193
8194
8196
8197
8198
8199
8200
8203
8204
8205
8206
8207
8208
8210
8211
8213
8214
8215
8217
8218
8220
8221
8222
8223
8228
8229
8231
8233
8236
8237
8238
8239
8241
8242
8244
8245
8246
8247
8248
8249
8250
8251
8252
8253
8254
8255
8256
8258
8259
8261
8263
8265
8267
8268
8269
8270
8274
8275
8276
8278
8281
8282
8283
8284
8287
8288
8289
8290
8295
8297
8298
8299
8884
8300
8301
8304
8305
8306
8308
8309
8314
8315
8317
8319
8320
8323
8325
8326
8328
8331
8334
8335
8336
8337
8339
8342
8343
8344
8348
8349
8351
8352
8353
8354
8355
8360
8361
8363
8365
8366
8368
8369
8370
8371
8372
8373
8374
8375
8376
13118
8378
8382
8384
8387
8388
8389
8391
8392
8393
8395
8397
8398
8399
8400
8402
8404
8407
8408
8410
8411
8413
8414
8415
8416
8417
8418
8419
8421
8424
8425
8427
8432
8434
8436
8437
8438
10361
8439
8440
8441
8443
8444
8448
8449
8450
8451
8452
8453
8454
9341
8455
8456
8457
8459
8460
8461
8463
8467
8469
8471
8473
8474
8476
8478
8479
8484
8485
8486
8487
8488
8489
8492
8493
8496
8497
8498
8501
8502
8503
8504
8506
8507
14275
8510
8512
8513
8516
8518
8519
8524
8525
8526
8530
8531
8532
8535
8538
8539
8540
8542
8543
8544
8546
8547
8548
8550
8551
8552
8554
8555
8556
8559
8560
8565
8570
8571
8573
8574
8575
8576
8577
8580
8581
8582
8583
8586
8587
8589
8591
8592
8593
8595
8596
8598
8599
8600
8601
8602
8603
8604
8605
8606
8608
8609
8610
8611
8613
8614
8615
8617
8618
8620
8621
8622
8809
8626
8630
8631
8634
8635
8636
8637
8638
8639
8641
8642
8643
8644
8646
8647
8649
8651
8653
8654
8655
8657
8658
8659
8660
8661
8663
8664
8667
8668
8669
8670
8675
8676
8678
9704
8680
8682
8683
8684
8685
8686
8687
8689
8690
8691
8692
8693
8694
8695
8696
8698
8700
8701
8703
8705
8706
8708
8712
8716
8717
8718
8719
8720
8722
8724
8726
8728
8729
8730
8731
8732
8733
8734
8736
8737
8738
8739
8746
8749
8752
8753
8754
8755
8757
8759
8760
8761
8769
8771
8773
8774
8777
8780
8784
8787
8788
8791
8801
8802
8805
8807
8894
8808
8810
8814
8816
8817
12425
8820
8821
8822
8824
8833
8834
8835
8836
8838
8840
8847
8849
8851
8852
8853
8855
8856
8857
8859
8862
8864
8865
8867
8868
8869
8871
8873
8874
8878
8879
8883
8885
8886
8887
8888
8890
8891
8892
8897
8900
8903
8904
8907
8911
8912
8913
8916
8919
8923
8924
8925
8928
8931
8932
8934
8935
8944
8945
8948
8950
8951
8955
8960
8963
8966
8967
8970
8974
8977
8981
8984
8985
8988
8990
8992
8993
8995
8998
8999
9002
9003
9005
9007
9008
9013
9014
9019
9020
9021
9022
9023
9024
9026
9028
9032
9034
9035
9038
9041
9046
9057
9060
9061
9066
9067
9069
9070
9071
9075
9076
9077
9080
12962
9082
9084
9088
9089
9091
9099
9100
13285
9101
9102
9103
9106
9111
9112
9114
9115
9116
9118
9119
9120
9123
9124
9125
9129
9380
9130
9131
9136
9138
9139
9141
9146
9147
9150
9151
9152
9153
9154
9156
9157
9160
9162
9163
9165
9168
9172
9173
9175
9176
9177
9178
9179
9181
9185
9187
9188
9189
9192
9193
9196
9199
9201
9204
9206
9212
9214
9217
9218
9219
9221
9222
9223
9226
9228
9229
9235
9238
9239
9240
9242
9243
9244
9245
11213
9246
9247
9248
9249
9250
9251
9255
9256
9257
9258
9263
9264
9266
9267
9268
9271
9272
9274
9275
9276
9279
9281
9282
9284
9286
9289
9290
9291
9293
9294
9296
9297
9298
9299
9300
9301
9303
9304
9305
9306
9309
9311
9312
9314
9315
9317
9318
9321
9323
9324
9325
9327
9329
9330
9331
9334
9342
9343
9344
9345
9346
9347
9348
9349
9350
9351
9353
9354
9355
9358
9359
9362
9364
9365
9369
9371
9372
9373
9374
9377
9378
9379
9383
9385
9386
9387
9388
9389
9392
9393
9394
9395
9396
9398
9400
9401
9402
9403
9405
9407
9411
9412
9413
9414
9415
9417
9418
9420
9422
9424
9425
9426
9427
9428
11639
9430
9431
9432
9434
9435
9447
9449
9450
9452
9453
9455
9456
9457
9462
9465
9467
9472
9473
9475
9476
9482
9484
9486
9488
9492
9493
9494
9504
9506
9508
9510
9511
9512
9515
9518
9519
9521
9523
9527
9529
9531
9532
9536
9547
9549
9550
9551
9552
9553
9556
9557
9558
9561
9562
9563
9567
9568
9569
9571
9573
9575
9576
9577
9578
9579
9582
9584
9585
9586
9588
9589
9590
9591
9592
9595
9597
9598
9601
9607
9608
9614
9620
9621
9622
9624
9625
9626
9631
9632
9635
9637
9643
9653
9658
9659
9660
9665
9666
9667
9669
9670
9672
9674
9675
9678
9680
9682
9684
9685
9688
9689
9693
9695
9697
9751
9706
9707
9709
9710
9713
9716
9717
9718
9719
9720
9721
9723
9724
9725
9729
9731
9732
9733
9734
9737
9738
9739
9740
9742
9743
9746
9747
9748
9749
9750
9755
9758
9764
9767
9770
9772
9773
9774
9775
9780
9781
9783
9784
9785
9786
9789
9791
9792
9793
9795
9797
9798
9801
9803
9809
9810
9815
9816
9818
9820
9824
9825
9827
9832
13879
9834
9839
9843
9844
9847
9848
9849
9851
9860
9866
9870
9871
9873
9874
9878
9879
9880
9881
9882
9884
9887
9891
9892
9896
9899
9900
9901
9905
9906
9910
9913
9919
9923
9945
9958
9961
9964
9976
9978
9980
9989
9997
9998
10003
10004
10013
10014
10016
10020
10031
10034
10036
10040
10042
10046
10051
10056
10057
10060
10062
10063
10073
10075
10076
10077
10080
10081
10082
10087
10093
10095
10101
10102
10104
10105
10108
10112
10115
10120
10121
10125
10126
10129
10132
10137
10140
10141
10142
10150
10153
10155
10163
10165
10166
10167
10367
10170
10174
10494
10177
10178
10181
10184
10187
10189
10190
10192
10201
10202
10204
10207
10210
10211
10213
10215
10216
10217
10218
10219
10220
10222
10223
10224
10227
10228
10237
10238
10241
10250
10254
10261
10264
10270
10281
10294
10295
10296
10301
10302
10304
10305
10306
10307
10310
10315
10316
10319
10320
10329
10337
10338
10341
10349
10350
10351
10354
10356
10357
10358
10363
10364
10365
10366
10369
10371
10376
10378
10379
10380
10381
10382
11191
10385
10386
10389
10390
10391
10396
10399
10400
10403
10407
10408
10409
10411
10412
10414
10417
10420
10421
10422
10424
10425
10426
11061
10431
10437
10438
10439
10440
10443
10446
10447
10448
10451
10452
10453
10455
10456
12675
10457
10458
10459
10462
10464
10465
10467
10469
10470
10473
10478
10480
10483
10484
10485
10488
10489
10491
10497
10500
10504
10509
10511
10512
10514
10516
10519
10521
10523
10527
10528
10530
10532
10533
10534
10538
10539
10542
10547
10551
10567
10568
10569
10572
10575
10576
10582
10587
10590
10591
10596
10597
10598
10599
10601
10602
10604
10606
10608
10609
10612
10614
10617
10619
10622
10626
10627
10629
10630
10633
10634
10637
10639
10640
10643
10647
10649
10650
10651
10655
10658
10659
10660
10663
10664
10667
10669
10670
10671
10672
10674
10677
10678
10681
10682
10684
10685
10687
10689
10690
10692
10698
10699
10700
10701
10702
10704
10705
10706
10707
10708
10709
10710
10711
10713
10714
10716
10717
10719
10720
10722
10723
10726
10727
10729
10736
10737
10739
10742
10743
10745
10748
10749
10750
10751
14070
10757
10759
10762
10764
10766
10769
10770
10772
10773
10778
10780
10781
10783
10788
10789
10792
10800
10802
10806
10807
10808
10814
10815
10816
10817
10820
10821
10825
11629
10840
10841
10842
10843
10846
10848
10853
10854
12033
10855
10856
10859
10860
10866
10869
10870
10873
10874
10878
10879
10881
10882
10885
10888
10891
10893
10904
10906
10907
10914
10915
10916
10918
10920
10921
13294
10922
10924
10926
10927
10929
10930
10934
10935
10936
10937
10939
10941
10960
10942
10943
10945
10946
10947
10948
10949
10952
10955
10956
10957
10966
10968
10971
10972
10975
10979
10981
10983
10984
10985
10990
10992
10993
10997
11004
11010
11012
11013
11015
11019
11021
11024
11025
11028
11030
11034
11039
11040
11042
11044
11047
11048
11057
11059
11062
11063
11064
11067
11069
11071
11072
11074
11076
11078
11079
11082
11083
11084
11086
11091
11095
11097
12048
11100
11105
11108
11110
11112
11113
11114
11116
11121
11126
11127
11128
11131
11132
11133
11135
11140
11142
11145
11148
11151
11152
11157
11158
11159
11161
11162
11165
11168
11176
11179
11180
11183
11194
11195
11196
11198
11201
11207
11209
11211
11212
11214
11217
11220
11221
11222
11224
11226
11229
11230
11232
14960
14036
11235
11237
11238
11239
11242
11243
11244
11247
11248
11249
11250
11253
11255
11262
11263
11264
11267
11268
11269
12665
11270
11272
11273
11274
11275
11276
11277
11280
11281
14380
11283
11284
11286
11287
11288
11289
11290
11291
11292
11293
11295
11297
11300
11301
11304
11307
11308
11309
11311
11312
11316
11317
11318
11319
11320
11322
11323
11325
11328
11329
11335
11338
11340
11342
11343
11345
11347
11349
11350
11351
11356
11357
11359
11365
11366
11369
11375
11376
11381
11382
11383
11384
11386
11387
11392
11394
11396
11397
11399
11404
11406
11411
11415
11416
11417
11419
11422
11424
11425
11427
11431
11433
11435
11442
11444
11447
11455
11457
11466
11468
11471
11473
11474
11477
11478
11479
11480
11481
11482
11483
11484
11485
11486
11487
11488
11489
11490
11491
11492
11493
11494
11495
11497
11498
11499
11500
11501
11502
11504
11505
11506
11507
11508
11509
11510
11512
11513
11515
11516
11517
11518
11519
11520
11521
11522
11523
11524
11526
11527
11528
11529
11530
11531
11532
11533
11534
11535
11536
11537
11539
11540
11541
11542
11543
11544
11545
11546
11548
11549
11551
11552
11554
11555
11556
11557
11558
11559
11560
11561
11563
11564
11565
11566
11567
11568
11569
11570
11572
11573
11575
11576
11577
11580
11581
11583
11584
11585
11586
11587
11588
11589
11590
11591
11593
11594
11595
11596
11597
11599
11600
11601
11602
11603
11604
11606
11607
11608
11613
11614
11615
11616
11617
11618
11620
11621
11623
11624
11625
11626
11627
11628
11630
11631
11632
11633
11634
11635
11636
11637
11638
11640
11641
11642
11644
11645
11646
11647
11648
11649
11650
11651
11652
11653
11654
11655
11656
11657
11658
11660
11661
11662
13201
11663
11664
11665
11666
11667
11668
11669
11671
11673
11675
11676
11678
11679
11680
11681
11682
11683
11684
11685
11687
11688
11689
11690
11691
11692
11693
11694
11696
11698
11701
11702
11703
11704
11706
11707
11708
11710
11711
11712
11713
11715
11716
11717
11718
11720
11721
11724
11727
11729
11730
11731
11732
11733
11736
11737
11738
11739
11741
11742
11744
11745
11747
11748
11751
11753
11754
11755
11756
11757
11759
11760
11761
11764
11765
11766
11767
11768
11769
11770
11772
11773
11775
11776
11778
11780
11781
11782
11783
11784
11785
11786
11787
11788
11789
11790
11792
11793
11794
11796
11797
11799
11800
11801
11802
11803
11804
11806
11809
11810
11812
11814
11815
11816
11817
11818
11819
11820
11821
11824
11825
11826
11827
11828
11829
11831
11833
11834
11836
11837
11838
11839
11840
11841
11842
11843
11844
11845
11846
11847
11848
11850
11851
11852
11853
11854
11855
11856
11857
11858
11859
11862
11863
11864
11865
11866
11868
11870
11871
11872
11874
11875
11876
11877
11878
11879
11880
11881
11882
11883
11884
11885
11886
11887
11888
11890
11891
11892
11894
11895
11896
11897
11898
11899
11900
11901
11902
11904
11905
11906
11908
11909
11910
11914
11915
11916
11917
11918
11920
11921
11922
11924
11925
11926
11927
11928
11929
11930
11932
11933
11935
11936
11937
11938
11939
11940
11942
11944
11947
11949
11950
11951
13422
11952
11953
11955
11957
11958
11959
11961
11962
11963
11965
11966
11967
11968
11969
11970
11971
11972
11973
11974
16051
11975
11978
11980
11981
11982
11983
11984
11985
11986
11987
11988
11989
11991
11994
11995
11996
11997
12000
12002
12003
12004
12006
12008
12009
12010
12011
12012
12014
12015
12018
12020
12021
12022
12023
12027
12028
12029
12030
12032
12858
12034
12035
12036
12037
12038
12039
12040
12041
12042
12044
12045
12046
12047
12049
12050
12051
12052
12054
12055
12057
12059
12061
12062
12064
12066
12067
12068
12069
12070
12071
12072
12073
12074
12075
12076
12077
12078
12081
12082
12085
12086
12088
12089
12090
12091
12092
12094
12095
12096
12097
12101
12105
12107
12109
12110
12111
12112
12113
12114
12115
12116
12117
12118
12119
12120
12121
12122
12123
12125
12126
12127
12128
12945
12129
12130
12131
12133
12135
12136
12139
12141
12142
12143
12145
12147
12148
12150
12151
12152
12155
12156
12157
12158
12159
12160
12162
12164
12167
12169
12170
12172
12173
12175
12176
12178
12179
12181
12182
12185
12186
12187
12189
12191
12193
12194
12195
12198
12199
12201
12203
12205
12207
12208
12211
12212
12213
12214
12216
12218
12219
12220
12221
12228
12229
12232
12233
12235
12237
12238
12239
12240
12244
12246
12248
12250
12253
12254
12255
12257
12260
12264
12266
12269
12270
12271
12272
12273
12274
12276
12278
12279
12282
12283
12284
12285
12286
12288
12289
12291
12293
12294
12296
12297
12300
12302
12304
12307
12308
12310
12312
12313
12314
12316
12317
12318
12320
12321
12322
12323
12324
12325
12327
12330
12331
12334
12335
12336
12340
12342
12343
12346
12347
12349
12350
12351
12353
12355
12358
12363
12365
12369
12370
12371
12372
12373
12374
12377
12382
12383
12384
12386
12388
12389
12390
12392
12394
12395
12398
12399
12400
12401
12402
12404
12405
12406
12407
12409
12411
12412
12413
12414
12415
12416
12417
12418
12419
12420
12421
12424
12426
12427
12428
12430
12433
12437
12440
12441
12442
12445
12446
12447
12452
12453
12455
12457
12459
12460
12461
12463
12466
12467
12472
12473
12474
12476
12477
12478
12479
12480
12484
12488
12489
12490
12491
12493
12501
12502
12506
12508
12509
12510
12511
12513
12514
12515
12518
12519
12520
12521
12522
12523
12524
12525
12526
12527
12528
12530
12531
12532
12533
12534
12535
12536
12537
12538
12539
12540
12541
12542
12543
12544
12545
12546
12547
12548
12549
12550
12551
12552
12553
12554
12555
12556
12557
12558
12559
12560
12561
12562
12563
12564
12565
12566
12567
12568
12569
12570
12571
12575
12578
12581
12582
12583
12584
12588
12589
12592
12593
12594
12601
12602
12603
12607
12609
12612
12613
12617
12618
12619
12621
12625
12627
12629
12630
12631
12632
12636
12637
12639
12642
12644
12647
12649
12650
12651
12653
12656
12657
12659
12663
12666
12668
12672
12676
12677
12678
12679
12680
12681
12682
12683
12685
12686
12688
12691
12692
12693
12694
14285
12696
12698
12700
12702
12706
12709
12713
12714
12716
12717
12720
12721
12725
12727
12729
12730
12731
12734
12737
12738
12739
12740
12741
12746
12747
12752
12754
12756
12757
12758
12759
12760
12761
12762
12763
12800
12764
12767
12770
12772
12773
12775
12776
12777
12780
12781
12782
12785
12786
12789
12793
12794
12796
12797
12799
12803
12806
12808
12809
12811
12812
12813
12815
12817
12818
12823
12825
12826
12828
12829
12830
12831
12832
12838
12839
12841
12842
12844
12845
12846
12847
12849
12857
12860
12862
12863
12865
12867
12869
12871
12872
12873
12874
12876
12878
12879
12880
12881
12884
12887
12888
12889
12890
12891
12892
12893
12895
12896
12898
12899
12900
12901
12902
12903
12904
12905
12906
12907
12908
12912
12914
12918
12922
12926
12927
12928
12931
12932
12933
12934
12937
12938
12939
12940
13313
12941
12943
12944
12946
12947
12948
12949
12953
12954
12955
12958
12959
12960
12961
12963
12965
12968
12971
12973
12974
12976
12978
12979
12980
12998
13000
13007
13012
13013
13017
13024
13026
13028
13029
13032
13034
13035
13036
13037
13038
13043
13046
13048
13051
13054
13055
13056
13058
13059
13060
13061
13062
13063
13064
13065
13066
13068
13069
13070
13073
13075
13077
13081
13082
13084
13085
13087
13090
13091
13093
13094
13097
13098
13099
13100
13101
13103
13104
13105
13106
13113
13114
13115
13117
13120
13121
13125
13126
13128
13129
13130
13133
13135
13136
13137
13138
13140
13142
13145
13147
13148
13151
13152
13155
13156
13157
13159
13160
13162
13163
13164
13165
13166
13167
13168
13172
13174
13176
13178
13179
13180
13182
13184
13185
13187
13189
13192
13197
13199
13200
13202
13203
13204
13209
13211
13212
13213
13214
13215
13216
13217
13218
13220
13222
13620
13223
13226
13227
13228
13229
13230
13232
13233
13234
13235
13236
13238
13240
13241
13242
13244
13247
13250
13251
13252
13254
13256
13260
13261
13262
13264
13265
13266
13268
13270
13271
13272
13274
13275
13280
13281
13282
13284
13288
13289
13291
13293
13295
13296
13302
13306
13307
13309
13311
13312
13314
13316
13317
13319
13320
13321
13322
13324
13325
13326
13327
13328
13329
13331
13335
13337
13338
13340
13344
13346
13347
13348
13349
13351
13352
13354
13355
13356
13358
13359
13361
13364
13365
13366
13367
13369
13370
13371
13373
13374
13375
13379
13382
13385
13386
13388
13389
13393
13397
13399
13401
13402
13406
13410
13411
13412
13413
13415
13416
13418
13419
13420
13425
13426
13427
13428
13429
13430
13431
13434
13435
13436
13437
13439
13441
13442
13446
13448
13449
13452
13456
13457
13458
13461
13466
13467
13470
13471
13476
13478
13480
13488
13489
13490
13494
13496
13497
13499
13501
13503
13504
13505
13509
13511
13512
13513
13515
13520
13521
13524
13525
13533
13540
13549
13550
13554
13562
13564
13565
13567
13570
13574
13577
13579
13582
13586
13591
13592
13593
13594
13596
13597
13602
13605
13607
13608
13609
13610
13615
13616
13617
13618
13619
13625
13626
13627
13630
13632
13636
13637
13639
13640
13641
13642
13644
13648
13652
13653
13656
13657
13658
13659
13663
13664
13666
13667
13669
13670
13674
13675
13676
13677
13678
13679
13680
13682
13684
13685
13686
13687
13690
13691
13692
13693
13696
13697
13698
13699
13703
13704
13705
13707
13710
13712
13714
13715
13725
13726
13727
13728
13729
13730
13732
13733
13734
13735
13741
13742
13743
13744
13745
13746
13749
13750
13751
13752
13753
13755
13757
13758
13759
13760
13761
13763
13765
13766
13768
13770
13771
13774
13775
13776
13778
13781
13785
13786
13788
13790
13793
13794
13796
13797
13798
13799
13800
13802
13803
13806
13807
13810
13811
13812
13813
13814
13815
13816
13817
13819
13821
13823
13824
13828
13829
13835
13840
13841
13843
13844
13846
13848
13849
13851
13852
13856
13858
13859
13862
13867
13868
13869
13870
13871
13873
13874
13877
13878
13881
13884
13889
13895
13896
13900
13901
13905
13907
13909
13911
13915
13916
13921
13923
13924
13925
13932
13934
13937
13941
13944
13945
13947
13948
13950
13960
13961
13962
13963
13964
13965
13966
13967
13970
13971
13973
13975
13976
13979
13980
13982
13983
13988
13990
13994
13996
13997
13999
14003
14006
14009
14012
14014
14015
14017
14021
14022
14023
14028
14029
14031
14032
14034
14035
14037
14042
14049
14057
14059
14060
14064
14065
14066
14067
14077
14078
14084
14092
14095
14098
14099
14102
14103
14106
14108
14111
14113
14117
14119
14120
14123
14126
14127
14128
14137
14140
14147
14152
14154
14155
14156
14157
14159
14161
14164
14165
14167
14170
14174
14179
14181
14182
14184
14185
14188
14191
14192
14194
15169
14195
14197
14199
14203
14204
14205
14207
14210
14211
14212
14216
14217
14219
14220
14225
14230
14232
14234
14235
14237
14238
14239
14240
14244
14245
14246
14247
14249
14253
14255
14257
14259
14261
14262
14263
14265
14266
14269
14271
14273
14274
14276
14279
14286
14294
14301
14307
14312
14317
14318
14323
14324
14325
14330
14335
14337
14339
14344
14345
14346
14349
14351
14354
14357
14358
14359
14361
14363
14366
14371
14372
14373
14374
14378
14379
14383
14384
14387
14389
14393
14394
14395
14399
14400
14401
14405
14408
14411
14412
14415
14420
14424
14426
14428
14434
14437
14443
14448
14452
14453
14454
14455
14458
14460
14461
14462
14463
14467
14468
14469
14473
14476
14481
14482
14486
14487
14488
14490
14491
14492
14495
14496
14497
14498
14499
14500
14502
14503
14504
14506
14508
14509
14511
14512
14515
14517
14520
14522
14524
14526
14529
14531
14534
14538
14539
14540
14542
14548
14549
14550
14552
14553
14555
14556
14557
14558
14561
14563
14564
14565
14566
14567
14568
14570
14571
14573
14575
14576
14577
14578
14585
14587
14588
14593
14596
14597
14598
14600
14601
14603
14604
14608
14609
14610
14611
14613
14617
14619
14625
14627
14629
14630
14632
14638
14639
14640
14641
14642
14645
14646
14648
14651
14653
14654
14658
14659
14662
14663
14665
14667
14671
14673
14674
14675
14680
14687
14689
14690
14693
14694
14695
14696
14697
14701
14702
14704
14706
14708
14709
14710
14718
14720
14725
14726
14728
14733
14739
14746
14747
14752
14759
14767
14773
14774
14777
14778
14779
14792
14798
14801
14806
14811
14817
14834
14836
14839
14843
14845
14851
14855
14860
14871
14873
14876
14877
14878
14882
14884
14891
14892
14903
14910
14916
14917
14921
14929
14934
14938
14939
14940
14943
14944
14945
14948
14965
14969
14974
14977
14981
14995
14999
15001
15003
15007
15008
15011
15017
15024
15025
15036
15037
15042
15044
15049
15051
15054
15056
15059
15064
15073
15074
15078
15082
15089
15086
15087
15090
15091
15092
15093
15094
15097
15098
15100
15102
15103
15104
15105
15108
15113
15114
15115
15116
15117
15118
15120
15123
15124
15125
15127
15128
15129
15130
15131
15132
15133
15135
15136
15140
15142
15143
15146
15148
15152
15155
15157
15158
15161
15165
15167
15173
15174
15175
15177
15179
15180
15181
15183
15185
15186
15187
15189
15191
15192
15197
15199
15205
15206
15207
15209
15210
15212
15213
15218
15219
15221
15223
15224
15225
15226
15236
15237
15239
15240
15242
15245
15248
15249
15251
15252
15253
15254
15256
15263
15264
15265
15269
15271
15273
15277
15278
15279
15281
15283
15288
15289
15294
15298
15303
15305
15308
15309
15310
15312
15315
15317
15320
15321
15323
15324
15325
15326
15329
15330
15336
15337
15338
15340
15341
15343
15344
15345
15347
15352
15353
15356
15359
15361
15363
15365
15367
15368
15369
15371
15374
15377
15379
15380
15385
15386
15387
15389
15390
15391
15393
15395
15397
15398
15400
15401
15404
15405
15406
15409
15414
15416
15420
15421
15427
15428
15431
15432
15434
15435
15436
15437
15439
15440
15442
15443
15444
15446
15455
15457
15458
15460
15464
15465
15467
15469
15470
15471
15472
15476
15477
15479
15482
15484
15485
15486
15492
15493
15495
15498
15499
15504
15505
15506
15507
15508
15513
15515
15517
15521
15533
15536
15538
15544
15548
15550
15556
15559
15561
15563
15567
15570
15572
15576
15578
15580
15581
15585
15586
15589
15593
15602
15604
15605
15606
15607
15612
15613
15614
15615
15617
15618
15621
15624
15626
15634
15635
15637
15643
15646
15648
15649
15650
15652
15654
15656
15658
15660
15662
15663
15665
15668
15672
15673
15674
15676
15678
15684
15685
15686
15690
15692
15693
15694
15702
15703
15707
15710
15712
15715
15716
15718
15719
15722
15723
15724
15726
15727
15728
15730
15731
15733
15734
15736
15738
15739
15740
15742
15743
15746
15748
15751
15753
15755
15756
15757
15759
15761
15763
15765
15766
15767
15768
15770
15773
15775
15786
15790
15792
15794
15804
15810
15814
15817
15818
15823
15825
15826
15828
15833
15834
15836
15837
15839
15840
15842
15843
15845
15850
15851
15854
15855
15856
15858
15861
15864
15865
15866
15868
15869
15870
15871
15873
15874
15879
15882
15883
15885
15886
15887
15889
15890
15892
15893
15894
15896
15898
15899
15902
15911
15914
15915
15921
15924
15925
15928
15932
16006
15933
15940
15942
15945
15946
15948
15949
15950
15955
15958
15959
15960
15962
15963
15964
15965
15966
15969
15970
15971
15973
15978
15980
15982
15983
15985
15986
15987
15988
15990
15991
15992
15994
15996
15999
16004
16005
16007
16012
16014
16015
16017
16020
16024
16025
16030
16033
16035
16036
16037
16038
16041
16043
16045
16047
16048
16049
16050
16053
16057
16059
16061
16062
16068
16076
16080
16082
16083
16084
16086
16090
16091
16096
16097
16098
16102
16104
16106
16107
16108
16109
16113
16115
16116
16120
16122
16124
16126
16129
16138
16140
16145
16148
16149
16150
16152
16156
16157
16164
16171
16173
16174
16175
16176
16178
16180
16184
16192
16194
16196
16197
16199
16201
16203
16204
16209
16214
16216
16219
16221
16222
16223
16228
16229
16230
16231
16232
16233
16234
