1
2
4
9224
257
5
7
8
10119
8471
13
14
15
16
18
11569
1229
21
29
30
31
32
739
33
5269
34
35
36
39
43
44
46
49
50
51
55
57
59
98
113
60
61
62
63
64
65
66
67
73
74
75
76
78
79
80
83
84
90
96
97
2322
99
100
6291
102
103
104
105
106
111
112
114
115
117
120
122
203
6201
125
127
2659
131
132
133
182
136
140
7225
144
145
149
150
151
152
153
154
156
157
158
159
160
162
163
164
165
166
167
170
171
173
174
179
180
181
7265
1190
4750
183
187
188
1824
4742
189
191
193
3988
195
196
199
201
202
204
205
206
207
208
209
9861
1319
3613
5103
210
212
214
218
219
220
222
225
228
233
234
237
239
241
243
250
256
258
263
266
268
269
273
8684
8666
620
2247
3032
286
535
287
298
3404
307
319
325
337
340
341
4161
342
345
346
8636
353
356
6138
357
362
363
367
372
381
387
388
7093
389
391
397
399
400
1666
1665
403
926
404
405
6640
409
421
2709
425
439
443
451
461
464
474
475
5425
489
490
494
495
496
515
517
524
537
538
539
545
4728
550
4517
911
551
559
563
568
571
572
574
575
2399
2583
581
582
597
602
612
613
614
616
8474
618
624
625
627
631
634
646
648
653
658
672
673
677
682
707
710
712
715
719
720
10511
735
742
743
746
750
759
760
764
6725
769
772
777
780
781
786
791
801
804
808
811
813
815
816
818
821
824
827
828
830
834
836
837
844
845
857
860
861
862
863
865
866
867
872
876
881
884
892
896
906
908
909
913
917
920
925
927
928
934
935
938
944
945
948
951
954
956
957
958
960
961
963
964
965
968
970
976
978
979
980
981
985
986
987
989
993
996
997
998
999
1002
4834
1008
1014
1026
1029
1031
1032
1033
1034
1035
1036
1038
1040
1041
1042
1043
1044
1045
1047
1048
1050
1051
1052
1057
1058
1060
1062
1064
1066
1068
1070
1071
1072
1073
1074
1075
1076
1079
1082
1083
1084
1085
1087
1090
1091
1092
1093
1095
1096
1097
1098
1099
1100
1101
1102
1103
1104
1109
1114
1115
1116
1125
11717
1117
1118
1119
1120
1121
1126
1127
1130
1134
1136
1137
1138
1139
1143
1145
1150
1151
1153
1158
1160
1161
1162
1164
1165
1167
1453
1168
1169
1170
1171
1174
1177
1178
1179
1180
1181
1183
1184
1187
1188
1191
1193
1194
1196
1200
1205
1207
1208
1214
1216
1217
1218
1220
1222
1223
1225
1230
1231
1233
3496
1235
1236
1241
1242
1243
1244
1249
1251
1252
4559
1255
1257
1258
1261
1262
1264
1265
1269
1270
1272
1273
1276
1277
1279
1281
1283
1286
1291
1292
1293
1295
1296
1297
1299
4251
10049
1301
1302
1306
1309
1310
1311
1312
1313
1317
1318
3011
1325
1326
1330
1331
1333
1334
1336
1340
1343
1344
1345
1346
1347
1348
1353
1354
1356
1357
1358
1364
1366
1367
1368
6664
1369
1371
1372
1376
1377
1380
1381
1385
1388
1390
1392
1395
1397
1401
9904
1402
1404
1407
1408
1410
1415
1417
1419
1423
1426
1427
1431
1433
1434
1435
1438
1442
1445
1450
1460
1469
1474
1477
1483
8577
1806
1487
1493
1495
2365
1501
1503
1517
1518
1526
1528
1530
1539
1540
1543
1544
1549
1555
1558
1561
1755
1573
1580
1582
1584
1588
1596
1597
1598
1600
1604
1605
1606
1607
1611
1613
1614
1620
1625
1636
1638
1640
1647
1650
1651
1652
6405
1655
1657
1659
1662
1664
6378
1670
1671
1674
1681
1684
1685
1686
1688
1690
1694
1695
1700
1701
1702
1716
1717
1718
1719
1721
1722
1723
1725
1728
1730
1732
1733
1737
1740
1746
1760
1762
1764
1766
1768
1775
1780
1787
1794
1798
1801
1802
1803
1804
3313
1807
1808
1810
1811
1812
1815
1816
1817
1822
7509
1823
1825
1831
1832
1837
1838
1841
1842
1846
1848
1849
1851
1852
1853
1854
1855
1856
1857
1860
1861
1863
1864
1865
1866
1867
1868
1869
1870
1872
1873
1875
1876
1878
1879
1880
1881
1882
1883
1884
1885
1887
1888
1890
1891
1892
1893
1895
1896
1897
1898
1899
1900
1902
1904
1905
1906
1908
1909
1912
1913
1918
1920
1921
1922
1923
1924
1925
1927
1928
1929
1930
2859
6308
1931
1933
1937
1939
1940
1941
1943
1944
1945
1946
1948
1950
1951
1952
1953
1957
1958
1959
9067
1961
1962
1963
1964
1969
1971
1972
1973
1974
1975
1980
1981
1983
1984
1988
1990
1991
1992
1993
1996
1997
1998
2000
2001
2002
2004
2006
2007
2008
2013
2016
2017
2018
2019
2020
2023
2025
2028
2029
2030
2031
2034
2035
2037
2043
2044
2047
2049
2050
2051
2054
2061
2062
2063
2064
2069
2071
2072
2075
2076
2077
2078
2079
2080
2081
2082
2083
2084
2085
2086
2091
2092
2094
2095
2096
2097
2098
2100
2102
2104
2105
2106
2107
2108
2109
2111
2112
2113
2114
2115
2116
2117
2120
2121
2122
2124
2125
2129
2130
2132
2135
2136
2137
2138
2139
2140
2143
2144
2146
2147
2148
2149
2150
2151
2152
2153
2154
2155
2156
2157
2158
2159
2160
2161
2162
2163
2164
2165
2167
2169
2172
2173
2175
2179
2181
2182
2183
2184
2185
2187
2188
2189
2196
2198
2199
2200
2201
2204
2205
2206
2208
2209
2210
2211
3707
3702
2212
2220
2222
2223
2224
2227
2228
2231
2232
2234
2235
2236
2237
2240
2241
3589
2242
2244
2246
2248
2250
2255
5961
2257
2258
2260
2261
2262
2263
4482
2264
2265
2266
2269
2270
2272
2274
2275
2277
2279
2282
2283
2284
2285
2286
2287
2288
2289
2291
2292
2293
2294
2295
2298
2301
2303
2304
2305
2306
2307
2308
2309
2311
2312
2313
2314
2315
2317
2318
2321
2323
2325
2326
2329
2330
2337
2338
4867
2341
2343
2344
2346
2347
2349
2350
2351
2352
2354
2355
2356
2359
2362
2363
2364
2366
2367
2369
2370
2371
2373
2375
2378
10317
2384
2385
2386
2394
2395
2397
2398
2404
2406
2407
2410
2412
2413
2415
2416
2419
2420
2421
2422
2423
2425
2427
2429
2433
2436
4218
2437
2440
2443
2445
2448
2449
2450
2457
2458
2459
2460
2461
2462
2463
2464
2465
2466
2467
2468
2469
2470
2471
2474
2476
2483
2485
2487
2488
2493
2494
2500
2501
2504
2506
2508
4151
2518
2520
2521
2522
2523
2529
2533
2535
2536
2537
2538
2539
2540
2541
2544
2545
2547
2548
2549
2550
4651
2555
2556
2558
2559
2560
2564
2566
2568
2570
1111
2571
2573
2575
2579
2582
2588
2589
2591
2592
2593
2594
2595
2596
2599
2600
2601
2602
2603
2604
2607
2608
9804
2609
2611
2613
2614
2615
2618
2619
2621
2623
2624
2625
2628
2630
2633
2634
2637
2643
2647
2648
2658
2662
2664
2665
2667
2668
2670
2671
2673
2676
2677
2678
2681
2682
2684
2686
2687
2689
2696
2697
2699
2701
2704
2706
2708
2710
2713
2714
2716
2717
2719
2720
2721
2723
2724
2725
2726
2727
2729
2731
2733
2735
2736
2737
2738
2740
2742
2743
2744
2745
2746
2750
2751
2752
2753
2754
2756
2760
2762
2763
2993
2764
2772
2773
2775
2776
2777
2778
2779
2780
2781
2782
10118
2783
2785
2786
2787
2790
2791
2792
2793
2794
2797
7739
2799
2803
2804
2805
2807
2810
2814
2817
2819
2820
2822
2823
2825
2826
2827
2830
2832
2835
2839
2840
2841
2842
2846
2849
2852
2853
2855
2856
2857
2861
2862
2865
2867
2868
2869
2870
2872
2873
2874
2875
2876
2877
2878
2881
2883
2889
2891
2892
2894
2896
2897
2898
2901
2902
2903
2906
2908
2909
2911
2917
2922
2930
2934
2937
2939
2940
2942
2945
2952
2954
2958
2959
2962
2964
2965
2969
2970
2971
2976
2978
2979
2980
2981
2983
2985
2990
2991
2992
2994
3000
3002
3003
3006
3007
3008
3010
7871
3013
3014
3015
3016
3017
3018
3019
3020
3021
3022
3023
3024
3025
3026
3027
3028
3034
3035
3036
3039
3042
3043
3044
3045
3046
3047
3048
3049
3050
3051
3052
3053
3057
3058
3062
3064
3068
3069
3072
3073
3074
3075
3076
3077
3080
3081
3082
3085
3089
3090
3091
3092
3093
3094
3095
3096
3097
3098
3099
3100
3101
3102
3103
3104
3105
3106
3107
3108
3109
3114
3116
3117
3118
3120
3121
3124
3129
3132
3133
3135
3137
3138
3140
3142
3148
3149
3150
3151
3152
3153
3154
3155
3156
3157
3158
3159
3160
3161
3162
3163
3164
3165
3166
3167
3170
3173
3176
3177
3179
3182
3184
3186
3187
3188
3189
3190
3191
3192
3193
3194
3195
3196
3197
3198
3199
3200
3201
3202
3203
3204
3205
3206
3207
3211
3212
3214
3220
3221
3222
3223
3224
3225
3226
3227
3228
3229
3230
3231
3232
3233
3234
3235
3236
3237
3238
3239
3241
3244
3245
3246
3249
3250
3251
3252
3253
3254
3255
3256
3257
3258
3259
3260
3261
3262
3263
3264
3265
3266
3267
3268
3271
3272
3277
3911
3279
3280
3283
3284
3285
3286
3290
3292
3293
3294
3295
3296
3297
3298
3299
3300
3301
3302
3303
3304
3305
3306
3308
3311
3312
3315
3316
3317
3318
3319
3321
3322
3323
3324
3326
3327
3329
3330
3335
3339
3340
3341
3342
3345
3346
3349
3350
3352
3353
3355
3356
3357
3358
3359
3360
3361
3362
3365
3366
3370
3371
3373
3376
3377
3378
3380
3381
3387
4304
3388
3389
3390
3392
3393
3395
3396
3398
3399
3400
3401
3403
3411
3415
3416
3417
3418
3419
3420
3425
3427
3428
3429
3430
3431
3432
3433
3435
3437
3439
3441
3444
3445
3446
3447
3448
3449
3450
3453
3454
3455
3457
3458
3459
3462
3463
3464
3468
3471
3474
3475
3476
3477
3484
3485
3487
3492
3494
3495
3497
3502
3504
3505
3509
3511
3512
3516
3519
3521
3525
3527
3530
3531
3536
3537
3538
3541
3542
3543
3550
3551
3552
3555
3558
3559
3560
3562
4325
3565
3566
3567
3572
3573
3576
3577
3579
3582
3584
3586
3588
3590
3591
3594
3596
3599
3601
3605
3607
3608
3609
3611
3612
3615
3616
3623
3624
3632
3633
3639
3642
3643
3644
3645
3647
3650
3651
3652
3653
3657
3659
3661
3662
3664
3666
3668
3671
3673
3675
3677
3678
3680
3681
3682
3684
3685
3694
11066
3699
3704
3705
3709
3710
3711
3714
5081
3717
3718
3722
3726
3731
3735
5080
3736
3737
3739
3740
3744
3745
3752
3758
3759
3761
3762
3765
3766
3769
3774
3776
3778
3784
3787
3788
3805
3810
3814
3817
3818
3819
3820
3822
3823
3827
3830
3833
3837
3838
3839
3843
3844
3846
3848
3851
3853
3855
3858
3859
3860
3861
3863
3864
3865
3866
3868
3869
3870
3871
3872
3874
3875
3881
3883
3887
3889
3892
3894
3898
3899
3902
3903
3910
3914
3916
3920
3923
3924
3927
3932
3937
3940
3941
3942
3943
3945
3947
3954
3959
3962
3963
3967
3969
3972
3977
3979
3980
3982
3987
3993
3994
3996
3998
3999
4004
4005
4007
4009
4012
4014
4017
4021
4022
4024
4026
4028
4031
4036
4039
4041
4042
4043
4044
4046
4048
4055
4059
4060
4063
4064
4065
4072
4075
4079
4081
4082
4084
4085
4097
4099
4100
4101
4102
4107
4108
4111
4113
4114
4118
9934
4124
4128
4130
4134
4137
4138
4145
4146
4149
4150
4156
4159
4162
4164
4166
4167
4171
4173
4177
4181
4182
4183
4188
4189
4195
4196
4197
4198
4206
4207
4211
4217
4221
4222
4223
4224
4229
4230
4231
4232
4234
4235
4236
4238
4240
4244
4247
4254
4260
4261
4262
4264
5735
4265
4270
4276
4277
4280
4286
4287
4289
4290
4292
4296
4298
4299
4300
4302
4303
4312
4313
4317
4318
4327
4328
4330
4332
4337
4333
4335
4338
4343
4344
4348
4349
4350
4352
4354
7601
4358
4359
4362
4363
4364
4365
4366
4367
4369
4373
4374
4378
4379
4380
4381
4388
4783
5019
4390
4393
4395
4396
4397
4398
4403
4414
4415
4418
4421
4422
4426
4429
4430
4432
4434
4437
4438
4439
4441
4442
4443
4445
4447
4449
4456
4458
4459
4460
4461
4462
4464
4466
4468
4469
4474
4475
4479
4483
7305
4484
4485
4490
4514
4515
4516
5164
5331
5332
4518
4520
4521
4522
4523
4524
4525
4529
4530
4531
4532
4533
4534
4541
4542
4544
4546
4549
11168
4551
4552
4553
4558
6391
4560
4561
4562
4563
4564
4566
6256
4571
4572
5804
4573
4574
4575
4576
4582
4583
4585
4586
4588
4590
4595
4596
4597
4599
4600
4601
4603
4607
4611
4618
4623
5412
4626
4630
4633
4637
5102
4640
4641
4645
4647
4648
4650
4657
4659
4661
4663
4664
4666
4668
4669
4672
4680
4683
4687
4688
4693
4697
4700
4703
4709
4716
4718
4719
4720
4723
4730
4732
4737
4738
4741
4745
4746
4747
4748
4749
9006
9679
4751
4755
4756
4763
4770
4772
4774
4775
4776
4777
4778
4779
4780
4781
4782
4784
4786
4787
4788
4790
4791
4793
4795
4797
4799
4800
4806
4807
4808
4809
4817
4818
4821
4822
4824
4826
4828
4829
4831
4832
4833
6620
4839
4840
4842
4843
4849
4850
4854
4857
4859
4860
4864
4871
4874
4875
4880
4887
4889
4891
4892
4893
4894
4898
4899
4901
4904
4905
4906
4909
4910
4912
4913
4916
4918
4920
4921
4923
4924
4925
4928
4930
4935
4938
4941
4943
4944
4945
4948
4954
4956
4957
4961
4962
4966
4969
4970
4972
4973
4975
4976
4977
4979
4980
4981
4982
4986
4990
4991
4997
5003
5004
5005
5007
5012
5013
5014
5015
5016
5017
5018
5020
5021
5022
5024
5025
5029
5032
5037
5038
5040
5041
5045
5047
5048
5050
5051
5052
5053
5056
5059
5066
5067
5068
5069
5070
5078
5085
5089
5090
5091
5092
5093
5096
5097
5099
5100
5104
5105
5107
5108
5109
5110
5114
5118
5119
5123
5124
5127
5128
5129
5130
5131
5133
5134
5136
5137
5139
5140
5142
5143
5144
5145
5146
5148
5149
5150
5151
5152
5153
5155
5156
5159
5160
5161
5163
5165
5167
5168
5169
5170
5172
5173
5174
5176
5177
5180
5181
5185
5187
5189
5191
5194
5197
5199
5201
5202
5203
5204
5207
5209
5211
5213
5214
5216
5217
5218
5219
5220
5223
5224
5225
5226
5227
5229
5234
5235
5236
5237
5239
5249
5250
5252
5256
5258
5259
5261
5262
5263
5264
5267
5268
5270
5273
5274
5275
5276
5277
5279
5280
5282
5287
5288
5291
5292
5293
5294
5296
5297
5298
5299
5300
5303
5304
5308
5310
5311
5312
5314
5316
5317
5319
5320
5321
5322
5323
5326
5328
5329
5330
7616
5333
5335
5336
5337
5338
5339
5340
5341
5344
5346
5347
5349
5350
5351
5353
5357
5358
5361
5363
5365
5367
5370
5371
5374
5376
5378
5380
5381
5383
6338
5815
5384
5385
5390
5392
5394
7042
5395
5396
5397
5398
5399
5400
5401
5402
5404
5405
5406
5407
5409
5410
5411
5413
5414
5415
5416
5417
5418
5419
5420
5421
5422
5423
5424
5426
5428
5429
5431
5432
5437
5440
5442
5444
5445
5446
5447
5448
5449
5450
5451
5452
5453
5454
5456
5459
5461
5464
5467
5468
5470
5471
5477
5483
5484
5486
5491
5493
5494
5495
5496
5498
5502
5505
5506
5509
5514
5515
5516
5517
5518
5519
5525
5527
5529
5531
5533
5535
5537
7594
6637
5539
5540
5545
5546
5547
5548
5549
5551
5555
5556
5557
5566
5567
5569
5570
5571
5572
5576
5577
5579
5581
5583
5584
5585
5586
5589
5591
5593
5594
5595
5597
5599
5602
5604
5606
6430
5610
5611
5613
5615
5616
5617
5621
5622
5627
5631
5632
5635
5636
5637
5641
5642
5643
5644
5646
5647
5648
5649
5650
11243
5652
5653
5654
5657
5658
5660
5661
5664
5666
5667
5857
5845
5668
5669
5670
5672
5673
5674
5675
5676
5677
5678
5679
5680
5681
5682
5685
5686
5689
5691
5692
5693
5694
5695
5696
6491
5698
5700
5701
5705
5706
5708
5709
5710
5711
5712
5713
5714
5715
5716
5717
5718
5719
7931
6719
5720
5721
5722
5723
5724
5728
5729
5730
5731
5733
5734
5736
5737
5738
5739
5741
5742
5744
5745
5747
5748
5750
5751
5752
5753
5754
5755
5756
5761
5762
5763
5764
5765
5767
5768
5769
5771
5772
5774
5775
5777
5778
5779
5780
5783
5784
5785
5786
5788
5789
5790
5792
5793
5795
5797
5799
5800
5801
5802
5803
5805
5807
5809
5811
5812
5813
5814
5816
5818
5820
5822
5824
5825
5827
5828
5829
5830
5831
5832
5833
5835
5836
5837
5843
5844
5846
5847
5849
5850
5851
5852
5853
5854
5855
5856
5858
5859
5860
5861
5866
5867
5869
5871
5873
5874
5875
5878
5879
5881
5883
5884
5885
5886
5888
5892
5893
5895
5896
5899
5900
5901
5903
5906
5907
5909
5910
5911
5912
5914
5915
5919
5920
5921
5922
5923
5924
5925
5929
5926
5927
5930
5931
5936
5937
5940
5942
5950
7310
5951
5952
5953
5955
5956
5959
5960
5963
5964
5965
5969
5971
5972
5977
5978
5980
5981
5989
5991
5993
5995
5997
6000
6001
6003
6005
6009
6013
6015
6026
6030
6032
6034
6035
6036
6038
6039
6040
6043
6044
6045
6050
6052
6053
6054
6055
6056
6057
6058
6061
6062
6063
6064
6065
6069
6070
6071
6073
6074
6075
6077
6082
6083
6084
6086
6087
6089
6090
6091
6093
6097
6099
6101
6103
6107
6108
6109
6110
6111
6112
6115
6116
6120
6122
6124
6126
6130
6133
6135
6136
6137
6139
6140
6141
6142
6145
6146
6147
6148
6149
6150
6151
6152
6154
6156
6157
6158
6159
6160
6161
6162
6163
6164
6165
6166
6167
6169
6170
6171
6172
6173
6174
6175
6176
6177
6178
6179
6183
6184
6186
6188
6189
6190
6191
6192
6193
6194
6197
6199
6200
6202
6203
6204
6206
6208
6209
6210
6213
6214
6217
6218
6220
6221
6222
6224
6227
6228
6229
6230
6232
6233
6240
6243
6244
6246
6247
6248
6250
6253
6255
6258
6260
6261
6262
6263
6264
6267
6268
6270
6271
6272
6273
6275
6277
6281
6282
6284
6286
6288
6289
6290
6292
6293
6296
6300
6304
6306
6309
6311
6312
6313
6316
6318
6322
6323
6325
6327
6328
6332
6335
6339
6340
6343
6344
6345
6347
6349
6350
6353
6355
6358
6359
6365
6367
6368
6369
6372
6374
6375
6376
6377
6381
6382
6383
6385
6389
6392
6393
6394
6395
6396
6397
6398
6399
6402
6406
6407
6408
6411
6412
6414
6418
6420
6421
6422
6427
6428
6435
6438
6441
6442
6444
6447
6451
6454
6455
6457
6461
6464
6465
6467
6468
6470
6471
6473
6481
6485
6489
6492
6493
6494
6495
6496
6497
6502
6506
6507
6509
6510
6515
6516
6517
6522
6529
6530
6533
6537
6543
6547
6550
6551
6552
6554
6556
6559
6561
6562
6563
6566
6567
6568
6573
6574
6575
6578
6579
6581
6584
6585
6586
6588
6589
6593
6594
6596
6597
6598
6603
6604
6607
6608
6609
6614
6616
6618
6621
6622
6623
6624
6627
6628
6629
6631
6632
6636
8570
6638
6639
6644
6645
6648
6649
6650
6652
6654
6657
6658
6659
6660
6662
6663
6670
6934
6671
6673
6675
6677
6680
6681
6682
6684
6690
6691
6694
6695
6696
6697
6698
6699
6700
6703
6704
6705
6708
6709
6711
6712
6713
6717
6718
6720
6722
6724
6728
6731
6733
6734
6735
6736
6743
6744
6745
6746
6747
6749
6752
6753
6755
6756
6758
6759
6760
6762
6763
6765
6766
6767
6768
6769
6770
6771
6772
6773
6776
6777
6778
6779
6780
6781
6782
6783
6787
6788
6789
6790
6791
6792
6794
6795
6797
6798
6799
6801
6802
6803
6804
6805
6808
6810
6811
6812
6816
6817
6818
6819
6820
6821
6822
6826
6828
6829
6831
6832
6833
6834
6835
6836
6837
6838
6839
6840
6842
6847
6848
6850
6851
6852
6853
6854
6855
6858
6859
6860
6862
6865
6866
6872
6875
6876
6879
6880
6881
6882
6884
6886
6887
6889
6891
6893
6894
6895
6898
6900
6901
6903
6905
6909
6911
6912
6913
6914
6915
6916
6917
6918
6919
6922
6923
6925
6927
6930
6931
6932
8693
6937
6938
6939
6941
6945
6946
6949
6950
6951
6954
6955
6957
6958
6959
6964
6966
6969
6971
6972
6973
6974
6975
6978
6981
6983
6984
6986
6987
6988
6990
6992
6993
6996
6998
6999
7002
7003
7004
7006
7009
7011
7012
7020
7022
7024
7032
7033
7034
7036
11810
7037
7043
7046
7050
7052
7056
7059
7060
7062
7064
7065
7068
7071
7076
7085
7090
7092
7095
7096
7099
7100
7101
7105
7110
7111
7112
7114
7117
7123
7124
7126
7131
7134
7135
7136
7137
7140
7142
7144
7145
7146
7147
7148
7152
7154
7156
7158
7159
7160
7165
7166
7167
7169
7171
7172
7175
7177
7186
7190
7194
7196
7197
7200
7205
7206
7209
7212
7217
7218
7219
7221
7224
10900
7226
7227
7228
7230
7232
7235
7239
7241
7253
7254
7256
7260
7261
7262
7263
7264
7266
7267
7269
7270
7271
7276
7277
7281
7282
7285
7293
7297
7298
7300
7307
7309
7313
7316
7318
7321
7323
7327
7333
7334
7338
7339
7350
7352
7354
7355
7356
7357
7358
7361
7362
7365
7367
7375
7381
7382
7383
7386
7390
7392
7393
7396
7397
7399
7400
7406
7407
7408
7409
7415
7416
7417
7418
7420
7422
7423
7425
7426
7429
7432
7433
7434
7435
7436
7437
7438
7445
7452
7453
7456
7464
7468
7472
7473
7475
7476
7477
7479
7482
7484
7485
7491
7495
7496
7497
7498
7502
7503
7504
7506
7508
7510
7511
7512
7513
7514
7515
7516
7517
7520
7521
7525
7529
7530
7531
7532
7533
7534
7535
7536
7537
7538
7539
7541
7543
7544
7545
7546
7548
7549
7552
7553
7554
7556
7558
7559
7560
7771
7561
7562
7563
7564
7566
7568
7570
7571
7573
7574
7577
7579
7580
7584
7587
7588
7589
7590
7592
7593
7595
7596
7597
7598
7600
7602
7603
7607
7609
7761
7610
7611
7613
7614
7618
7619
7620
7621
7622
7624
7625
7626
7627
7628
7629
7630
7631
7634
7637
7638
7642
7643
7645
7647
7649
7652
7653
7654
7655
7657
7658
7659
7660
7661
7663
7664
7666
7668
7670
7672
7673
7674
7675
7676
7677
7678
7679
7681
7682
7683
7684
7686
7690
7694
7695
7696
7697
7699
7701
7702
7705
7706
7708
7709
7711
7712
7713
7715
7717
7720
7721
7723
7729
7733
7734
7740
7741
7743
7745
7746
7747
7748
7749
7752
7753
7755
7760
7762
7763
7766
7767
7768
7772
7774
7778
7779
7780
7781
7782
7783
7784
7786
7787
7788
7789
7790
7793
7795
7796
7797
7798
7801
7803
7804
7806
7809
7811
7813
7814
7818
7819
7822
7823
7827
7829
7830
7831
7833
7834
7837
7838
7843
12114
7853
7863
7865
7872
7873
7874
7878
7879
7880
7881
7882
7883
7886
7889
7890
7891
7894
7898
7899
7902
7904
7906
7909
7918
9475
7919
7924
7926
7928
10448
7932
7933
7934
7936
7939
7941
7942
7945
7946
7947
7950
7954
7955
7956
7959
7960
7961
7962
7964
7965
7967
7971
7972
7974
7975
7977
7979
7980
7982
7984
7985
7987
7988
7989
7991
7992
7993
8000
8001
8003
8004
8005
8006
8007
8008
8009
8010
8014
8017
8019
8020
8023
8025
8026
8028
8035
8036
8037
8040
8042
8043
8044
8045
8046
8048
8049
8050
8051
8052
8053
8054
8057
8058
8062
8064
8065
8068
8069
8070
8071
8072
8073
8074
8075
8076
8077
8078
8080
8081
8082
8084
8086
8087
8088
8090
8091
8092
8093
8094
8097
8099
8101
8103
8104
8105
8108
8109
8110
8111
8114
8116
8117
8118
8121
8122
8123
8127
8130
8131
8132
8133
8135
8136
8137
9970
8139
8141
8142
8144
8145
8146
8153
8155
8156
8158
8162
8164
8166
8167
8168
8171
8172
8173
8174
8175
8177
8178
8181
8183
8184
8186
8189
8195
8196
8197
8198
8200
8201
8202
8203
8204
8207
8208
8209
8210
8214
8220
8221
8222
8223
8225
8227
8231
8233
8235
8238
8239
8241
8242
8243
8245
8249
8253
8254
8255
8259
8260
8275
8276
8279
8280
8285
8286
8292
8301
8302
8303
8305
8306
8307
8308
8310
8313
8315
8316
8317
8318
8319
8320
8322
8324
8325
8326
8327
8330
8333
8334
8335
8336
8337
8340
8342
8343
8344
8348
8349
8350
8352
8354
8356
8357
8361
8365
8366
8367
8368
8370
8371
8372
8377
8378
8380
8381
8382
8383
8384
8387
8389
8390
8392
8395
8396
8397
8399
8400
8402
8403
8404
8408
8409
8410
8411
8413
8414
8418
8421
8422
8423
8424
10041
8427
8428
8430
8435
8441
8442
8443
8445
8446
8447
8448
8449
8451
8452
8454
8455
8456
8460
8461
8463
8464
8465
8466
8470
8473
8475
8477
8478
8484
8485
8489
8490
8491
8492
8494
8495
8500
8502
8504
8505
8506
8508
8509
8511
8514
8515
8517
8518
8519
8524
8525
8526
8527
8528
8529
8531
8532
8537
8539
8540
8541
8542
8543
8544
8545
8546
8547
8549
8550
8553
8554
8555
8557
8559
8563
8565
8572
8574
8575
8576
8579
8581
8582
8583
8584
8588
8590
8593
8595
8597
8601
8602
8603
8605
8607
8608
8609
8613
8614
8616
8619
8620
8622
8623
8625
8626
8628
8630
8631
8633
8634
8644
12053
8638
8641
8642
8645
8646
8647
8648
8653
8654
8655
8656
8657
8658
8661
8663
9938
10422
8667
8668
8670
8672
8674
8676
8679
8680
8682
8683
8685
8692
8696
8697
8698
8699
8700
8701
8707
8708
8709
8712
8713
8714
8725
8729
8730
8733
8744
8747
8748
8750
8751
8757
8761
8762
8764
8769
8777
8782
8789
8791
8792
8793
8795
8796
8800
8801
8803
8804
8805
8808
8809
8810
8812
8814
8817
8818
8819
8820
8821
8822
8823
8824
8826
8827
8829
8830
8834
8836
8837
8838
8840
8841
8843
8844
8849
8850
8851
8852
8855
8856
8858
8859
8860
8861
8863
8865
8866
8867
8868
8869
8870
8871
8872
8874
8875
8876
8879
8880
8882
8883
8884
8886
8887
8890
8893
8894
8895
8896
8898
8904
8905
8907
8913
8915
8917
8918
8921
8923
8924
8925
8927
8928
8929
8930
8935
8936
8937
8941
8943
8945
8949
8955
8957
8962
8967
8969
8971
8973
8976
8977
8981
8982
8986
8990
8992
8993
8999
9001
9005
9007
9008
9014
9015
9017
9022
9023
9029
9030
9031
9034
9037
9039
9041
9043
9044
9047
9048
9049
9055
9057
9058
9059
9061
9062
9063
9064
9068
9069
9072
9073
9078
11110
9081
9084
9085
9088
9092
9093
9096
9097
9098
9099
9100
9101
9103
9105
9108
9109
9110
9111
9115
9117
9118
9124
9125
9127
9128
9129
9130
9131
9132
9133
9134
9135
9136
9138
9139
9140
9141
9144
9146
9147
9148
9149
9151
9152
9153
9155
9157
9159
9160
9162
9163
9164
9165
9166
9169
9171
9173
9174
9176
9179
9182
9185
9186
9187
9188
9191
9192
9193
9194
9195
9197
9200
9203
9206
9209
9211
9223
9225
9227
9228
9231
9232
9243
9245
9247
9252
9258
9260
9261
9262
9264
9268
9273
9274
9276
9278
9279
9283
9284
9285
9287
9289
9290
9291
9292
9294
9295
9296
9298
9301
9303
9304
9310
9314
9315
9317
9318
9321
9322
9323
9325
9326
9330
9335
9336
9338
9343
9346
9347
9351
9354
9356
9357
10568
9362
9363
9364
9367
9368
9372
9380
9386
9387
9390
9392
9393
9394
9398
9399
9402
9403
9405
9406
9407
9412
9416
9417
9420
9421
9422
9424
9428
9429
9436
9453
9463
9470
9471
9472
9473
9474
9477
9478
9483
9485
9492
9493
9497
9501
9502
9503
9504
9505
9506
9508
9509
9510
9511
9513
9515
9516
9517
9519
9520
9521
9523
9524
9526
9527
9530
9531
9532
9534
9535
9537
9538
9539
9541
9542
9543
9545
9547
9550
9551
9552
9553
9555
9556
9558
9560
9561
9562
9563
9564
9565
9566
9567
9568
9569
9570
9571
9573
9574
9575
9576
9577
9578
9579
9580
9582
9583
9584
9586
9587
9588
9590
9591
9592
9593
9594
9597
9598
9599
9600
9601
9602
9603
9604
9605
9606
9607
9608
9609
9610
9611
9612
9613
9614
9615
9616
9617
9619
9620
9621
9622
9623
9624
9625
9626
9629
9631
9633
9635
9636
9637
9639
9640
9642
9643
9645
9647
9648
9649
9650
9652
9653
9654
9655
9656
9657
9658
9659
9664
9665
9668
9670
9671
9672
9673
9674
9675
9676
9677
9678
9680
9681
9683
9684
9686
9687
9688
9689
9690
9691
9692
9693
9696
9697
9698
9699
9701
9702
9703
9705
9707
9708
9709
9710
9712
9714
9715
9716
9722
9723
9724
9725
9726
9730
9731
9733
9734
9735
9737
9738
9739
9741
9742
9745
9747
9749
9751
9752
9753
9755
9756
9760
9765
9766
9768
9769
9771
9772
9773
9775
9777
9778
9779
9780
9782
9783
9786
9791
9793
9795
9797
9798
9799
9802
9803
9807
9809
9811
9812
9814
9815
9816
9817
9818
9820
9821
9824
9826
9830
9831
9832
9834
9835
9836
9840
9841
9842
9844
9845
9850
9852
9856
9859
9862
9864
9865
9868
9869
9870
9873
9874
9875
9876
9877
9878
9879
9880
9881
9882
9887
9888
9890
9891
9892
9894
9895
9896
9897
9901
9902
9903
9905
9906
9909
9910
9911
9913
9916
9917
9918
9920
9922
9923
9924
9925
9927
9931
9932
9933
9935
9937
9939
9940
9942
9944
9945
9946
9947
9948
9949
9950
9951
9953
9954
9955
9956
9959
9960
9962
9963
9964
9965
9966
10923
9972
9973
9977
9979
9980
9981
9982
9983
9984
9985
9987
9988
9989
10093
9990
9991
9992
9993
9994
9996
9997
9998
9999
10000
10004
10007
10009
10010
10014
10015
10016
10019
10020
10021
10022
10024
10025
10026
10027
10028
10030
10032
10033
10034
10035
10036
10038
10039
10046
10047
10048
10050
10051
10053
10054
10056
10057
10059
10060
10063
10066
10067
10068
10069
10070
10071
10072
10075
10078
10079
10080
10081
10083
10084
10085
10086
10087
10088
10090
10091
10094
10095
10097
10098
10099
10100
10101
10104
10108
10109
10110
10113
10115
10117
10120
10121
10126
10129
10130
10134
10139
10140
10146
10147
10149
10159
10161
10162
10164
10167
10170
10173
10176
10180
10189
10190
10192
10195
10196
10197
10200
10203
10205
10210
10213
10214
10215
10216
10219
10220
10221
10222
10223
10224
10225
10228
10229
10230
10232
10233
10234
10236
10238
10240
10241
10242
10244
10245
10247
10249
10250
10252
10253
10254
10256
10257
10259
10261
10262
10263
10264
10266
10268
10269
10273
10274
10275
10276
10277
10280
10281
10282
10283
10284
10286
10288
10289
10290
10291
10292
10293
10296
10297
10299
10302
10304
10306
10310
10311
10313
10314
10318
10319
10320
10323
10324
10325
10326
10328
10329
10330
10331
10332
10335
10336
10337
10339
10345
10346
10347
10348
10349
10350
10352
10354
10355
10357
10358
10359
10360
10364
10366
10367
10368
10371
10374
10375
10376
10381
10382
10389
10390
10393
10394
10395
10396
10397
10398
10402
10404
10407
10408
10409
10410
10411
10412
10413
10414
10416
10417
10418
10419
10421
10428
10430
10436
10438
10441
10442
10443
10444
10445
10446
10447
10449
10451
10452
10460
10461
10466
10468
10502
10469
10471
10473
10474
10475
10476
10478
10479
10480
10481
10484
10492
10493
10495
10497
10498
10506
10507
10509
10510
10514
10518
10521
10522
10523
10524
10525
10527
10528
10532
10533
10536
10539
10540
10541
10542
10543
10544
10545
10546
10547
10549
10551
10552
10553
10554
10555
10557
10559
10560
10562
10563
10564
10574
10575
10577
10580
10582
10585
10586
10587
10588
10589
10590
10591
10593
10594
10595
10602
10603
10604
10605
10608
10613
10614
10615
10617
10619
10620
10621
10624
10625
10627
10628
10629
10630
10632
10633
10639
10643
10644
10645
10648
10650
10654
10655
10656
10657
10661
10662
10663
10664
10668
10669
10670
10671
10673
10674
10675
10679
10680
10682
10685
10686
10687
10691
10692
10693
10694
10696
10697
10698
10700
10701
10703
10704
10706
10709
10710
10711
10712
10714
10715
10718
10719
10721
10722
10724
10727
10728
10732
10733
10734
10736
10737
10739
10741
10742
10746
10747
10751
10753
10754
10755
10759
10760
10763
10764
10768
10770
10773
10774
10775
10782
10785
10787
10788
10789
10791
10792
10796
10797
10799
10800
10803
10805
10806
10807
10808
10809
10812
10813
10814
10815
10816
10817
10820
10823
10826
10828
10829
10831
10832
10835
10838
10839
10842
10844
10845
10847
10852
10853
10854
10858
10861
10864
10865
10866
10868
10870
10872
10873
10874
10878
10879
10883
10888
10892
10895
10896
10901
10902
10905
10908
10909
10910
10914
10916
10924
10925
10927
10928
10931
10934
10938
10941
10944
10963
10974
10981
10983
10986
10987
10990
10991
11000
11004
11005
11007
11008
11010
11011
11017
11023
11028
11032
11034
11048
11053
11055
11059
11064
11067
11068
11069
11074
11075
11078
11081
11082
11083
11084
11085
11087
11088
11091
11092
11100
11101
11102
11103
11105
11106
11109
11113
11114
11120
11121
11122
11123
11124
11126
11129
11130
11132
11134
11136
11137
11138
11140
11143
11147
11150
11153
11157
11159
11160
11162
11163
11164
11166
11167
11172
11180
11184
11185
11187
11193
11195
11201
11202
11203
11208
11210
11212
11214
11215
11216
11218
11219
11222
11223
11227
11228
11232
11233
11234
11235
11236
11237
11239
11241
11242
11246
11247
11250
11251
11254
11255
11256
11257
11258
11263
11265
11266
11267
11269
11275
11277
11278
11280
11282
11283
11284
11286
11287
11288
11289
11292
11293
11294
11296
11300
11302
11306
11307
11309
11310
11312
11313
11315
11318
11320
11322
11326
11327
11328
11330
11331
11332
11336
11338
11340
11342
11345
11347
11351
11354
11357
11358
11363
11364
11365
11367
11369
11372
11373
11376
11377
11378
11379
11383
11384
11385
11386
11388
11389
11390
11391
11392
11395
11401
11402
11405
11406
11407
11409
11410
11412
11415
11418
11419
11420
11421
11423
11425
11429
11430
11431
11432
11436
11443
11444
11449
11450
11451
11452
11455
11459
11460
11464
11465
11469
11471
11476
11478
11481
11482
11485
11486
11487
11491
11494
11498
11502
11504
11505
11507
11510
11513
11514
11517
11524
11527
11540
11541
11542
11543
11559
11560
11561
11562
11563
11564
11565
11573
11574
11576
11580
11581
11588
11589
11590
11592
11594
11595
11597
11599
11601
11602
11603
11604
11607
11615
11616
11617
11618
11619
11620
11621
11622
11623
11624
11625
11626
11627
11629
11630
11631
11632
11634
11635
11637
11638
11639
11641
11642
11643
11644
11645
11646
11647
11648
11650
11651
11652
11654
11656
11657
11658
11660
11664
11665
11667
11669
11670
11671
11672
11673
11675
11676
11678
11679
11680
11681
11684
11686
11688
11689
11690
11691
11693
11695
11696
11698
11699
11703
11704
11705
11707
11708
11710
11712
11713
11714
11716
11756
11724
11718
11719
11723
11725
11726
11727
11731
11734
11735
11736
11739
11740
11742
11743
11745
11746
11747
11749
11750
11752
11753
11755
11758
11759
11762
11766
11768
11769
11770
11771
11773
11776
11777
11778
11781
11782
11783
11784
11785
11788
11789
11791
11795
11796
11797
11799
11800
11802
11804
11806
11808
11809
11811
11813
11814
11817
11818
11819
11820
11821
11822
11826
11830
11831
11832
11833
11834
11836
11837
11838
11839
11840
11841
11842
11843
11844
11845
11846
11847
11849
11850
11851
11852
11853
11854
11855
11856
11857
11858
11860
11861
11862
11863
11864
11866
11867
11868
11869
11870
11871
11872
11874
11875
11877
11878
11879
11882
11883
11884
11885
11886
11888
11889
11890
11891
11892
11893
11894
11895
11896
11897
11899
11900
11901
11902
11904
11905
11906
11907
11908
11909
11911
11912
11913
11915
11916
11919
11920
11923
11924
11926
11927
11928
11929
11930
11931
11932
11933
11936
11937
11938
11939
11940
11941
11942
11944
11945
11948
11949
11950
11952
11953
11954
11955
11956
11957
11958
11959
11960
11962
11963
11966
11967
11969
11970
11972
11973
11974
11975
11976
11977
11978
11979
11981
11982
11984
11985
11986
11987
11988
11989
11990
11991
11993
11994
11995
11996
11997
11998
11999
12000
12001
12002
12003
12007
12008
12009
12011
12012
12013
12014
12015
12016
12017
12019
12020
12021
12023
12024
12025
12027
12030
12031
12032
12035
12036
12037
12038
12039
12040
12042
12043
12045
12046
12047
12048
12049
12050
12051
12052
12054
12055
12056
12058
12059
12062
12063
12064
12065
12066
12068
12069
12072
12073
12074
12076
12077
12079
12081
12082
12083
12084
12085
12087
12089
12090
12092
12093
12094
12096
12097
12098
12101
12103
12104
12106
12109
12115
12118
12121
12122
12123
12126
