0
1
2130
1244
5897
851
23
62
4
5
6
15
9
803
364
58
2782
3327
1451
12
13
14
16
18
20
21
6962
4539
3503
22
24
32
34
339
39
41
42
52
55
56
57
4514
66
67
69
70
77
78
79
80
81
84
85
86
88
89
91
92
95
96
97
98
99
166
102
103
104
105
106
108
109
111
112
113
114
115
117
118
119
120
121
122
123
738
124
125
126
129
130
131
132
133
134
135
136
137
138
140
141
144
145
146
147
148
150
151
152
154
155
157
158
159
163
164
165
167
3752
1653
168
169
170
171
172
173
174
175
178
180
181
182
184
185
188
189
191
194
195
197
198
200
289
201
203
204
206
207
208
209
210
211
213
214
215
216
222
223
227
229
230
231
234
235
238
240
242
245
248
250
252
251
254
255
256
262
268
272
274
278
3064
279
284
285
287
292
294
295
1258
3318
1561
297
299
1698
301
304
307
309
310
889
1530
1313
1103
317
321
323
326
327
330
332
336
338
340
341
1567
342
344
349
4640
672
6277
5191
2542
1844
2134
5051
5212
5117
350
357
361
362
363
465
366
365
5989
367
370
2813
371
372
373
375
385
386
389
391
392
393
394
401
402
3641
405
406
408
409
1860
4046
3991
415
417
420
422
424
428
436
437
438
441
447
448
449
450
2824
1269
452
460
462
577
469
1167
471
472
474
1921
476
479
482
487
492
493
495
500
502
506
507
508
510
511
512
514
515
516
519
520
524
525
526
527
529
531
532
533
534
536
537
538
2516
541
542
549
550
552
2017
558
559
560
562
563
564
1296
565
1305
567
568
569
570
572
575
576
578
579
584
586
587
589
590
594
596
597
603
607
611
615
625
629
633
638
640
641
642
643
644
646
647
648
649
654
655
656
658
4180
661
664
665
791
676
677
681
682
686
687
690
691
692
713
4102
693
694
695
6225
696
697
699
700
701
702
704
706
708
712
716
717
718
722
724
725
732
733
736
744
745
746
750
754
757
758
763
767
769
771
772
5154
777
780
783
786
1713
797
798
799
1257
1674
801
807
817
818
820
821
823
824
825
827
828
829
831
832
837
839
845
848
5000
852
853
854
855
856
857
858
859
861
862
863
864
865
867
869
870
871
874
876
877
880
882
886
888
890
891
892
893
894
4028
895
896
1612
897
900
901
902
903
904
905
907
909
910
911
912
914
915
916
917
918
919
920
921
923
924
925
928
931
933
934
938
940
943
944
947
952
955
956
962
964
1998
966
968
971
1288
972
2279
979
981
984
985
987
989
995
996
997
1003
1004
1006
1010
1014
1016
1027
1028
1030
1031
1032
1035
1036
1038
1039
1040
1042
1043
1044
1045
1046
1048
1049
1052
1054
1055
1056
1057
1058
1059
3994
1061
1062
1063
1065
1066
1068
1071
1072
1073
1074
1075
1077
1081
1083
1089
1091
1092
1098
1099
1100
1101
1102
1104
1105
1107
1108
1111
1114
1115
1116
1118
1119
1120
1125
1126
1127
1131
1133
1135
1137
1138
1139
1140
1143
1144
1145
1147
1148
1149
1151
1152
5582
1153
1160
1163
1164
1691
1166
1386
1171
1172
1173
1175
1177
1178
1180
1181
1182
1183
1184
1191
1193
1195
1197
1198
1199
4292
1200
1201
1202
1203
1205
1207
1208
1209
1210
1211
1212
1216
1217
1218
1219
1220
1221
1222
1223
1226
1229
1235
1237
1238
1239
1243
1246
1247
1248
1250
1251
1256
1259
1262
1268
1272
1274
1275
1276
1278
1279
3082
1280
1285
1286
1287
1289
1292
1294
1295
2376
1952
1298
1300
1301
1303
1308
1309
1310
1312
2750
1317
1320
1323
1324
1325
1327
1329
1330
1331
1333
1335
1336
1337
1338
1340
1344
1347
1348
1349
1350
1351
1353
1354
1356
1359
1362
1367
1370
1374
1377
1378
1381
1383
1384
1387
1388
1389
1398
1399
1400
3316
277
1401
1402
1403
1406
1408
1409
1413
1414
1416
1419
1420
1422
1424
1425
1426
1427
1429
1432
1436
1437
1439
1440
1441
3112
1446
1448
1450
1452
1453
1454
1460
1461
1462
1465
1466
1467
1468
1470
1472
1474
1475
1477
1480
1483
1484
1485
1486
1488
1490
1491
1492
1493
1494
1495
1496
1499
1500
6438
6853
1501
1503
1506
1507
1508
1658
1554
1509
1510
1513
1514
1517
1518
1519
1520
3861
1525
1526
3031
1531
1533
1536
1537
3819
1538
1539
1541
1544
1545
1546
1548
1550
7577
1555
1556
1558
1560
1562
1563
1564
1569
1570
1571
1572
1575
1576
1577
1578
1579
1581
1582
1585
1587
1588
1591
1595
1596
1600
1601
1602
1603
1604
1605
3213
1606
1607
1608
1609
1610
1611
1613
1614
1615
1616
1617
1619
1621
1622
1623
1624
1625
1627
1628
1629
1630
1632
1633
1634
1635
1636
1637
1638
1639
1641
1642
1643
1644
1645
1647
1648
1649
1650
1651
1652
3577
1655
1656
1657
1660
1661
1662
1663
1665
1667
1668
3514
1669
1670
1671
1672
1675
1676
1677
1678
2064
1679
1680
1682
1683
1684
1686
1687
1689
4161
1696
1697
1700
1707
1708
1711
1712
1715
1716
1717
1718
1719
1720
1721
1723
1724
1725
1726
1727
1728
1729
1730
1731
1732
1733
1734
1735
1736
1737
1738
1740
1741
1743
1745
1748
1749
1750
1751
1752
1754
1755
1756
1758
1759
1762
2278
1764
1765
1768
1770
1780
1781
1782
1783
1784
1785
1786
1787
1789
1817
1790
1792
1793
1794
1798
1799
1804
1805
1809
1811
1812
1818
1820
1821
1822
1824
1825
1826
1828
1829
6587
1830
1831
1832
1833
1834
1835
1836
1837
1839
1840
1841
1843
6313
6323
6324
6268
1846
1848
1852
1855
1857
1861
1867
1874
1879
1881
1886
1891
1899
1900
1904
1905
1920
1926
1927
1936
1939
1940
1942
1945
1946
1948
1951
1953
1955
1957
1958
1960
1961
1964
1966
1965
1967
1968
1969
1971
1972
1975
2119
1976
1977
1978
1980
1981
1983
1984
1985
1987
1989
1990
1992
1993
1996
1999
2000
2003
2004
2005
2010
2012
2013
2014
2015
2016
2018
2021
2022
2023
2024
2025
2027
2030
2032
2033
2034
2036
2037
2039
2040
2042
2043
2046
2047
2048
2054
2056
2062
2063
2065
2066
2067
2068
2070
2071
2072
2076
2080
2084
2088
2089
2091
2094
2096
2097
2098
2099
2100
2101
2103
2107
2113
2114
2115
2117
2118
2120
2121
6412
2124
2125
2126
2127
2129
2131
2132
2133
2135
2136
2138
2139
2141
2144
2146
2147
2149
2150
2158
2159
2172
2175
2186
2192
2194
2198
2199
2201
2208
2213
2214
2215
2217
2218
2220
2222
2224
2675
2233
2235
2238
2241
2245
2249
2250
2251
2256
2260
2261
2262
2263
2264
2268
2269
2270
2271
2272
2273
2274
2277
2280
2284
2285
2286
2287
2288
2289
2291
2294
2295
2300
2301
2302
2306
2307
2324
2328
2330
2331
2333
2337
2339
2346
2347
2348
2349
2351
2354
2356
2359
2360
2362
2363
2364
2365
2366
2368
2374
2375
2378
2379
2383
2384
5049
2385
2394
2401
2403
2407
2415
2418
2423
2426
2427
2433
2441
2444
2446
2452
2454
2456
2458
2461
2462
2463
2466
2467
2478
2479
2480
2481
2484
2487
2494
2497
2500
2506
2510
2514
3037
2520
2523
2525
2526
2528
2536
3761
2544
2546
2547
2549
2554
2555
2557
2558
2564
2569
2571
2577
2583
2585
2587
2592
2595
2596
2597
2599
2600
2601
2602
2604
2605
2607
2609
2610
2611
2612
2613
2614
2615
2618
2620
2622
2623
2624
2625
2630
2631
2632
2633
2638
2640
2642
2643
2644
2645
2647
2648
2652
2653
2654
2655
2656
3546
2662
2663
2664
2666
2667
2668
2671
2673
2678
2682
2686
2689
2694
2696
2698
2705
2711
2712
2714
2715
2716
2721
2723
2726
2728
2733
2736
2737
2738
2739
2740
2743
2747
2751
2752
2753
2760
2761
2764
2770
2775
2776
2779
2781
2786
2790
2793
2795
2797
2798
2800
2805
2806
2807
2811
2812
2814
2815
5767
2817
2818
2820
2825
2826
2831
2834
2835
2842
2843
2848
2850
2855
2858
2862
2865
2866
5752
5751
2867
2868
2870
2877
2880
2881
2885
2887
2888
2889
2891
2892
2893
2894
2895
2896
2897
2898
2901
2902
2903
2905
2907
2909
2911
2916
2918
2919
2920
2921
2923
2924
2925
2927
2931
2932
2933
2934
2938
2939
2941
2942
2943
2944
2947
2948
2950
2951
2955
2956
2957
2958
2967
2968
2969
2971
2972
2973
2974
2975
2977
2979
2981
2982
2984
2985
2988
2989
2990
2995
2996
2997
2999
3000
3002
3004
3005
3369
3007
3011
3012
3014
3015
3016
3019
3020
3021
3026
3030
3033
3039
3048
3050
3052
3054
3056
3057
3059
3060
3061
3062
3063
7392
3065
3067
3073
3076
3077
3080
3086
3094
3096
3103
3105
3106
3109
3113
3114
3120
3122
3126
3130
3131
3133
3134
3136
3137
3138
3139
3140
3142
3143
3144
3146
3149
3150
3152
3154
3155
3157
3159
3160
3161
3162
3165
3170
3173
3174
3175
3176
3177
3180
3182
3183
7136
3185
3190
3194
3197
3198
3200
3202
3203
3204
3206
3207
3208
3212
3215
3218
3219
3221
3222
3223
3224
3226
3228
3402
3232
3233
3234
3235
3236
3237
3238
3240
3241
3242
3243
3245
3247
3248
3249
3251
3254
3257
3260
3264
3266
3270
3275
3276
3277
3278
3282
3284
3285
3286
3287
3288
3289
3291
3292
3293
3294
3295
3296
3298
3299
3300
3306
3307
3308
3309
3310
3311
3312
3313
3314
7197
3317
3320
3323
3328
3329
3330
3331
3334
3335
3336
3338
3340
3341
3343
3344
3347
3348
3349
3353
3357
3360
3362
3370
3371
3375
3378
3383
3385
3387
3389
3391
3392
3393
3394
3396
3398
3399
3401
3403
3408
3409
3411
3412
3415
3419
3420
3424
3427
3428
3429
3430
3434
3436
3437
3439
3441
3442
3444
3449
3450
3452
3453
3454
3455
3456
3457
3458
3460
3466
3468
3472
3473
3476
3477
3478
3479
3480
3482
3484
3485
3486
3487
3489
3490
3492
3493
3495
3496
3497
3502
3506
3509
3513
3516
3517
3521
3523
3524
3526
3528
3529
3537
3540
3543
3545
3547
3549
3550
3551
3553
3556
3558
3559
3562
3564
3565
3566
3567
3568
3570
3572
3573
3574
3575
3576
3579
3580
3582
3583
3584
3585
3586
3587
3588
3640
3592
6297
3594
3595
3596
3597
3598
3599
3600
3601
3610
3612
3618
3620
3622
3624
3626
3627
3628
3629
3630
3632
3634
3637
3638
3642
3643
3644
3645
3649
3650
3657
3662
3664
3665
3667
3668
3671
3673
3675
3676
3677
3683
3684
3685
3694
3701
3705
3707
3709
3715
3717
3718
3721
3726
3730
3735
3739
3747
3748
7118
6063
3753
3755
3759
3760
3770
3779
3783
3785
3786
3788
3794
3795
3797
3798
3800
3801
3803
3806
3809
3810
3811
3815
3816
3818
3820
3827
3828
3829
3830
3832
3833
3835
3839
3841
3844
3846
3855
3863
3865
3866
3867
3868
3869
3870
3872
3874
3877
3881
3884
3885
3889
3890
3891
3893
3895
3896
3900
3907
3909
3910
3917
3919
3922
3923
3927
3931
3935
3937
3939
3940
3942
3943
3944
3945
3950
3951
3952
3953
3955
3958
3960
3963
5486
3964
3967
3968
3969
3977
3978
3979
3980
3983
3984
3987
3988
3993
3995
4002
4003
4006
4008
4013
4015
4017
4021
4022
4023
4027
4029
4030
4032
4034
4036
4037
4038
4042
4045
4047
4048
4052
4053
4055
4058
4061
4062
4065
4067
4069
4071
4074
4086
4088
4091
4093
4096
4099
4101
4103
4104
4106
4107
4108
4109
4114
4120
4123
4128
4130
4134
4135
4139
4140
4152
4157
4158
4159
4160
4162
4163
4166
4167
4168
4169
4171
4172
4173
4174
4176
4177
4178
4181
4183
4184
4186
4187
4189
4193
4197
4198
4201
4205
4207
4208
4209
4210
4214
4219
4221
4222
4225
4227
4228
4234
4235
4237
4239
4240
4241
4242
4247
4248
4250
4252
4253
4255
4256
4258
4259
4260
4261
4263
4265
4267
4269
4270
4272
4273
4274
4276
4277
4278
4279
4281
4282
4287
4288
4289
4291
4293
4294
4295
4296
4299
4303
4306
4307
4314
4315
4318
4328
4330
4335
4336
4337
4338
4340
4341
4342
4343
4344
4345
4347
4348
4354
4358
4359
4360
4362
4364
4371
4373
4380
4382
4387
4390
4391
4393
4395
4397
4398
4402
4404
4405
4407
4410
4411
4412
4414
4415
4416
4419
4421
4422
4424
4425
4426
4427
4428
4431
4432
4433
4434
4436
4437
4438
4439
4442
4445
4447
4448
4450
4451
4452
4454
4456
4460
4461
4464
4469
4470
4471
4472
4475
4477
4479
4484
4485
4486
4488
4489
4490
4491
4493
4495
4496
4497
4502
4503
4504
4505
4506
4513
4515
5622
4516
4517
4520
4521
4522
4523
4524
4525
4526
4527
4529
4530
4531
4532
4533
4534
4535
4537
4538
4540
4541
4543
4545
4546
4549
4550
4551
4552
4553
4554
4555
4556
4557
4558
4559
4560
4562
4563
4565
4566
4567
4570
4571
4572
4573
4574
4576
4578
4581
4583
4586
4590
4591
4592
4593
4598
4599
4607
4608
4609
4611
4612
4613
4614
4615
4616
4617
4618
4620
4621
4623
4629
4631
4632
4633
4634
4639
4642
4643
4645
4649
4652
4653
4658
4659
4660
4661
4666
4668
4676
4680
4682
4687
4691
4693
4694
4697
4699
4701
4704
4705
4708
4711
4713
4718
4719
4721
4722
4723
4724
4725
4730
4731
4732
4736
4741
4743
4746
4748
4754
4755
4758
4759
4761
4763
4764
4767
4768
4769
4770
4774
4780
4781
4784
4785
4786
4787
4789
4790
4791
4792
4794
4796
4798
4799
4800
4801
4802
4804
4807
4808
4809
4810
4815
4817
4818
4819
4820
4821
4822
4827
4828
4834
4836
4843
4846
4848
4849
4850
4851
4853
4854
4855
4856
4862
4863
4864
4866
4869
4870
4871
4875
4877
4878
4879
4880
4881
4883
4884
4886
4887
4889
4890
4891
4892
4893
4895
4896
4898
4900
4901
4902
4904
4905
4908
4909
4911
4912
4913
4915
4916
4918
4919
4921
4922
4923
4924
4926
4927
4928
4929
4930
4933
4935
4936
4937
4940
4941
4942
4943
4988
4947
4949
4951
4953
4955
4956
4958
4963
4966
4968
4970
4975
4978
4981
4983
4984
4985
4986
4987
4990
4991
4992
4996
4997
4998
4999
5001
5002
5003
5004
5006
5007
5008
5009
5011
5012
5018
5021
5022
5024
5025
5026
5027
5030
5031
5033
5034
5035
5036
5037
5040
5041
5042
5050
5054
5058
5059
5061
5063
5070
5073
5076
5080
5081
5082
5086
5088
5090
5091
5093
5096
5097
5101
5102
5103
5104
5105
5106
5107
5108
5109
5110
5111
5112
5113
5114
5115
5116
5118
5119
5120
5121
5125
5127
5130
5132
5135
5136
5137
5138
5139
5142
5146
5147
5148
5149
5151
5153
5155
5157
5159
5160
5162
5163
5165
5167
5171
5174
5178
5181
5182
5183
5188
5189
5193
5204
5207
5209
5210
5211
5213
5214
5215
5216
5217
5218
5219
5220
5235
5236
5238
5245
5247
5248
5251
5253
5255
5256
5259
5261
5268
5269
5275
7305
5276
5279
5281
5282
5286
5290
5291
5292
5293
5295
5296
5299
5301
5304
5305
5306
5307
5308
5313
5314
5316
5317
5319
5322
5323
5324
5325
5327
5328
5329
5330
5332
5334
5341
5342
5348
5350
5355
5358
5365
5368
5370
5371
5372
5375
5377
5379
5384
5386
5387
5392
5393
5395
5398
5399
5400
5401
5402
5405
5406
5408
5409
5410
5412
5413
5415
5416
5417
5418
5420
5421
5423
5426
5427
5429
5431
5435
5436
5439
5441
5442
5446
5458
5461
5462
5463
5464
5469
5470
5472
5479
5480
5481
5484
5487
5488
5491
5494
5499
5502
5504
5505
5506
5512
5514
5519
5521
5522
5523
5525
5529
5531
5538
5542
5543
5544
5547
5549
5551
5553
5554
6809
5556
5559
5566
5567
5568
5569
5571
5590
5573
5576
5577
5579
5580
5583
5584
5587
5588
5592
5593
5594
5595
5596
5597
5601
5604
5606
5607
5608
5609
5611
5613
5615
5616
5621
6362
5625
5626
5627
5628
5632
5635
5637
5638
5639
5641
5644
5647
5648
5650
5651
5653
5654
5655
5656
5663
5664
5665
5666
5671
5672
5673
5675
5676
5686
5689
5690
5693
5694
5695
5697
5698
5699
5703
5707
5709
5710
5711
5712
5716
5718
5725
5728
5730
5734
5735
5736
5737
5741
5744
5745
5748
5749
5750
6147
6053
5768
5770
6187
6059
6170
6010
6047
6056
5898
6843
6140
6067
6071
5756
5764
5766
6641
5803
6705
6616
5772
5773
5774
5776
5777
5778
5780
5781
5782
5783
5920
5891
5799
5832
5900
5788
5791
5810
5811
5815
5817
5818
5820
5822
5827
5828
5829
5830
5838
5840
5841
5844
5851
5852
5854
5858
5861
5863
5864
5867
5878
5880
5887
5892
5893
5894
5895
5902
5939
5903
5905
5906
5908
5909
5911
5913
5915
5917
5918
5921
5922
5924
5925
5928
5930
5932
5933
5935
5936
5937
5944
5947
5949
5950
5958
5964
5966
5971
5972
5973
5979
5981
5983
5985
5997
6003
6006
6007
6009
6023
6029
6032
6037
6040
6041
6042
6043
6046
6049
6050
6052
6057
6060
6065
6068
6075
6076
6077
6079
6080
6081
6085
6086
6088
6089
6091
6092
6095
6096
6102
6110
6111
6112
6115
6117
6119
6122
6123
6124
6126
6130
6137
6138
6141
6144
6146
7408
6149
6150
6151
6152
6154
6159
6160
6163
6166
6167
6168
6173
6174
6175
6177
6180
6184
6188
6191
6198
6199
6203
6204
6205
6207
6212
6219
6220
6223
6232
6233
6236
6237
6242
6246
6248
6250
6251
6252
6253
6254
6255
6256
6257
6259
6260
6261
6262
6263
6264
6265
6266
6267
6269
6270
6271
6272
6273
6274
6276
6278
6340
6279
6280
6281
6282
6283
6284
6285
6286
6287
6288
6289
6290
6291
6292
6293
6294
6295
6296
6298
6300
6305
6306
6307
6308
6309
6310
6311
6312
6314
6315
6316
6318
6319
6320
6321
6322
6326
6328
6329
6331
6332
6333
6334
6335
6336
6337
6338
6339
6343
6345
6351
6353
6354
6355
6357
6359
6360
6363
6371
6377
6378
6381
6383
6386
6388
6389
6391
6396
6402
6403
6404
6408
6409
6410
6411
6413
6414
6416
6418
6420
6421
6423
6428
6436
6441
6448
6450
6457
6458
6459
6460
6462
6464
6465
6469
6470
6473
7179
6475
6477
6481
6492
6494
6502
6504
6506
6517
6524
6525
6527
6529
6530
6531
6534
6535
6539
6543
6546
6547
6548
6549
6550
6551
6553
6555
6556
6557
6559
6560
6561
6564
6565
6566
6567
6568
6572
6573
6574
6575
6577
6578
6581
6583
6589
6590
6592
6593
6594
6597
6598
6599
6600
6601
6603
6606
6607
6608
6611
6613
6618
6619
6623
6634
6636
6638
6640
6642
6644
6646
6653
6656
6660
6662
6664
6665
6666
6668
6669
6672
6674
6677
6680
6682
6684
6685
6686
6687
6690
6691
6692
6693
6694
6695
6696
6697
6698
6701
6702
6703
6704
6707
6709
6710
6711
6712
6713
6714
6715
6716
6717
6719
6720
6721
6723
6724
6725
6726
6727
6728
6730
6731
6732
6733
6735
6741
6744
6745
6747
6749
6750
6756
6758
6759
6761
6764
6765
6770
6771
6776
6777
6780
6782
6783
6784
6785
6786
6787
6789
6790
6793
6797
6803
6804
6808
6813
6814
6815
6818
6822
6823
6825
6827
6829
6832
6833
6834
6836
6837
6838
6840
6842
6845
6847
6849
6855
6857
6862
6865
6866
6868
6871
6872
6874
6875
6876
6877
6878
6880
6882
6883
6888
6889
6897
6898
6900
6903
6904
6906
6908
6911
6912
6915
6916
6918
6919
6923
6924
6926
6927
6928
6930
6933
6934
6936
6938
6940
6944
6945
6946
6949
6952
6955
6957
6961
6965
6968
6970
6973
6974
6975
6980
6981
6984
6986
6989
6996
6998
7001
7002
7015
7017
7025
7026
7028
7031
7037
7038
7040
7042
7045
7046
7049
7052
7058
7065
7083
7089
7094
7095
7104
7110
7111
7114
7115
7123
7124
7125
7126
7127
7129
7130
7139
7140
7143
7145
7147
7150
7153
7155
7156
7158
7161
7165
7166
7168
7174
7175
7178
7180
7182
7183
7184
7185
7186
7187
7188
7189
7190
7191
7192
7193
7194
7195
7198
7200
7201
7203
7204
7205
7209
7211
7212
7214
7215
7216
7218
7219
7220
7223
7226
7228
7229
7230
7231
7233
7234
7235
7237
7239
7241
7244
7247
7248
7249
7250
7251
7252
7253
7254
7255
7256
7259
7260
7261
7262
7263
7264
7265
7268
7270
7271
7274
7275
7277
7278
7279
7281
7283
7284
7287
7290
7291
7293
7294
7295
7296
7297
7298
7299
7300
7301
7302
7304
7306
7307
7310
7311
7312
7313
7314
7320
7321
7322
7323
7326
7329
7330
7332
7333
7334
7335
7336
7337
7338
7342
7343
7344
7345
7346
7349
7352
7353
7354
7355
7356
7357
7358
7359
7360
7361
7362
7364
7365
7366
7367
7369
7370
7373
7374
7375
7376
7377
7378
7380
7381
7384
7385
7387
7389
7391
7393
7394
7395
7396
7401
7404
7405
7406
7407
7410
7411
7412
7413
7414
7415
7416
7418
7419
7421
7423
7424
7426
7427
7428
7430
7431
7435
7436
7437
7439
7442
7445
7446
7447
7448
7449
7452
7453
7455
7460
7461
7462
7464
7465
7467
7470
7472
7474
7475
7478
7479
7480
7481
7482
7483
7486
7487
7488
7489
7490
7491
7492
7493
7494
7496
7497
7498
7499
7500
7503
7505
7506
7507
7509
7511
7512
7514
7516
7517
7519
7520
7521
7523
7527
7529
7531
7534
7536
7537
7540
7541
7542
7544
7545
7546
7547
7548
7550
7552
7555
7559
7563
7566
7568
7570
7571
7572
7575
7576
7579
7580
7582
7583
7584
7585
7587
7588
7590
7592
7593
7594
7595
7597
7599
7601
7602
7604
7609
7610
7611
7612
7613
7614
7615
7616
7617
7618
7619
7620
7621
7622
7624
7625
7626
7628
7630
7631
7632
7633
7634
7635
7639
7640
7642
7645
7646
7647
7648
7649
7654
7656
7657
7658
7659
7660
7661
7662
7663
7664
7665
7666
7671
7672
7674
7676
7678
7679
7680
7681
7682
7687
7691
7696
7699
7700
7701
7703
7704
7705
7706
7707
7708
7709
7713
7714
7716
7717
7718
7719
7720
7721
7722
