0
1
3
6
4
17
7
8
1952
2021
367
14
801
39
15
19
20
8821
24
6075
16
18
4096
7897
19197
10695
4641
515
4101
1286
481
3322
4351
13120
16837
17838
6771
5940
16501
8121
16281
16635
8925
7295
21
2868
23
8208
27
15457
99
582
1096
12398
243
85
9757
607
28
2289
14599
29
31
32
34
35
36
37
38
389
43
9008
951
18501
14918
5834
6229
15967
6246
6673
240
10995
6261
252
22784
15650
10312
19167
9324
7694
18065
15662
13786
6558
533
40
16358
8008
89
3965
41
42
15488
6561
7995
6053
7174
7335
295
16812
14797
721
6267
5556
3390
13649
4059
7998
9861
44
45
46
47
48
1093
20450
924
52
53
23873
26657
6314
2321
2574
16752
1684
54
57
7478
2154
26414
1462
727
348
61
5007
62
611
63
114
26500
25900
64
65
66
74
5667
147
16486
2188
8948
6455
1401
186
77
5361
78
576
3474
4718
83
16390
25351
11017
15756
13585
8723
9478
809
16559
19635
10681
8280
10313
2123
590
722
11534
6360
4570
16219
14050
5093
14457
84
11680
17497
126
91
92
93
3176
96
97
7753
98
1183
102
734
106
111
112
113
117
12119
121
122
14017
2606
5271
5599
125
128
129
131
182
141
152
153
155
156
162
164
165
166
1318
167
168
173
175
7929
7448
13372
176
177
178
180
181
17592
18400
10121
2898
2770
308
1690
22686
187
188
193
194
195
196
8741
197
710
200
201
202
203
4467
204
7119
7986
6197
4598
9886
3622
207
208
209
26275
5180
212
213
10688
214
216
218
219
222
266
223
224
4099
25861
523
5534
3717
425
5930
21420
820
1599
4930
3306
5868
2941
225
228
229
1656
232
235
236
239
19456
4086
19911
10792
2761
19786
19894
12988
2333
7102
241
242
269
16427
15566
1872
10901
3478
14940
7837
244
246
247
16098
258
259
261
262
263
24287
267
268
20076
13094
6628
270
277
281
283
3131
288
290
293
294
2486
328
305
4851
307
1058
309
19149
1252
310
314
318
331
323
324
329
330
17371
7208
332
9772
334
18849
337
338
9408
9628
345
346
347
349
4798
351
353
354
356
357
362
363
366
369
1188
370
371
373
377
5431
1554
378
385
386
388
390
392
393
396
403
404
1272
406
407
688
410
411
414
415
420
421
426
427
8848
12466
6518
1571
7113
429
433
14863
435
438
1550
439
440
441
442
444
445
446
447
452
453
454
468
6144
10284
8972
8852
12205
8671
22606
6483
3918
1388
16624
6265
470
471
1695
472
15397
8681
18058
3884
6445
814
5044
8409
4350
474
475
476
477
480
482
485
4127
486
12987
487
488
489
490
492
494
495
496
498
499
7636
500
503
504
505
507
508
510
511
512
513
514
16363
516
518
519
520
521
2753
20165
17990
16446
522
524
554
15952
526
3212
527
529
530
531
532
536
538
2421
540
543
18057
17173
8470
8094
7457
15274
14251
7474
3260
4041
7372
5966
24285
1530
8828
544
7938
10754
545
546
547
548
549
550
551
552
553
2935
17564
556
557
5929
561
563
564
5214
565
566
568
570
9639
572
17022
574
575
6145
8067
2647
5627
579
580
581
7184
585
5717
8854
587
588
12493
10133
589
591
592
593
4479
594
597
599
605
4098
7371
606
610
616
617
619
620
623
627
630
633
634
643
645
650
652
653
654
4205
1491
12952
11900
19390
656
673
674
675
681
3505
682
683
684
7824
685
686
689
691
692
695
696
697
699
705
706
707
708
709
711
712
713
714
9225
715
716
719
1040
1534
17949
3496
1993
724
726
728
730
733
741
742
743
745
746
747
749
8028
755
756
758
759
760
763
766
9725
769
770
772
773
775
791
794
796
799
800
804
808
18024
10086
810
812
4857
10708
13157
815
818
6335
9087
821
822
5919
3237
838
823
824
825
826
827
828
829
6337
830
831
832
833
834
835
836
837
866
867
869
876
883
888
891
892
895
905
907
912
913
919
923
925
927
929
930
936
937
941
945
12069
18571
10010
946
950
954
965
971
973
3909
977
978
986
4768
991
10664
1006
9579
1007
2142
1008
1016
23330
14792
15956
16821
2844
1020
1021
1027
1028
15944
6121
22159
1029
1035
1039
1041
1046
1048
1050
6542
5933
6674
10647
1051
6002
12841
13613
4918
3664
14929
9827
2303
3800
14461
3985
9097
9620
6431
1063
9843
1064
1065
1069
1070
1071
1075
1077
1078
1079
1080
4873
1082
1086
10246
1094
1100
1101
1102
1105
1106
1109
1110
1111
1112
1113
1114
1116
1118
14979
1120
1123
1126
1128
1129
1131
1132
1133
1137
1139
1142
13130
1148
6159
4550
1153
1155
1158
1159
1160
1166
15838
3286
15678
1169
7985
1177
1179
1184
1186
1191
1192
1196
1200
1202
1204
1205
2974
1210
1214
1216
14375
1464
1219
6158
1669
1222
16655
1226
1227
1229
1233
1235
1236
1237
1248
1251
8183
9514
1403
1254
1257
1261
1478
4156
1823
1262
1264
6143
1266
1270
1274
1278
1288
1289
1292
1294
1299
1468
1304
1305
10936
1310
1312
1313
1315
12489
14607
1319
1323
1328
1329
3203
10814
1332
1333
1337
1339
1341
1348
1349
1351
1355
6891
1356
1358
10909
1361
1363
1364
1369
1371
1374
1375
1386
1387
1391
8820
1393
1395
1398
1399
1400
5289
1410
1415
1416
1418
1419
1420
1423
1428
1430
1433
1434
19209
1437
1439
1449
1450
1451
1453
20323
5718
1454
1458
1461
1466
1915
1467
1469
1472
1475
1476
1477
13090
3673
2171
1479
1482
1483
1484
1485
1489
1490
13426
1493
1494
7037
1497
1499
1501
1506
3072
5250
1507
9416
4460
9425
12959
5756
9983
14329
14804
1508
1509
1512
1513
1515
1517
5526
14160
7386
1521
1527
6987
10323
1529
17892
1531
2018
9325
8630
1537
8279
1539
1541
1542
1546
1548
1549
7029
2807
1553
1557
1559
1563
6637
20563
14165
1566
1567
2402
1568
1572
1575
1576
1577
1580
1581
1584
1587
1588
1591
1595
1596
1597
1598
1600
1601
1603
1608
1612
1614
1615
1616
1618
1621
7845
1622
1625
1626
1629
1631
1632
1634
1636
1762
1637
1641
1642
3814
1644
1645
1646
1650
1651
8609
3637
3130
19388
8268
9561
18395
1652
6384
1658
13244
1660
1661
1666
1668
1671
1673
1738
1675
1676
1677
18604
1680
1681
1685
10774
24000
1691
10434
1692
17170
1696
3298
1698
1703
1707
1708
1711
1713
1718
1722
1723
5623
1724
1729
7011
13349
4301
20496
11505
13590
10181
1728
1730
8237
11664
13309
1732
1734
1740
1742
1745
1746
1748
1750
1754
1756
1757
18069
1758
1770
2504
14571
21936
18286
12380
1771
1772
12683
6540
14351
16275
26972
4277
24028
23264
15035
1877
1776
1787
1788
1790
1791
1794
11537
1796
1797
2754
11100
1800
1801
1804
1805
1812
1814
1815
1817
1820
12368
1821
1822
5024
3713
12538
1824
1825
1826
1827
1830
1836
1837
1841
1842
5663
1845
1847
1855
1856
1865
12178
1866
1869
1871
1874
1875
16461
1881
1882
1886
1887
1888
1890
1891
1895
1896
1897
1898
1908
1910
1911
1912
19426
1918
1920
1921
1923
1925
1926
1929
1930
1935
1936
1937
1938
2371
2102
8567
1941
1945
1948
1951
1955
1957
15901
1959
1960
1961
1962
1963
1967
1977
1978
1980
1982
1986
1988
1991
1995
1997
8210
1998
2003
2005
2006
2011
2012
2015
2019
2020
2022
7742
2023
2024
2031
2032
2033
2037
2039
2041
2045
2049
2050
2052
2053
15253
2059
2060
9966
2061
2062
2066
4750
2069
2073
2074
3438
2075
2076
2077
2078
13697
8563
2084
2086
2091
2093
2094
9057
9125
5652
4889
3193
2106
2110
18765
2112
21250
10118
7175
4258
9357
2114
2115
2116
2118
2119
2122
19335
7427
4903
5045
12956
6590
2125
2128
2130
15436
2133
2137
4629
2145
2146
2147
2148
2149
2156
2157
2158
2160
2164
2165
2166
2168
4363
2172
2175
2191
2192
2193
2196
2199
2200
2204
2205
2207
2213
2216
2219
2220
2222
2223
2229
2230
2254
2257
2258
2262
2263
2265
2266
2267
2272
9734
2279
2280
2282
2286
2287
2288
2291
2298
3144
2304
2305
2309
2310
5891
3978
2312
2319
10079
2320
5857
2577
12149
6701
2326
2332
10769
7124
16656
2334
2340
2341
21891
2346
2351
2352
2353
2355
2359
6505
11809
2360
2369
2373
7433
2377
2378
2380
2383
2389
2390
6577
9942
2394
2396
2398
2401
2405
2406
2418
25811
2425
3099
2431
2437
2441
2443
2448
2449
2454
2455
2457
2461
19314
2479
2482
2484
2485
2563
2487
4097
5274
12018
4092
14263
2495
2498
2499
2500
2502
2512
2513
2517
2527
2529
2532
2535
2542
11641
2543
8917
8026
2552
2553
2557
3479
2561
14951
3226
2564
2565
2568
11310
2573
7052
7982
7612
20785
2582
2587
2595
2596
2605
4143
5247
2607
2610
2611
5355
2616
26849
12170
2621
2625
2631
2636
2643
2646
2657
2658
2659
2676
2679
2682
2691
2692
2702
2703
2706
2713
2715
2717
2721
7909
2725
2730
2732
2733
16189
2735
2742
2747
14592
5867
7509
9697
9807
2760
2762
2768
22947
2774
2776
2779
12635
2804
2805
2806
2809
2812
18504
2970
2813
2814
2817
2821
2822
2823
2824
11852
2850
2852
2856
2867
18624
10209
24312
2869
2874
2875
2878
2879
2883
19161
2886
2888
2904
2905
2913
2914
2923
2929
11653
2938
2945
2950
2951
2953
4572
2960
2962
2967
9290
2973
4007
2979
2981
2982
2986
2992
2995
2999
3010
7077
3013
3015
17712
14788
3018
3023
3024
3033
3034
3036
4224
5883
3038
9090
7046
7437
4367
6040
4650
16818
17182
17718
17336
13757
16847
3159
4194
16551
17812
3708
3039
3043
3045
15837
3048
3049
3054
3058
25420
3067
3071
17745
26772
3073
3074
3078
4968
3082
3084
14802
3092
3093
12748
3100
3102
3103
3108
3110
3111
3112
3113
7291
3115
3118
3121
3125
3127
3133
16483
12717
3134
3140
12280
3146
3153
3155
3157
3158
3160
3161
3168
4487
11737
3175
5827
7399
3180
3184
3187
3196
3198
3202
16531
3205
3207
11456
16951
3216
3218
3221
5936
3225
3228
3231
3234
3238
3242
3243
9729
3246
3249
3250
3257
3262
3265
3268
3271
19389
3272
3277
3279
3288
3289
14391
3293
3299
3303
18126
3310
3312
3313
3315
3320
3321
3326
3327
3330
3331
3336
3341
3346
3348
3353
3354
3357
3358
3362
3363
3364
3367
3369
3371
3372
3373
13190
3382
3383
12621
3387
3389
18827
16276
3395
3404
3408
7425
3413
3422
3425
3426
3427
3428
3434
3435
13764
6838
3442
3445
3447
3452
3462
3466
3467
9653
3468
3476
3480
3489
3495
3497
3501
3502
7894
3506
3510
3515
3517
3523
3524
3525
3527
20629
3532
3539
3543
5645
5264
12442
21169
3544
3547
3548
6936
3556
3558
3563
3564
3565
3566
3567
3568
3570
3572
3577
3579
3580
4849
3591
3600
3604
3615
3621
3626
3628
3629
3631
3636
3643
3645
3647
3649
3907
3651
3658
20409
3665
3667
3670
3677
3682
3683
3684
3704
3706
3707
3710
22293
20383
9782
6857
20194
10598
18535
3714
3715
3716
3722
3725
3726
3728
3729
3732
3743
3744
3746
3747
3748
3757
3758
8864
3939
8055
18089
3759
3764
6791
17115
3771
3772
3775
3776
3785
3790
3791
3793
4644
9549
7953
3795
3798
3799
3806
3807
3809
3810
3811
3815
3816
3819
3820
3822
13386
3823
3826
3828
3830
3844
3845
3850
3869
18947
3872
3877
3878
3882
3883
3885
3888
3893
3895
3898
3900
3910
3915
3916
3917
3923
3932
3935
4705
3941
3943
3944
6948
7466
11193
12376
7283
3957
3960
3962
3968
18166
3970
3973
3974
3976
3977
13921
19953
17198
12559
5815
20216
12511
3980
3983
4220
3987
3991
3992
8487
4005
4006
5790
4008
4013
4019
15291
16328
6187
4030
4038
22157
4044
4045
4051
4055
8269
4060
4061
4064
4065
4066
4068
4069
4071
4072
4073
4076
4082
4084
4085
7459
9093
11078
11178
16315
18288
21007
4923
4087
4091
16279
4093
10543
11446
17351
4102
4106
4498
4107
4109
4110
4111
4112
4115
4117
4122
4123
4126
4810
4135
11666
4138
4141
17877
4144
4147
4150
4153
8207
4157
4947
4160
4308
4169
4170
4175
4176
18842
4179
4181
4185
5751
4201
7506
4203
4215
4218
4219
4344
4221
4223
7337
18482
17659
4227
4228
4240
4244
4247
4248
4254
4257
4259
4261
4262
4264
4267
4269
4271
4273
4274
4275
4279
4287
4291
19480
4292
4293
4295
4298
4643
20196
6565
6663
4303
4304
4309
16353
12644
4310
4312
4314
4317
4318
4319
4321
18903
4322
4588
4323
4324
9853
4328
4331
4333
4334
4335
4340
4341
4342
4345
4347
4360
4361
5533
4383
4364
4368
4369
10099
12923
17342
4370
4373
4377
4379
14873
4386
4387
4389
4390
4391
4394
4397
4400
4401
4404
4405
4406
4407
4412
4413
4414
4415
4418
4423
4437
4426
4427
4428
4429
4431
4432
4434
4435
4441
4442
4443
4444
4450
4457
4458
5323
4462
4463
4466
16557
4468
4469
4470
4474
4475
4476
23925
4477
4478
12129
4485
4488
4490
4492
21655
4495
4497
4506
4507
4511
9711
4512
4514
5581
6200
4517
5696
4518
4519
4523
11029
4526
8144
4529
4531
4533
5641
4536
4539
18399
4544
4549
4557
4560
4563
4564
4566
4569
10378
4571
4576
4577
4578
4579
11828
4583
4584
4586
5261
4587
4589
4592
4594
4595
18449
4599
4601
4602
4603
4605
4606
4608
4609
4611
4613
4617
4620
4973
4624
4627
7747
4630
4632
18103
4633
4637
4638
12873
4640
4642
4646
4648
4649
16090
18821
7885
21951
4657
4659
4660
4661
4663
4672
4674
4677
4678
4679
6410
4684
4685
4688
4689
14678
4692
4695
4696
4697
4698
4699
5979
4701
4702
4703
4710
4711
4712
4715
4716
4717
4719
4821
4720
4725
4732
4735
4738
4740
4745
23584
19626
4919
26361
11498
4746
4748
4749
4752
4753
4756
4759
4760
4762
4763
4765
4767
4769
4771
4772
4773
4776
4777
4778
4779
4781
4783
4784
4786
4787
4789
4790
4792
4795
6886
17095
4801
4803
4804
4805
4807
4808
4809
10126
4811
4815
4819
4820
17140
4822
4824
4827
17586
11605
4828
4830
4832
4835
4836
4837
4838
4840
4841
4842
4843
4844
4845
4846
4850
4852
4855
4861
4864
4870
4872
4874
4875
20455
4877
4879
4882
4884
4885
4886
4887
22820
4888
4892
4893
4896
4899
4900
4901
15328
4902
4905
4907
4909
4910
4911
4913
4914
4916
4917
15560
6839
12653
13384
16763
18271
4920
11056
4921
4922
5754
4926
4928
22593
13540
10672
7429
4929
4931
4933
4937
4942
4944
4946
5344
4949
12581
11839
4953
4956
4961
4963
5008
4966
4967
8324
8840
4969
4970
4971
4972
7002
4974
4977
4980
4981
4982
4983
4984
4985
4987
6115
4988
4992
4995
4997
4999
5000
5001
10686
5002
5006
5010
5011
11510
5012
5017
5019
5021
5022
8930
5027
6368
5028
5029
5030
5032
5035
19091
5038
5039
5041
5043
10718
5046
5047
5048
5052
8160
10809
5053
5054
5056
5057
5058
5059
5064
5066
11898
5067
5068
5069
5070
5071
6694
5073
5075
5076
5077
5079
5080
5081
5799
5082
5083
5085
5086
5087
5088
5089
5090
18755
20177
22633
5095
5099
5102
5104
5105
5106
5109
5112
5113
5114
5115
5116
17431
5118
5119
5121
20086
5125
5126
24577
5130
5133
5136
5138
5139
5140
5141
5143
5144
5145
5146
5149
5156
5157
5158
5159
5160
5161
5165
5167
8016
5171
5173
5174
16464
5175
5176
5185
5186
5187
5188
5190
5194
5196
5252
5462
5197
5200
5202
5206
5210
5213
5215
5218
5222
5224
5225
5226
5227
5231
5234
5444
6054
5235
5239
5240
5244
5248
5249
5251
5255
5256
5257
5258
5260
5263
6444
5266
5270
8928
9136
5272
5273
22624
8042
8046
5275
5278
5280
5282
5283
10386
5285
5286
5287
5288
5291
5292
5293
5295
5297
5302
5303
5310
5312
5314
5315
5316
5317
5318
5319
13635
5320
5321
5322
5325
5332
5334
5336
5337
5338
5341
6621
5342
5351
5352
11635
5354
9409
8142
15189
16598
6844
5363
5367
5368
6007
5369
5372
5375
5382
5387
5388
5389
5392
5396
5397
5401
5402
5409
5411
5412
5413
5414
5415
5416
5419
5420
5421
5422
5423
5424
5426
5427
5430
5432
5435
9574
5436
5440
5443
5448
5454
5455
5456
5460
5466
5468
5469
6319
5470
5474
5475
5477
5478
5479
9695
5481
5488
5489
5490
5492
5494
5495
5496
5499
5502
5503
5504
5510
5511
5512
5513
5514
5516
5517
5518
9411
5520
5521
5522
5527
5528
5529
5530
5532
5535
11667
5536
5537
5539
5540
5542
5543
5544
5546
5547
5548
5551
5742
5554
5555
5558
5561
5562
5563
5564
22385
5565
5569
5570
5572
5573
5576
5578
5579
5580
5582
5587
5588
5590
5591
5592
5593
5594
5595
5596
5598
5600
5604
5605
5606
5613
5618
5619
5621
7325
8545
5985
5622
10507
9533
5848
5628
23329
5629
5633
5638
5640
18840
5642
5643
5644
5646
5648
5649
5650
5651
5653
5654
5655
5656
5657
5658
5659
5660
5661
12499
6585
5662
15758
16347
8187
5664
5666
5824
9373
12207
5681
9217
19016
5668
5669
5672
5677
5895
5679
5680
5682
5688
5693
5694
5695
5698
5700
5701
5702
5704
5705
5706
5707
5708
5709
5710
5711
5712
5716
5719
5723
5724
15782
5726
5728
5731
5738
5739
5740
5741
5743
5744
5749
5750
5753
5755
5759
5760
5764
5766
5767
5770
5771
5772
5776
5777
14156
5781
5782
5783
5785
5786
5792
5796
5797
5800
5801
5802
5803
5805
5806
5807
5809
5810
5813
5814
5816
5817
5819
7836
7428
5821
8466
5822
5823
5907
18619
5825
5826
5828
5829
5830
5831
5832
5833
17098
21305
19903
5835
5836
5837
5839
5840
5841
5842
8704
9701
8298
12186
5853
5854
5861
5862
11678
6353
7274
23491
26815
5869
5870
5875
5876
5877
5878
5881
5884
5888
5889
5890
7089
5892
11340
5894
5896
5900
5903
5904
5908
5909
5910
5912
5914
5918
8273
5920
5923
5924
5925
5928
5931
5932
5934
5937
5938
5942
5944
5947
5948
5949
5950
5951
5952
5953
5957
5960
5962
5963
5964
5965
5967
5971
5972
5973
5976
5980
5981
16243
11047
5982
5987
5990
5992
5993
5997
5998
6003
6004
7051
6005
6011
6012
6013
6014
6015
6020
6021
6023
6025
6026
6027
6029
6031
6033
6037
6041
6044
6045
6046
6048
6057
6058
12169
6059
6061
6062
6068
6065
6069
6073
6074
6076
6079
6081
6083
6084
6085
6087
6088
6089
6090
6097
6098
6099
12240
6100
6105
6106
6107
6110
6111
6112
6113
12420
10064
12953
6117
6119
6120
6127
6128
6132
6133
6134
6135
6136
6140
6141
6146
6147
6150
6157
18750
6161
6164
6166
18880
6167
6169
6170
7992
6171
6172
6174
6176
6181
6183
6184
6185
6186
6188
6192
6194
6195
15152
16284
6201
6203
6205
6211
6212
6215
6216
6218
6221
6223
6226
6228
6230
6231
6232
6234
6237
7411
6241
6244
6247
6249
6251
6252
6253
6254
6257
6258
6259
6260
8836
8837
6262
6266
6268
6273
6275
6277
6280
6282
6284
6286
6287
6291
6295
6297
6298
6299
6301
6307
6308
6316
6317
6318
6321
6322
6325
6327
6328
6330
6331
6332
6333
6336
8496
6338
6339
6340
6341
6342
6343
6344
6345
6346
6347
6348
6349
6350
6351
6352
6354
6355
6356
6357
6358
6359
6361
6362
6364
6367
6372
6377
6378
6381
6385
6386
6390
6457
6398
6399
6400
6404
6405
6407
6411
6412
6414
6417
6420
6423
6426
6430
6434
6438
6443
6452
6454
7172
6460
11799
6461
6476
6477
6480
6484
23697
14562
6489
6490
6494
6495
6496
6497
6498
6499
6500
6501
6502
6507
6508
6509
6511
6512
6513
6516
6517
6523
6524
6525
6529
19723
6532
6533
6534
6539
19427
6545
6547
6549
6550
6553
6554
10496
22773
16054
11739
6564
14533
16223
6566
6568
6569
6573
6576
21882
23103
6579
6580
6581
6582
6584
6586
6591
6592
6594
6595
6602
6605
6607
6608
6609
6610
6613
6617
6620
6624
6625
6626
9897
14379
6634
6638
6640
6645
24316
7285
7397
6648
6650
6655
6658
6659
6662
6665
6669
10693
6675
6676
6679
6684
6688
6693
12315
6696
6699
6708
6716
6730
6731
6732
6740
8449
6745
6749
6752
6754
6758
6765
6772
6776
6783
6784
6787
6788
6796
6797
16570
6801
6803
6806
6807
6809
11889
6813
6819
6822
6827
6832
6833
6835
6837
6840
6843
6845
6848
6851
6855
15224
24280
6858
6859
16686
11061
9031
6862
8924
6863
6865
6866
6868
6870
6871
6873
6874
6876
6878
6880
6881
6882
9286
6885
6892
6893
6897
6906
6908
6910
6913
6914
6916
6921
6923
6924
6930
6940
6942
6946
6955
6960
6967
6971
6978
6979
6981
6983
6984
6986
6990
6992
6994
6997
6998
6999
7000
7001
7004
7005
7007
7009
7010
25036
18971
7900
7012
7014
7015
7016
7327
7017
7018
7020
7021
7023
7024
7026
7028
7030
7031
7032
7036
7039
7045
7050
7053
7058
7060
7061
7066
7068
7070
7073
8398
7075
7078
7079
7080
7084
7085
9218
10842
12214
16608
7086
7092
7093
7098
7099
7101
7103
7104
7106
7108
7109
11621
7115
7117
7120
18774
18427
7125
7128
7129
7130
7134
7136
7139
7146
7148
7150
7151
7152
7156
7157
7158
7162
7164
7166
7167
7168
7171
17132
7173
7176
7177
7178
7179
7181
15567
7186
7187
7192
7193
7195
7196
8578
13843
17145
7197
7198
7199
7200
7205
7207
7209
10494
7210
7213
7217
7220
7221
7222
7225
7226
7229
7231
7232
7233
7236
7237
7239
7240
7241
21453
7242
7245
7247
7248
7249
7250
7255
7256
7257
7258
7260
7261
7262
7265
7266
7267
7268
7269
7270
7271
12853
7277
7278
7280
7282
7286
7287
7290
16876
7300
21349
7301
7303
7306
7309
7312
7316
7318
7319
7321
7322
7323
7324
7329
7330
7333
7334
7336
7339
7340
7341
7346
7347
7348
7351
7352
7355
22169
21290
20553
7357
7358
7361
7368
7369
7370
7374
7388
7391
7392
11569
7400
7403
22590
7407
7410
7412
7414
7418
11186
7422
7424
7426
10490
11824
7431
7432
7435
7436
7443
7445
7446
7447
7450
7453
8200
7456
7462
7463
7465
7467
7469
7471
7476
14095
7477
7482
7483
7484
7485
7486
7487
7488
7491
7493
7494
7498
14209
7500
7501
7502
7503
7505
7508
7510
7515
7518
7519
7520
7521
7523
7528
7531
7532
8816
8766
7536
7537
7538
7539
7543
7547
7548
7562
7567
7571
7573
7575
7592
7594
7595
7601
7606
7607
7614
7617
7620
7626
7627
7632
7633
19879
19372
16366
7637
7638
7639
7641
7642
7644
7646
7649
7653
7660
7662
7663
7664
7665
7670
7673
7675
26688
7679
7680
7683
7686
7688
7689
7695
13665
7700
7705
14998
7706
7711
12074
7716
7717
7718
7720
7721
9232
7724
7725
7726
7727
7732
7739
7741
7744
7745
7749
7751
7752
7754
7757
7758
7760
7762
7765
7769
7770
7773
7779
7781
7782
7785
7786
7787
7788
8246
7790
7793
7797
7799
7800
7801
7804
7805
7806
7808
7809
11082
7812
7813
7817
7818
7819
14846
7823
17097
11247
15357
7830
7833
12805
7841
7842
7843
7844
7846
7850
7852
7855
7857
7858
7859
7860
7864
7866
7867
7870
7871
7872
7873
7874
7875
7876
15851
7887
7889
7893
7895
7896
7966
7899
7901
7905
7907
7908
7910
7911
7917
7920
7922
7923
7924
7925
13262
7930
7932
7934
7935
7941
7944
7951
7952
7954
7955
7956
7957
7958
7961
7962
7964
7968
7969
7970
7971
7973
7977
7979
7980
7988
13365
7990
7991
7994
19253
7996
7997
18413
11727
7999
8001
8002
8003
8004
8005
8009
8010
8011
13677
8012
8015
8031
8018
8020
8021
8022
8023
8025
8029
8032
8033
8034
8035
8036
8037
8039
8040
8041
9588
8043
8044
8045
19112
8053
8057
8058
8062
8063
8066
16616
8071
8075
8077
8078
8080
8082
8083
8084
8085
8086
8089
8090
8093
8096
8097
8100
8101
8103
8105
8108
8110
8112
8113
8116
8117
8118
8119
8123
8127
8128
8129
8131
8132
8133
8135
8136
8137
8139
8140
8141
8145
8146
8147
8148
8152
8153
8156
8157
8158
8159
9310
8161
8165
14886
8166
8168
8174
8175
8178
8184
8185
8186
8188
8189
8191
8194
8198
8201
8202
8205
9933
8206
8209
8211
8213
8215
8217
8218
8219
8221
8223
8224
8225
8226
8228
8229
8232
8233
8234
8235
8238
8239
8240
8241
8242
8245
11196
8248
8249
8250
8252
8254
8255
8258
8259
8260
8261
8262
8264
8274
8276
8996
8277
8281
8284
8285
8286
8287
8289
8297
8300
8301
8302
8303
8305
8306
8308
8313
8315
8318
19171
8325
8326
8328
8329
8333
8335
8338
8343
8345
8347
8349
8351
8352
8353
8354
8355
8357
8358
8361
8363
8364
8366
8367
8368
8370
8371
8372
8376
8377
8378
8379
8385
8386
8389
8390
8392
8395
8399
8400
8401
8403
8411
8412
8419
8420
8421
8422
8423
8425
8430
8431
8433
17401
8434
8435
8436
8441
8442
8443
8444
8446
8451
8452
8453
8455
8456
8457
8461
8463
8464
8465
8467
15063
8471
8472
8477
8478
8479
8480
8486
8488
8489
8492
8494
8497
8499
8500
8502
8504
8506
8507
8508
8509
8510
8512
8514
10521
8515
9542
12871
20068
8516
8518
8519
8523
8524
8525
8528
8529
8532
8534
8535
8539
8540
8542
8543
8544
8547
8549
8550
8551
8552
8559
8561
8564
8570
8572
8576
8577
8579
8581
8584
8587
8588
8590
8592
8595
8596
8606
8610
8612
8614
8617
8619
8624
8625
8627
8628
8634
8636
8638
8642
8643
8644
8646
8647
8648
8652
8653
8654
8655
8656
8658
8659
8660
8662
8663
8664
8665
8666
8667
8668
8669
8670
8672
8673
8678
8680
17491
8683
8686
8690
8693
8694
8696
8699
8700
8702
8705
8706
8708
8712
8714
8715
8716
8717
8722
8724
8726
8727
8728
8729
8730
8731
8735
8738
8742
8743
8744
8745
9374
8746
8748
8752
8753
8754
8757
8758
8762
8763
8764
8769
8772
8773
8775
8776
8777
8783
8784
12296
14621
8785
8786
8787
8788
8789
8796
8797
8798
11879
8799
8800
8802
8803
8808
8809
8813
8814
8815
8817
8819
8822
8824
15975
8830
8831
8832
8833
8838
8839
20816
8842
8843
8844
8847
8851
8853
8856
8857
8858
8859
8860
8862
8863
8865
8873
8875
8877
8878
8880
8883
8884
8889
8890
20197
8891
8898
8899
8900
8901
8902
8903
8904
8909
8913
8915
8916
8921
8950
8926
8927
8929
8938
8939
8940
8947
8953
8954
24463
8957
8958
13824
8960
8964
8965
8968
8969
8970
8971
12035
8973
8974
8975
8978
8980
8982
8984
8985
8990
8991
8993
8994
8999
9002
9010
9014
9020
9022
9026
9028
9029
9032
9033
9036
9037
9038
9039
9042
17323
9043
9046
9053
9055
9060
9062
9063
9065
9070
9071
9074
9075
9077
9082
9085
9092
9094
9096
9098
9099
9101
9102
9104
9105
9108
9109
9112
9113
9114
9115
9117
9118
9119
9122
9124
9129
9130
9131
9132
9133
9134
9137
9138
9139
9144
9145
18444
9148
9150
9151
9155
9160
9164
9165
12275
9167
9179
9180
9181
9182
9183
9185
9187
9189
9190
9193
9194
9195
9197
9198
9199
9200
9203
9204
9207
9209
9212
9214
9216
9220
9223
9227
9228
9231
9233
9236
9237
9243
9246
9248
11042
9249
9250
9254
9258
9263
9264
9265
9266
9268
25817
9269
9270
9271
9272
9274
9276
9278
9280
21659
9283
9284
9285
9288
9291
9296
9302
17559
9303
9304
9305
9306
9308
9309
9311
20151
9327
9328
9330
9331
9333
9335
9339
9342
9343
9345
9346
9347
9348
9356
9359
9360
9363
9364
9365
9367
9370
9371
9372
9377
9378
9380
9382
9384
9386
9388
9389
9391
9392
9397
9398
9399
9400
9403
9404
9407
9410
9412
9414
9415
9417
9420
9422
9423
9424
9426
9431
9433
9434
9437
9442
9443
9444
9445
9446
9447
9451
9452
9453
9454
9457
9462
9463
9464
9465
9466
9468
9470
9472
9476
9482
9486
9490
9491
9493
9494
9498
9499
9501
9503
9507
9509
9511
9516
9517
9518
25471
9522
9524
9527
9528
9530
9531
9537
9540
9541
9543
9544
9546
9551
9552
9554
9555
9559
9560
9562
9563
9564
9566
9569
21414
9572
9580
9582
9585
9586
9589
9594
9595
9596
9597
9598
9605
9607
9608
9610
9611
9612
9613
9614
9621
9622
10438
9630
9634
9635
9636
9637
16784
9638
9640
9643
9645
20520
9646
9647
9649
9652
9654
9656
9657
9659
9661
9666
9668
9670
9676
9677
9678
9679
9682
9684
9689
9690
9691
9696
9698
9699
9702
9709
9710
9712
9713
9716
9718
9720
18109
9730
9733
9737
9739
9740
11095
9741
9743
9744
9745
22003
9748
9749
9750
9753
9756
23337
9758
9759
9762
9764
9768
9771
9774
9778
11436
14161
9784
9788
9790
9794
9795
9796
12713
9800
9802
9805
9811
9812
9814
9818
9819
9825
9831
9840
10271
9844
9845
9852
9854
9855
9856
9859
9860
9863
9865
9875
9876
9880
9882
9884
9887
9889
9892
9894
9898
9901
9904
9905
9919
20467
9923
9925
9927
9928
9929
9930
19238
9931
9934
9936
9940
9949
9951
9957
9967
9968
19711
9969
9972
9974
9985
9987
9988
9997
10004
10006
10007
10013
10016
10022
10030
10036
10037
10040
10044
10048
10060
10068
10082
10085
10088
10090
10091
10095
10103
10105
10107
10110
10116
18930
10132
17976
10136
10138
10140
10144
10145
10146
10147
10153
10156
10158
10160
10162
10164
10175
10183
18365
10186
10195
10196
10197
10199
10200
10206
10208
10210
10212
10214
10217
10218
10220
10221
10229
10230
10231
10232
10237
10238
10243
10244
10247
10250
10254
10255
10260
10261
10265
10266
10267
10269
10270
10273
10275
10282
10283
10285
10286
10288
10289
10291
10293
10294
10296
10301
10308
10314
10318
10320
10322
10324
10325
10329
10331
10333
10334
10336
10341
10343
10346
10347
10350
10355
10359
10360
10361
10365
10367
10370
10372
10374
10377
26047
10382
10383
10384
10385
10389
10390
10392
10393
10395
10396
10397
10398
10399
10401
10403
10404
10405
10408
10409
10415
10416
10423
10424
10429
10430
10433
25560
25588
25527
10436
10439
10441
10445
20392
10448
10450
10452
10454
10461
10462
10463
10466
10468
10469
10470
10473
10475
10477
10484
10486
12947
10488
10489
10492
10493
16200
10497
10498
10503
10505
10510
22729
10513
10515
10516
10523
10530
10531
10534
10535
10537
10538
10541
10545
10547
10548
10550
10551
10552
10556
10557
10562
10563
10567
10569
10579
10582
10583
10584
10586
10587
10588
10593
10594
10595
10600
10602
10606
10607
10612
10622
10623
10625
10631
10632
10635
10637
10639
10640
10641
10644
10645
10648
10649
10654
10655
10656
10658
10660
10661
10665
10667
10668
10669
10670
10671
10673
10674
10676
10677
10678
10679
18988
17933
10682
10684
10685
10689
10690
10692
10694
14039
10697
10700
10704
10706
10711
10713
10719
10720
10723
10724
10725
10727
10728
10730
10731
10732
10734
10737
10739
10740
10743
10744
10745
10747
10749
18618
10750
10752
14528
11891
10756
10757
10761
10764
10766
10771
10773
10776
10780
10781
10782
10783
10785
10787
10789
24255
10790
10793
10794
18070
10795
10798
10801
10802
10803
10805
10808
10811
10813
10815
10816
10818
10819
10820
10821
10824
10826
10827
10828
10829
10830
10832
10835
10837
10841
10843
10844
10850
10855
10856
10857
10858
10861
10862
10865
10869
10871
10872
10885
10874
10878
10881
10882
10884
10890
10891
10896
10897
10898
10899
10900
10902
10915
10918
10924
10925
10927
10932
10934
10941
10946
10947
10948
10954
10965
10970
10971
10972
10974
10978
10983
10986
10987
10989
10990
10997
10998
11001
11005
11009
11010
11011
11013
11023
11024
14716
11026
11027
11028
11032
15158
11036
11038
11039
11041
15396
11045
11046
11049
12816
11050
11052
11053
11055
11059
11064
11065
11067
11069
11070
11071
11076
11077
11079
11080
11081
11083
11085
11087
11089
11090
11093
11099
11101
11102
11103
11104
11106
11108
11112
11114
11115
11116
11118
11119
11120
11122
11130
11131
11132
11135
11137
11139
11140
11141
11146
11147
11148
11150
11153
11154
11155
11156
11159
11161
11162
16713
11164
11166
11168
11172
11174
11176
11177
11181
11182
11183
11185
11189
11191
11192
11194
11200
11201
11207
11208
11210
11212
11217
11219
11220
11227
11228
11234
11239
11242
11248
11252
11254
11259
11261
11266
11267
11271
11272
11273
11275
11276
11278
11279
11281
11282
11285
11286
11289
11290
11294
11297
11306
11307
11311
11315
11316
11317
11318
11319
11321
11322
11323
11327
11330
11333
11334
11335
11336
11337
11338
11341
11344
11345
11346
11347
11359
11361
11362
11369
11373
11378
11383
11386
11390
11393
11394
11395
11397
11400
11404
11414
11415
11416
11421
11426
11429
11431
23060
11434
11435
11439
11440
11442
11444
11447
11448
11449
11452
11453
11455
11457
11462
11465
11469
11477
12848
11478
11481
11482
11483
11484
11485
11486
11487
11490
11492
11493
11494
17884
11499
11508
11511
11514
11518
11520
11521
11527
11528
11530
11531
11533
11536
11539
11540
11542
11550
11556
11557
11559
11561
11570
11571
11580
11582
11584
11585
14454
11587
11590
11594
11598
11599
11600
11602
21586
11606
11612
11617
11620
11622
11623
11625
11629
11631
11634
11636
11639
11640
11645
11649
11650
11651
11652
13548
11654
11655
11656
11659
11660
11662
11663
11665
11669
18506
11692
11694
11696
11698
13570
11701
11703
11704
11705
11706
11710
11711
11715
11716
11717
11718
11723
11725
11726
11729
11730
11731
11733
11735
11740
11741
11744
11749
11750
11751
11949
12007
11752
11753
11754
11759
11760
11763
11766
11769
11770
11771
11780
11781
11783
11784
17447
11790
11792
11793
11795
11796
11797
11798
11801
11803
11804
19039
11807
11811
11814
11815
11816
11817
11818
11820
11830
11834
11835
11836
11837
11843
11844
11847
11849
11855
11856
11857
11860
11866
11867
11868
11869
11870
11875
11877
11878
11880
11887
11894
11902
20261
11903
11911
11912
11913
11914
25317
11919
11922
11926
11928
11929
11930
11934
11935
11940
11941
11946
11947
11953
11956
11957
11958
11959
11960
11962
11967
11970
11972
11975
11980
11981
11984
11986
11988
11990
11991
11992
11994
11997
11998
12005
12008
12009
12010
12011
12013
26527
12014
12015
12019
12024
12031
12033
12037
12039
12045
12047
12048
12057
12058
12059
12060
17946
12070
12071
12072
12073
12075
12076
12079
12080
12084
12086
12087
12088
12090
12091
12096
12097
12099
12100
12101
12102
12107
12108
12114
12115
12118
12120
12122
12125
12126
12127
17370
12130
12132
12134
12135
12136
12137
12145
12147
26960
12148
12151
12158
12160
12161
12163
12164
12165
12166
12171
12172
12177
12182
12184
12192
12193
12197
12198
12199
12201
12203
12204
14402
22382
12208
12211
12215
12216
12217
12219
12221
12222
12223
12224
12225
12226
12227
12229
12230
12668
12233
12234
12236
12238
12239
12241
12247
12248
12251
12255
12258
16462
12259
12261
12262
12263
12264
12265
12266
12269
12271
12273
12276
12277
12278
12279
12284
12285
12286
12287
12288
17114
16886
12289
12292
12294
12295
22813
14239
15919
22069
15870
22370
12297
12298
12300
12303
12304
12305
12306
12307
12437
12308
12309
12311
12312
12314
12316
12317
12318
12320
12322
12323
12324
12325
12326
12327
12328
12329
12330
12332
12333
12335
12336
12339
12340
27441
12341
12346
12347
12348
12349
12350
12352
12353
12779
12355
12358
12359
12360
12362
12363
12364
12370
12371
12372
12373
12374
12375
19377
12378
16265
12382
12383
12385
12386
12387
12390
12391
12393
12394
12395
12397
12399
12402
12407
12410
12411
12412
12413
12414
12415
12416
12418
12422
12424
12430
12432
12441
12443
26305
12444
12445
12446
12447
12448
12453
12457
12459
12460
12462
12463
12465
12469
12472
12474
12478
12479
12481
12482
12486
12491
12492
12497
12502
12509
12510
12514
12516
12518
12519
12522
12527
12529
12533
12534
12537
12543
12546
12548
12551
12552
12553
12554
12557
24084
12561
12562
12563
12564
12565
12567
12571
12572
12573
12574
12575
12577
12579
12855
12583
12587
12588
12589
12591
12594
12595
12596
12597
12598
12599
12600
12602
12603
12606
12608
12612
12614
12615
12617
12620
12624
12626
12629
12630
12631
12636
12638
12639
12642
12645
12646
25750
12647
12648
12649
12651
24725
12654
12657
12659
12661
12662
12663
12664
12665
12666
12667
18174
12672
12673
12675
12676
21016
12684
12685
12686
12687
12689
12691
12692
12696
12697
12700
12707
12710
12711
17930
12715
12716
12724
12725
12727
12728
12729
12732
12734
12736
12739
12740
12742
12744
12746
12749
12750
12752
12755
12756
24559
12760
12761
12762
12763
12767
12770
12771
12774
12780
12784
12788
12790
20174
12793
12794
12797
12798
12799
12806
12808
12809
12813
12814
12815
12818
12820
12824
12825
12828
12829
12831
12836
12840
13471
12842
12843
12845
12847
12849
12850
12852
12864
12866
12867
12869
12870
12872
12876
12878
12879
12881
12883
12885
12886
12887
12889
12893
12894
12897
12899
17284
12902
12903
12905
12906
12908
21382
12909
12912
12917
24877
12919
12921
12922
12925
12926
15400
12929
12930
12936
12937
12942
12948
12954
12955
12957
12958
12960
12963
12964
12966
12969
12971
12973
12974
12975
12978
12979
12982
12984
12985
12990
12993
12994
12995
12997
12998
13000
13003
13004
13007
13009
13010
13013
13015
13022
13023
13025
13028
13029
13032
13033
13035
13036
13037
13038
13040
13041
13043
13044
13047
13048
13049
13051
13055
13057
13061
13062
16051
13064
14568
13068
13071
13073
13074
13075
13076
13079
13081
13083
13085
13086
13087
13088
13089
13092
13097
13098
13099
13100
13101
13102
13104
13105
13106
13107
13108
15571
13111
13113
13114
13115
13116
13117
13118
13124
13125
13126
22687
13127
13128
13131
13132
13135
13137
13138
13139
13145
13146
13147
13148
13153
13160
13161
13162
13163
13165
13166
13168
13169
13170
13171
13174
13176
13179
13184
13187
13188
13192
13194
13195
13196
13197
13198
13199
13200
13207
13209
13210
13214
13216
13218
13219
13221
13222
13223
13227
13238
13240
13243
16618
13245
13248
13249
13250
13251
13253
13255
13260
13265
13269
13270
13272
13275
13278
13279
13280
13282
13283
13285
13287
13289
13293
13294
13296
13300
13301
13303
13304
13305
13306
13311
13312
13313
13319
13321
13323
13326
13327
13328
13329
13332
13863
13335
13336
13337
13338
13342
13348
13350
13351
13353
13357
13359
13370
13376
13377
13378
13380
13381
13385
13387
13388
13389
13391
13392
13394
13399
13402
13405
13406
13407
13409
13412
13415
13417
13419
13423
13424
13425
24509
13428
13429
13431
13434
13439
13441
13444
13445
13447
13449
13453
13455
13461
13463
13465
13466
13467
13468
13475
13478
13479
13482
13483
13484
13485
13487
13493
13496
13498
13500
13502
13505
13506
13507
13508
13510
13512
13514
13518
13519
13521
13522
13523
13524
13527
13529
13531
13534
13536
13537
13539
13541
13542
13543
13545
13547
13549
13551
13552
13553
13554
13555
13557
13558
13559
13560
13569
13571
13573
13574
13575
13576
13578
13579
13580
13581
13582
13586
13588
13589
13593
13594
13596
13601
13606
13607
13609
13611
13615
13616
13620
13621
13622
13624
13626
13627
13630
13631
13632
13634
13638
13640
13642
13648
15924
13650
13651
13654
13655
13656
13657
13658
13660
13662
13663
13664
13666
13670
13671
13674
13676
13678
13679
13681
13682
13686
13687
13688
13690
13692
13694
13696
13700
13701
13703
13707
13711
13712
13713
13714
13715
13717
13718
13719
13722
13723
13724
13726
13727
13732
13733
13734
13736
13739
13741
13743
13746
13747
13748
13752
13755
13756
13759
13760
13761
13762
13763
13766
13767
13769
13772
13781
13782
13785
13788
13789
13790
13791
13794
13795
13800
13801
13802
13803
13804
13805
13808
13809
13810
13812
13813
13816
13819
13822
13823
13826
13827
13828
13829
13830
13835
13837
13840
13846
13847
13849
13850
13851
13858
13866
13867
13871
13872
13873
13875
13878
13881
13887
13888
13889
13893
13898
13899
13900
13901
13911
13912
13915
13926
13931
13932
13940
13941
13945
13946
13949
13957
13959
13960
13961
13962
13963
13967
13970
13971
13976
13978
13979
13981
13986
13992
13993
13994
13997
13998
14000
15196
14831
18939
14001
14002
14003
14007
14009
14010
14012
14013
14015
25583
14024
14025
18985
14026
14029
14035
14036
14041
14042
14045
14047
14048
14052
14055
14056
14057
14058
14065
14067
14074
14075
14077
14080
14082
14083
14086
14089
14093
14094
15216
14098
14100
14102
14103
14105
14106
14107
14111
14112
14113
14114
14115
14117
14119
14120
14121
14122
14125
14127
14129
14131
14133
14134
14140
14881
14141
14142
14143
14144
14148
14149
14151
14153
14157
14163
14164
14166
14167
14168
14172
14173
14174
14175
14179
14185
14187
14188
14189
14190
14199
14201
14203
14205
14208
14210
14211
14212
14213
14216
14219
14225
14226
14228
14229
14230
14234
14235
14236
14241
14242
14244
14248
14249
14250
14259
14262
14264
14267
14270
14272
14274
14276
14277
18022
14282
14284
14286
14287
14288
14289
14291
14292
14294
14296
14298
14299
14302
14303
14306
14307
14310
14311
14312
14313
14314
14315
14316
14317
14318
14320
14939
14321
14322
14323
14328
14332
14334
14335
14336
14337
14340
14342
14344
14346
14349
14352
14353
14354
14355
14356
14357
14358
14359
14360
14362
14363
14366
14367
14368
14369
14374
14376
14377
18371
14381
14382
14383
14386
14388
14389
14390
14394
14395
14396
14398
14399
14401
14403
14406
14410
14414
14415
14418
14425
14430
14434
14436
14439
14445
14449
14451
14452
14458
14459
14462
24575
14465
14466
27389
14470
14472
14473
14474
14476
14477
14481
14483
14484
14485
14486
14487
14488
14489
14490
14492
14493
14495
14497
14499
14502
14503
14504
14505
14506
14507
14509
14510
14511
14513
14515
14516
14517
14518
14519
14520
14521
14523
14525
14526
14527
14529
14531
14532
14535
14537
14538
14539
14540
14543
14544
14545
14546
14551
14552
14555
14557
14559
14560
14561
14564
14565
14566
14567
14569
14572
14576
15004
14580
14582
14584
14586
14587
14588
14593
14594
14595
14598
14603
14605
14606
14608
14611
14613
14614
14615
14616
14617
14619
14629
14632
14633
14634
14639
14640
17062
14641
14645
14650
14651
14655
14657
14660
14663
14667
14670
14674
14675
14676
14682
14687
14688
14689
14690
14692
14694
14696
14704
14710
14711
14713
14715
15982
14718
14719
14720
14724
14726
14727
14729
14730
14731
14732
14733
14735
14736
14738
14739
14740
14742
14744
14746
14752
14754
14762
14766
14768
14771
14772
14774
14775
14776
17622
14777
14779
14780
14781
14782
14783
14784
14786
14787
14793
14794
14795
14796
14800
14803
14807
14809
14810
14811
14816
14817
14819
14820
14823
14824
14825
14826
14829
14834
14837
14838
14839
14842
14843
14844
14847
14848
14850
14852
14853
14860
14862
14865
14868
14870
14874
14875
14876
14877
14879
14882
14884
14887
14889
14890
14891
14892
14894
14895
14896
14897
14898
14899
14900
14901
14903
14908
14909
14911
14912
14913
14914
14917
14919
14920
14921
14922
14923
14924
14926
14928
14931
14934
14935
14936
14942
14944
14945
14946
14948
14949
14952
14955
14956
14962
14963
14964
14965
14966
14967
14968
14970
14974
14975
14976
14977
14984
14985
14986
14987
14989
14990
14994
14995
14996
14997
15001
15002
15003
15005
15006
15007
15009
15010
15014
15015
15017
15018
15019
15021
15023
15024
15025
15026
15027
15028
15029
15030
15031
15032
15033
15034
15036
15038
15041
15043
15044
15045
15046
15047
15048
15051
15054
15055
15059
15060
15061
15062
15064
15065
15067
15070
15071
15075
15077
15078
15079
15080
15082
15083
15084
15086
15089
15090
15091
15092
15093
15094
15095
15096
15097
15098
15099
15100
15101
15102
15103
15104
15105
15106
15107
15108
15109
15110
15111
15112
15113
15114
15115
15116
15120
15121
15123
15124
15213
15125
15126
15129
15131
15132
15133
15136
15137
15140
15142
15145
15146
15147
15148
15154
15155
15156
15157
15165
15166
15168
15170
15172
15175
15177
15179
15181
15182
15183
15184
15186
15187
15188
15190
15191
15193
15195
15197
15198
15200
15203
15205
15206
15207
15208
15209
15210
15212
15215
15963
15225
15231
15235
15237
15238
15239
15245
15248
15249
15251
15252
17752
15254
15256
15260
15261
15264
15270
15275
15276
15366
15281
15282
15284
15285
15286
15287
21409
15295
15296
15297
15298
15299
15300
15302
15304
15309
15310
15311
15313
15314
15315
15316
15319
15321
15323
15327
15330
15331
15332
15333
15336
15337
15339
15340
15341
15382
15342
15344
15345
15346
15347
15348
15349
15350
15351
15352
15355
15359
15360
15364
15365
15368
15371
15375
15376
15381
15383
15384
15385
15386
15388
15389
15390
15391
15392
15403
15404
15406
15409
15410
15412
15413
18341
15414
15418
15419
15421
15422
15424
15425
15428
15429
15430
15431
15432
15433
15434
15437
15438
15440
15441
15442
15444
15446
15447
15448
15449
15450
15451
15452
15453
15456
15458
15459
15461
15462
15464
15466
15467
15468
15469
15470
15471
15472
15473
15474
15475
15476
15478
15481
15483
15484
15486
15491
15496
15497
15498
15501
15502
15503
15504
15505
15506
15507
15509
15510
15513
15515
15517
15518
15519
15520
15521
15522
15527
15528
15529
15530
15531
15532
15533
15536
15539
15541
15543
15544
15546
15547
15548
15550
15551
15553
15555
15556
15557
15558
15559
15561
15562
15564
15569
15570
15572
15573
15574
15575
15576
15577
15581
15582
15584
15586
15588
15589
15591
15593
15596
15597
15599
15600
15604
15605
15606
15607
15608
15611
15613
15615
15617
15619
15620
15624
15626
15627
15629
15630
15632
15633
15635
23507
15637
15641
15642
15646
15648
15649
15652
15655
15659
15858
15664
15666
15667
15669
15670
15671
15677
15680
15684
15686
15690
15692
15693
15694
15695
15696
15698
15700
15701
15703
15704
15710
15712
15714
15715
15716
15717
15718
15719
15720
15723
15726
15729
15734
15735
15739
15740
19838
15741
15742
15746
15749
15751
15752
15754
15757
15761
15762
15765
15769
15772
15775
15776
15778
15779
15791
15794
15796
15799
15800
15801
15807
15815
15826
15827
15828
15831
15832
15833
15834
15841
15845
15848
15852
15853
15857
15860
15862
15863
15864
15867
15869
15871
15873
15877
15878
15880
15883
15885
15890
15891
15892
15896
15897
15898
15900
15906
15910
15911
15912
15913
15914
15916
17677
15921
15922
15926
15931
15932
15934
15936
16734
15939
24134
15948
15951
15954
15955
18128
15957
15959
15961
15962
15970
15971
15973
15974
15976
15977
15981
15985
15990
15991
15995
15996
15998
16000
16002
16006
16007
16010
16011
16012
16015
16017
16021
16024
16026
16028
16030
16033
16036
16037
16038
16043
16045
16046
16047
16056
16064
16065
16070
16071
16075
16077
16078
16079
16080
16083
16085
16086
16087
16088
16089
16093
16095
16097
16100
16101
16102
16104
16106
16107
16108
16114
16116
16119
16120
16122
16124
19955
16126
16127
16129
16130
16131
16133
16134
16137
16138
16140
16141
16144
16146
16147
16150
16152
16153
16154
16155
16156
16157
16159
16160
16161
16165
16168
16169
16170
16171
16176
16179
16180
16182
16183
16184
16188
16191
16194
16195
16196
16197
16201
16204
16206
16212
16213
16217
16218
16224
16226
16227
16229
16231
16232
16233
16234
16240
16241
16244
16249
16251
16252
16254
16255
16256
16257
16259
16261
16262
16263
16264
16266
16269
16270
16271
16272
16273
16274
16561
16277
16278
16280
16286
16287
16288
16289
16291
16292
16295
16297
16299
16300
16301
16302
16303
16305
16306
16307
16310
16311
16312
16314
20093
16318
16319
16322
16324
16325
16327
16330
16331
16332
16334
16335
16336
16337
16338
16339
16340
16341
16344
16346
16348
16349
16350
16351
16352
16354
16357
18434
16835
27206
25679
16361
16362
16365
16367
16368
16369
16370
16371
16372
16374
16375
16376
16383
16386
16388
16392
16393
16394
16395
16399
16400
16401
16403
16405
18865
16406
16409
16410
16413
18168
16414
16415
16417
16418
16419
16420
16422
16426
16428
16429
16430
16432
16433
16434
16435
16436
16438
16439
16440
16441
16443
16444
16445
16448
16450
16451
16453
16455
16456
16457
16459
16463
16465
16466
16467
16468
16469
16470
16471
16472
16474
16477
16479
16485
16487
16488
16489
16490
16492
16494
16495
16496
16497
16499
16500
16506
16508
16509
16510
16512
16515
16516
16517
16519
16522
16523
16525
16526
16528
16529
16530
16532
16533
16534
16536
16537
16538
16540
16541
16543
16546
16547
16549
16550
16552
16553
16554
16555
16556
16560
16562
16565
16566
16574
16575
16576
16578
16579
16581
16582
16586
16587
16588
16589
16592
16593
16595
16597
16599
16600
16601
16602
16603
16605
16609
16610
16614
16615
16617
16619
16620
16621
16623
16626
16629
16630
16636
16637
16640
16642
16644
16648
16651
16652
16653
16657
16658
16659
16661
16663
16664
16666
16667
16669
16671
16672
16674
16679
16681
16682
16689
16690
16691
16692
16694
16695
16696
16698
16702
16704
16706
16707
16709
16710
16712
17287
16714
16717
16718
16719
16720
16722
16723
16724
16726
16727
16730
16732
16733
16735
16736
16738
16739
16740
16742
16744
16745
16746
16747
16748
16749
16750
16751
16753
16754
16756
16758
16760
16762
16764
16768
16769
16770
16772
16774
16775
16777
16778
16779
16781
16783
16786
16787
16788
16792
16794
16796
16798
16799
16801
16805
16807
16808
16809
16810
16813
16815
16816
16817
16819
16820
16822
16823
16825
16826
16827
16828
16829
16830
16832
16836
16839
16840
16841
16842
16844
16845
16846
16848
16850
16853
16854
16855
16856
16862
16863
16866
16867
16868
16869
18671
16870
16871
16875
16877
16878
16880
16881
16883
16887
16889
16890
16893
16895
16898
16899
16901
16903
16904
16906
16908
17148
16910
16914
16915
16919
16923
16926
16927
16928
16933
16935
16936
16939
16940
16941
16943
16944
16947
16952
16955
16957
16958
16959
16961
16963
16964
16968
16969
16971
16973
16975
16976
16977
16979
16980
16981
16983
16987
16989
16990
16991
16995
16996
16997
16998
17000
17001
17003
17005
17006
17007
17008
17009
17010
17013
17014
17015
17017
17019
17020
17021
17026
17028
17031
17032
17033
17034
17035
17038
17040
17041
17042
17043
17045
17046
17047
20977
17048
17049
17051
17052
17054
17055
17056
17057
17058
17059
17060
17063
17064
17065
17066
17067
17068
17069
17070
17071
17072
17073
17074
17075
17076
17078
17079
17080
17081
17082
17085
17086
17088
17089
17092
19432
17093
17100
17103
17106
17107
17108
17109
17110
17111
17112
17116
17117
17119
17121
17122
17123
17124
17126
17127
17128
17131
17133
17134
17135
17136
17137
17138
17142
17143
17144
17146
17147
17665
18199
17149
18278
17150
17151
17152
17154
17155
17157
17158
17159
17160
17162
17163
17164
17165
17167
17168
17169
17171
17172
17175
17176
17177
17178
17179
17180
17181
17183
17185
17186
17187
17188
17190
17191
17192
17193
17194
17197
17200
17201
17202
17203
17206
17207
17208
17209
17210
17211
17212
17213
17217
17218
17220
17221
17224
17225
17226
17228
17229
17230
17231
17232
17233
17234
17235
17236
17238
17244
17247
17253
17255
17256
17257
17259
17260
17264
17265
17266
17267
17268
17269
17271
17273
17278
17280
17281
17283
17288
17290
17293
17295
17297
17299
17300
17303
17304
17305
17306
17307
17308
17309
17310
17311
17314
17318
17319
17320
17321
17322
17324
17326
17327
17328
17329
17331
17332
17333
17334
17337
17340
17343
17344
17345
17346
17347
17348
17349
17350
17353
17354
17355
17356
17358
17359
17360
17362
17363
17364
17365
17366
17367
17368
17369
17373
17374
17375
17376
17377
17378
17382
17383
17385
17387
18855
17389
17390
17391
17392
17393
17394
17395
17396
17397
17398
17399
17400
17403
17404
17405
17407
17409
17411
17413
17414
17415
17416
17417
17418
17419
17422
17423
17424
17425
17426
17427
17430
17432
17435
17436
17438
17439
17440
17441
17442
17443
17444
17445
17446
17448
17451
17452
17453
17454
17456
17457
17458
17460
17461
17462
17463
17464
17466
17467
17469
17471
17472
17473
17474
17476
17477
17480
17481
17482
17483
17484
17485
17486
17487
17488
17489
17490
17492
17493
17498
17501
17504
17506
17507
17509
17510
17511
17512
17513
17515
17516
17517
17520
17523
17526
17527
17528
17530
17531
17532
17533
17535
17536
17538
17540
17541
17542
17543
17545
17547
17557
17558
17561
17562
17563
17567
17568
17569
17570
17572
17573
17575
17577
17578
17581
17584
17585
24374
17588
17590
17595
17596
17597
17600
17601
17602
17603
17604
17605
17606
17607
17609
17610
17611
17614
17616
17618
17620
17621
17624
17625
17626
17628
17629
17631
17633
17635
17636
17637
17638
17640
17641
17642
17643
17645
17646
17648
17651
17652
17653
17655
17656
17658
17660
17662
17663
17664
17666
17668
17669
17670
17671
17673
17674
17675
17678
17679
17680
17681
17682
17683
17684
17685
17686
17687
17689
17691
17692
17693
17694
17695
17700
17701
17702
17703
17705
17708
17709
17710
17713
17714
17717
17719
17721
17726
17727
17728
17729
17731
17732
17733
17734
17735
17737
17741
17743
17746
17747
17748
20202
17751
17753
17756
17757
17758
17759
17761
17763
17767
17769
17770
17773
17774
17775
17776
17777
17778
17779
17783
17784
17789
17793
18087
17794
17795
17796
17798
17799
17800
17801
17802
17803
17807
17808
17809
17813
17814
17815
17817
17818
17819
17820
17821
17822
17823
17826
17829
17830
17831
17832
17833
17837
17839
17840
17844
17845
17846
17848
17849
17850
17852
17853
17854
17855
17856
17857
17859
17860
17861
17862
17863
17867
17868
17869
17870
17871
17872
17875
17881
17882
17885
17887
17889
17891
17893
17894
17895
17896
17902
17903
17904
17905
17907
17908
17910
17912
17914
17916
17917
17919
17923
17924
17925
17926
17928
17929
17931
17932
17934
17935
17937
17938
17940
17941
17945
17947
17948
17951
17954
17956
18695
17958
17961
17962
17963
17964
17965
17967
17968
17969
17973
17974
17975
17978
17979
17985
17986
17987
17989
17991
17992
17996
17997
17998
17999
18001
18002
18007
18010
18011
18012
18013
18014
18015
18016
18017
18019
18025
18859
18149
18027
18029
18030
18033
18037
18038
18039
18040
18043
18044
18046
18047
18048
18049
18051
18052
25306
18063
18064
18066
18072
18079
18080
18081
18083
18086
18088
18091
18094
18095
18097
18098
18099
18100
18104
18105
18107
18111
18115
18116
18131
18132
18134
18136
18137
18139
18140
18141
18142
18143
18144
18147
18148
18150
18152
18153
18155
18156
18157
18161
18164
18165
18170
18172
18173
18175
18177
18181
18183
18186
18187
18189
18191
18192
18193
18198
18200
18201
18202
18204
18206
18209
18211
18212
18216
18698
18218
18219
18225
18228
18233
18235
18237
18239
18240
18242
18244
18245
18246
18249
18251
18252
18253
18257
18259
18262
18263
18265
18266
18269
18272
18273
18274
18275
18276
18277
18279
18284
18285
18290
18291
18292
18293
18294
18296
18297
18298
18299
18300
18302
18304
18306
18307
18309
18310
18312
18313
18314
18315
18316
18317
18320
18325
18327
18328
18329
18331
18332
18335
18336
18337
18338
18339
18340
18342
18344
18346
18347
18348
18349
18350
18351
18353
18354
18357
18358
18360
18361
18362
18363
18364
18366
18367
18369
18372
18373
18374
18375
18378
18382
18383
18384
18387
18388
18389
18392
18394
18396
18397
18398
18401
18404
18405
18488
18406
18408
18410
18412
18414
18416
18418
18419
18421
18422
18423
18426
18428
18429
18431
18432
18437
18439
18440
18443
18445
18446
18459
18460
18465
18468
18477
18480
18483
18484
18494
18495
18498
18500
18503
18509
18514
18520
18521
18525
18529
18530
18533
19399
18534
18537
18539
18540
18541
18543
18544
18545
18548
18553
18556
18557
18558
18560
18562
18564
18565
18566
18567
18568
18569
18575
18578
18582
18586
18588
18589
18592
22036
18593
18594
18595
18596
18600
18601
18602
18605
18606
18609
18611
18612
18613
18616
18617
18620
18623
18626
18627
18628
18629
18631
18632
18635
18636
18637
18638
18639
18641
18643
18645
18646
18647
18648
18651
18652
18653
18657
18659
18660
18661
18664
18665
18667
18670
18673
18675
18676
18677
18679
18680
18683
18685
18688
18692
18693
18696
18697
18699
18700
18701
18702
18704
18705
18707
18708
18711
18712
18713
18714
18716
18717
18720
18721
18722
18723
18724
18725
18726
18727
18732
18733
18734
18735
18736
18738
18742
18743
18744
18747
18748
18749
18751
18752
18753
18754
18757
18759
18760
18761
18766
18767
18768
18769
18770
18771
18772
18773
18775
18776
18777
18778
18779
18782
18785
18786
18787
18788
18790
18791
18793
18794
18795
18796
18798
18799
18800
18801
18805
18807
18808
18809
18811
18812
18814
18815
18816
18817
18818
18823
18825
18826
18828
18830
18833
18834
18835
18836
18837
18838
18839
18841
18847
18848
18850
18851
18852
18853
18854
18856
18858
18860
18861
18862
18864
18866
18867
18868
18869
18870
18871
18872
18873
18874
18876
18877
18879
18881
18883
18884
18885
18886
18889
18890
18891
18893
18894
18896
18897
18899
18900
18901
18902
18904
18906
18908
18911
18912
18913
19315
18914
18915
18916
18917
18918
18919
18920
18921
18922
18932
18923
18925
18926
18928
18929
18931
18933
18935
18936
18937
18938
18940
18942
18943
18944
18945
18946
18948
18950
18951
18952
18953
18955
18957
18958
18959
18960
18962
18963
18964
18965
18966
18968
18970
18972
18973
18974
18975
18978
18979
18982
18983
18986
18989
18990
18991
18994
21059
18995
18997
18998
18999
19000
19001
19005
19007
19008
19009
19010
19011
19012
19028
20062
19014
19015
19017
19018
19021
19024
19026
19027
19030
19031
19032
19033
19034
19037
19038
19040
19042
19044
19046
19047
19048
19049
19051
19054
19055
19056
19057
19059
19060
19061
19062
19063
19064
19065
19067
19069
19071
19073
19075
19079
19080
19083
19084
19087
19088
19092
19093
19094
19095
19097
19099
19101
19104
19105
19106
19108
19109
19110
19111
19113
19114
19119
19120
19121
19125
19126
19128
19131
19132
19133
19135
19136
19138
19139
19141
19142
19143
19144
19146
19147
19148
19150
19153
19160
22364
19163
19168
19169
19173
19174
19175
19176
19177
19179
19180
19181
19183
19184
19186
19187
19188
19189
19190
19191
19192
19194
19195
19196
19198
19199
19200
19202
19203
19204
19205
19207
19208
19211
19212
19213
19217
19218
19219
19223
19225
19226
19227
19229
19231
19234
19235
19236
19237
19241
19244
19245
19247
19248
19249
19250
19252
19254
19256
19260
19261
19262
19263
19269
19270
19272
19274
19275
19276
19277
19279
19282
19283
19285
19286
19289
19294
19295
19298
19301
19304
19305
19306
19307
19311
19312
19313
19316
19317
19321
19322
19323
19325
19327
19329
19330
19331
19332
19333
19334
19337
19338
19339
19341
19342
19344
19345
19346
19348
19350
19351
19356
19358
19359
19360
19361
19362
19364
19366
19368
19369
19376
19378
19379
19380
19383
19385
20096
19386
19387
23810
19391
19397
19400
19401
19403
19404
19405
19406
19408
19411
19412
19414
19415
19419
19420
19421
19422
19428
20569
25540
19433
19435
19437
19438
19439
19441
19442
19444
19445
19447
19450
19452
19453
19454
19457
19461
19467
19468
19469
19472
19473
19474
19475
19477
19478
19479
19482
19485
19486
19489
19490
19492
19494
21383
19495
19496
19503
19506
19507
19511
19512
19514
19515
19516
19517
19523
19524
19527
19529
19531
19532
19533
19534
19535
19536
19537
19539
19540
19541
19542
19544
19545
19618
19546
19547
19548
19550
19553
19554
19555
19556
19557
19558
19559
19560
19564
19565
19566
19569
19570
19571
19572
19573
19574
19575
19576
19581
19584
19586
19590
19594
19597
19598
19601
19602
19605
19609
19610
19612
19614
19621
19622
19623
19624
19627
19630
19638
19639
19640
19641
19642
19643
19644
19648
19649
19653
19658
19659
19662
19664
19666
19671
19673
19674
19675
19677
19681
19682
19684
19685
19686
19688
19689
19690
19691
19694
19696
19698
19699
19703
19704
19708
19710
19712
19714
19715
19716
19719
19721
19724
19725
19728
19730
19733
19737
19738
19745
19748
19749
19750
19751
19753
19755
19756
19759
19760
19762
19763
19764
19765
19769
19770
19771
19772
19775
19777
19778
19779
19780
19781
19788
19789
19792
19794
19795
19799
19800
19801
19804
19805
19806
19809
19813
19814
19816
19818
19820
19821
19822
19823
19824
19825
19827
19831
19837
19840
19843
19844
19845
19846
19849
19850
19851
19852
19855
19856
19857
19860
19864
19865
20072
19866
19868
19869
19870
19871
19872
19874
19875
19876
19877
19878
19881
19883
19884
19885
19887
19889
19890
19891
19895
19898
19900
19901
19902
19906
19907
19908
19909
19912
19913
19914
19915
19916
19917
19918
19919
19921
19923
19924
19926
19927
19928
19929
19930
19932
19933
19934
19937
19938
19939
19941
19942
19944
19945
19947
19948
19949
19950
19951
19954
19956
19957
19959
19960
19965
19966
19967
19968
19971
19972
19974
19975
19976
19977
19980
19981
19982
19983
19984
19985
19986
19987
19988
19989
19991
19992
19994
19996
19997
20000
20001
20003
20005
20007
20008
20009
20012
20016
20017
20019
20020
20021
20028
20029
20032
20033
20035
20037
20038
20039
20041
20042
20043
20044
20045
20046
20053
20058
20060
20063
20064
22271
20066
20069
20071
20077
20078
20080
20081
20083
20084
20088
20089
20091
20094
20097
20099
20100
20101
20103
20104
20105
20109
20111
20114
20116
20118
20121
20123
20124
20125
20129
20132
20133
20134
20137
20139
20140
20142
20143
20144
20147
20148
20149
20150
21883
20152
20154
20155
20156
20158
20159
20160
20161
20162
20163
20164
20170
20175
20179
20180
20182
20186
20187
20188
20189
20193
20195
20198
20200
20201
20203
20204
20205
20206
20208
20209
20210
20217
20218
20219
20220
20222
20223
20224
20225
20226
20230
20231
20236
20237
20238
20239
20240
20241
20242
20243
20246
20249
20250
20251
20252
20253
20254
20255
20256
20258
20260
20262
20265
20266
20267
20268
20269
20270
20271
20273
20274
20275
20276
20277
20281
20283
20287
20288
20289
20290
20291
20292
20293
20294
20295
20296
20298
20300
20304
20305
20306
23262
20307
20308
20310
20312
20314
20315
20317
20318
20319
20324
20326
20328
20330
20331
20333
20335
20336
20338
20339
20340
20344
20346
20348
20351
20354
20355
20356
20357
20359
20363
20364
20366
20367
20370
20371
20372
20374
20376
20377
20378
20380
20381
20385
20386
20388
20389
20391
20395
20396
20398
20402
20404
20408
20411
20414
20418
20422
20423
20424
20431
20432
20433
20434
20440
20441
20443
20445
20447
20448
20449
20453
20456
20457
20460
20461
20463
20464
20465
20466
20468
20473
20477
20478
20479
20480
20482
20484
20485
20488
20490
20491
20493
20495
20497
20499
20501
20504
20505
20507
20508
20509
20510
20511
20513
20515
20518
20522
20523
20524
20526
20529
20533
20534
20538
20539
20540
20543
20544
20545
20546
20548
20549
20552
20554
20555
20556
20559
20561
20564
20565
20567
20570
20574
20579
20581
20582
20586
20587
20589
20590
20591
20595
20601
20604
20606
20607
20609
20610
20613
20615
20631
20632
20635
20649
20652
20655
20660
20665
20668
20672
20673
20674
20677
20688
20697
20700
20701
20708
20710
20713
20714
20717
20723
20724
20729
20733
20734
20738
20740
20744
20748
20757
20760
20761
20762
20767
20769
20777
20779
20780
20784
20788
20789
20790
20796
20797
20809
20811
20815
20818
20823
20828
20829
20832
20835
20840
20847
20848
20853
20859
20864
20865
20866
20868
20870
20881
20888
20889
20890
20898
20901
20902
20905
20912
20913
20916
20918
20923
20927
20940
20956
20965
20968
20972
20978
20979
20982
20983
20984
20985
20989
20991
20998
20999
21009
21011
21012
21013
21014
21015
21020
21022
21024
21036
21050
21063
21071
21075
21077
21085
21087
21090
21096
21100
21107
21112
21113
21114
21115
21117
21120
21123
21125
21130
21132
21138
21146
21150
21156
21157
21158
21162
21166
21167
21168
21172
21176
21177
21183
21184
21187
21193
21194
21201
21203
21207
21213
21214
21217
21226
21232
21233
21235
21237
21241
21245
21248
21249
21252
21256
21257
21262
21264
21266
21267
22609
21269
21270
21278
21282
21287
26795
21298
21300
21308
21309
21316
21317
21321
21323
21327
21329
21335
21336
21337
21347
21348
21355
21357
21363
21364
21366
21377
21380
21381
21384
21390
21391
21394
21395
21402
21404
21408
21412
21415
21421
21424
21425
21429
21430
21431
21432
21433
21435
21437
21440
21444
21449
21815
21450
21451
21455
21456
21458
21463
21471
21472
21480
22643
21491
21492
21496
21499
21509
21510
21513
21516
21548
21549
21551
21552
21555
21556
21558
21559
21565
21571
21572
21573
21574
21575
21578
21579
21591
21599
21606
21608
21611
21619
21623
21626
21627
21632
21642
21644
21647
21648
21649
21650
21658
23014
21660
21663
21668
21674
21675
21677
21679
21680
21682
21683
21684
21687
21688
21689
21690
21691
21696
21699
21700
21704
21705
21712
21714
21716
21721
21724
21728
21731
21732
21734
21736
21738
21740
21742
21747
21755
21761
21765
21766
21767
21768
21771
25111
21772
21773
21777
21781
21784
21785
21795
21797
21799
21800
21801
21807
21818
21819
21824
21828
21829
21840
21847
21850
21851
21855
21857
21868
21869
21870
21871
21878
21879
21896
21897
21898
21901
21907
21909
21911
21912
21913
21917
21919
21923
21927
21929
21930
21935
21939
21940
21941
21947
21948
21949
21950
21952
21958
21959
21960
21962
21963
21967
21971
21973
21977
21981
21982
21983
21984
24776
21986
21987
21990
21991
21992
21993
21994
21995
21997
22007
22008
22009
22010
22013
22014
22020
22021
22022
22023
22028
22029
22031
22032
22035
22037
22038
22041
22042
22045
22047
22049
22051
22053
22058
22061
22065
22066
22067
22068
22070
22072
22073
22074
22075
22077
22079
22082
22084
22086
22092
22093
22096
22097
22098
22101
22104
22105
22109
22111
22113
22114
22116
22121
22127
22128
22131
22136
22145
22146
22147
22148
22152
22153
22155
22156
24043
22161
22163
22165
22167
22168
22170
22172
22175
22176
22177
22178
22179
22180
22184
22185
22186
22188
22189
22191
22193
22194
22197
22198
22199
22200
22203
22204
22206
22207
22209
22210
22211
22212
22214
22216
22219
22220
22221
22222
22223
22224
22230
22231
22234
22237
22238
22240
22241
22243
22246
22250
22254
22257
22259
22264
22266
22267
22268
22269
22273
22276
22277
22284
22285
22287
22290
22292
22296
22298
22299
22301
22303
22307
22308
22309
22311
22312
22314
22315
22317
22319
22322
22323
22327
22330
22332
22333
22335
22338
22341
22347
22350
22351
22352
22354
22356
22357
22358
22360
22361
22367
22369
22371
22372
22373
22376
22378
22386
22387
22388
22389
22390
22391
22392
22395
22396
22399
22404
22405
22407
22410
22412
22415
22416
22421
22426
22430
22433
22436
22439
22440
22443
22446
22448
22451
22453
22455
22464
22465
22468
22469
22470
22472
22473
22475
22476
22479
22483
22484
22486
22487
22489
22496
22499
22500
22501
22506
22507
22509
22515
22517
22518
22520
22521
22522
22523
22525
22529
22532
22533
22535
22536
22540
22542
22547
22555
22558
22563
22564
22568
22571
22574
22580
22581
22583
22584
22587
22588
22591
22595
22598
22600
22602
22605
22607
22608
22612
22613
22614
22616
22617
27359
22621
22623
22626
22627
22629
22634
22639
22641
22649
22650
22652
24248
22661
22664
22666
22667
22670
22678
22679
22680
22681
22683
22684
24613
22689
22690
22691
22692
22694
22697
22698
22699
22700
22702
22703
22704
22705
22709
22710
22712
22713
22716
22719
22720
22722
22724
22732
22733
22744
22751
22752
22753
22755
22756
22757
22761
22763
22764
22765
22766
22767
22774
22776
22777
22778
22779
22780
22781
22782
22787
22788
22790
22792
22794
22796
22798
22801
22803
22806
22812
22816
22817
22822
22824
22825
22826
22834
22836
22837
22842
22844
22845
22846
22847
22850
22851
22853
22861
22862
22863
22865
22869
22870
22871
22872
22877
22882
22884
22885
22891
22893
22894
22895
22899
22900
22902
22904
22906
22907
22909
22912
22918
22919
22921
22923
22925
22930
22934
22935
22936
22937
22938
22942
22944
22946
22948
22949
22950
22952
22966
22971
22975
22976
22977
22981
22983
22984
22990
22994
22995
22996
22998
23000
23001
23002
23004
23005
23006
23007
23010
23016
23017
23018
23019
23020
23021
23024
23026
23028
23030
23031
23034
23035
23037
23040
23044
23050
23052
23053
23055
23056
23058
23059
23062
23063
23065
23071
23072
23074
23075
23076
23077
23078
23079
23082
23086
23088
23089
23090
23096
23098
23099
23100
23101
23107
23108
23110
23111
23113
23120
23121
23122
23123
23124
23125
23126
23129
23131
23132
23136
23138
23139
23141
23145
23148
23149
23157
23160
23164
23166
23168
23172
23176
23184
23185
23188
23189
23191
23192
23193
23200
23201
23205
23209
23212
23213
23215
23216
23218
23219
23221
23223
23225
23226
23228
23230
23232
23235
23236
23237
23238
23240
23241
23242
23244
23248
23251
23252
23254
23257
23260
23266
23267
23269
23270
23271
23272
23276
23278
23281
23282
23285
23287
23289
23292
23293
23295
23296
23297
23301
23302
23305
23307
23308
23309
23310
23311
23312
23314
23316
23320
23321
23322
23324
23325
23327
23332
23335
23338
23339
23340
23342
23343
23344
23345
23347
25626
23348
23349
23352
23354
23355
23356
23357
23358
23359
23360
23361
23362
23364
23366
23367
23368
23369
23378
23380
23381
23382
23383
23384
23387
23388
23391
23394
23399
23402
23405
23406
23407
23408
23409
23411
23413
23415
23416
23422
23424
23425
23428
23430
23431
23432
23435
23437
23442
23444
23446
23452
23453
23454
23455
23456
23459
23461
23466
23475
23476
23477
23478
23480
23481
23487
23489
23490
23492
23494
23496
23497
23498
23499
23501
23503
23510
23511
23513
23514
23517
23522
23524
23527
23529
23530
23531
23537
23538
23540
23544
23548
23554
23557
23559
23563
23564
23569
23570
23571
23572
23573
23574
23575
23576
23578
23580
23582
23585
23586
23587
23588
23591
23592
23593
23594
23595
23601
23602
23605
23606
23608
23609
23612
23616
23617
23620
23621
23622
23623
23624
23627
23628
23632
23633
23638
23639
23640
23641
23642
23644
23646
23647
23649
23652
23658
23659
23661
23662
23663
23665
23668
23669
23671
23675
23676
23679
23681
23683
23686
23687
23688
23693
23696
23701
23705
23706
23712
23713
23715
23716
23717
23719
23721
23723
23725
23726
23728
23729
23732
23733
23735
23737
23741
23744
23747
23748
23750
23754
23756
23758
23759
23760
23762
23768
23770
23772
23782
23787
23789
23790
23791
23798
23800
23801
23804
23807
23808
23809
23811
23814
23818
23822
23823
23824
23827
23832
23835
23841
23844
23846
23848
23851
23855
23856
23858
23859
23863
23864
23865
23866
23870
23872
23880
23886
23887
23888
23892
23893
23896
23903
23906
23912
23916
23921
23924
25616
23926
23932
23935
23938
23940
23946
23947
23952
23953
23954
23957
23958
23961
23963
23964
23967
23969
23971
23972
23973
23975
23977
23978
23983
23984
23985
23987
23988
23991
23992
23993
23994
23995
23996
26095
24003
24004
24008
24014
24015
24016
24017
24018
24020
24023
24026
24027
25655
24033
24034
24035
24037
24038
24039
24040
24042
24046
24047
24048
24049
24050
24051
24053
24055
24058
24061
24062
24064
24070
24073
24074
24075
24078
24085
24090
24091
24092
24095
24096
24097
24100
24105
24107
24108
24109
24111
24112
24113
24114
24119
24120
24123
24125
24126
24127
24128
24130
24131
24132
24136
24137
24141
24142
24143
24144
24145
24146
24147
24148
24150
24153
24155
24157
24158
24159
24163
24164
24165
24167
24168
24169
24170
24171
24172
24173
24176
24180
24181
24183
24184
24186
24189
24191
24194
24195
24198
24201
24204
24206
24210
24212
24214
24217
24223
24224
24225
24226
24227
24229
24234
24235
24236
24239
24245
24247
24249
24251
24252
24253
24254
24258
24259
24261
24262
24263
24264
24265
24271
24272
24275
24277
24281
24286
24288
24291
24292
24294
24298
24300
24301
24302
24305
24307
24308
24310
24311
24315
24322
24325
24326
24327
24328
24329
24330
24331
24334
24336
24337
24341
24342
24343
24346
24347
24348
24350
24357
24360
24361
24362
24367
24368
24370
24372
24373
24375
24381
24385
24386
24387
24388
24389
24391
24392
24394
24397
24398
24403
24404
24405
24406
24408
24409
24410
24411
24414
24417
24421
24422
24424
24428
24435
24437
24441
24445
24448
24457
24458
24459
24460
24464
24465
24471
24478
24479
24481
24482
24483
24484
24488
24489
24490
24491
24493
24495
24498
24499
24500
24508
24510
24512
24515
24517
24526
24529
24532
24533
24535
24537
24538
24539
24540
24542
24543
24545
24546
24547
24551
24554
24555
24558
24560
24561
24562
24564
24567
24570
24572
24581
24585
24586
24587
24588
24591
24593
24594
24597
24598
24599
24602
24603
24606
24607
24611
24612
24614
24615
24619
24621
24623
24624
24625
24626
24627
24628
24631
24637
24638
24640
24641
24642
24650
24652
24654
24657
24659
24660
24667
24669
24671
24673
24674
24677
24678
24681
24683
24684
24685
24689
24690
24691
24692
24693
24694
24696
24697
24701
24703
24705
24709
24710
24714
24724
24730
24732
24733
24739
24741
24744
24746
24747
24753
24754
24755
24756
24758
24766
24769
24771
24773
24775
24777
24778
24779
24782
24783
24784
24786
24789
24791
24795
24797
24802
24805
24806
24808
24810
24812
24813
24814
24828
24830
24833
24835
24838
24839
24843
24844
24845
24849
24851
24852
24853
24854
24855
24856
24857
24859
24860
24863
24864
24865
24867
24868
24870
24873
24875
24878
24880
24881
24885
24886
24887
24888
24893
24895
24897
24898
24903
24904
24905
24909
24911
24914
24915
24918
24921
24923
24924
24926
24927
24929
24931
24933
24934
24935
24936
24940
24942
24943
24945
24946
26930
24947
24948
24950
24952
24958
24959
24962
24963
24964
24965
24966
24967
24968
24969
24970
24973
24974
24976
24979
24981
24983
24984
24985
24988
24989
24990
24991
24992
24994
24995
24996
24998
24999
25001
25002
25004
25005
25007
25008
25010
25012
25013
25015
25017
25018
25020
25021
25024
25026
25027
25030
25032
25033
25035
25037
25038
25040
25041
25042
25043
25044
25049
25051
25054
25055
25056
25057
25062
25066
25067
25069
25071
25072
25075
25077
25080
25081
25082
25083
25084
25086
25087
25089
25091
25092
25093
25094
25095
25096
25097
25098
25099
25100
25104
25105
25108
25110
25112
25113
25114
25115
25117
25119
25120
25121
25123
25125
25130
25131
25135
25137
25140
25143
25144
25145
25146
25147
25149
25150
25153
25154
25156
25158
25160
25161
25162
25163
25164
25165
25167
25168
25173
25174
25176
25177
25181
25182
25184
25185
25189
25190
25191
25193
25194
25195
25197
25200
25204
25208
25209
25210
25211
25212
25213
25215
25216
25217
25218
25220
25221
25224
25226
25227
25228
25231
25232
25234
25235
25236
25237
25238
25239
25243
25246
25248
25256
25260
25261
25262
25263
25265
25266
25267
25276
25277
25278
25279
25280
25283
25284
25285
25286
25287
25289
25291
25295
25296
25307
25308
25309
25311
25312
25313
25315
25318
25319
25322
25325
25328
25330
25331
25332
25333
25334
25335
25336
25337
25338
25339
25342
25344
25348
25349
25352
25354
25357
25358
25360
25361
25363
25365
25367
25368
25370
25371
25373
25377
25379
25380
25382
25383
25384
25385
25386
25387
25392
25393
25396
25397
25398
25404
25405
25413
25415
25416
25429
25431
25432
25434
25436
25439
25441
25443
25445
25446
25447
25448
25449
25450
25453
25457
25458
25460
25461
25466
25476
25479
25485
25487
25488
25494
25498
25499
25505
25506
25507
25508
25509
25511
25512
25513
25517
25519
25524
25525
25526
25530
25534
25536
25542
25546
25549
25551
25552
25554
25555
25561
25562
25564
25565
25566
25572
25574
25579
25584
25585
25589
25597
25598
25603
25604
25606
25607
25609
25611
25612
25615
25618
25623
25624
25629
25632
25635
25636
25639
25641
25642
25644
25647
25648
25651
25653
25654
25656
25657
25659
25660
25665
25668
25672
25675
25676
25677
25681
25682
25683
25686
25687
25690
25698
25700
25704
25705
25706
25707
25708
25715
25717
25719
25725
25726
25731
25732
25733
25735
25736
25739
25740
25742
25745
25746
25748
25749
25754
25757
25758
25759
25761
25762
25763
25765
25766
25768
25769
25771
25772
25773
25777
25780
25781
25785
25787
25788
25789
25791
25795
25798
25800
25801
25805
25807
25809
25810
25813
25816
25818
25819
25820
25822
25823
25825
25826
25827
25832
25834
25836
25840
25842
25845
25846
25847
25849
25853
25854
25855
25857
25859
25860
25862
25863
25864
25866
25870
25872
25873
25875
25876
25877
25878
25880
25882
25885
25886
25887
25888
25889
25896
25897
25898
25899
25906
25908
25909
25912
25913
25914
25916
25917
25919
25921
25922
25923
25924
25925
25928
25929
25930
25931
25932
25934
25937
25938
25940
25941
25944
25945
25946
25948
25949
25951
25953
25954
25955
25957
25958
25963
25965
25966
25968
25969
25970
25975
25976
25977
25978
25979
25980
25981
25982
25983
25984
25985
25986
25987
25988
25989
25990
25991
25992
25993
25994
25996
25997
25998
25999
26000
26002
26003
26006
26007
26008
26010
26012
26015
26016
26017
26018
26019
26020
26023
26024
26025
26033
26034
26037
26038
26041
26043
26050
26054
26055
26057
26067
26069
26072
26074
26078
26079
26081
26082
26083
26086
26088
26089
26090
26092
26093
26094
26096
26101
26102
26103
26105
26106
26107
26109
26110
26111
26113
26114
26116
26117
26118
26119
26120
26122
26123
26124
26125
26127
26129
26131
26133
26134
26136
26140
26141
26143
26144
26145
26146
26147
26149
26150
26151
26152
26153
26154
26155
26156
26157
26159
26160
26161
26163
26164
26166
26167
26168
26169
26170
26171
26172
26173
26174
26175
26176
26177
26178
26179
26180
26181
26182
26183
26184
26190
26191
26193
26194
26195
26196
26197
26198
26203
26204
26205
26206
26207
26209
26211
26212
26214
26216
26217
26218
26219
26220
26221
26223
26224
26226
26229
26230
26231
26232
26234
26235
26236
26237
26239
26240
26243
26244
26245
26246
26247
26248
26250
26251
26252
26253
26255
26256
26258
26259
26260
26263
26264
26265
26266
26267
26268
26271
26272
26273
26276
26277
26278
26279
26280
26281
26282
26284
26286
26288
26289
26290
26291
26292
26294
26295
26296
26299
26300
26301
26302
26303
26304
26306
26307
26308
26309
26310
26311
26312
26313
26314
26315
26316
26318
26319
26320
26321
26324
26326
26328
26330
26331
26332
26333
26334
26336
26338
26339
26340
26341
26342
26344
26345
26346
26347
26348
26349
26350
26351
26353
26354
26355
26356
26357
26360
26362
26364
26365
26366
26368
26369
26370
26373
26374
26375
26377
26378
26380
26381
26382
26384
26385
26386
26388
26389
26391
26392
26393
26394
26395
26396
26397
26398
26399
26400
26401
26402
26403
26404
26405
26406
26407
26408
26409
26410
26412
26413
26415
26417
26419
26420
26421
26422
26423
26424
26425
26426
26430
26431
26432
26433
26434
26436
26439
26441
26442
26443
26444
26446
26450
26453
26454
26456
26457
26458
26459
26460
26461
26462
26463
26464
26465
26466
26468
26470
26471
26472
26475
26477
26478
26480
26481
26482
26483
26485
26486
26487
26488
26489
26491
26492
26493
26494
26496
26498
26499
26501
26502
26503
26505
26506
26507
26510
26511
26512
26514
26515
26517
26518
26519
26520
26522
26523
26524
26525
26528
26529
26530
26532
26534
26535
26536
26540
26541
26542
26543
26545
26546
26547
26548
26550
26551
26552
26553
26555
26557
26558
26559
26560
26561
26564
26565
26567
26569
26570
26571
26572
26573
26574
26576
26577
26578
26579
26580
26582
26583
26585
26586
26587
26588
26590
26591
26592
26593
26595
26596
26599
26600
26601
26602
26603
26604
26605
26607
26610
26611
26612
26613
26614
26615
26616
26617
26619
26620
26621
26622
26623
26624
26625
26627
26628
26629
26630
26631
26633
26634
26636
26637
26638
26639
26640
26642
26643
26644
26646
26647
26649
26650
26653
26654
26655
26656
26658
26659
26661
26662
26663
26664
26665
26666
26667
26668
26670
26671
26672
26673
26674
26675
26677
26678
26680
26681
26682
26685
26686
26687
26689
26692
26693
26694
26696
26697
26699
26700
26703
26704
26705
26706
26708
26710
26711
26712
26713
26714
26715
26717
26718
26720
26721
26722
26724
26725
26726
26727
26729
26730
26731
26733
26734
26738
26739
26742
26744
26747
26748
26749
26751
26752
26753
26755
26756
26757
26759
26760
26761
26762
26763
26764
26767
26768
26769
26771
26773
26774
26775
26776
26777
26779
26780
26781
26782
26784
26785
26786
26788
26790
26791
26794
26796
26797
26803
26804
26806
26808
26810
26817
26818
26819
26821
26823
26824
26828
26829
26830
26832
26834
26836
26837
26838
26839
26842
26845
26846
26847
26851
26852
26853
26862
26864
26866
26868
26883
26888
26891
26895
26897
26899
26902
26904
26905
26906
26911
26912
26913
26914
26917
26922
26926
26928
26932
26936
26940
26943
26946
26949
26951
26953
26957
26958
26959
26961
26962
26964
26967
26970
26971
26974
26976
26985
26987
26990
26998
26999
27003
27008
27018
27019
27023
27026
27031
27032
27033
27034
27037
27041
27042
27043
27044
27047
27048
27053
27054
27060
27062
27063
27064
27065
27067
27068
27073
27075
27076
27077
27078
27080
27083
27084
27085
27087
27092
27093
27095
27102
27105
27106
27108
27111
27117
27118
27120
27121
27123
27124
27125
27127
27128
27129
27130
27131
27132
27133
27140
27146
27147
27149
27150
27152
27153
27155
27156
27160
27162
27167
27169
27170
27172
27173
27175
27176
27177
27184
27186
27187
27188
27189
27191
27196
27198
27200
27201
27202
27203
27204
27205
27208
27209
27210
27211
27212
27213
27214
27215
27216
27218
27219
27220
27221
27224
27226
27227
27228
27229
27230
27232
27234
27236
27237
27238
27239
27240
27242
27245
27246
27248
27249
27253
27254
27255
27256
27258
27261
27262
27265
27266
27267
27269
27274
27275
27277
27279
27280
27281
27282
27283
27284
27287
27288
27289
27291
27292
27293
27294
27296
27297
27299
27300
27301
27302
27303
27304
27305
27307
27308
27309
27311
27312
27313
27314
27315
27316
27317
27319
27320
27321
27322
27323
27326
27329
27333
27335
27339
27340
27341
27343
27346
27348
27353
27354
27355
27364
27366
27367
27368
27369
27370
27373
27376
27379
27382
27383
27384
27385
27386
27387
27388
27391
27394
27395
27396
27397
27398
27400
27402
27408
27410
27412
27414
27415
27416
27420
27422
27423
27429
27430
27433
27435
27438
27440
27442
27443
27444
27445
27446
27447
27449
27450
27453
27455
27456
27459
27460
27461
27463
27465
27467
27471
27472
27473
27476
27480
27481
27482
27483
27486
27488
27489
27491
27493
27497
27503
27504
27505
27506
27508
27511
27513
27514
27516
27518
27521
27522
27525
27526
27527
27528
27534
27537
27538
27541
27542
27544
27548
27549
27551
27552
