6
13
11
12
2560
5245
11189
334
399
15
1632
20
32
435
327
24
25
27
84
83
28
31
771
149
5894
36
65
3410
14211
40
724
46
47
6005
48
49
766
51
1329
2210
64
5940
1686
66
459
9221
67
72
473
139
55
71
262
5355
111
183
126
78
476
277
278
79
80
81
204
8210
5821
87
94
369
244
1271
96
98
2563
99
1885
107
108
109
6907
142
5843
2454
1431
2779
115
116
5296
3847
118
119
123
125
130
1119
133
138
9345
8325
1429
2345
650
2606
5808
8790
8887
2362
141
1153
9333
6522
7098
446
7327
148
5776
9016
2287
151
152
159
2055
298
8651
4813
6307
5848
12859
162
166
167
173
2324
1471
175
177
461
1536
934
330
6258
1618
5815
280
1630
187
513
4614
6125
2420
5141
3036
188
194
2958
208
2902
195
196
2401
7011
8136
1931
8088
1555
5208
4643
200
554
203
4316
2483
9494
8025
8796
8477
205
211
10818
10435
8115
7349
1719
212
213
215
3543
1739
6999
216
221
222
229
234
9737
239
248
2532
291
266
250
251
253
254
255
290
1028
256
3450
2076
261
9428
2286
2969
465
6994
6579
4470
2807
921
4637
8383
265
268
270
1666
274
275
276
279
6421
281
283
284
285
286
289
346
5662
10277
6375
3314
7755
2733
8430
11555
6998
6808
5646
6332
8221
8732
2879
292
293
294
7209
7090
7119
301
302
303
305
310
1312
1646
979
8406
9143
1508
1210
2908
1375
312
315
2427
5359
10478
333
365
10330
316
318
319
320
322
323
8205
331
335
336
337
9763
1476
755
1656
339
340
341
345
6481
4121
1367
349
351
352
353
355
5055
359
362
364
367
368
371
377
378
8798
9021
381
383
384
385
386
387
389
390
8303
5392
4635
12254
392
394
397
400
969
970
2613
401
405
406
409
413
416
417
418
422
423
9607
424
425
427
429
430
431
434
436
437
439
440
3894
4152
1598
1348
2658
4193
1378
2792
441
442
444
6154
9938
2622
450
453
454
455
456
458
813
725
1817
1500
460
463
464
2240
7220
466
467
468
471
475
477
478
9665
479
481
483
484
4339
490
492
493
496
500
504
509
512
9510
514
515
3209
9525
10275
1227
8361
519
522
525
534
1708
535
537
538
544
10675
6581
6743
545
547
551
558
4006
565
567
570
572
573
575
577
578
1800
583
587
745
589
3520
590
591
598
600
1269
2490
601
603
605
610
614
615
616
5942
618
622
623
625
626
627
629
630
637
640
644
645
10952
651
10045
11378
2795
652
653
656
661
663
665
4433
669
670
671
672
1667
5907
868
1130
6006
674
676
679
681
8601
682
689
690
691
693
695
699
701
702
703
707
708
715
716
717
719
721
727
729
731
737
742
7900
743
744
3599
3806
1640
1520
5524
4347
1086
5119
751
752
5578
1181
753
754
942
11829
756
757
759
2363
767
768
10555
3525
772
776
805
1905
9018
779
781
783
789
791
792
793
798
799
802
803
809
811
817
818
819
821
5692
823
824
825
945
826
827
4336
830
4932
833
834
836
837
838
839
840
841
842
6265
845
847
849
850
851
854
856
1010
858
859
860
865
866
870
871
4786
5367
874
881
883
885
2838
886
887
889
893
4790
894
896
897
898
907
12311
910
3386
914
915
917
1003
922
923
924
925
926
930
933
935
936
940
4169
943
944
947
950
953
954
955
956
957
958
959
5200
963
6309
2698
971
972
978
12568
981
1023
982
983
986
1017
991
994
995
996
998
999
1005
1007
1008
11762
1837
1012
1014
8071
6837
1020
2814
1021
5224
1032
1033
4856
1037
1038
1574
1040
1043
4134
1045
1048
1049
1050
1051
1054
1055
1058
1628
1060
1386
1063
1064
13424
2407
1067
1068
9555
1071
1072
1077
1084
1088
1090
1093
1094
1095
1096
1097
1098
1101
1102
1103
1104
1106
1107
1108
1113
1115
1117
1292
3124
3227
1121
1122
1123
1127
1128
1129
2820
1507
1135
1137
1138
1143
1146
1147
1150
3408
1152
1156
1159
1160
1162
1165
1168
1170
1171
1173
1174
1176
1182
1186
1188
1190
1192
1194
1195
1463
1196
2313
2459
1199
1200
1202
1203
1209
3962
1211
1212
1424
1214
1215
1220
1221
1222
1223
1224
1226
1231
1234
1235
2085
1236
1237
1239
1242
4794
5759
1243
2503
1244
1245
1246
1248
1249
1250
1251
1252
1255
1256
1257
1968
1260
1262
1263
1264
1265
1267
1268
6863
1270
1273
1276
1277
1279
1283
1285
1287
1290
1291
6160
3377
2748
1293
1295
1298
1299
2785
1301
1302
1304
1305
1306
1308
2610
1309
1310
1615
9592
1313
1314
1316
1319
1320
1974
1726
1322
1325
1328
1331
1332
1333
1334
1335
1336
2342
1337
1338
1339
1340
1343
1344
1345
1346
5681
1347
1350
1352
1355
1356
1357
1359
1361
1636
1363
1366
1369
1370
1373
1374
2924
1376
1377
1380
1382
1383
1384
1385
1389
1391
1392
1393
1394
6139
1395
1398
1399
1400
1401
1405
1406
1407
1410
1412
1413
1414
1417
1418
5125
1422
1423
1425
1432
1433
1434
1438
1439
1442
1445
6904
1447
1448
1452
1453
1455
1456
1458
1460
1462
1465
1466
3666
1470
2405
1581
10223
3639
10198
1561
3775
4956
1472
1474
1475
1477
1479
1481
1482
1483
1486
1487
1562
1489
1490
1491
1493
1495
1498
3274
1501
5847
1503
1505
1506
2197
6674
2093
1511
1512
1513
1514
1515
1516
1517
1518
1519
1521
1522
1525
1527
1529
1533
8755
1535
4078
1537
1542
1543
1544
1547
1548
1550
5402
1556
1564
1565
1566
1569
1572
4699
1577
1580
9496
1582
1583
1584
1585
1588
1589
1590
7508
1592
5134
3282
1597
1599
1600
1602
1603
2338
9593
1605
1606
2784
1613
1614
10367
5993
5373
1616
1620
1624
1626
1627
4317
1629
1637
1638
1639
1642
1643
1644
1645
1647
1648
1650
1651
1658
1659
1660
1661
1662
1668
1670
12550
1671
1673
1675
1676
1681
1685
1687
1688
1691
1693
6045
1694
1697
1699
1701
1704
1707
1711
1712
1713
11232
1714
1770
1722
1729
1731
1999
1735
1738
1740
1741
1748
1749
1755
1759
1760
1762
1763
1764
1765
1766
1768
1769
8977
5323
1781
1782
1784
1786
1995
1790
1791
6471
1793
1805
1806
1808
9979
1812
1814
1818
1819
7421
1822
1823
1825
1827
1829
1830
1832
1834
1835
1836
6553
1838
1840
1841
1845
1846
1849
1858
1859
5506
1860
9610
1861
1865
1866
1872
1874
1879
1880
1882
1883
1891
7365
1902
1903
1904
9509
5779
1908
1910
1913
10145
1914
7263
1917
1919
1920
1924
1927
1928
1930
2949
1933
1939
1942
1943
1947
1951
1952
1954
1962
1963
1966
2508
1970
7614
1973
1975
1977
1978
1980
1993
1997
1998
2002
2008
2009
2011
2014
2015
2021
2277
2022
2023
2024
2977
2687
2025
2031
2040
2037
2038
2039
2041
2043
2051
2054
2056
2057
2058
2059
2061
2063
2066
2072
2075
2077
2079
2080
2083
2084
2086
2087
2088
2091
2092
2096
2099
2100
2106
2107
2111
2113
2115
2119
2120
2124
2127
2129
2130
2140
2142
2148
2154
2155
2156
2161
2162
2163
2165
2169
2173
2175
2180
2182
2905
2183
2190
2191
2192
2193
2194
2196
2199
3486
2202
2203
2204
2205
2207
2208
2209
2211
2212
2217
2218
2220
2222
2224
2226
2228
2231
2234
2236
2239
10592
3143
10482
2241
2242
2245
2246
7083
2247
2248
2251
2819
2252
2254
2259
2261
2262
2263
2265
2274
2276
7016
3128
2283
2278
11915
2421
2279
2280
2281
2282
2288
2710
2290
2291
2292
2294
2295
2297
2300
2301
2302
2304
2305
2306
2310
2311
2312
2315
2319
2322
2323
2325
2326
2328
8231
2984
2332
2334
2336
4972
2340
2341
2344
8731
2346
2347
2349
2350
2351
2352
2357
2359
5530
2365
5339
2366
2368
2371
2376
2377
2378
2381
2383
2384
2385
2387
2388
2389
2395
2396
2399
2400
2402
2403
2404
2408
2412
2414
2415
2416
2418
2419
4054
2428
2429
2430
2432
2433
2436
2443
2445
2446
2449
2452
2453
2455
2457
2458
2460
2461
2464
2466
2470
2471
2473
2474
2475
2476
2477
2478
2480
2482
2489
2491
2498
2499
10824
2501
2502
7223
2505
2507
2509
2588
2510
2511
2512
2513
2517
2519
2523
2527
2531
2534
2535
2536
7239
2537
2538
2539
3781
2542
2543
2544
2546
2548
2549
2552
12139
2554
2556
3051
2564
2565
2566
2569
2571
2572
2573
2575
2576
2577
2580
2581
2582
2585
6315
2586
2587
4687
2592
2594
2596
2598
2600
2607
3630
4636
2614
2615
2617
2621
7227
2623
2630
2844
9668
2632
2633
8230
11470
2637
2639
2644
2646
2647
2651
2653
2654
2656
2661
9133
2662
2665
2666
2677
2680
2684
2685
2686
2688
2691
2692
2693
2694
2695
2697
2701
2704
2705
2706
2708
2711
2712
2713
2715
2718
2719
2723
2727
2728
2729
2735
2738
2739
2740
2746
2749
2750
2752
2753
2754
2756
2761
2762
2763
2766
2770
2773
2777
2778
2782
11067
2786
2788
2789
2790
2791
2793
2794
2798
2799
2800
2801
2805
2809
2810
2811
2813
2816
2821
3936
2826
2829
2831
2832
2837
3387
6786
2839
2841
2842
6440
2845
2846
2847
2849
2851
7758
2852
2855
2858
2863
3664
2864
2865
2867
2875
2878
12758
5687
2880
2882
2883
2886
2887
2888
2890
2891
7060
8127
2892
2896
2897
2900
2901
2906
2907
12589
2909
2913
2914
2919
2923
2928
2931
2934
2935
2938
2940
2941
2945
2946
5190
2951
2952
2957
2959
2960
2961
2966
2968
2970
2971
2973
2974
2981
2982
2983
2985
2986
2988
2989
2997
3001
3002
3003
3006
3007
3008
3010
3011
3013
3014
3015
3016
3018
3019
3021
3024
3027
3029
3031
3032
3039
3042
5217
3043
3046
3048
3049
3052
3053
3054
3056
3057
6532
3059
3060
3062
3063
3064
3067
3069
3070
3330
3071
3072
3074
3075
8022
3076
3077
3078
3083
3084
3086
3087
4238
3088
3090
3091
3093
3094
3095
3100
3103
3104
3105
3106
8269
3108
3109
3112
3113
3115
7891
3117
3119
3125
3126
3127
3129
3133
3135
3136
3141
3142
3145
3147
3148
3150
3153
3154
3156
3157
3158
3159
3160
3161
3162
3166
3168
3169
3171
3173
3174
3177
3178
3179
3180
3181
3182
3184
3185
3187
3188
3189
3190
3192
3193
3194
3195
3196
3198
3200
3201
3202
3203
3204
3205
3207
3208
3210
3211
3212
12116
3213
3214
3215
3216
3217
3218
3221
3222
3224
3225
3228
3229
4305
3232
3236
3238
3239
3240
3242
3243
3244
3245
3246
3247
3248
3251
3252
3255
3256
3257
3259
3262
3263
3264
3265
3266
3269
3270
3271
3272
3275
3276
3278
3280
3281
3283
3285
3288
3289
3291
3292
3293
3295
3298
3300
3302
3304
3305
3308
3309
3313
4543
6306
5586
6584
8319
3316
3317
3318
3322
3323
3324
3325
3327
3332
3333
3334
3335
3337
3338
3339
3341
3343
3344
3347
3348
3349
3351
3352
3354
3355
3356
3357
9353
3362
3363
3365
3366
3367
3368
3372
5736
3375
3376
3379
3380
3381
4053
3382
3389
3392
3393
3394
3396
3400
3402
3404
3405
3406
3407
3744
3409
3411
3412
3413
3415
3416
3417
3419
3420
3422
3423
3426
3427
3428
3429
3430
3431
3432
3433
3434
3435
3437
3439
3440
3441
3442
3557
3445
3447
3448
3449
3451
3452
3454
3455
3456
3457
3458
3464
3466
3470
8139
3472
3473
3475
3477
3479
3480
3484
3485
3487
3488
3489
3491
3493
3496
3497
3503
3504
3505
3506
3507
3511
3513
3514
3516
3517
3519
3521
3524
3528
3531
3532
3535
3541
3544
3547
3550
3552
3553
3556
3558
3561
3562
3567
3568
3570
3573
5669
3575
3576
3578
3579
3583
3586
3587
3590
3597
9739
3600
3601
3606
3609
3610
3612
3615
3616
3618
3623
3624
3628
3629
3634
3635
3636
3637
3638
7924
3640
3642
3643
3645
3649
3653
3655
3657
3659
3660
3662
3663
3665
3667
3672
3675
3680
3683
3684
3689
3691
8950
3698
3702
3703
3706
3707
3710
3711
3712
3714
3715
3716
3718
3719
3720
3723
3726
3728
3733
3736
3738
3739
3740
3743
3746
3747
3750
3752
3753
3756
3759
3760
3761
3764
3767
3773
3780
3782
3783
3785
3790
3791
3801
3805
3807
3810
3813
3814
3816
3817
3823
3824
3825
3826
3830
3831
3833
3839
3842
3844
3845
5644
3848
3849
3851
3854
3855
3856
3861
3864
3865
3867
3869
3873
3876
3877
3878
3879
3880
3881
3883
3884
3885
3887
3890
3891
3892
3893
3896
3897
3899
3904
3907
3908
3911
3913
3914
3919
3920
3921
3924
3926
3927
3928
3935
3940
3941
3942
3943
3948
3949
3952
3953
3954
3955
3956
3958
3959
3960
3961
3963
3964
3965
3966
3967
3968
3969
3970
3975
3978
3979
3981
3982
3984
3985
3986
3987
3992
3993
3999
4000
4001
4003
4004
4008
4010
4014
4015
4016
4018
4022
4023
4024
4026
4033
4040
4041
4042
4043
4044
4047
4050
4051
4052
4058
4060
4062
4063
4301
4064
4065
4066
10170
4067
4068
4069
4072
4075
4076
5118
4080
4082
4083
4084
4087
4088
4091
4093
4094
4095
4096
4097
4099
4100
4101
4102
4103
4104
4107
4112
4113
4116
4117
4118
4119
4120
4124
4125
4126
4128
4129
4130
4133
4140
4141
4142
4143
4144
4145
4146
4150
4151
4153
4157
4158
4929
4159
4163
4167
4168
8747
7986
7732
4276
7803
4170
4172
4173
4175
4176
4177
4178
5766
4179
4180
4181
4186
4187
4190
4192
4194
4195
4196
4197
4198
4199
4200
4201
4202
4203
4207
4209
4212
4213
4214
4215
4216
4217
4223
4224
4225
4226
4228
4230
4231
4233
4234
4236
4237
4239
4240
4243
4245
4247
4248
4251
4252
4255
4257
4258
4260
4265
4274
4278
5040
5041
4280
4283
4286
4287
4289
4290
4293
4297
4298
4299
4304
11677
5299
4604
4307
4309
4628
4310
4312
4315
4318
4319
4320
4323
4330
4331
4332
4335
5393
4338
5198
4340
4341
4342
4343
4346
4350
4351
4354
4355
5209
4356
4357
4358
5541
4362
4363
4364
4365
4368
4372
4373
4374
4375
4379
4380
4381
4382
4384
4386
4388
4389
4390
4391
4392
4393
4395
4396
4402
4403
4404
4405
4406
4407
4409
4410
4411
4412
4418
4420
4421
4423
4424
4425
4426
4430
4431
4432
4436
4437
4439
4440
4441
4442
4443
4447
4448
4449
4450
4451
4452
4457
4461
4462
4463
4471
4472
4473
4474
4487
4488
4491
4492
4497
4500
4501
4504
4507
4508
4509
4516
4522
4525
4528
4529
4535
4540
4545
4546
4550
4554
4555
4556
4557
4559
4563
4565
4566
4568
4569
4575
4576
4577
4580
4581
4582
4584
4585
4588
4591
4592
4593
4596
4598
4600
4601
4602
4603
4605
4607
4608
4609
4610
4611
5688
4613
4616
4617
4619
4620
4621
4625
4626
4627
7235
4629
4631
9087
4634
4640
4641
4644
4647
4648
4653
4654
4655
6037
4660
4662
4666
4669
4670
4671
4673
4674
4675
4685
12292
4689
4698
4701
4703
4704
4705
4706
4711
4715
4716
4719
4720
4721
4722
4723
4726
4729
4730
4731
4735
4736
4739
4743
4745
4749
4751
4752
4754
4757
4762
4764
4765
4767
4772
4773
4774
4779
4782
4784
4785
5698
4787
4788
4789
4795
4796
4798
4803
4808
4809
5285
12050
4811
4812
4815
4818
4823
4827
4833
4834
4836
4837
4838
4844
4845
4852
4855
4857
4858
4859
4866
4867
4875
4879
5389
4880
4883
4887
4896
4902
4905
4907
4908
4909
4910
4915
4920
4921
4922
4923
4924
4926
4928
4931
11442
4933
4935
4938
4939
4940
4941
4943
4944
4946
4949
4954
4955
4963
4965
4967
4969
4975
4978
4980
4988
4989
4990
4991
4996
4998
5002
5004
5005
5006
5008
5011
13208
5183
5014
5018
5020
5027
5028
5029
5034
5036
5138
5044
5048
5049
5051
5056
5061
5062
5065
5076
5077
5080
5081
5082
5092
5093
5094
5096
5098
5101
5102
5106
5107
5109
5110
5111
5112
5117
9778
5122
5123
5129
5136
5137
5140
9879
5142
5144
5145
5147
5149
5152
5153
5154
5165
5169
5170
5178
5179
5180
5181
5186
5195
5197
5199
5202
5204
5205
5207
5215
5218
5220
5226
5229
5230
5231
5233
5235
5242
5243
5244
5246
5248
5249
5252
5258
5259
5260
5261
5266
7953
5270
5271
5273
5276
5280
5281
5282
5283
5284
7342
5290
5291
5292
5293
5295
5298
11144
5301
5302
5306
5308
5309
5310
5314
5315
5318
5322
9854
5325
5332
5333
5334
5335
5336
5337
5338
6588
5340
5341
5342
5345
5346
5350
5356
5362
5363
5365
5369
5371
5372
5375
5376
5377
5379
5380
5384
5391
5395
5396
5398
5400
5401
5404
5405
5406
5407
5409
5411
5413
5414
5417
5418
5424
5425
5427
5429
5430
5431
5437
5442
5444
5445
5447
5448
5449
5450
5451
5456
5459
5460
5461
5463
5465
7097
5466
5467
5469
5470
5471
5472
5473
5475
5476
5477
5478
5479
5480
5481
5488
5493
5494
6248
5496
5497
5501
5504
5507
5508
5511
5514
5515
5518
5519
5525
5529
5531
5534
5536
5543
5545
8074
5546
5547
5548
5553
5555
5557
5559
5560
5561
5564
5568
5569
5572
5580
5581
5587
5588
5599
5601
5607
5610
5611
5614
5615
5616
5623
5627
5632
5640
5642
5643
5649
5653
5655
5660
5664
5671
5673
5677
5683
5686
5691
5693
5696
5697
5699
5701
5702
5711
5712
5713
5714
5717
5724
5726
6642
5727
5734
5735
5737
5739
5744
5748
5749
5750
5751
5753
5756
5758
7118
5761
5764
5768
5769
5770
5772
5773
5778
5780
5781
5783
5784
5785
5787
11205
5788
5789
5790
5791
5792
5793
5795
5796
5801
5802
5805
5806
5807
5809
5810
5811
5814
5817
5818
5819
5820
5822
5824
5825
5828
5829
5832
5833
5836
5838
5844
5846
5853
5855
5859
5860
5862
5865
5870
5873
5875
5879
5880
5881
13218
5884
5886
5888
5889
5890
5892
5893
5896
5900
5902
5906
5911
5912
5914
5919
5920
5921
5923
5924
5926
8933
9949
11487
5927
5931
5933
5934
5935
5936
12337
13049
5941
5943
5945
5950
5953
5955
5956
5959
5960
5964
5966
5967
5971
5976
5979
5980
5984
5985
5986
5989
5990
5991
5992
5994
5996
5997
5998
5999
6000
6002
6003
6008
6009
6010
6011
6012
6013
6014
6016
6017
6018
6020
6021
6023
11693
6025
6027
6029
6031
6035
6043
6044
6047
6048
6050
6051
6053
6054
6055
6059
6061
6070
6073
6077
6083
6084
6086
6090
6091
6092
6098
6099
6100
6101
6102
6104
6105
6108
6110
6111
6113
6117
6118
6121
6122
6126
6127
6130
6131
6142
6144
6147
6148
6157
6159
6162
6170
6173
6174
6175
6177
6183
6185
6189
6194
6197
6199
6201
6202
6203
6205
6206
6208
6212
6214
6216
6221
6222
6225
6226
6227
6228
6229
6230
6231
6233
6236
6237
6239
6243
6246
6247
6250
6251
6252
6253
6256
6257
6259
6575
6260
6261
6264
11904
6268
6269
6271
6273
6277
8595
6281
6282
6283
6285
6287
6289
6293
6918
6294
6297
6298
6302
6304
6305
11058
6312
6313
6314
6317
6319
6321
6325
6327
6329
6331
6333
6339
6341
6343
6344
6346
6350
6351
6352
6358
6360
6361
6363
6365
6366
6369
6370
6372
6377
6378
6379
6381
6383
6385
6386
6390
7008
6395
6396
6398
6399
6402
6403
6404
6405
6406
6407
6408
6415
6418
6419
6420
6424
6425
6428
6431
6432
6433
6434
6435
6438
6441
6442
6444
6447
6454
6455
6456
6458
6460
6462
6463
6465
6468
6524
6482
6483
6487
6491
6496
6497
6499
6501
6502
6507
6508
6509
6510
6511
6513
6520
6521
6529
6530
6531
6534
6539
6541
6543
6545
6546
6549
6550
6551
6560
6561
6562
6566
6571
6572
6573
6574
6576
6578
6586
6587
6589
6592
6595
6599
6601
6603
6604
6605
6607
6610
6612
6613
6626
6631
6635
6639
6640
6641
6645
6748
6646
6647
6648
6649
6650
6651
6664
6666
6669
6671
6672
6673
6677
6679
6680
6683
6684
6687
6691
6693
6697
8092
6699
6700
6702
6705
6706
6710
6716
6720
6721
6727
6732
6735
6736
6740
6741
6749
6751
6752
6753
6754
9678
6758
6759
6760
6761
6762
6763
6764
6767
6768
6770
6771
6774
6776
6779
6785
6787
6788
6790
6792
6797
6800
6801
6804
6805
6806
6807
6811
6813
6818
6821
6824
6825
6826
6827
6831
6832
6833
6834
6841
6843
6850
6968
6851
6854
6856
6857
6859
6860
6862
6867
6869
6873
6874
6879
6880
6882
6883
6884
6887
6888
6892
6896
6898
6900
6901
6903
6906
6908
6910
6914
6916
6919
6920
6923
6925
6928
6930
6931
6932
6933
6934
6935
6939
6941
6942
6943
6945
6946
6947
6948
6949
6950
6952
6953
6957
6958
6960
6961
6963
6964
6967
6969
6970
6971
6978
6980
6981
6982
6983
6986
6987
6988
6989
6993
6995
6996
6997
7280
7000
7001
7002
7003
7004
7005
7007
7009
7010
7012
7014
7015
7021
7026
7027
7028
7030
7033
7035
7036
7037
7038
7040
7041
7042
7044
7046
7049
7050
7052
7054
7056
7062
7063
7064
7065
12620
7067
7068
7076
7077
7078
7079
7080
7087
7088
8511
7091
7094
7095
7100
7101
7102
7104
7105
7106
7108
7109
7111
7112
7114
7116
7121
7122
7123
7128
7129
7132
7133
7135
7138
7139
7143
7144
7145
7147
7148
7149
7150
7151
7153
7159
7162
7165
7166
7168
7169
7170
7171
7173
7174
7179
7180
9970
7182
7183
7184
7186
7187
7189
10538
7190
7191
10121
7193
7194
7196
7199
7200
7201
7203
7205
7208
10030
7210
7211
7212
7215
7217
7264
9374
7224
7225
7228
7229
7233
7236
7242
7243
7244
7245
7250
7253
7255
7257
7259
7260
7261
7262
7266
7267
7269
7271
7272
7273
7274
7275
7276
7277
7278
7279
7281
7282
7283
7284
7288
7289
7290
7292
7293
7294
7295
7296
7298
7299
7301
7302
7303
7306
7308
7309
7311
7316
7317
7318
7321
7322
7323
7324
7325
7328
7331
7333
7334
7337
7339
7343
7344
7346
7351
7354
7355
7358
7359
7361
7362
7363
7364
7366
7369
7370
7372
7374
7375
7376
7380
7382
7383
7388
7390
7391
7392
7394
7396
7397
7398
7399
7400
7401
7403
7404
7408
7410
7413
7417
7419
7427
7431
7462
7432
7438
7442
11425
7444
7445
7446
7447
7448
7449
7450
7451
7452
7454
7459
7463
7464
7466
7467
7469
7470
7473
7475
7477
7478
7479
7480
7481
7482
7483
7484
7485
7486
7487
7488
7491
7492
7495
7496
7502
7506
7512
7515
7516
7517
7519
7521
7525
7527
7529
7530
7531
7534
7538
7539
7545
7546
7553
7554
7556
7559
7561
7565
7566
7570
7572
7574
7576
7578
7579
7584
7588
7589
7591
7592
7594
7596
7597
7601
7607
7608
7612
7613
7621
7623
7626
7627
7628
7629
7633
7634
7636
7640
7643
7644
7645
7646
7648
7650
7651
7652
7654
7655
7656
7666
7669
7673
7674
7677
7679
7683
7687
7688
7689
7690
7692
7696
7698
7699
7700
7701
7702
7704
7705
7707
7710
7711
7712
7715
7716
7717
7718
7722
7726
7728
7729
7730
7733
7734
7737
7739
7742
7743
7745
7747
7748
7754
7757
7759
7765
7773
7774
7776
7777
7787
7788
7792
7793
7795
8013
7802
7804
7805
7814
7818
7823
7824
7826
7827
7830
7834
7837
7840
7841
7846
7849
7852
7860
7862
7863
7864
7865
7869
7873
7878
7879
7881
7883
7884
7887
7888
7890
7892
7897
7901
7905
7906
7908
7912
7914
7915
7916
7917
7920
7925
7928
7929
7931
7933
7935
7936
7938
7940
7942
7943
7945
7954
7955
7956
7961
7962
7963
7964
7965
7966
7967
7968
7970
7971
7972
7973
7975
7976
7979
7980
7981
7982
7983
7984
7985
7987
7988
7989
7991
7992
8006
8010
8012
8017
8019
8021
8024
9113
8028
8030
8032
8042
8049
8051
8056
8063
8069
8075
8080
8081
8082
8083
8089
8090
8094
8100
8101
8104
8109
8111
8112
9067
8113
8114
8118
8119
8122
8123
8124
8126
8129
8132
8133
8138
8140
8141
8143
8144
8145
8146
8150
8151
8152
8154
8155
8156
8157
8158
8160
8163
8164
8165
8166
8168
8173
8183
8184
8188
8191
8194
8195
8196
8199
8202
8204
8207
8213
8215
8223
8229
8233
8237
8241
8243
8244
8246
8247
8248
8251
8256
8258
8259
8260
8263
8265
8266
8267
8268
8273
8275
8279
8280
8281
8283
8284
8286
8287
8288
8289
8291
8293
8295
8296
8298
8300
8301
8304
8306
13713
8310
8312
8315
8318
8321
8322
8324
8331
8334
8335
8336
8337
8338
8342
8343
8344
8345
8346
8348
8349
8352
8353
8354
8356
8357
8358
8360
8363
8364
8365
8366
8367
8368
8369
8370
8371
8372
8373
8374
8377
8380
8381
8382
8386
8387
8388
8389
8392
8393
8397
8398
8399
8400
8401
8404
8405
8407
8413
8414
8419
8425
8426
8429
8434
8435
8437
8438
8440
8443
8445
8446
8447
8448
8449
8452
8453
8455
8456
8457
8458
8459
8460
8462
8463
8465
8466
8467
8471
8472
8473
8475
8476
8478
8480
8481
8485
8488
8490
8495
8498
8499
8501
8507
8509
8512
8513
8515
8518
8520
8521
8522
8523
8525
8526
8530
8531
8532
8537
8540
8541
8543
8546
8547
8548
8549
8551
8555
8557
8558
8559
8563
8566
8567
8569
8570
8571
8572
8581
8583
8584
8585
8586
8588
8591
8596
8598
8600
8602
8603
8606
8607
8611
8612
8614
8615
8616
8617
8620
8622
8623
8624
8625
8629
8630
9028
8631
8632
8639
8648
8650
8652
8653
8655
8659
8662
8665
8667
8668
8669
8672
8673
8674
8680
8681
8683
8689
8692
8696
8698
8699
8701
8705
8707
8708
8709
8710
8711
8712
8713
8715
8717
8721
8723
8727
8730
8733
8734
8751
8754
8759
8760
8761
8764
8765
8767
8768
8769
8771
8775
8776
8783
8784
8793
8797
8799
8800
8801
8803
8804
8805
8815
8817
8818
8825
8828
8836
8837
8840
8841
8842
8843
8844
8845
8847
8851
8852
8854
8856
8859
8860
8863
8864
8865
8868
8869
8870
8871
8872
8873
8875
8877
8879
8880
8881
8888
8892
8893
8895
8896
8897
8903
8904
8905
8906
8908
8913
8914
8915
8919
8921
8923
8924
8927
8928
8932
8935
8937
8939
8940
8941
8943
8944
8945
8947
8951
8952
8955
8956
8959
8960
8962
8964
8965
8967
8968
8971
8972
8974
8975
8976
8982
8984
8986
8988
8989
8990
8992
8993
8997
8998
9004
9007
9009
9011
9012
9017
9019
9020
9022
9023
9024
9025
9029
9030
9034
9035
9036
9037
9038
9039
9040
9043
9044
9045
9046
9050
9052
9054
9055
9056
9057
9058
9059
9060
9064
9066
9068
9069
9072
9073
9074
9075
9077
9079
9080
9081
9082
9083
9086
10468
9089
9091
9092
9095
9097
9100
9101
9102
9103
9105
9106
9107
9109
9110
9111
9118
9119
9121
9122
9126
9129
9132
10242
9137
9138
9142
9147
9149
9150
9153
9156
9157
9159
9161
9162
9165
9166
9167
9171
9173
9174
9175
9177
9183
9184
9189
9190
9192
9196
9199
9201
9204
9205
9206
9208
9209
9210
9212
9213
9214
9216
9217
9222
9223
9224
9226
9227
9228
9229
9234
9235
9238
9241
9243
9245
9246
9247
9248
9249
9250
9253
9255
9259
9260
9261
9263
9264
9266
9267
9268
9269
9276
9277
9281
9286
9287
9291
9294
9295
9297
9302
9305
9307
9308
9310
9312
9314
9317
9319
9321
9322
9323
9325
9326
9327
9331
9332
9334
9335
9337
9338
9339
9341
9342
9343
9344
9346
9354
9356
9359
9360
9362
9363
9364
9366
9367
9368
9371
9372
9373
9375
9376
9377
9378
9379
9380
9381
9382
9383
9387
9390
9391
9392
9393
9394
9395
9396
9397
9398
9399
9401
9402
9404
9407
9409
9414
9416
9417
9418
9419
9420
9423
9424
9426
9431
9433
9434
9435
9436
9439
9440
9442
9443
9444
9447
9448
9449
10810
9452
9453
9454
9455
9457
9458
9460
9463
9465
9469
9471
9474
9478
9479
9481
9482
9483
9486
9490
9492
9701
9499
9500
9501
9502
9503
9506
9507
9508
9512
9515
9517
9518
9522
9523
9524
9526
9527
9528
9529
9530
9531
9533
9534
9535
9536
9538
9540
9542
9543
9544
9547
9549
9550
9552
9554
9557
9558
9559
9562
9565
9566
9567
9569
9570
9572
9573
9574
9577
9578
9579
9580
9582
9583
9585
9590
9591
9594
9596
9598
9599
9600
9601
9604
9605
9606
9608
9609
9611
9612
9615
9617
9618
9621
9622
9624
9626
9627
9628
9629
9630
9633
9634
9636
9637
9643
9646
9648
9649
9650
9653
9654
9657
9659
9660
9663
9664
9667
9669
9670
9673
9675
9680
9683
9688
9690
9691
9695
9697
9699
9700
9704
9705
9706
9709
9712
9714
9715
9717
9719
9720
9721
9723
9725
9726
9727
9728
9729
9731
9732
9733
9734
9736
9738
9740
9742
9743
9745
9746
9749
9751
9752
9757
9759
9764
9765
9766
9768
9769
9770
9771
9772
9773
9774
9775
9776
12800
9779
9780
9782
9791
9794
9797
9798
9801
9804
9805
9806
9809
9811
9815
9817
9819
9820
9822
9823
9825
9826
9827
9828
9834
9835
9838
9839
9840
9841
9845
9847
9849
9851
9852
9855
9856
9857
9858
9863
9864
9868
9869
9871
9872
9873
9874
9876
9881
9882
9883
9884
9887
9888
9889
9890
9893
9894
9895
9898
9900
9904
9905
9906
9910
9912
9913
9915
9916
9918
9920
9921
9923
9924
9929
9931
9932
9933
9934
9935
9941
9942
9948
9953
9954
9957
9962
9963
9964
9968
9971
9973
9977
9981
9982
9984
9985
9986
9989
9994
9995
9998
10001
10003
10004
10005
10009
10010
10011
10013
10014
10015
10016
10017
10019
10023
10027
10028
10031
10034
10042
10043
10046
10049
10051
10055
10056
10057
10059
10061
10062
10063
11092
10066
10067
10068
10345
10069
10071
10073
10080
10082
10085
10086
10087
10088
10090
10092
10094
10095
10096
10098
10099
10100
10101
10102
10104
10105
10111
10117
10119
10120
10122
10124
10125
10126
10127
10128
10129
10130
10131
10132
10134
10135
10137
10138
10139
10140
10141
10142
10143
10148
10150
10152
10155
10156
10158
10165
10167
10168
10171
10173
10175
10176
10177
10182
10184
10185
10188
10189
10190
10191
10193
10195
10197
10200
10201
10202
10205
10206
10209
10213
10217
10220
10225
10229
10231
10232
10236
10237
10241
10244
10245
10246
10247
10248
10251
10253
10255
10256
10257
10260
10263
10264
10265
10266
10268
10269
10270
10272
10273
10274
10276
10279
10284
10285
10287
10288
10289
10290
10291
10292
10295
10297
10299
10300
13740
10301
10302
10307
10309
10310
10311
10313
10314
10315
10316
10317
10319
10320
10321
10322
10323
10324
10328
10329
10332
10334
10335
10337
10338
10339
10340
10341
10342
10343
10348
10349
10350
10352
10354
10355
10356
10357
10358
10359
10360
10364
10365
10366
10368
10369
10370
10372
10374
10376
10377
10378
10380
10381
10383
10385
10387
10389
10390
10392
10393
10394
10395
10396
10397
10401
10402
10407
10408
10409
10410
10413
10414
10415
10416
10419
10420
10421
10422
10423
10428
10431
10432
10433
10437
10438
10439
10441
10445
10446
10448
10449
10450
10451
10452
10453
10455
10457
10459
10460
10461
10464
10465
10467
10469
10470
10471
10472
10476
12592
10481
10483
10484
10486
10488
10490
10491
10492
10493
10494
10495
10496
10497
10498
10499
10500
10501
10502
10507
10509
10510
10511
10512
10514
10515
10517
10518
10519
10520
10521
10522
10524
10526
10527
10528
10530
10531
10532
10534
10535
10536
10537
10539
10540
10541
10542
10543
10544
10545
10546
10547
10548
10549
10550
10551
10552
10553
10554
10556
10557
10558
10559
10560
10561
10562
10563
10564
10565
10567
10568
10569
10570
10574
10575
10576
10577
10578
10579
10580
10582
10585
10588
10591
10595
10596
10597
10598
10599
10601
10603
10604
10606
10607
10610
10612
10613
10615
10616
10621
10622
10625
10626
10629
10632
10633
10635
10636
10638
10639
10642
10643
10645
10649
10651
10652
10653
10654
10655
10656
10657
10659
10663
10665
10666
10669
10671
10672
10674
10676
10678
10679
10681
10682
10683
10684
10687
10689
10690
10691
10693
10694
10698
10699
10700
10702
10703
10704
10705
10706
10707
10709
10711
10712
10713
10714
10715
10717
10718
10720
10721
10722
10724
10726
10727
10728
10729
10730
10732
10733
10734
10735
10736
10738
10739
10741
10742
10746
10747
10753
10756
10758
10761
10762
10764
10765
10766
10767
10770
10776
10779
10780
10781
10782
10783
10785
10786
10787
10789
10790
10791
10792
10793
10796
10797
10798
10800
10801
10802
10805
10809
10812
10813
10814
10815
10816
10817
10819
10820
10821
10827
10828
10830
10833
10836
10837
10838
10839
10841
10842
10844
10847
10849
10853
10854
10855
10857
10858
10863
10865
10866
10870
10871
10872
10875
10877
10878
10881
10884
10885
10886
10888
10889
10891
10893
10895
10897
10898
10899
10901
10905
10906
10908
10910
10911
10912
10913
10915
10916
10917
10922
10925
10926
10928
10931
10933
10934
10935
10937
10940
10941
10945
10947
10951
10953
10961
10962
10966
10968
10970
10973
10974
10975
10977
10978
10980
10985
10990
10996
10998
11001
11003
11008
11011
11012
11017
11026
11030
11031
11032
11033
11100
11034
11036
11037
11038
11046
11049
11050
11054
11056
11059
11060
11062
11063
11064
11065
11068
11072
11075
11076
11077
11078
11079
11080
11082
11087
11089
11094
11095
11098
11099
11101
11102
11104
11105
11107
11108
11110
11112
11113
11116
11117
11119
11121
11122
11127
11129
11131
11132
11133
11137
11140
11142
11148
11150
11151
11153
11155
11157
11159
11165
11168
11169
11171
11173
11174
11177
11178
11183
11185
11188
11190
11194
11198
11199
11200
11201
11202
11203
11204
11208
11210
11212
11213
11214
11216
11217
11218
11219
11220
11224
11225
11226
11229
11231
11234
11235
11236
11237
11238
11239
11241
11245
11247
11248
11249
11250
11253
11256
11258
11260
11274
11275
11276
11277
11278
11279
11280
11281
11284
11286
11287
11288
11290
11291
11294
11296
11297
11299
11306
11307
11309
11311
11312
11314
11323
11324
11325
11327
11328
11331
11333
11339
11340
11342
11343
11345
11349
11350
11351
11356
11360
11363
11364
11366
11374
11377
11379
11380
11382
11384
11387
11397
11400
11401
11402
11403
11404
11406
11409
11412
11413
11416
11418
11419
11420
11421
11422
11423
11427
11430
11431
11432
11435
11437
11438
11440
11443
11444
11447
11449
11450
11455
11456
11457
11460
11461
11463
11465
11467
11468
11469
11471
11474
11475
11481
11482
11484
11485
11488
11489
11490
11494
11495
11497
11500
11501
11505
11507
11511
11513
11515
11516
11517
11519
11520
11522
11523
11524
11525
11526
11527
11529
11530
11531
11532
11533
11534
11535
11537
11538
11541
11542
11543
11544
11545
11546
11547
11548
11549
11550
11551
11552
11553
11557
11558
11563
11564
11565
11566
11567
11568
11573
11575
11576
11577
11578
11581
11583
11585
11586
11587
11588
11589
11590
11593
11594
11595
11597
11599
11600
11602
11604
11606
11608
11609
11610
11612
11613
11615
11617
11618
11619
11620
11621
11624
11625
11626
11629
11631
11632
11633
11635
11637
11640
11641
11645
11648
11650
11652
11653
11654
11658
11661
11662
11664
11666
11670
11671
11672
11673
11675
11678
11679
11682
11685
11687
11689
11690
11691
11692
11694
11696
11697
11701
11702
11703
11706
11707
11709
11710
11711
11712
11714
11715
11716
11717
11718
11721
11723
11724
11726
11727
11729
11735
11736
11738
11740
11742
11744
11745
11746
11748
11750
11751
11753
11755
11756
11758
11759
11760
11766
11767
11768
11769
11770
11772
11773
11775
11776
11778
11779
11780
11781
11783
11784
11785
11787
11788
11790
11792
11793
11796
11798
11800
11801
11802
11804
11808
11812
11813
11814
11815
11816
11819
11820
11821
11824
11825
11828
11830
11831
11833
11834
11839
11841
11842
11845
11846
11849
11850
11852
11854
11855
11857
11858
11859
11862
11863
11864
11867
11871
11873
11875
11876
11877
11878
11881
11883
11884
11887
11888
11889
11891
11893
11897
11898
11901
11902
11906
11907
11908
11909
11911
11912
11913
11914
11916
11919
11920
11921
11922
11924
11928
11931
11932
11933
11935
11936
11937
11941
11943
11944
11945
11946
11955
11956
11958
11959
11962
11963
11965
11966
11968
11975
11978
11979
11980
11983
11984
11986
11987
11990
11991
11992
11996
11997
11999
12000
12002
12004
12005
12006
12009
12010
12012
12013
12014
12015
12017
12020
12023
12024
12025
12027
12031
12032
12034
12036
12037
12038
12039
12040
12041
12042
12043
12045
12047
12049
12051
12052
12053
12054
12056
12057
12058
12061
12062
12063
12065
12067
12068
12070
12072
12073
12074
12075
12076
12078
12079
12080
12081
12082
12083
12084
12087
12089
12090
12092
12093
12094
12095
12097
12098
12099
12101
12103
12105
12108
12114
12115
12117
12118
12121
12122
12123
12126
12127
12131
12132
12133
12136
12137
12138
12140
12143
12144
12145
12146
12147
12149
12152
12155
12156
12157
12158
12159
12161
12162
12163
12164
12165
12166
12169
12170
12173
12174
12177
12179
12180
12183
12184
12188
12189
12190
12191
12192
12194
12195
12196
12198
12199
12200
12201
12205
12206
12207
12210
12214
12218
12221
12223
12225
12227
12228
12232
12233
12234
12235
12236
12239
12240
12242
12243
12245
12249
12253
12255
12257
12258
12261
12263
12264
12266
12267
12268
12269
12270
12271
12276
12277
12279
12280
12281
12282
12285
12286
12288
12289
12291
12297
12302
12306
12308
12309
12312
12313
12314
12315
12320
12324
12325
12327
12328
12329
12336
12338
12339
12347
12350
12351
12354
12355
12356
12357
12358
12359
12361
12363
12364
12365
12368
12369
12371
12373
12374
12375
12379
12383
12385
12388
12389
12390
12391
12392
12395
12397
12400
12401
12404
12405
12409
12415
12418
12419
12420
12426
12430
12432
12434
12436
12437
12438
12439
12442
12443
12444
12446
12448
12449
12450
12452
12454
12455
12456
12457
12458
12459
12460
12461
12462
12464
12465
12468
12471
12473
12478
12480
12482
12484
12486
12487
12489
12490
12492
12494
12497
12498
12500
12503
12504
12508
12509
12510
12512
12514
12517
12519
12520
12522
12524
12526
12528
12529
12532
12533
12542
12543
12544
12548
12549
12551
12552
12554
12555
12556
12557
12559
12561
12563
12565
12686
12566
12570
12572
12574
12575
12584
12585
12591
12593
12595
12596
12597
12598
12602
12606
12610
12611
12613
12616
12624
12626
12633
12634
12639
12640
12641
12644
12645
12649
12653
12657
12660
12661
12662
12663
12669
12670
12673
12676
12677
12678
12681
12682
12684
12687
12690
12697
12698
12699
12702
12703
12704
12707
12708
12709
12720
12723
12729
12730
12731
12733
12734
12735
12737
12738
12742
12747
12748
12751
12753
12756
12757
12759
12760
12761
12762
12763
12764
12767
12768
12769
12771
12774
12775
12776
12777
12778
12779
12781
12783
12784
12785
12787
12788
12789
12792
12795
12796
12797
12799
12802
12803
12807
12809
12810
12811
12814
12815
12816
12818
12819
12821
12822
12823
12824
12826
12829
12831
12832
12836
12837
12839
12840
12841
12843
12844
12848
12850
12852
12855
12857
12860
12862
12863
12864
12865
12866
12867
12873
12874
12875
12876
12878
12879
12881
12882
12885
12888
12890
12892
12894
12896
12897
12898
12901
12902
12903
12907
12908
12909
12910
12912
12913
12914
12915
12916
12917
12919
12922
12924
12925
12926
12932
12933
12935
12939
12941
12942
12944
12945
12948
12950
12952
12954
12959
12960
12962
12967
12970
12972
12973
12977
12979
12982
12984
12985
12987
12988
12989
12990
12993
12995
12997
13004
13005
13007
13008
13010
13012
13016
13019
13020
13021
13022
13025
13028
13029
13031
13032
13036
13037
13039
13040
13041
13043
13044
13050
13051
13052
13053
13056
13063
13064
13065
13066
13069
13070
13074
13075
13077
13078
13080
13083
13085
13086
13087
13088
13092
13093
13096
13097
13098
13102
13103
13104
13105
13107
13108
13109
13112
13113
13115
13116
13117
13119
13123
13125
13126
13127
13130
13131
13132
13137
13139
13142
13143
13147
13151
13152
13153
13154
13155
13160
13161
13162
13164
13166
13169
13170
13171
13172
13174
13176
13177
13178
13180
13181
13182
13186
13187
13188
13189
13190
13191
13192
13195
13198
13200
13201
13202
13207
13209
13210
13211
13213
13214
13215
13217
13219
13222
13226
13228
13229
13230
13238
13241
13243
13244
13245
13247
13248
13251
13252
13254
13257
13258
13259
13260
13262
13263
13264
13265
13266
13268
13269
13271
13272
13273
13276
13278
13280
13281
13283
13284
13288
13289
13291
13293
13294
13295
13296
13299
13304
13306
13308
13311
13312
13314
13316
13317
13319
13320
13321
13326
13327
13328
13329
13331
13332
13333
13334
13335
13336
13338
13340
13341
13342
13345
13346
13347
13349
13353
13359
13360
13361
13362
13365
13366
13367
13368
13371
13372
13374
13380
13382
13383
13384
13392
13395
13397
13399
13400
13402
13403
13404
13405
13410
13411
13414
13470
13415
13417
13418
13421
13422
13423
13425
13426
13428
13431
13432
13434
13435
13436
13437
13440
13441
13443
13444
13445
13447
13448
13450
13452
13457
13459
13460
13461
13462
13463
13466
13478
13481
13485
13491
13492
13495
13500
13505
13506
13507
13508
13514
13516
13523
13524
13532
13535
13536
13538
13539
13540
13541
13542
13543
13544
13546
13548
13550
13551
13678
13623
13555
13558
13560
13563
13565
13567
13568
13571
13573
13575
13577
13581
13582
13584
13587
13589
13592
13593
13595
13596
13597
13607
13609
13613
13615
13621
13622
13626
13629
13631
13635
13637
13643
13644
13653
13655
13661
13663
13665
13669
13679
13681
13683
13684
13687
13688
13689
13690
13691
13694
13696
13698
13706
13708
13710
13711
13712
13719
13720
13721
13724
13725
13728
13730
13731
13736
13741
13742
13743
13749
13750
13752
13753
13754
13758
13761
13762
13764
13765
13769
13772
13776
13777
13781
13782
13783
13785
13794
13799
13806
13809
13818
13821
13825
13827
13829
13830
13837
13838
13839
13842
13848
13849
13850
13852
13855
13858
13859
13861
13862
13863
13866
13867
13868
13870
13871
13872
13873
13874
13875
13876
13879
13880
13883
13884
13885
13887
13888
13889
13890
13891
13892
13893
13894
13897
13898
13899
13900
13901
13902
13903
13904
13905
13906
13907
13909
13910
13911
13912
13913
13914
13915
13916
13918
13919
13920
13921
13922
13923
13924
13926
13928
13929
13930
13931
13932
13933
13934
13935
13936
13937
13939
13940
13941
13942
13943
13944
13945
13946
13947
13948
13949
13951
13952
13953
13955
13956
13957
13959
13960
13961
13962
13963
13964
13966
13967
13968
13969
13970
13971
13972
13973
13974
13975
13980
13981
13982
13983
13986
13987
13988
13989
13990
13992
13996
13997
13999
14000
14001
14002
14003
14004
14005
14006
14008
14009
14010
14011
14013
14017
14019
14020
14021
14023
14024
14025
14029
14030
14032
14033
14034
14037
14038
14040
14042
14045
14046
14047
14048
14050
14051
14053
14054
14055
14056
14057
14061
14063
14064
14068
14069
14071
14074
14075
14084
14088
14091
14092
14093
14095
14099
14100
14103
14104
14106
14107
14108
14110
14111
14113
14116
14119
14122
14123
14124
14127
14129
14130
14131
14132
14133
14137
14139
14141
14143
14144
14148
14150
14152
14157
14159
14160
14162
14163
14167
14180
14181
14182
14186
14189
14193
14195
14197
14198
14200
14203
14204
14205
14206
14207
14208
14213
14216
14217
14219
14221
14223
14230
14231
14232
14233
14234
14235
14236
14244
14245
14246
14247
14250
14251
14254
14257
14263
14265
14266
14270
14271
14272
14273
14276
14277
14279
14280
14281
14286
14289
14294
14307
14312
14313
14314
14319
14321
14324
14326
14329
14331
14334
14335
14338
14344
14345
14346
14351
14353
14354
14356
14357
14358
14367
14368
14369
14376
14377
14389
14394
14400
14402
14403
14406
14407
14412
14415
14417
14418
14424
14427
14430
14441
14446
14452
14455
14457
14459
14460
14469
14472
14477
14478
14484
14487
14490
14491
