7
8
13
1355
12
16
18
481
24
84
3165
1454
26
27
720
805
45
2116
46
119
50
56
308
51
52
53
54
55
57
58
61
173
62
63
64
65
66
67
154
2068
426
68
70
71
74
75
78
199
931
80
81
760
3398
82
136
91
83
88
90
93
94
95
96
2028
97
98
99
100
447
101
102
1378
104
113
114
251
115
118
121
124
126
247
128
131
750
132
135
143
145
146
147
1824
148
150
151
152
155
156
157
158
159
1030
160
166
168
171
177
174
175
176
374
178
179
182
183
185
187
188
189
190
191
2032
194
195
197
198
2906
201
202
203
206
207
208
209
210
211
212
213
2275
218
219
220
221
222
223
225
226
227
229
230
231
232
233
234
235
241
242
244
245
246
248
253
254
257
258
259
705
260
261
262
263
1137
265
266
268
269
1358
270
271
272
275
279
281
282
283
683
285
286
287
290
291
292
294
295
296
297
298
300
301
302
303
306
307
2089
2092
2095
309
311
312
315
360
319
320
321
322
1412
323
327
328
329
332
334
615
335
340
344
345
443
349
351
1051
358
362
364
368
371
375
376
384
385
386
389
392
393
395
398
400
404
405
408
410
411
412
414
416
418
419
420
421
2160
1403
422
427
428
432
433
435
440
444
445
446
2392
448
449
450
451
543
2881
463
464
794
466
469
470
473
474
475
476
477
478
689
479
480
482
483
487
488
489
1843
491
492
495
497
498
500
3304
1669
501
502
1510
503
504
505
506
507
508
509
510
511
512
513
514
515
516
517
520
521
522
523
524
525
526
527
528
529
530
532
533
534
535
536
537
538
540
541
542
544
545
546
547
548
549
550
551
552
553
556
557
558
560
2062
1119
561
563
564
566
567
568
569
570
571
572
573
574
576
577
578
581
583
585
586
587
588
589
590
591
592
594
949
598
599
601
605
607
608
609
610
613
614
620
624
626
628
630
632
634
635
636
637
638
639
640
641
643
644
830
645
646
648
650
651
652
655
656
746
657
658
659
660
661
662
663
664
665
666
667
668
669
670
674
675
676
677
680
681
682
685
686
687
688
690
691
693
694
695
696
697
698
699
700
701
702
704
1746
706
707
711
712
713
714
718
723
724
725
2044
726
2428
727
728
729
730
731
732
733
734
735
736
739
742
743
744
745
2114
747
748
749
751
752
753
754
755
1114
756
757
758
759
938
1468
1406
761
762
763
764
767
768
770
774
775
776
1055
777
778
779
781
784
785
786
787
788
789
790
793
795
796
2072
797
800
801
803
804
806
807
808
809
810
811
812
813
815
816
817
820
825
826
827
831
832
833
834
835
3360
836
840
841
842
844
845
846
847
848
850
851
854
855
856
857
858
859
861
862
863
864
865
867
869
870
871
872
873
874
875
876
878
879
882
2683
885
890
894
1103
895
897
898
901
910
902
904
906
908
909
911
915
917
918
926
927
929
930
933
939
943
946
947
948
951
953
1180
956
960
964
969
970
974
977
978
979
980
981
982
984
985
986
988
991
994
995
996
998
1000
1001
1002
1006
1008
1010
1011
1014
1015
1019
1020
1022
1026
1027
1028
1031
1033
1034
1282
1035
1039
1043
1045
1050
1052
1053
1054
1056
1057
1058
1060
1061
1062
1063
1064
1065
1066
1067
1068
1069
1070
1071
1074
1075
1076
1077
1078
1079
1080
1082
1084
1085
1086
1087
1088
1089
1091
1092
1093
1095
1097
1100
1102
1105
1108
1113
1116
1118
1971
1122
1123
1125
1129
1130
1131
1132
1134
1135
1136
1138
1139
1163
1147
1148
1150
1152
1157
1159
1160
1161
1162
1164
1165
1166
1167
1173
1177
1179
1181
1182
1184
1187
1188
1190
1193
1194
1195
1197
1198
1200
1202
1203
1205
1206
1207
1208
1209
1212
1213
1214
1215
1216
1217
1218
1220
1221
1223
1225
1227
1228
1229
1230
1231
1255
1232
1234
1235
1237
1238
1240
1242
1243
1245
1249
1252
1253
1254
1257
1259
1340
1262
1264
1267
1271
1273
1275
1278
1283
1284
2451
1285
1286
1288
1290
1293
1294
1296
1298
1300
1301
1303
1304
1305
2084
1307
1308
1311
1314
1315
2542
1317
1318
1320
1322
1323
1324
1328
1338
1339
1341
1345
1347
1349
1350
1352
1353
1356
1357
1359
1362
1364
1366
1368
1370
1372
1376
1377
2817
1379
1380
1382
1385
1386
1390
1391
1392
1394
1397
1399
1400
1401
1402
1404
1405
1409
1414
1417
1418
1420
1421
1425
1434
1445
1446
1448
1451
3482
1534
1455
1458
1459
1461
1463
1466
1469
1470
3569
1474
1475
1477
1478
2036
1480
1481
1483
1485
1486
1490
1493
1496
1497
1498
1501
1502
1512
1517
1519
1523
1528
1529
1531
1538
1540
1558
1559
1564
2200
1567
1579
1582
1584
1588
1591
1595
1596
1607
1613
1617
1622
1623
1629
1630
1631
1632
1633
1636
1637
1638
1639
1640
1641
1645
1648
1651
1652
1654
1659
1665
1717
1670
1671
1677
1679
1680
1681
1685
1686
1687
1690
1695
1697
1698
1700
1701
1707
1708
1710
1713
1714
1715
1716
1718
1719
1720
1721
1722
1723
1724
1725
1726
1727
1728
1729
1730
1733
1734
1738
1739
1740
1741
1742
1743
1745
1751
1752
1753
1754
1756
1759
1766
1767
1768
1769
1770
1771
1773
1774
1775
1777
1778
1779
1780
1781
1782
1785
1786
1787
1788
1790
1794
1798
1799
1800
1801
1802
1804
1805
1810
2126
1811
1813
1815
1816
1817
1820
1822
1831
1832
2707
1833
1836
1839
1844
1847
1848
1849
1850
1851
1852
1855
1856
1858
1859
1862
1863
1864
1865
1866
1867
1869
1870
1871
1872
1874
1875
1877
1878
2251
1881
1882
1884
1892
1894
1899
1902
1903
1905
1906
1909
1911
1912
1913
1917
1918
2486
1919
1921
1925
1926
1928
1930
1931
3532
1933
1934
1942
1946
1948
1949
1950
1951
1952
1954
1955
1958
1960
1961
1968
1970
1979
1981
1982
1983
1987
1988
1992
2000
2003
2006
2007
2008
2010
2019
2020
2027
2029
2030
2031
2043
1834
2973
2054
2055
2057
2058
2059
2060
2064
2066
2069
2436
2070
2071
2074
2075
2077
2082
2088
2090
2100
2101
2102
2103
2106
2107
2108
2110
2115
2117
2119
2121
2122
2123
2129
2131
2133
2135
2136
2140
2142
2143
2146
2980
2147
2148
2149
2150
2151
2152
2153
2157
2161
2163
2164
2165
2166
2168
2169
2171
2172
2173
2174
2175
2176
2178
2179
2180
2181
2183
2185
2186
2188
2189
2192
2193
2194
2195
2196
2199
2201
2202
2203
2204
2206
2207
2209
2211
2213
2214
2215
2217
2220
2222
2223
2224
2226
2227
2230
2231
2232
2233
2236
2238
2239
2240
2242
2243
2244
2250
2253
2255
2256
2257
2259
2260
2266
2269
2271
2272
2274
2277
2279
2281
2282
2284
2285
2286
2287
2289
2294
2298
2302
2303
2304
2305
2307
2308
2309
2310
2312
2316
2317
2318
2319
2321
2322
2324
2325
2326
2327
2329
2332
2336
2337
2343
2344
2345
2355
2356
2358
2360
2364
2365
2368
2371
2374
2377
2378
2379
2380
2382
2383
2384
2388
2390
2396
2397
2400
2401
2402
2404
2405
2406
2407
2409
2410
2412
2414
2418
2419
2420
2422
2424
2425
2427
2432
2450
2454
2461
2466
2467
2469
2471
2473
2474
2475
2476
2478
2479
2480
2484
2526
2489
2497
2504
2505
2510
2512
2515
2516
2517
2518
2520
2524
2529
2531
2533
2536
2539
2541
2623
2549
2551
2552
2555
2556
2557
2558
2559
2561
2562
2563
2564
2565
2566
2568
2570
2572
2573
2574
2575
2576
2577
2578
2580
2581
2582
2583
2584
2585
2586
2587
2590
2591
2594
2595
2599
2600
2602
2606
2607
2609
2610
2611
2613
2615
2616
2618
2621
2622
2625
2626
2629
2630
2631
2633
2634
2637
2638
2644
2646
2647
2650
2653
2656
2657
2658
2659
2663
2665
2666
2667
2669
2672
2676
2678
2680
2681
2684
2687
2693
2694
2695
2699
2701
2703
2705
2715
2716
2717
2718
2724
2725
2742
2744
2747
2752
2753
2764
2769
2770
2774
2775
2777
2791
2792
2799
2800
2802
2805
2818
2819
2820
2821
2822
3065
2823
2827
2828
2829
2830
2834
2835
2837
2838
2843
2844
2845
2846
2848
2849
2851
2852
2854
2855
2858
2860
2861
2864
2868
2870
2872
2879
2882
2883
2884
2891
2892
2894
2895
2897
2899
2900
2903
2975
2910
2911
2914
2915
2918
2922
2924
2926
2931
2932
2933
2934
2936
2937
2939
2940
2941
2942
2944
2945
2946
2947
2949
2951
2953
2954
2958
2960
2961
2962
2963
2964
2965
2966
2967
2968
2970
2972
2974
2976
2979
2981
2983
2984
2985
2987
2989
2991
2994
2995
2996
2997
2998
3000
3001
3002
3005
3006
3007
3009
3011
3013
3014
3015
3016
3018
3020
3021
3022
3024
3026
3027
3028
3029
3031
3038
3040
3041
3044
3049
3050
3051
3052
3053
3058
3064
3070
3072
3076
3078
3085
3086
3087
3088
3090
3096
3098
3100
3101
3104
3105
3106
3107
3109
3110
3111
3114
3116
3117
3124
3127
3129
3131
3133
3142
3144
3146
3151
3154
3155
3159
3160
3177
3181
3188
3189
3192
3193
3200
3201
3205
3206
3208
3211
3212
3220
3221
3222
3223
3228
3233
3235
3236
3238
3239
3240
3242
3243
3245
3246
3247
3250
3251
3252
3253
3254
3257
3259
3261
3276
3278
3288
3297
3298
3303
3305
3307
3314
3320
3323
3331
3335
3339
3341
3343
3352
3353
3356
3359
3362
3365
3366
3367
3368
3370
3371
3372
3373
3379
3381
3382
3383
3387
3389
3390
3391
3392
3394
3396
3399
3401
3405
3406
3409
3416
3421
3425
3427
3428
3430
3431
3432
3433
3435
3436
3437
3438
3439
3440
3443
3444
3447
3448
3450
3451
3452
3454
3455
3456
3462
3464
3466
3468
3469
3475
3476
3479
3480
3483
3484
3486
3487
3488
3489
3490
3491
3493
3496
3498
3500
3502
3505
3512
3515
3519
3528
3533
3537
3538
3539
3541
3542
3545
3546
3547
3549
3551
3553
3555
3556
3558
3559
3560
3563
3564
3568
3572
3573
3574
3575
3579
3580
3581
3582
3593
3594
3596
3600
3601
