0
1
22
25
54
2143
14320
14
15
16
17
49
20
184
1321
50
655
21
150
7819
5059
24
28
1100
34
37
484
38
56
40
66
7533
758
43
46
244
47
48
53
61
65
762
1062
71
72
11304
3811
75
84
85
119
93
11181
2599
96
97
101
324
39
106
1043
107
2480
108
109
2120
110
353
111
112
115
117
118
122
124
126
132
133
2509
138
4723
139
140
246
141
2592
1125
2791
686
1825
4884
146
149
154
162
163
174
183
187
1975
196
198
199
200
203
13088
5712
10947
1541
6601
8591
8560
13822
205
206
207
208
213
214
216
857
5151
217
218
220
221
3440
3345
223
224
225
3599
227
229
230
10408
231
232
235
236
237
238
239
240
241
242
243
245
247
249
2001
250
252
253
254
258
259
260
261
262
263
264
265
266
267
268
269
271
273
279
280
281
283
285
286
287
289
291
292
293
296
297
300
301
302
774
303
304
305
306
313
315
317
318
4683
388
11780
320
321
322
7143
326
327
328
329
330
331
6113
332
335
336
339
340
342
343
344
716
4833
347
348
350
351
2040
352
1986
356
357
358
359
360
361
362
363
364
365
366
367
368
371
373
437
374
375
378
379
382
385
386
389
390
391
392
7450
395
396
397
398
399
400
401
402
403
405
406
411
412
414
415
416
418
6273
419
420
421
422
425
426
1817
427
431
433
434
436
8245
438
439
440
442
446
448
450
451
452
453
2776
2429
456
457
458
460
461
462
3895
465
466
469
470
471
473
474
475
476
477
478
479
480
481
483
485
486
487
488
489
491
492
800
493
494
496
497
499
500
501
9350
12025
1902
504
506
10645
507
510
511
513
515
516
517
519
521
523
525
526
527
528
530
531
532
916
806
533
5341
534
538
539
543
544
545
547
548
549
550
551
552
553
554
555
558
560
561
563
564
567
572
573
574
578
581
582
587
818
590
591
593
595
597
600
605
606
608
610
13562
2263
611
613
614
615
619
620
622
623
1032
624
625
626
629
630
631
633
637
639
641
642
647
648
4845
649
651
652
2219
1265
794
653
654
657
658
659
660
662
664
665
667
668
670
671
672
673
675
676
677
679
681
15379
682
683
5967
684
685
688
5727
3909
690
691
3018
4171
2765
692
693
694
695
697
698
699
700
701
707
708
709
713
715
723
724
727
728
729
4851
730
732
733
734
737
738
740
742
745
16891
746
748
752
753
756
757
1112
760
761
766
767
769
2688
1108
770
772
803
1507
4477
775
776
2332
777
778
15849
779
780
782
785
786
958
787
788
797
801
875
2806
805
807
812
13267
3861
813
814
817
4029
820
8549
821
822
8355
823
824
825
826
827
828
829
832
834
835
837
839
844
915
845
846
847
848
849
858
859
860
862
865
867
1002
868
873
878
2485
880
885
888
894
901
902
904
905
906
907
908
910
911
912
2630
913
9813
932
1195
1846
2004
5882
917
943
919
925
7318
1407
926
927
4423
930
931
934
935
936
938
939
940
941
942
944
945
955
956
6025
961
962
963
965
13529
970
972
973
974
978
980
981
982
985
986
988
989
991
994
995
996
998
1000
1001
1003
1004
1006
1008
1009
1012
1013
2268
1015
7234
1019
1020
1024
1509
1034
1066
4691
6170
5979
1038
5049
1039
1041
1042
1050
1051
1052
4401
1053
1054
1055
1057
1061
1063
1064
1067
1068
1069
1070
1071
1072
1073
1074
1380
1075
1076
1077
1078
1079
1080
1082
1083
1084
1085
1087
1088
4211
1089
1090
1091
1092
1093
1094
1096
1099
1102
1104
1105
1109
1110
1111
1113
1114
1115
1118
1119
1120
1122
1124
13816
1126
1129
1130
1133
1134
1135
1139
1140
1141
1142
1143
1144
1145
1149
1151
1152
1153
1154
1156
1157
1158
1160
1163
1164
1168
1992
1169
1170
1171
1172
1174
1175
1176
1177
1179
1180
1181
1183
1184
1185
1189
1191
1194
1196
1197
1198
1201
1202
1203
1204
1207
1208
1212
1215
1217
1218
1220
1223
1224
1225
1226
1230
1237
1238
1239
1243
1244
1246
1249
1250
1252
1253
1254
1294
1256
1257
1259
1260
1261
1262
1979
1266
1267
1268
1270
1271
10170
1272
1274
1277
1278
1279
1280
1281
1282
1283
1284
1285
1286
1292
1293
1295
1297
1299
1300
1349
1303
1305
1307
1308
1309
1313
1315
1319
1320
1323
1325
1328
1330
1331
1333
1334
1336
1338
1340
1341
1342
1346
1347
1350
1352
1353
1354
1355
1356
1358
1360
1361
1362
1363
1364
1368
1370
1371
1376
1378
1379
1938
1386
1389
1393
1395
1397
7667
1398
1401
1402
1403
8133
7174
1404
1406
1408
1410
1415
1420
3701
1424
1425
1426
1430
1433
1434
1435
1436
1438
1441
1442
1443
1444
3132
1449
1452
1453
1455
1456
1458
1459
1460
4301
1462
1463
1465
1467
1468
1469
1472
1473
12649
1474
1479
4060
1480
1481
1482
1485
1486
1487
1488
1491
1493
1494
1495
1496
1497
1498
1499
1500
1501
1503
1504
1505
1506
1508
1511
1513
1514
1515
1517
1518
1522
10078
1527
1528
1530
1531
1534
15163
1535
1536
1538
1539
1540
1542
7766
1546
1547
1548
1549
1550
1551
9414
12519
1552
1554
1555
1556
1557
1558
1561
1565
1566
1567
1568
1875
3230
1570
1571
1573
1575
1578
1579
1580
1582
1585
1586
1587
1668
1589
1590
1593
1594
13353
1595
1596
1597
1600
1602
1603
8468
1604
1610
1676
1611
1612
1613
7445
1615
1616
1617
1619
7634
1621
1622
1623
1625
1626
1634
1635
1636
1639
1640
1641
1642
1645
1646
1647
1648
1649
1651
1654
1655
1657
1658
1660
1662
1665
1666
1667
1669
1670
1671
1672
1673
1675
1677
1678
1679
1681
1682
1685
1687
1691
1696
1698
1705
1706
1707
1710
1814
1714
1715
1716
2727
1718
1720
7606
1721
1724
1725
1729
1730
1734
1739
7673
1741
1744
1747
1748
1750
1751
1756
1758
1762
1763
1765
9152
1768
1769
1773
1774
1775
1776
1779
1781
1783
1784
1785
1786
1792
1795
1797
5069
1801
1802
1803
1807
1810
1811
1812
12233
7405
1813
1815
1816
1818
1819
1820
1823
1824
12838
7398
5899
6994
1827
1830
1832
1835
1836
11287
1837
1838
3219
1847
1848
1849
1852
1853
1854
1856
1857
1859
1860
1865
1866
1868
1869
1870
1871
16198
1876
1878
1879
1880
1883
1884
1886
1887
1889
1894
1895
6811
1896
1899
1900
1903
1904
1916
1918
1919
1920
1921
2177
1951
1923
1926
1927
1929
1932
1933
5115
1934
1937
2218
1948
1949
1950
1959
2304
1962
1963
1965
1968
1970
1971
1974
9089
1976
6004
1984
1987
1988
4165
1989
14317
1993
1994
1996
1997
1998
2002
2003
13089
2007
2013
2015
2020
2024
2025
2026
2028
2029
2031
2032
2035
2039
2044
2048
2049
2050
2052
2056
2058
2061
2063
2065
2066
2068
2070
2071
2072
2078
2080
2083
2085
2087
2090
2093
2094
2098
2103
2105
2108
2109
2110
2113
2114
2115
2116
2117
2123
2128
2129
2130
2133
2138
2139
2146
2141
2142
2149
2150
2153
2154
2155
2162
2163
2165
2437
2170
2171
2175
2178
2181
2183
2184
2185
2187
2188
2190
2191
2192
2193
2196
2197
2201
2202
2204
2209
3315
2210
2211
4309
2223
2225
2231
2234
2235
2237
2239
2241
2242
2244
2246
2247
2251
2257
2259
2260
2262
2264
2273
2274
2276
2279
2283
2288
2292
2294
2300
2301
2306
2307
2309
9206
2317
2321
2322
2323
2324
2325
2328
2329
2330
2334
2335
2337
2339
2340
2345
2346
2351
2352
2353
2355
2366
2380
2383
2387
2389
2393
2395
2396
2402
2408
2410
2411
2413
2416
2423
2426
2432
2436
6540
2441
2443
2447
2448
2450
2458
2468
2475
2476
2479
2488
2491
2492
2493
2494
13343
2497
2498
2501
2506
2507
13689
2508
2511
2514
2515
2516
2522
2523
2527
2531
5889
6099
5150
2544
2545
2551
8433
2556
2559
2560
2562
2563
2574
2582
2590
2596
2600
2602
2603
2607
2614
2616
2620
2629
2637
2639
2650
2651
2653
2661
2662
2665
2667
2671
2675
2679
2680
2683
2687
2691
2700
2719
2724
2731
2732
2740
2742
2744
2750
2752
2755
2760
2762
2764
8473
2766
2769
2773
2774
2775
2780
2781
2782
2783
8483
2787
2790
9024
4513
12752
2795
2797
3261
6271
2798
2799
2801
4856
2807
2808
2810
2814
2816
2820
2825
2829
2832
2835
2836
2838
2840
5828
2844
2845
2847
2849
2852
2853
2857
15304
2871
2885
2890
2895
2901
2903
2907
2912
6169
2914
2917
2920
2923
2924
2925
2928
2930
2931
2932
2933
5832
2943
2946
2948
2949
2950
2951
2953
2954
2957
2968
2969
2971
2980
2983
2984
2985
3061
3009
2994
2987
2999
3001
3002
3007
3012
3013
3014
3025
3026
3027
3029
3032
3040
3042
3047
3049
3050
3063
3071
3074
3075
3080
3082
3088
3101
3122
3139
3140
3142
3144
3145
3155
3158
3163
15848
3165
3166
3172
3173
3182
3185
3186
3187
3193
3302
3197
3199
3200
3202
3206
3209
3210
3211
3432
3212
3213
3216
3222
3228
3229
3231
3234
3241
3243
3254
3260
3264
3270
3273
3280
3284
3287
3292
3294
3297
3312
3313
3316
3317
3325
3326
3331
3334
3341
3342
6329
3344
3346
3349
3350
3351
3354
3356
3361
3363
3365
3366
3367
3368
3370
3379
3380
3382
3385
3390
3395
3397
3398
3399
3400
3401
3403
3404
3405
3406
3407
3411
3413
3423
3424
3431
3433
3436
3443
3445
3449
12987
3451
3452
3453
3458
3459
3466
3468
3474
3477
3479
3480
3484
3486
4633
3489
3493
3502
3504
3516
3517
3526
3530
3538
3540
3541
3545
3551
3554
3558
3560
7180
3597
8805
3606
3608
3609
3623
3625
3631
3633
3650
3651
3664
3806
3676
3679
3683
3684
3694
3699
3702
3708
3709
3710
3711
8310
3717
3718
3724
3725
3727
3731
3740
3744
3754
3755
3759
3760
3764
3770
3777
3778
3780
3783
3784
3786
3787
3788
3791
3793
11932
3798
3802
3803
3812
3814
3815
3819
3821
3822
3826
3830
3915
3833
3836
3837
3842
3844
3846
3848
3850
3851
3852
3855
3856
3858
3860
3865
3866
3871
3873
3875
3876
3877
3878
3882
3888
3890
3892
3894
4539
3896
3899
3901
3902
3903
3907
3911
3914
3916
3917
3920
3923
3929
3933
3936
3937
3945
3948
3950
3951
3954
3955
3962
3967
3972
3985
3986
3991
3993
3995
3999
4012
4013
4017
4018
4028
4030
4035
4036
4040
4041
4046
4059
4061
4065
4071
4088
4091
4095
4098
4100
4101
4105
4109
4114
4118
4144
4146
4147
4152
4154
4196
4156
4157
4158
4166
4167
4169
4170
4174
4181
4186
4188
4218
4189
4194
4198
4200
4202
4207
4208
4209
4210
4213
4216
4219
4224
11706
4225
4226
4230
4231
4236
4238
9861
4241
4242
4244
4247
4251
4256
4258
4259
4260
4262
6838
4266
4267
4268
4270
4280
4283
4285
4290
4298
4299
4311
4314
4316
4322
4324
4325
4326
4329
4335
4338
4345
4348
4349
4356
7448
4360
4363
4374
4375
4379
4380
4382
4383
4384
4385
4386
4390
4391
4396
4400
4404
4411
4414
4416
4419
4426
4428
4432
4433
4435
4439
4453
4465
4469
4478
4495
4498
4501
4502
4503
4505
4509
4512
4515
4516
4518
4521
4522
4529
4530
4536
9987
4541
4542
4544
4546
4547
4549
4550
5840
4558
4561
4563
4568
4569
4584
4588
4591
4594
4598
7262
4601
4609
4611
4616
4617
4622
4623
4624
4626
4634
4639
4641
4647
4648
4653
4657
4662
4663
4664
4667
4669
4676
4681
4682
4687
4688
4699
4700
4702
7643
4703
4704
4709
4713
4722
4724
8118
4732
4733
4734
4743
4744
4748
4749
4753
4756
4757
4764
4765
4772
4780
4783
4785
4789
4790
4791
4794
4796
4802
4803
4805
4807
4808
4809
4810
4811
4812
4819
4823
4827
4828
4830
4831
4840
4841
4842
4846
4857
4858
4860
4861
4863
4865
4868
4869
4871
4872
4873
4874
4875
6501
4880
4883
4889
4893
4896
4899
4901
4902
4903
4904
4906
4907
4911
4915
4917
4919
4921
4923
4925
4926
4927
4928
4929
4930
4933
7625
4935
4939
4946
4955
4956
4959
4960
4962
4979
4981
4982
4983
4987
15112
9281
4990
4994
4996
5000
5002
5003
5004
5007
5009
5017
5019
5023
5024
5025
5026
5030
5031
5033
5035
5036
5041
5043
5046
5047
5048
5058
14088
7856
14055
5064
5065
5077
5080
5083
5089
5090
5092
5094
5095
5098
5100
5102
5103
5104
5106
5108
5109
5110
5112
5113
5114
5116
5117
5122
5129
5130
5131
5132
5135
5136
5140
5141
5142
5143
5145
5146
5147
5148
5154
5156
5162
5171
5185
5190
5200
5201
5202
5205
5215
5217
5226
5228
5232
5233
5240
5247
5255
5270
5279
5287
5291
5292
10694
5295
5305
5308
5310
5325
5335
5340
5343
5346
5347
5380
5353
5356
5361
5374
5375
5391
5395
5408
10358
5411
6624
5413
5414
5426
5441
6022
5443
5445
5454
5468
5469
6922
5472
5475
5483
5484
5486
5487
5488
5493
6662
5500
5541
5552
5582
5617
5629
8858
5647
5665
5677
5700
5702
5755
5777
5779
5780
5786
5789
5792
5796
5802
7632
5804
5810
5811
5814
5819
5826
5827
5829
5830
5833
5835
5836
5838
5848
5849
5861
5863
5864
5866
5868
5870
5871
5873
5874
5875
5881
10205
5885
5893
5896
5901
5904
5905
5906
5907
5909
5913
5915
5918
5919
5921
5925
5926
5931
5934
5937
5942
5944
5945
5946
5947
5949
5950
5951
5952
5953
5957
5960
5962
5963
5964
5965
5966
5976
5978
5980
5982
5986
5987
5989
5991
5994
5998
6002
6003
7463
6006
6007
15344
6008
6010
6012
6017
6018
6020
6021
6068
6024
8802
6027
6033
6037
6038
6047
6051
6055
6056
6057
6059
6060
6074
6078
6079
6081
6084
9721
6088
6094
6100
6105
6106
6108
6110
6115
6117
6123
6124
6128
6130
6132
6133
10617
6138
6141
6142
6145
6149
6154
6156
6164
6165
12962
6167
6168
6171
6172
6173
6174
6179
6180
6184
6195
6220
6201
6209
6215
6216
6217
6221
6222
6224
6231
6236
6237
6238
6240
6252
6254
6258
6259
6262
6265
6268
6269
6272
6274
6276
6277
6279
6280
6282
6288
6289
6290
6291
6293
6298
6301
9119
6311
9959
6314
6317
6320
6327
6328
6330
6332
6339
6341
6344
6348
6352
6357
6363
6364
6368
6369
6371
6381
16303
6387
6392
6394
6402
6406
6412
6413
6424
6427
6430
6437
6446
6447
6448
6451
6453
6454
6461
6462
6466
6473
6476
6482
6487
6490
6494
6495
6535
6505
6506
6516
6519
6521
6522
6523
6526
6527
6529
6531
6532
6533
6536
6538
6541
6544
6545
6546
6548
6550
6551
6556
6558
6564
6565
6566
6568
6714
6569
6570
6572
6573
6574
6575
6577
6579
6581
6583
6584
6585
6587
6588
6590
6591
6593
6594
6596
6598
6599
6600
6604
6605
6606
6608
6610
6621
6622
6636
6637
6643
6645
6646
6653
6654
6657
6660
6661
6666
6668
6669
6673
6676
6682
6683
6689
6690
6691
6693
6694
6697
6698
6699
6703
6704
6705
6708
6710
6712
6713
6718
6719
6721
6722
6723
6726
6729
6737
6738
6739
6740
6745
6748
6751
6752
6753
6754
6757
6761
6762
6764
6768
6772
6775
6777
6779
6781
6782
6785
6788
6789
6792
6793
6795
6798
6803
6804
6808
6810
7736
11221
6813
6814
6816
6817
6818
6819
6820
6822
6824
6826
6828
6830
6831
6837
6840
6842
6843
6844
6845
6848
6849
6851
6852
6856
6859
6861
6862
6866
6869
6870
6871
6872
6880
6881
6882
6888
6889
6891
6896
6901
6908
6911
6912
6917
6918
6926
6927
6931
6932
6934
6936
6940
6942
6943
7441
6945
6950
6951
6952
6953
6955
6958
6959
6963
6966
6967
6968
6970
6976
6985
6986
6996
6997
6998
6999
7000
7002
7006
7007
7008
7009
7012
7013
7014
7015
7016
7019
7024
7320
7027
7032
7033
7034
7036
7037
7043
7045
7052
7054
7055
7060
7061
7068
7069
7071
7080
7081
7090
7096
7097
7098
7100
7103
9522
7108
7109
7110
7111
7116
7119
7122
7123
7125
7126
7127
7129
7135
7137
7140
7141
7142
7146
7150
7151
7153
7155
7158
7159
7160
7161
7162
7163
7164
7165
7166
7169
7170
7171
7172
7173
7175
7176
7177
7179
7185
7186
7187
7188
7189
7192
7198
7199
7200
7205
7208
7209
7210
7212
7223
7224
7228
7230
7231
7232
7233
7238
7239
7243
7244
7249
7256
7258
7260
11602
10003
10002
7263
7265
7267
7268
7270
7271
7272
7274
7275
7277
7279
7280
7281
7282
7283
7285
7290
7291
7293
7294
7295
7296
7298
7301
7302
7303
7304
7305
7306
7307
7308
7312
7314
7316
7323
7326
7327
7328
7330
7334
7335
7337
7339
7342
7343
7345
7347
7349
7355
7357
7359
7364
7365
7366
7368
11013
7369
7370
7372
7376
7377
7379
9045
7380
7384
7386
7388
7390
7392
7393
7394
7395
7400
7401
7402
7406
7414
7415
7418
7420
7425
7426
7428
7431
7433
7434
7436
7437
7438
7444
7447
7449
7451
7452
7453
7456
7457
7458
7461
7462
7464
7465
7466
7467
7469
7470
7474
7475
7477
7478
7479
7480
7481
7482
7484
7485
7488
7489
7490
7491
7493
7495
7496
7497
7499
7500
7503
7505
7506
7507
7508
7509
7510
7512
7513
7514
7515
7516
7517
7518
7519
7522
7523
7524
7525
7526
7528
7529
7532
7534
7536
7537
7539
7540
7541
7542
7543
7545
7546
7547
7548
7549
7550
7551
7553
7556
7558
7559
7560
7561
7562
7564
7568
7569
7571
7573
7574
7575
7576
7577
7579
7580
7585
7587
7588
7590
7591
7593
7595
7596
7598
7600
7601
7602
7603
7604
7605
7607
7609
7610
7611
7612
7616
14546
7618
7619
7620
7621
7622
7624
7755
7626
7628
7631
12888
7637
7639
7642
7646
7647
7648
7649
7651
7655
7656
7658
7661
7664
7672
7674
7688
7691
7696
7697
7699
7701
7705
7706
7707
7708
7709
7710
7711
7712
7713
7715
7716
7717
7720
7721
7723
7724
7726
7727
7729
7732
7733
7734
7738
7743
7744
7746
7747
7748
7749
7751
7753
7754
7756
7757
7759
7763
7764
7765
7770
7771
7777
7779
7780
7781
7782
12246
7783
7784
7786
7788
7789
7792
7794
7796
7800
7808
7813
7814
7815
7818
7820
7824
7825
7827
7828
7829
7833
7837
7838
7839
7842
7843
7844
7845
7846
7847
7848
7849
7850
7851
7852
7854
7855
7857
7858
7859
7860
7861
7862
7863
7864
7865
7866
7867
7868
7869
7870
7871
7872
7873
7874
7875
7877
7878
7879
7880
7881
7882
7883
7884
7885
7886
7887
10631
10470
10463
7888
7889
7890
7891
7892
7893
7894
7895
7897
7898
7899
7901
7902
7903
7904
7905
7906
7907
7908
7909
7911
7912
7913
7914
7915
7916
7917
7918
7919
7920
7921
7922
7923
7924
7925
7926
7927
7928
7929
7930
7931
7932
7933
7934
7935
7937
7938
7939
7940
7941
7942
7943
7944
7945
7946
7947
7948
7949
7950
7951
7952
7953
7954
7955
7956
7957
7958
7959
7960
7962
7963
7964
7965
7967
7968
7969
7970
7971
7972
7973
7974
7976
7977
7980
7981
7984
7985
7986
7987
7988
7989
7990
7991
7992
7993
7994
7995
7996
7997
7998
7999
8000
10295
8002
8003
8004
8005
8006
8007
8008
8009
8011
8387
8012
8013
8014
8015
8016
8017
8018
8019
8020
8021
8022
8023
8024
8025
8026
8027
8028
8029
8030
8031
8032
8033
8034
8035
8036
8037
8039
8040
8041
8042
8043
8044
8045
8046
8047
8048
8049
8051
8052
8053
8054
8055
8056
8057
8058
8059
8060
8061
8062
8063
8064
8065
8066
8067
8068
8069
8070
8071
8072
8073
8074
8075
8077
8078
8079
8081
8082
8083
8084
8085
8086
8087
8088
8089
8090
8091
8092
8094
8095
8096
8097
8098
8099
8100
8101
8102
8103
8104
8106
8107
8108
8110
8111
8112
8113
8114
8116
8117
8119
8121
8122
8123
8124
8125
8126
8127
8128
8129
8130
8131
8132
8134
8135
8136
8137
8139
8140
8141
8142
8144
8145
8147
8148
8149
8151
8152
8155
8156
8157
8160
8161
8162
8163
8165
8166
8167
8168
8169
8170
8171
8173
8174
8175
8178
8179
8180
8181
8182
8183
8184
8185
8186
8187
8189
8190
8191
8192
8193
8195
8197
8198
8200
8201
8202
8203
8204
8206
8207
8208
8209
8212
8213
8214
8217
8218
8219
8220
8222
8224
8225
8228
8229
8230
8231
8234
8235
8237
8238
8239
8240
8242
8243
8244
8246
8247
8248
8251
8253
8255
8257
8260
8261
8262
8264
8265
8268
8269
8270
8271
8273
8274
8278
8281
8283
8284
8285
8287
8288
8289
8290
8293
8294
8295
8296
8297
8298
8299
8300
8301
8302
8303
8305
8306
8307
8308
8311
8312
8313
8315
8317
8318
8319
8322
8325
8327
8328
8334
8336
8338
8340
8341
8342
8343
8344
8346
8348
8349
8351
8352
8353
8354
8356
8357
8358
8359
8360
8361
8363
8366
8368
8369
8372
8373
8374
8376
8377
8379
8380
8381
8382
8384
8389
8393
8394
8396
8397
8399
8400
8401
8403
8404
8405
8406
8409
8410
8411
8412
8414
8415
8417
8418
8419
8421
8423
8425
8426
8428
8429
8430
8431
8432
8434
8436
8439
8443
8449
8455
8461
8465
8466
8467
8469
8470
8471
8472
8475
8477
8480
8481
8482
8487
8486
8488
8489
8493
8494
8497
8499
8502
8505
8506
8507
8509
8510
10598
8511
8512
8513
8514
8515
8520
8521
8522
8523
8524
8526
8528
8529
8531
8536
8537
8538
8543
8544
8545
8546
8548
9065
8550
8551
8554
8556
8557
8559
8561
8563
8565
8566
8567
8570
8571
8572
8574
8575
8576
8577
8580
8582
8584
9889
8587
8588
8590
8593
8594
8595
8597
8599
8600
8601
8602
8603
8609
8612
8615
8616
8619
8620
8621
8622
8626
8628
8629
8630
8632
8634
8635
8636
8638
8639
8640
8641
8642
8643
8644
8645
8656
8659
8661
8663
8664
8667
8671
8673
8678
8679
8680
8683
8688
8689
8690
8692
8694
8695
8697
8698
8699
8703
8706
8707
8711
8714
8715
8718
8719
8720
8721
8726
8727
8728
8729
8730
8734
8735
8736
8737
8738
8741
8742
8743
8745
8746
8747
8749
8750
8751
8752
8753
8754
8755
8756
8757
8759
8760
8761
8762
8763
8764
8765
8766
8767
8768
8769
8771
8772
8773
8774
8775
8776
8777
8779
8780
8781
8782
8783
8784
8786
8787
8788
8789
8790
8791
8792
8793
8794
8795
8797
8798
8799
8800
8801
8803
8807
8808
8809
8810
8811
8812
8813
8814
8815
8816
8817
8818
8819
8820
8821
8823
8825
8826
8827
8828
8829
8830
8831
8832
8833
8834
8836
8837
8838
8839
8840
8842
8843
8844
8845
8846
8847
8848
8849
8850
8851
8852
8853
8854
8855
8856
8857
8859
8860
8861
8862
8864
8865
8866
8867
8869
8870
8871
8872
8873
8875
8876
8877
8878
8879
8880
8881
8882
8883
8884
8885
8886
8889
8890
8891
8892
8895
8896
8897
8898
8899
8900
8902
8903
8904
8905
8906
8907
8908
8909
8910
8911
8912
8913
8914
8915
8916
8917
8918
8919
8920
8921
8922
8924
8925
8927
8928
8931
8932
8934
8935
8937
8938
8939
8940
8942
8943
8944
8945
8947
8948
8949
8950
8951
8952
8953
8954
8955
8956
8957
8959
8960
8961
8962
8964
8965
8966
8967
8968
8969
8970
8971
8972
8973
8974
8975
8977
8978
8979
8980
8981
8982
8983
8984
8985
8987
8989
8990
8991
8992
8995
8996
8997
8999
9000
9001
9002
9003
9005
9006
9007
9009
9012
9013
9014
9015
9018
9020
9021
9022
9023
9026
9027
9028
9031
9032
9033
9034
9036
9037
9038
9039
9040
9042
9043
9044
9047
9049
9050
9051
9052
9054
9055
9057
9060
9061
9063
9064
9067
9069
9071
9072
9073
9075
9078
9079
9081
9082
9083
9084
9085
9086
9087
9090
9091
9092
9093
9094
9095
9096
9097
9098
9099
9100
9101
9103
9104
9105
9106
9107
9109
9110
9111
9112
9115
9116
9118
9120
9121
9123
9124
9125
9127
9129
9132
9133
9136
9137
9138
9139
9140
9142
9143
9145
9146
9147
9148
9150
9153
9154
9156
9157
9158
9160
9161
9162
9164
9166
9167
9169
9170
9171
9172
13109
9175
9176
9178
9180
9181
9182
9186
9187
9188
9192
9193
9194
9195
9198
9199
9200
9201
9202
9203
9204
9210
9213
9215
9216
9219
9220
9221
9224
9225
9226
9227
9228
9230
9231
9233
9235
9236
9239
9241
9242
9245
9248
9254
9260
9261
9263
9264
9265
9267
10014
9268
9270
9271
9272
9273
9274
9278
9279
9280
9290
9295
9296
9297
9298
9300
9302
9303
9305
9306
9307
9311
9313
9314
9315
9316
9320
9321
9323
9325
9327
9328
9330
9331
9332
9333
9335
9337
9338
9339
9342
9345
9346
9347
9351
9354
9355
9356
9357
9358
9360
9362
9363
9365
9367
9368
9369
9370
9371
9372
9374
9375
9379
10195
9380
9382
9383
9385
9387
9388
9389
9393
9399
9400
9405
9675
9406
9407
9409
9410
9417
9418
16372
9420
9422
9423
9424
9429
9438
9440
9443
9444
9446
9447
9449
9450
9454
9455
9456
9459
9460
9461
9464
9465
9466
9473
9474
9479
9480
9484
9485
9486
9487
9488
9490
9492
9493
9495
9496
9497
9498
9499
9502
9503
9504
9509
9510
9511
9512
9513
9517
9518
9519
9521
9523
9524
9525
9528
9532
9533
9534
9535
9536
9537
9538
9539
9544
9545
9550
9557
9558
9559
9560
9561
9562
9563
9564
9565
9566
9567
9568
9569
9570
11575
9572
9573
9574
9576
9577
9578
9579
9580
9582
9584
9587
9588
9589
9592
9593
9594
9595
9597
9598
9600
9602
9606
9607
9609
9611
9615
9619
9622
9631
9637
9639
9643
9644
9648
9651
9652
9654
9655
9657
9658
9672
9677
9678
9679
9684
9685
9686
9692
9694
9696
9699
9700
9703
9704
9708
9709
9716
9717
9725
9731
9732
9735
9736
9737
9738
9745
9747
9754
9756
9761
9763
9764
9768
9769
9770
9771
9774
10164
9777
9778
9779
9781
10515
9783
9784
9785
9786
9787
9788
9789
9790
9792
9793
9794
9795
9803
9806
9807
9808
9812
9815
9816
9817
9822
9823
9824
9829
9831
9835
9836
9837
9840
9841
9842
9844
9845
9848
9849
9850
9854
9864
9874
9875
9876
9878
9879
9880
9881
9882
9883
9885
9891
9893
9899
9901
9902
9910
9915
9916
9917
9918
9923
9924
9925
9928
9930
9931
9937
9939
9944
9945
9946
9947
10340
9952
9957
10698
9967
9968
9972
9976
9978
9980
9983
9984
9985
9986
9988
9989
9992
9993
9994
9995
10000
10006
10007
10008
10010
10015
10017
10019
10020
10022
10025
10026
10028
10031
10032
10033
10036
10038
10039
10040
10041
10043
10048
10049
10050
10051
10053
10054
10055
10056
10057
10058
10059
10065
10066
10069
10071
10072
10073
10077
10079
10080
10083
10085
10088
10090
10091
10092
10093
10094
10095
10096
10097
10098
10100
10103
10105
10106
10107
10111
10112
10113
10114
10115
10117
10118
10119
10125
10127
10129
10130
10132
10134
10135
10137
10138
10140
10141
10142
10143
10144
10145
10146
10147
10148
10150
10154
10156
10157
11476
10158
10161
10162
10163
10165
10167
10172
10174
10177
10178
10179
10180
10182
10184
10199
10187
10188
10190
10191
13116
10192
10193
10194
10196
10200
10203
10206
10207
10237
10208
10209
10210
10211
10212
10214
10215
10216
10217
10220
10221
10222
10223
10224
10225
10226
10228
10229
10230
10232
10233
10234
10235
10236
10238
10240
10241
10242
10243
10244
10245
10246
10247
10248
10249
10251
10254
10257
10258
10259
10260
10262
10263
10264
10265
10266
10267
10269
10271
10272
10273
10274
10275
10276
10277
10278
10279
10280
10282
10283
10284
10285
10286
10287
10288
10289
10293
10294
10298
10300
10302
10304
10306
10307
10308
10310
10311
10312
10314
10316
10318
10320
10321
10325
10326
10327
10329
10331
10333
10335
10341
10343
10344
10345
10346
10347
10349
10351
10354
16140
10359
10360
10361
10362
10364
10365
10366
10370
10371
10372
10375
10376
10378
10379
10380
10381
10382
10384
10385
10386
10388
10390
10391
10392
10393
10394
10395
10398
10400
10401
10402
10403
10405
10406
10685
10410
10411
10412
10413
10414
10415
10417
10418
10419
10420
10421
10423
10424
10425
10427
10430
10431
10432
10433
10434
10435
10436
10555
10437
10439
10440
10442
10444
10445
10446
10447
10448
10449
10450
10454
10455
10456
10457
10459
10461
10462
10464
10466
10469
10472
10474
10479
10480
10481
10482
10483
10484
10485
10487
10488
10490
10491
10492
10493
10494
10496
10497
10498
10500
10501
10503
10504
10505
10506
10508
10510
10512
10514
13111
10516
10517
10519
10520
10521
10522
10523
10525
10526
10527
10528
10529
10530
10531
10532
10533
10535
10536
12176
10537
10539
10540
10541
10542
10543
10544
10545
10547
10549
10552
10553
10554
11663
10556
10557
10558
10562
10563
10564
10565
10566
10567
10580
10569
10571
10572
10573
10575
10576
10578
10581
10582
10583
10584
10585
10586
10587
10591
10592
10593
10594
10596
10597
10599
10600
10601
10604
10607
10608
10609
10611
10613
10615
10620
10622
10623
10624
10627
10628
10629
10632
10633
10636
10637
10638
10642
10644
10646
10647
10650
10655
10656
10657
10659
10660
10661
10662
10663
10664
10665
10667
10669
10670
10671
10672
10673
10675
10676
10677
10678
10680
10681
10682
10684
10686
10687
10688
10689
10690
10691
10692
10695
10696
10697
10699
10700
10701
10702
10703
10704
10705
10706
10707
10710
10711
10713
10714
10715
10716
10718
10719
10720
10721
10722
10723
10725
10726
10727
10728
10729
10730
10731
10732
10734
10735
10736
10738
10739
10740
10741
10742
10744
10745
10746
10747
10748
10749
10750
10751
10752
10753
10754
10756
10757
10758
10759
10760
10761
10764
10765
10766
10767
10768
10769
10770
10771
10773
10774
10776
10777
10778
10779
10780
10781
10782
10783
10784
10785
10786
10787
10788
10790
10791
10792
10793
10794
10795
10796
10797
10798
10799
10800
10801
10802
10803
10804
10806
10807
10808
10810
10811
10813
10814
10815
10816
10818
10819
10820
10824
10826
10827
10828
10829
10830
10831
10832
10834
10835
10836
10837
10838
10839
10840
10843
10844
10845
10846
10848
10849
10850
10851
10852
10853
10854
10855
10857
10858
10859
10860
10861
10863
10864
10865
10866
10867
10869
10870
10871
10872
10873
10874
10875
10876
10877
10878
10879
10880
10881
10883
10884
10885
10886
10887
10888
10889
10890
10892
10893
10897
10898
10899
10900
10901
10902
10903
10904
10905
10906
10907
10909
10910
10911
10912
10913
10914
10915
10916
10917
10918
10919
10921
10923
10926
10927
10928
10929
10931
11480
10932
10933
10934
10935
10936
10937
10939
10940
10941
10942
10943
10944
10945
10948
10949
10950
10951
10952
10954
10955
10956
10957
10958
10959
10960
10963
10964
10965
10967
10970
10971
10973
10975
10976
10977
10978
10981
10984
10986
10987
10988
10990
10994
10995
10997
11000
11001
11003
15394
11005
11008
11010
11011
11014
11015
11017
11018
11021
11022
11023
11024
11025
11026
11028
11029
11035
11036
11038
11040
11041
11048
11049
11050
11052
11053
11054
11056
11057
11060
11061
11065
11067
11068
11069
11073
11074
11075
11076
11077
11079
11081
11082
11083
11085
11087
11088
11090
11091
11093
11095
11096
11097
11098
11100
11101
11102
11103
11104
11105
11106
11107
11108
11112
11113
11114
11115
11116
11117
11119
11120
11121
11122
11124
11125
11126
11127
11128
11129
11130
11131
11132
11134
11140
11143
11144
11145
11147
11149
11150
11151
11152
11154
11155
11156
11157
11158
11159
11161
11162
11163
11164
11165
11166
11168
11169
11170
11171
11172
11173
11174
11176
11177
11178
11179
11182
11183
11184
11185
11186
11187
11189
11191
11192
11194
11195
11196
11197
11199
11200
11202
11203
11204
11205
11206
11207
11208
11210
11211
11212
11213
11214
11215
11216
11217
11219
11220
11222
11223
11225
11226
11227
11228
11230
11231
11233
11234
11235
11236
11238
11239
11240
11241
11242
11243
11244
11245
11247
11248
11250
11254
11256
11257
11259
11260
11261
11262
11263
11264
11265
11266
11267
11268
11269
11270
11271
11272
11273
11274
11275
11276
11277
11278
11279
11280
11282
11283
11284
11285
11288
11289
11290
11291
11292
11293
11295
11296
11297
11298
11299
11300
11301
11303
11305
11306
11310
11311
11312
11313
11315
11316
11317
11318
11319
11321
11323
11324
11327
11328
11329
11330
11331
11332
11333
11335
11336
11338
11339
11340
11341
11342
11343
11344
11345
11347
11349
11350
11351
11352
11354
11355
11356
11357
11358
11360
11362
11364
11365
11366
11367
11368
11370
11371
11372
11373
11374
11376
11377
11378
11379
11381
11382
11383
11384
11385
11386
11388
11389
11390
11391
11392
11393
11394
11395
11398
11399
11400
11401
11402
11403
11404
11406
11407
11408
11409
11410
11412
11413
11415
11416
11418
11419
11421
11422
11423
11424
11425
11426
11427
11428
11429
11430
11431
11432
11433
11434
11435
11436
11437
11438
11440
11444
11445
11446
11448
11449
11451
11452
11454
11456
11459
11460
11462
11463
11466
11467
11468
11469
11470
11471
11473
11475
11477
11478
11479
11481
11484
11485
11486
11489
11490
11494
11495
11497
11498
11499
11500
11501
11503
11504
11505
11507
11508
11509
11510
11511
11512
11513
11515
11516
11517
11520
11521
11522
11523
11524
11525
11526
11528
11529
11532
11533
11534
11536
11537
11538
11539
11540
11541
11542
11544
11545
11546
11548
11549
11550
11551
11552
11554
11556
11558
11561
11566
11568
11569
11570
11572
11573
11577
11578
11579
11580
11581
11582
11583
11586
11587
11588
11589
11590
11591
11592
11593
11594
11595
11598
11599
11600
11601
11603
11604
11605
11606
11607
11608
11611
11612
11613
11614
11615
11616
11617
11618
11619
11620
11623
11624
11626
11627
11630
11631
11632
11633
11634
11638
11639
11641
11642
11643
11645
11647
11649
11650
11651
11652
11654
11656
11657
11658
11660
11661
11664
11665
11666
11667
11668
11669
11670
11672
11673
11675
11676
11677
11678
11679
11682
11683
11685
11688
11691
11692
11693
11697
11698
11699
11700
11709
11711
11714
11715
11716
11717
11718
11719
11720
11721
11722
11724
11726
11728
11730
11733
11736
11737
11739
11740
11742
11746
11750
11751
11754
11755
11756
11758
11759
11760
11762
11767
11768
11769
11772
11773
11774
11775
11776
11777
11778
11781
11782
11784
11786
11788
11790
11791
11793
11795
11798
11799
11806
11807
11808
11809
11812
11814
11816
11818
11821
11823
11824
11826
11833
11837
11838
11839
11845
11846
11847
11850
11857
11860
11865
11866
11871
11873
11874
11875
11884
11885
11887
11890
11893
11895
11898
11912
11913
11914
11915
11919
14697
11920
11924
11925
11927
11928
11933
11934
11936
11939
11940
11941
11943
11944
11945
11946
11949
11952
11953
11956
11957
11959
11960
11963
11967
11969
11972
11973
11974
11978
11988
11989
11997
12001
12006
12007
12009
12010
12011
12013
12015
12016
12018
12019
12021
12022
12023
12024
12027
12030
12032
12033
12035
12036
12039
12040
12042
12045
12046
12051
12054
12055
12057
12058
12059
12065
12067
12074
12078
12079
12084
12087
12088
12093
12090
12097
12100
12106
12107
12117
12122
12125
12130
12131
14172
12132
12136
12138
12139
12143
12144
12145
12153
12155
12157
12158
12165
12167
12169
12171
12172
12174
12175
12177
12178
12183
12184
12186
12191
12192
12198
12199
12204
12208
12211
12213
12217
12222
12223
12224
12225
12229
12230
12232
12235
12237
12240
12244
12247
12253
12254
12255
12260
12264
12265
12271
12272
12273
12275
12281
12284
12293
12295
12298
12307
12308
12309
12310
12312
12314
12322
12325
12326
12330
12331
12332
12333
12336
12338
12339
12344
12346
12354
12356
12359
12364
12365
12369
12370
12371
12372
12373
12378
12379
12380
12383
12386
12387
13657
12393
12396
12406
12407
12409
12410
12411
12420
12424
12425
12427
12433
12434
12439
12440
12443
12444
12445
12447
12450
12451
12453
12455
12457
12458
12467
12468
12474
12476
12478
12482
12484
12485
12488
12489
12491
12493
12495
12496
12497
12498
12500
12501
12502
12503
12504
12508
12509
12511
12515
12520
12525
12526
12528
12530
12531
12532
12538
12539
12541
12543
12545
12546
12548
12550
12551
12553
12554
12555
12556
12557
12558
12559
12560
12561
12562
12563
12566
12567
12568
12569
12570
12571
12572
12574
12575
12577
12578
12581
12582
12583
12584
12585
12586
12587
12588
12589
12591
12593
12594
12599
12600
12601
12604
12606
12608
12610
12611
12614
12616
12617
12618
12619
12624
12625
12627
12628
12629
12630
12632
12635
12637
12638
12639
12642
12644
12645
12646
12647
12648
12650
12651
12653
12654
12656
12658
12661
12662
12663
12664
12668
12671
12674
12675
12678
12683
12685
12689
12691
12694
12695
12697
12701
12704
12705
12709
12711
12713
12714
12715
12716
12718
12720
12722
12724
12726
12727
12730
12731
12732
12735
14230
12736
12739
12742
12748
12750
12755
12759
12765
12769
12775
12777
12782
12783
12786
12790
12792
12793
12799
12800
12801
12804
12805
12806
12807
12810
12811
12819
12820
12822
12824
12825
12826
12829
12832
12834
12836
12839
12843
12851
12853
12861
12862
12865
12866
12868
12870
12871
12872
12874
12878
12880
12882
16659
12884
12885
12889
12890
12893
12895
12899
12901
12902
12903
12904
12905
12907
12909
12910
12912
12913
12916
12917
12918
12919
12920
12921
12922
12924
12925
12927
12928
12929
12930
12932
15246
12933
12934
12935
12937
12939
12941
12942
12946
12947
12949
12952
12953
12954
12955
12957
12959
12961
12963
12964
12965
12967
12968
12970
12971
12974
12975
12976
12977
12978
12979
12980
12983
12985
12990
12992
12994
12995
12996
12998
12999
13000
13004
13006
13009
13011
13012
13013
13015
13017
13018
13020
13021
13024
13025
13026
13027
13028
13029
13032
13034
13039
13040
13043
13044
13046
13049
13050
13051
13056
13059
13066
13069
13072
13073
13081
13084
13085
13090
13092
13093
13096
13100
13102
13104
13108
13110
13115
13117
13119
13120
13121
13123
13124
13126
13127
13129
13133
13146
13147
13149
13152
13157
13159
13161
13164
13165
13171
13172
13175
13177
13184
13185
13186
13188
13192
13201
13209
13214
13217
13219
13220
13223
13224
13225
13226
13227
13228
13230
13231
13232
13233
13235
13238
13240
13241
13242
13243
13244
13245
13247
13249
13251
13254
13259
13260
13264
13266
13268
13269
13273
13274
13275
13279
13280
13281
13282
13283
13286
13287
13290
13292
13293
13294
13296
13300
13301
13304
13307
13308
13309
13312
13313
13316
13317
13320
13321
13322
13323
13324
13326
13327
13331
13332
13333
13334
13335
13337
13338
13339
13340
14171
13341
13344
13345
13346
13347
13348
13350
13352
13355
13356
13357
13358
13359
13362
13364
13365
13366
13367
13368
13370
13371
13374
13375
13380
13381
13382
13385
13388
13391
13394
13395
13396
13397
13399
13400
13401
13402
13403
13405
13406
13408
13409
13411
13413
13414
13415
13416
13418
13421
13423
13424
13427
13428
13429
13430
13432
13434
13435
13441
13442
13443
13448
13449
13450
13452
13453
13455
13456
13457
13460
13461
13462
13463
13471
13473
13476
13479
13485
13486
13489
13490
13491
13492
13494
13495
13499
13500
13502
13503
13504
13505
13506
13507
13508
13509
13510
13512
13515
13516
13517
13519
13521
13522
13524
13525
13527
13528
13530
13531
13533
13535
13536
13537
13538
13539
13540
13541
13542
13544
13545
13546
13547
13548
13550
13551
13554
13555
13559
13561
13564
13567
13568
13570
13571
13573
13574
13575
13577
13579
13580
13581
13582
13585
13589
13591
13592
13596
13597
13598
13602
13605
13608
13609
13610
13612
13613
13617
13618
13620
13624
13626
13628
13631
13632
13633
13634
13635
13636
13637
13638
13639
13642
13643
13644
13647
13648
13649
13651
13652
13654
13655
13658
13661
13662
13663
13664
13665
13670
13671
13672
13673
13676
13677
13678
13681
13682
13687
13690
13691
13694
13695
13696
13698
13702
13704
13706
13708
13709
13710
13711
13714
13718
13720
13721
13723
13725
13726
13727
13728
13730
13731
13733
13734
13735
13736
13737
13738
13742
13743
13745
13747
13749
13750
13752
13753
13755
13756
13757
13758
13759
13760
13761
13762
13763
13764
13768
13769
13770
13771
13772
13776
13777
13778
13780
13781
13782
13783
13784
13786
13788
13789
13790
13792
13794
13796
13798
13800
13802
13803
13807
13808
13812
13815
13817
13818
13820
13821
13824
13825
13828
13829
13830
13831
13836
13838
13843
13846
13847
13853
13856
13857
13859
13860
13863
13866
13871
13874
13876
13877
13882
13883
13884
13886
13887
13888
13889
13891
13892
13896
13897
13898
13899
13901
13903
13904
13908
13910
13911
13914
13915
13916
13918
13919
13920
13922
13923
13924
13925
13929
13930
13931
13932
13933
13934
13935
13936
13937
13938
13940
13941
13942
13943
13944
13990
13945
13946
13948
13949
13951
13953
13955
13961
13962
13964
13966
13967
13968
13971
13972
13982
13984
13988
13989
13991
13992
13993
13997
13998
13999
14001
14003
14007
14008
14010
14011
14012
14018
14019
14020
14023
14024
14025
14027
14028
14029
14031
14033
14036
14040
14041
14044
14045
14046
14047
14048
14049
14052
14057
14058
14059
14060
14061
14062
14064
14069
14071
14073
14074
14080
14084
14085
14087
14089
14090
14091
14094
14096
14100
14102
14103
14104
14105
14106
14107
14108
14109
14110
14111
14112
14114
14115
14116
14117
14118
14119
14123
14124
14125
14129
14130
14131
14133
14134
14136
14138
14139
14141
14142
14144
14145
14146
14147
14148
14149
14151
14152
14153
14154
14156
14159
14163
14165
14167
14168
14170
14173
14174
14175
14176
14177
14178
14179
14180
14181
14182
14183
14184
14185
14186
14187
14188
14189
14190
14191
14192
14193
14194
14195
14196
14197
14198
14199
14200
14202
14203
14205
14206
14207
14208
14209
14210
14211
14212
14213
14214
14215
14217
14218
14219
14220
14221
14222
14223
14224
14226
14227
14228
14229
14231
14232
14233
14234
14236
14237
14238
14239
14240
14241
14242
14243
14244
14246
14247
14248
14249
14250
14251
14252
14253
14254
14255
14256
14257
14259
14260
14261
14262
14263
14264
14265
14266
14267
14268
14269
14270
14273
14274
14275
14276
14277
14278
14279
14280
14281
14282
14283
14284
14285
14286
14287
14288
14289
14290
14291
14292
14293
14294
14295
14296
14297
14298
14299
14300
14301
14302
14303
14304
14305
14306
14307
14310
14311
14312
14313
14314
14315
14316
14318
14319
14321
14322
14323
14324
14325
14327
14328
14329
14330
14331
14332
14333
14336
14337
14339
14341
14342
14343
14344
14346
14348
14349
14350
14351
14352
14354
14355
14356
14359
14361
14363
14364
14365
14366
14367
14368
14369
14371
14372
14373
14375
14377
14378
14379
14381
14382
14383
14384
14385
14386
14387
14388
14389
14390
14391
14393
14396
14397
14398
14399
14400
14401
14402
14404
14405
14407
14413
14414
14415
14416
14419
14420
14422
14423
14424
14425
14426
14428
14429
14430
14431
14432
14433
14437
14438
14439
14440
14441
14442
14444
14446
14447
14449
14451
14452
14453
14454
14455
14457
14459
14460
14462
14463
14464
14465
14467
14471
14475
14477
14478
14479
15139
14480
14481
14483
14486
14488
14489
14491
14492
14496
14501
14502
14503
14504
14505
14506
14509
14510
14511
14514
14515
14516
14530
14533
14534
14535
14536
14542
14543
14545
14549
14551
14556
14559
14563
14564
14565
15133
14566
14573
14574
14575
14576
14577
14579
14581
14588
14589
14592
14593
14596
14598
14599
14601
14605
14606
14608
14610
14611
14615
14617
14618
14619
14620
14622
14623
14626
14627
14631
14632
14634
14637
14638
14643
14644
14648
14649
14650
14651
14652
14657
14659
14660
14661
14664
14666
14671
14674
14676
14682
14683
14684
14688
14689
14691
14693
14694
14696
14698
14699
14702
14703
14704
14707
14708
14709
14711
14713
14714
14715
14720
14725
14726
14729
14730
14731
14733
14735
14737
14738
14739
14741
14742
14744
14746
14747
14751
14752
14754
14756
14757
14763
14764
14766
14767
14770
14771
14773
14779
14780
14782
14784
14785
14787
14789
14791
14792
14795
14800
14801
14802
14803
14804
14808
14809
14811
14812
14813
14814
14817
14818
14819
14821
14822
14826
14827
14828
14829
14830
14831
14832
14835
14837
14838
14839
14840
14841
14842
14843
14847
14849
14850
14852
14854
14855
14857
14859
14861
14862
14863
14864
14866
14867
14868
14869
14871
14872
14873
14874
14875
14876
14878
14883
14886
14887
14888
14892
14893
14900
14906
14908
14909
14911
14917
14920
14926
14927
14929
14931
14936
14937
14943
14944
14954
14956
14958
14960
14961
14973
14974
14977
14979
14980
14985
14986
14994
15002
15003
15012
15018
15021
15022
15025
15026
15028
15030
15032
15036
15038
15039
15041
15043
15044
15045
15046
15047
15054
15059
15061
15067
15068
15072
15075
15076
15082
15083
15085
15088
15090
15093
15100
15101
15105
15113
15115
15117
15118
15119
15126
15127
15128
15137
15138
15143
15144
15146
15147
15148
15150
15153
15157
15158
15160
15162
15165
15166
15167
15170
15172
15181
15183
15186
15190
15193
15195
15196
15202
15203
15204
15205
15207
15208
15209
15210
15212
15213
15215
15219
15220
15222
15224
15227
15228
15229
15230
15231
15232
15235
15237
15238
15239
15240
15241
15244
15247
15252
15255
15256
15257
15258
15259
15260
15265
15268
15269
16021
15271
15272
15273
15275
15278
15279
15280
15282
15284
15289
15291
15292
15293
15296
15298
15299
15300
15302
15303
15306
15308
15309
15310
15312
15319
15320
15322
15324
15325
15330
15336
15339
15341
15342
15346
15347
15348
15349
15351
15352
15353
15354
15356
15361
15363
15364
15367
15368
15371
15373
15375
15378
15380
15381
15383
15387
15389
15390
15391
15393
15395
15396
15399
15402
15403
15404
15405
15406
15407
15409
15410
15411
15413
15417
15418
15419
15420
15421
15423
15424
15425
15426
15427
15428
15429
15430
15431
15432
15433
15434
15435
15436
15437
15438
15439
15440
15441
15442
15443
15444
15445
15446
15447
15448
15479
15449
15450
15452
15453
15454
15455
15456
15457
15458
15459
15460
15461
15462
15463
15464
15465
15466
15467
15468
15469
15470
15471
15472
15473
15474
15475
15476
15477
15478
15480
15481
15482
15483
15484
15485
15486
15487
15488
15489
15490
15491
15493
15494
15495
15496
15497
15498
15499
15500
15501
15502
15503
15504
15505
15507
15508
15510
15511
15512
15513
15514
15515
15516
15517
15518
15519
15520
15521
15523
15524
15525
15526
15527
15528
15530
15531
15532
15533
15535
15536
15537
15538
15539
15540
15541
15542
15544
15545
15547
15548
15550
15551
15553
15554
15555
15556
15557
15558
15559
15561
15562
15563
15564
15565
15566
15568
15569
15570
15571
15572
15573
15574
15576
15578
15579
15580
15581
15582
15583
15584
15585
15586
15587
15588
15589
15590
15592
15593
15594
15595
15598
15599
15600
15601
15602
15603
15604
15606
15607
15609
15613
15614
15616
15618
15619
15620
15621
15622
15623
15624
15625
15626
15627
15628
15629
15630
15631
15633
15634
15635
15636
15637
15638
15639
15640
15641
15643
15644
15645
15646
15647
15648
15649
15650
15651
15653
15654
15655
15656
15658
15659
15660
15661
15662
15664
15668
15669
15671
15673
15674
15675
15676
15677
15678
15680
15681
15682
15683
15684
15688
15689
15690
15692
15693
15694
15697
15698
15699
15700
15704
15705
15707
15708
15709
15711
15713
15714
15715
15716
15717
15719
15720
15723
15724
15725
15726
15728
15729
15730
15731
15732
15733
15734
15735
15737
15738
15742
15744
15745
15747
15748
15750
15751
15752
15753
15754
15755
15756
15759
15760
15761
15763
15764
15766
15767
15769
15770
15772
15773
15774
15775
15776
15777
15778
15782
15783
15785
15786
15787
15788
15789
15790
15791
15793
15794
15795
15796
15797
15798
15799
15801
15802
15803
15804
15805
15806
15808
15810
15812
15813
15815
15819
15820
15822
15823
15824
15828
15829
15830
15831
15833
15834
15835
15838
15839
15841
15842
15845
15846
15847
15850
15853
15854
15855
15857
15858
15859
15860
15862
15863
15864
15865
15867
15868
15869
15870
15871
15874
15875
15877
15879
15880
15881
15882
15883
15884
15885
15886
15890
15891
15892
15894
15895
15898
15900
15902
15905
15907
15908
15909
15910
15911
15912
15913
15915
15917
15918
15919
15920
15922
15924
15925
15927
15928
15929
15931
15934
15935
15936
15937
15938
15939
15940
15941
15942
15944
15946
15948
15949
15951
15953
15954
15958
15959
15960
15961
15964
15965
15968
15969
15972
15973
15974
15975
15976
15978
15980
15982
15984
15985
15986
15987
15989
15990
15992
15993
15994
15996
15997
16003
16004
16005
16006
16014
16015
16016
16017
16019
16022
16023
16024
16026
16028
16029
16030
16035
16036
16037
16038
16040
16041
16044
16046
16047
16048
16049
16051
16052
16053
16054
16056
16057
16058
16061
16063
16064
16065
16067
16068
16069
16070
16072
16074
16075
16076
16086
16087
16088
16089
16091
16092
16093
16094
16095
16096
16097
16099
16100
16101
16102
16103
16104
16105
16106
16108
16109
16110
16111
16113
16114
16115
16117
16118
16120
16121
16122
16124
16125
16126
16127
16128
16129
16130
16131
16133
16134
16136
16137
16139
16141
16142
16144
16148
16151
16152
16153
16154
16155
16156
16157
16158
16160
16161
16162
16166
16169
16172
16173
16175
16176
16177
16180
16185
16186
16187
16190
16191
16193
16194
16196
16199
16200
16201
16202
16203
16204
16205
16208
16209
16210
16211
16213
16215
16217
16223
16225
16226
16228
16229
16231
16232
16235
16240
16242
16243
16244
16245
16246
16247
16248
16249
16250
16252
16253
16254
16255
16256
16257
16258
16259
16260
16261
16262
16263
16264
16265
16266
16267
16268
16269
16270
16272
16273
16274
16275
16276
16278
16279
16280
16281
16282
16283
16284
16286
16287
16288
16289
16290
16291
16293
16294
16295
16296
16301
16302
16304
16305
16307
16309
16310
16311
16312
16313
16315
16316
16317
16318
16319
16321
16322
16323
16324
16325
16326
16327
16328
16329
16330
16331
16333
16334
16335
16336
16337
16338
16339
16340
16341
16342
16343
16344
16346
16349
16350
16351
16352
16353
16354
16355
16356
16358
16361
16362
16363
16364
16365
16366
16368
16369
16373
16374
16376
16378
16379
16380
16381
16382
16385
16386
16387
16390
16391
16392
16393
16395
16396
16397
16398
16399
16400
16401
16402
16403
16404
16405
16406
16407
16408
16409
16411
16412
16413
16414
16416
16417
16420
16422
16423
16424
16426
16429
16432
16433
16434
16435
16436
16438
16439
16440
16442
16444
16446
16447
16448
16450
16451
16452
16453
16455
16456
16458
16459
16460
16461
16462
16463
16464
16465
16467
16468
16469
16470
16471
16472
16473
16474
16475
16477
16479
16481
16482
16485
16487
16488
16490
16491
16492
16493
16494
16495
16496
16498
16499
16500
16501
16502
16506
16507
16513
16515
16518
16522
16523
16524
16864
16525
16526
16527
16531
16533
16534
16535
16536
16537
16538
16539
16541
16543
16547
16548
16550
16551
16552
16554
16555
16558
16561
16563
16564
16566
16567
16568
16571
16572
16574
16575
16576
16579
16581
16583
16585
16587
16589
16593
16594
16595
16596
16599
16601
16605
16606
16607
16609
16610
16611
16612
16615
16617
16618
16619
16620
16621
16622
16624
16625
16626
16627
16628
16630
16631
16635
16636
16637
16640
16642
16643
16644
16647
16648
16650
16652
16656
16661
16664
16668
16671
16672
16674
16677
16679
16680
16681
16682
16683
16685
16686
16688
16689
16693
16695
16696
16697
16698
16699
16700
16701
16702
16703
16704
16706
16708
16713
16714
16716
16718
16719
16721
16723
16724
16727
16730
16731
16732
16734
16737
16741
16743
16744
16745
16750
16751
16752
16753
16754
16756
16757
16758
16762
16764
16765
16766
16767
16768
16771
16773
16774
16778
16779
16780
16781
16782
16784
16785
16786
16790
16791
16793
16795
16796
16798
16799
16800
16801
16804
16805
16809
16811
16815
16819
16820
16821
16822
16827
16828
16829
16830
16832
16834
16835
16836
16837
16841
16842
16843
16844
16845
16848
16849
16850
16851
16853
16854
16855
16856
16857
16858
16859
16861
16862
16865
16866
16868
16869
16873
16874
16875
16877
16878
16882
16883
16885
16894
16895
16896
16897
16900
16901
16905
16907
16910
16914
16916
16918
16919
16920
16921
16922
16923
16924
16925
16926
16927
16928
16929
16930
16931
16932
16936
16933
16934
16935
16938
16939
16940
16942
16943
16944
16945
16946
16947
16948
16949
16950
16951
16954
16955
16956
16958
16959
16960
16962
16963
16964
16965
16966
16967
16968
16969
16970
16971
16973
16974
16975
16976
16978
16979
16980
16981
16982
16983
16984
16985
16986
16987
16989
16990
16991
16992
16993
16994
16995
16996
16998
16999
17000
17002
17003
17004
17005
17006
17007
17008
17009
17010
17011
17012
17013
17015
17016
17017
17018
17019
17020
17022
17025
17026
17031
17032
17033
17034
17036
17037
17038
17039
17040
17041
17042
17043
