14
7
2183
8
9
11
17
12
13
18
19
792
2049
28
21
22
78
203
23
24
25
33
4036
4584
175
2331
32
3467
501
34
39
42
50
51
52
222
54
55
56
65
57
58
59
2182
2213
3764
301
66
67
68
335
69
70
71
79
72
77
80
81
82
83
84
2041
486
85
91
92
93
94
99
100
101
1368
102
103
104
105
109
117
106
108
3824
111
112
115
116
1024
3400
780
121
570
123
124
125
126
132
134
136
3791
145
850
1560
473
135
137
138
139
735
140
142
144
1304
147
148
3065
1658
3951
151
152
1476
153
155
725
156
157
159
160
161
163
164
165
166
167
170
171
173
37
38
3453
176
177
178
181
182
186
187
188
215
189
190
194
195
196
1988
456
306
198
201
202
207
1027
1003
211
212
545
213
214
1901
2704
597
2109
216
218
220
221
223
224
225
227
228
229
230
232
233
234
235
236
237
239
240
241
242
574
244
1613
245
248
617
249
250
252
253
254
255
258
259
261
262
264
265
266
267
268
270
271
272
274
2274
693
276
277
279
280
281
282
939
283
284
285
286
287
290
292
293
296
297
298
300
1555
302
2242
1415
1199
304
305
307
308
309
310
668
311
312
313
314
315
332
2708
319
800
320
322
323
324
325
326
327
329
331
333
334
336
339
340
341
342
343
2247
347
348
349
350
351
352
353
354
355
356
357
358
360
362
363
364
365
366
367
368
369
370
371
372
375
376
377
378
383
385
386
388
3167
5919
390
394
395
1514
396
397
398
400
402
403
404
406
407
410
411
417
425
427
428
429
432
433
434
4011
435
436
441
443
444
2860
445
448
450
453
457
459
460
461
462
463
464
465
466
467
468
469
471
3330
476
2566
477
1263
479
4428
490
491
494
4116
495
497
499
500
502
503
506
510
511
512
513
515
516
519
520
522
523
4371
524
525
526
527
529
530
531
4409
532
533
537
538
539
540
542
543
676
544
546
548
549
550
551
609
3326
554
555
556
557
558
559
561
562
564
565
567
890
569
629
571
572
573
978
814
1366
575
579
581
582
583
1268
586
589
592
594
595
598
599
601
602
603
604
605
606
607
608
610
611
612
614
616
618
620
621
622
623
625
626
627
630
631
3367
632
633
634
635
636
637
639
640
641
642
643
644
645
646
647
648
3296
649
650
651
652
653
654
655
6065
5223
656
657
658
660
661
662
663
664
3769
665
666
667
669
670
671
672
673
675
677
678
679
680
778
685
687
689
690
691
817
692
694
695
696
697
700
4197
1525
701
702
704
705
706
707
4238
708
709
710
711
713
714
715
716
717
718
719
720
721
5973
2655
723
724
727
728
730
731
732
737
740
741
742
743
744
746
747
748
749
750
751
752
753
754
758
3064
759
1385
760
761
762
763
765
766
772
773
774
775
777
3795
1863
4076
781
1619
1182
2495
783
787
788
793
794
795
798
799
801
802
805
806
807
1713
808
809
810
811
812
813
3860
816
3410
819
820
821
822
823
824
825
826
827
828
830
831
832
833
5872
834
835
836
837
5696
839
840
841
842
843
844
846
847
848
852
858
862
865
1441
873
875
1546
877
879
880
881
884
885
887
968
888
889
1138
891
1761
892
894
896
897
898
899
900
902
903
904
905
906
908
909
910
911
912
913
914
917
919
1324
1175
4539
920
921
922
923
924
925
926
927
928
929
930
932
933
934
3010
938
940
941
942
943
945
946
947
1622
948
949
950
951
952
953
1195
955
956
957
958
959
960
961
1522
962
963
964
965
966
967
969
970
971
972
973
974
975
976
979
980
981
984
985
986
987
988
990
993
995
996
997
998
1002
1005
1006
1007
1008
1011
1013
1014
1015
1016
1017
1018
1019
1020
1022
1023
1025
1026
1028
1029
1031
1034
1035
1036
1037
1045
1049
1050
1051
1052
1053
1055
1057
1058
1060
1061
1062
1064
1065
1068
1071
1072
1074
1075
1076
1077
1078
1079
1080
1081
1083
1085
1086
1087
1088
1089
1090
1091
1094
1095
1103
1106
1108
1109
1110
1118
1120
1121
1122
1123
1125
1128
1130
1132
1134
1135
1137
1139
1140
1141
1144
1150
1153
1154
1156
1157
1158
1159
1160
1163
1165
1167
1168
1170
1171
1172
1173
1541
2276
1176
1177
1178
1179
1180
1627
1185
1186
1187
1188
1189
1191
1192
1193
1196
1197
1198
1200
1201
1202
1203
1204
1205
1206
1208
1209
1210
1211
1454
1212
1214
1216
1221
1222
1223
1224
1225
1227
1232
1233
1234
1235
1236
1237
1238
1240
1244
1246
1248
1250
1252
1253
1254
1257
1259
1262
1270
1271
1273
1278
1280
1282
1284
1289
1291
1294
1295
1301
1302
1305
1306
1307
1308
1310
1312
1313
1315
1319
1321
4261
1325
1326
1329
1330
1332
1800
1333
1335
1336
1339
1340
1341
1342
1344
1345
2317
1529
1346
1347
1349
1350
1351
1352
1354
1355
1356
1358
1363
1364
1974
1367
1374
1641
1375
1376
1377
1379
1381
1383
5121
2687
1386
1387
1392
1393
1394
1395
1396
1397
3405
1398
1399
1403
1404
1405
1406
1409
3289
3218
1410
1411
2477
1413
1414
3715
1417
1421
1422
1425
1427
1429
1431
1432
1434
2997
1435
1440
1442
1445
1448
1449
1450
1451
1453
1455
1456
1457
1459
1460
1462
1463
1464
1465
1466
1467
1468
1469
1470
1471
1472
1473
1474
1475
1478
1481
1484
1486
1487
1490
1491
1492
1493
1494
1495
1496
1497
1501
1505
1506
1507
1509
1512
1513
1515
1517
1530
1532
1533
1536
1537
1538
1539
3870
1542
1543
1545
2144
1548
1550
1552
1553
1554
1556
1557
1559
1561
1563
1564
1565
1566
1569
1570
1571
1572
1574
1575
1576
1577
1578
1579
1750
1580
1581
1582
1583
1584
1586
1588
1589
1592
1594
1595
1596
1598
1599
1600
1602
1605
1606
1610
1612
1614
1615
1616
1617
1620
1621
2809
1837
1625
1626
1628
1629
1630
1631
1632
1633
1634
1637
1639
1643
1645
1647
1648
1649
1653
1654
1655
1656
1657
1789
1659
1660
1663
1664
1665
1667
1668
1997
1669
1672
1678
1680
1681
1684
1685
1686
1687
1688
1692
1693
1694
1697
1699
1702
1708
1709
1710
1711
1712
1720
1877
1721
1725
3404
1728
1729
1731
1732
1735
1739
1741
1743
1745
1747
1748
1749
1752
1753
1754
1755
1756
1757
1758
1759
2586
1762
1763
1764
1765
1766
1770
1772
1774
1775
1776
2479
1782
1784
1788
1792
1801
1806
1809
1811
1812
1813
1814
1816
1825
2051
1829
1830
1834
1836
1840
3969
1842
1844
1846
1849
1851
1852
1855
1857
1858
1860
1861
1862
1868
1869
1870
1871
1873
1874
1875
1876
1878
2996
1879
1880
1882
1883
1884
1885
1886
1888
2086
1889
1890
1891
1892
1893
1894
1895
4621
1900
1903
1904
1909
1913
1914
1915
1918
1924
1928
1929
1930
1931
1932
1935
1944
1946
1948
1953
1955
1957
1958
3758
1960
1963
1969
1972
1973
1975
1976
1977
1978
1980
1981
1985
1986
1987
1990
1991
1992
1993
1994
1995
1996
5594
1998
1999
2000
2001
2005
2006
2008
2009
2010
2013
2014
2015
2020
2022
2023
2024
2026
2027
2523
2029
2030
2034
2035
2036
2038
2042
2043
2044
2045
2047
2048
5636
2055
2056
2060
2063
2064
2068
2069
2070
2071
2072
2073
2074
2077
2078
2079
2081
2082
2088
2093
2095
2096
2099
2100
2104
2106
2108
2110
2115
2119
2123
2124
2127
2129
2131
2132
2133
2134
2161
2136
2137
4259
4007
2148
2149
2150
2151
2156
2158
2162
2164
2165
2166
2167
2168
2170
2171
2172
2174
2175
2176
4115
2177
2179
2180
2185
2186
2189
2190
2191
2192
2193
2195
2196
5312
2197
2198
2199
2200
2201
2203
2207
2208
2209
2211
2212
2214
2219
2221
2222
2227
2233
2234
2236
2240
2241
2246
2248
2252
2254
2255
2257
2258
2259
2260
2261
2263
2265
2266
2270
2271
2272
2273
2275
2278
2281
2283
2285
2286
2287
2289
2290
2295
2296
2298
2303
2305
2307
2308
2312
2322
2323
2324
2325
2327
2328
2329
2330
2333
2334
2335
2336
2337
2338
2339
2340
2341
2814
2343
2344
2345
2346
2348
2349
2351
2356
2359
2363
2364
2365
2366
2367
2369
2370
2371
2372
2373
2374
2375
2378
2379
2380
2383
2385
2387
2388
2389
2390
2394
2396
2398
2400
2401
2405
2410
2411
2414
2415
2416
2424
2425
2428
2430
2431
2432
3079
2637
2434
2436
2437
2440
2442
2443
2444
2446
2449
2450
2451
2457
2458
2459
2461
2462
2467
2469
2470
2471
2472
2553
2473
2474
2478
2480
2481
2487
2488
2490
2491
2492
2493
2494
2497
2499
2502
2503
2504
2505
2506
2508
2510
2511
2514
2515
2517
2521
2522
2524
2533
2534
2535
2536
2538
2539
2540
2543
2546
2549
2550
2551
2552
2554
2556
2557
2558
2559
2560
2562
2563
2565
2611
2837
2568
2571
2572
2573
2574
5914
2575
2576
2578
2579
2580
2582
2583
2584
2585
2587
2588
2589
2590
2591
2592
2593
2596
2597
2598
2600
2602
2604
2607
2608
2609
2610
2612
2613
2616
2617
2620
2622
2623
2624
2625
2629
2633
2634
2867
2635
2636
2638
2645
2657
2658
2662
2663
2664
2665
2666
2667
2670
2671
2672
2673
2674
2675
2678
2685
2686
2691
2692
2694
2695
2696
2698
2702
2705
2706
2707
2710
2712
2713
2714
2718
2721
2723
2724
2725
2726
2727
2729
2730
2731
2733
2735
2736
2737
2738
2739
2740
2741
2742
2745
2746
2747
2748
2749
2750
2752
2753
2754
2755
2756
2758
2759
2760
2761
2762
2763
2765
2766
2767
2768
2769
2770
2771
2772
2775
2778
2780
2781
2782
2783
2784
2786
2787
2789
2790
2791
2792
2793
2794
2795
2796
2797
2798
2802
2804
2805
2806
2807
2810
2811
2815
2816
2817
2819
2821
2822
2823
2826
2827
2828
2829
2830
2831
2833
2834
2840
2843
2844
2845
2846
2847
2848
2850
2851
2852
2853
2854
2855
2857
2858
2861
2862
2863
2864
2865
2866
2868
2869
2872
2874
2875
2876
2877
2878
2880
2881
2882
2883
2884
2886
2890
2896
2898
2899
2900
2904
2909
2911
2914
2915
2918
2919
2920
2928
2929
2931
2932
2938
2941
2942
2944
2945
2949
2950
2952
2953
2957
2959
2960
2965
2972
2976
2978
2979
2987
2988
2991
2992
2994
2995
3002
3003
3004
3009
3011
3013
3014
3017
3018
3019
3022
3023
3028
3030
3038
3041
3042
3043
3045
3049
3050
3055
3057
3058
3060
3062
3063
3437
3069
3071
3072
3075
3077
3078
3080
3081
3086
3087
3088
3089
3090
5155
3091
3092
3095
3096
3099
3100
3103
3104
3105
3107
3108
3109
3110
3111
3112
3113
3114
3116
3118
3119
3120
3121
3122
3123
3124
3125
3126
3127
3128
3129
3130
3131
3132
3133
3134
3136
3140
3141
3142
3144
3145
3146
3147
3148
3149
3150
3152
3153
3154
3155
3156
3157
3158
3160
3162
3163
3164
3165
3166
3168
3169
3171
3172
3173
3174
3175
3176
3177
3179
3180
3182
3184
3185
3186
3187
3188
3189
3190
3191
3192
3193
3194
3195
3196
4354
3197
3198
3199
3200
3201
3202
3203
3204
3205
3206
3207
3208
3209
3210
3211
3212
3213
3214
3215
3216
3217
3220
3221
3224
3225
3226
3227
3228
3229
3230
3232
3233
3234
3236
3237
3238
3242
3243
3248
3250
3253
3254
3255
3256
3257
3259
3260
3261
3262
3263
3264
3267
3269
3272
3273
3274
3275
3276
3277
3278
3281
3283
3284
3286
3287
3288
3290
3291
3292
3294
3295
3298
3300
3301
3302
3303
3304
3308
3309
3311
3314
3315
3316
3317
3320
3321
3322
3323
3327
3329
3331
3332
3333
3335
3339
3340
3341
3342
3343
3345
3348
3349
3352
3353
3354
3358
3359
3361
3362
3363
3365
3366
3368
3369
3371
3376
3381
3383
3387
3390
3391
3395
3399
3402
3403
3408
3412
3413
3416
3417
3418
3419
3420
3423
3425
3433
3434
3438
3439
3441
3442
3443
3444
3445
3447
3454
3472
3476
3496
3498
3499
3501
3509
3511
3512
3515
3520
3529
3531
3533
3534
3539
3540
3545
3547
3548
3549
3551
3552
3556
3557
3558
3560
3561
3566
3567
3568
3570
3571
3572
3583
3584
3586
3588
3591
3592
3593
3598
3707
3601
3603
3607
3609
3610
3612
3617
3618
3620
3621
3622
3627
3628
3631
3635
3643
3645
3649
3650
3653
3655
3663
3664
3666
3680
3683
3685
3691
3693
3696
3701
3712
3720
3723
3731
3732
3736
3748
3755
3756
3759
3767
3768
3770
3771
3776
3777
3779
3781
3784
3790
3793
3794
3796
3797
3798
3800
3802
3803
3804
3805
3807
3808
3809
3810
3812
3813
3815
3816
3818
3820
3821
3823
3826
3827
3828
3830
3831
3833
3834
3836
3838
3840
3841
3844
3847
3848
3849
3852
3853
3854
3855
3856
3857
3858
3859
3984
3861
3862
3863
3864
3868
3869
3871
3872
3874
3875
3877
3878
3881
3882
3891
3894
3899
3900
3902
3903
3909
3910
3912
3916
3917
3920
5005
3921
3923
3924
3925
3929
3931
3932
3933
3935
3938
3941
3942
3943
3947
3948
3955
3956
3957
3958
3959
3963
3964
3965
3968
3970
3973
3975
3980
3981
3982
3983
3985
3986
3987
3990
3991
3996
4000
4001
4002
4004
4005
4008
4012
4014
4016
4017
4018
4019
4021
4022
4023
4028
4046
4049
4050
4051
4058
4059
4062
4063
4068
4069
4073
4077
4079
4083
4089
4092
4096
4097
4098
4100
4102
4104
4106
4107
4108
4448
4117
4118
4123
4124
4126
4127
4129
4132
4133
4135
4146
4148
4151
4152
4154
4158
4159
4160
4161
4163
4165
4166
4167
4169
4173
4179
4180
4181
4183
4185
4186
4187
4188
4195
4196
4198
4199
4202
4205
4207
4210
4212
4215
4216
4217
4219
4220
4221
4223
4224
4232
4233
4235
4236
4242
4245
4247
4248
4250
4252
4254
4256
4257
4273
4275
4277
4278
4280
4283
4293
4297
4298
4300
4303
4304
4306
4308
4310
4311
4312
4313
4316
4317
4318
4324
4326
4330
4331
4335
4337
4338
4346
4352
4577
4355
4356
4362
4363
4368
4373
4377
4379
4383
4384
4387
4388
4389
4392
4393
4394
4397
4400
4401
4405
4407
4410
4411
4413
4414
4415
4416
4417
4418
4419
4420
4423
4424
4426
4427
4431
4433
4435
4436
4437
4438
4440
4441
4442
4443
4444
4445
4446
4452
4454
4455
4457
4458
4460
4462
4465
4466
4467
4468
4469
4470
4471
4472
4473
4474
4475
4476
4477
4478
4479
4481
4482
4484
4486
4487
4488
4489
4491
4492
4494
4495
4497
4498
4499
4500
4501
4502
4503
4504
4505
4506
4507
4508
4510
4511
4513
4514
4515
4517
4518
4519
4520
4521
4522
4524
4527
4529
4530
4531
4532
4535
4536
4541
4542
4544
4545
4547
4549
4551
4552
4553
4554
4555
4557
4558
4559
4560
4562
4563
4564
4565
4567
4568
4569
4570
4571
4572
4574
4575
4576
4578
4579
4580
4581
4582
4583
4585
4586
4587
4589
4590
4591
4592
4593
4594
4595
4599
4601
4602
4604
4605
4606
4607
4608
4609
4610
4611
4612
4613
4614
4615
4616
4617
4618
4619
4620
4622
4623
4624
4625
4626
4627
4628
4630
4631
4633
4634
4635
4636
4637
4638
4639
4640
4641
4643
4644
4645
4647
4648
4650
4651
4652
4654
4655
4656
4657
4658
4659
4660
4661
4662
4663
4664
4665
4666
4668
4671
4673
4674
4675
4676
4677
4678
4679
4681
4682
4683
4684
4686
4687
4688
4689
4690
4693
4694
4695
4696
4697
4698
4699
4700
4702
4703
4704
4706
4707
4708
4711
4712
4713
4714
4718
4719
4720
4723
4725
4726
4727
4728
4729
4730
4731
4733
4734
4735
4736
4738
4739
4742
4743
4746
4747
4748
4749
4750
4751
4753
4755
4756
4757
4758
4760
4761
4762
4764
4765
4766
4769
4770
4771
4772
4774
4776
4777
4778
4779
4780
4781
4783
4784
4786
4787
4788
4791
4793
4796
4798
4799
4800
4802
4803
4807
4810
4813
4814
4815
4817
4818
4824
4826
4827
4828
4832
4834
4835
4836
4838
4840
4842
4843
4844
4845
4847
4848
4849
4851
4853
4855
4856
4857
4861
4866
4867
4868
4869
4877
4878
4880
4881
4882
4886
4887
4889
4890
4892
4894
4896
4898
4899
4900
4901
4905
4906
4907
4912
4913
4914
4915
4920
4921
4924
4927
4931
4941
4942
4943
4946
4947
4948
4949
4953
4954
4955
4956
4958
4963
4964
4966
4968
4970
4973
4974
4978
4980
4983
4986
4987
4989
4991
4992
4993
4994
4998
5000
5001
5006
5009
5011
5014
5016
5017
5018
5019
5020
5023
5029
5030
5033
5039
5044
5050
5052
5058
5061
5066
5071
5073
5092
5099
5101
5102
5109
5111
5113
5119
5120
5123
5127
5129
5131
5132
5136
5138
5140
5143
5144
5148
5149
5153
5157
5160
5161
5163
5167
5168
5170
5174
5175
5177
5178
5180
5182
5184
5186
5187
5188
5190
5192
5194
5207
5209
5212
5214
6149
5959
5224
5225
5226
5229
5231
5232
5235
5237
5242
5243
5244
5247
5249
5251
5253
5256
5257
5258
5259
5260
5264
5267
5268
5272
5278
5281
5282
5283
5284
5285
5287
5289
5290
5292
5294
5295
5298
5300
5304
5305
5306
5308
5310
5311
5313
5314
5315
5317
5320
5321
5322
5323
5330
5332
5335
5337
5339
5343
5348
5352
5354
5359
5360
5371
5377
5380
5382
5385
5386
5388
5392
5393
5395
5397
5398
5399
5400
5403
5405
5406
5407
5408
5409
5414
5416
5418
5422
5423
5426
5427
5428
5432
5434
5438
5439
5440
5443
5447
5448
5449
5451
5452
5453
5456
5458
5459
5461
5462
5463
5465
5466
5467
5468
5470
5471
5472
5476
5477
5479
5480
5484
5488
5494
5495
5499
5500
5504
5506
5507
5509
5511
5512
5517
5525
5528
5532
5533
5534
5536
5537
5538
5545
5547
5548
5550
5552
5556
5557
5561
5564
5567
5578
5581
5583
5586
5588
5590
5591
5596
5605
5607
5609
5612
5613
5614
5615
5620
5621
5629
5630
5635
5638
5639
5641
5648
5649
5650
5655
5657
5659
5660
5662
5663
5664
5667
5674
5675
5676
5677
5679
5683
5685
5687
5694
5699
5702
5703
5704
5705
5708
5712
5713
5715
5716
5717
5720
5726
5727
5729
5735
5736
5737
5743
5748
5751
5759
5772
5773
5782
5793
5794
5797
5804
5806
5808
5823
5826
5827
5832
5837
5840
5842
5848
5852
5854
5856
5866
5869
5877
5879
5887
5891
5896
5898
5899
5900
5901
5904
5908
5909
5913
5916
5918
5922
5930
5933
5934
5939
5940
5948
5950
5957
5960
5965
5967
5979
5984
5985
5987
5988
5989
5990
5991
5992
5994
5998
6001
6006
6008
6010
6011
6012
6013
6016
6019
6021
6023
6027
6028
6030
6032
6034
6036
6041
6045
6046
6048
6050
6056
6058
6064
6066
6067
6072
6075
6078
6082
6085
6086
6091
6098
6100
6101
6105
6107
6109
6125
6126
6128
6140
6141
6143
6153
6157
6161
6174
6175
6176
6179
6180
6188
6189
6203
6206
6207
6210
6213
6216
6217
6219
6223
6224
6225
6228
6230
6234
6235
6238
6246
6248
6252
6253
6255
6257
6258
6263
6268
6271
6272
6273
6275
6276
6279
6280
6281
6287
6291
6294
6295
6296
6302
6305
6309
6311
6315
6323
6327
6332
6340
6341
6344
6346
6351
6360
6361
6362
6364
6366
6370
6490
6494
