3
4
7
8
2777
1898
1601
21
24
22
23
10308
472
27
28
710
29
5408
162
387
5513
1259
556
11054
752
1169
1182
713
3257
3159
9340
1431
54
45
440
47
48
49
50
4286
51
413
53
72
926
78
11273
94
442
95
98
774
4583
828
100
2504
106
107
116
119
629
120
9905
122
123
133
124
128
137
125
126
197
301
8302
3376
131
132
6703
135
139
140
141
142
2188
3188
2878
149
151
155
156
158
159
2513
204
2870
161
163
166
1981
170
171
172
1464
175
184
185
187
188
538
381
189
195
7427
198
199
1288
203
208
210
211
1642
212
213
1261
1125
219
222
224
225
1360
5833
1435
226
233
240
234
238
239
242
246
248
249
409
255
253
256
260
261
2914
9353
262
263
4000
2472
3977
528
7933
270
283
451
284
286
2299
287
289
291
292
294
9247
298
7295
299
302
303
499
308
310
312
316
318
320
321
325
326
327
5731
2599
1782
541
329
334
3946
336
337
339
990
340
342
343
347
348
349
351
780
355
359
360
361
362
363
364
366
367
368
372
403
374
380
810
1349
382
383
386
388
389
391
392
393
7271
1475
394
396
397
4442
3980
399
401
1221
405
1375
408
7296
745
526
2099
910
412
416
5443
555
4407
5913
837
414
1616
2456
3675
415
8709
8335
417
419
420
422
424
425
426
427
429
560
8837
430
432
437
439
441
443
450
452
589
2319
2749
454
455
470
461
462
463
468
8125
8346
7578
469
1754
471
1812
4507
3615
731
941
2201
7996
1342
5111
6641
5623
3355
473
474
476
5604
4485
781
3192
756
478
479
481
482
483
484
485
628
487
488
489
1789
490
491
492
493
494
495
497
501
502
850
504
505
1020
507
512
513
763
518
519
523
525
527
529
2084
530
534
535
537
539
540
794
542
543
544
545
546
548
549
551
552
553
558
5401
559
1420
8015
1436
1827
566
567
2078
572
574
576
578
1293
580
584
588
592
883
1530
593
595
597
598
924
599
3565
602
604
605
607
608
609
610
613
614
618
619
620
622
623
625
627
4050
1976
631
633
1159
711
634
640
641
642
9682
643
646
648
650
651
1886
652
653
654
655
657
659
664
665
668
669
670
671
2741
672
673
675
677
4635
678
679
680
681
1070
684
685
686
689
692
693
694
2795
696
698
702
703
705
706
707
709
2635
2636
712
715
716
718
719
720
724
727
7614
728
730
733
736
737
738
743
744
747
5666
750
800
755
759
760
762
765
766
767
769
770
772
773
978
775
778
779
4901
10092
8365
10197
1356
783
785
786
787
788
792
1459
948
1461
796
797
798
799
801
802
803
804
805
806
809
3148
5072
1343
811
813
814
816
817
820
822
823
824
827
829
830
831
832
833
835
836
840
841
842
843
1515
1086
845
846
847
849
3831
10217
4595
4593
851
852
853
854
855
856
857
858
859
860
863
865
866
868
869
870
873
874
875
876
877
878
879
882
885
886
887
888
891
896
8967
897
898
900
901
902
903
905
4549
8382
908
909
911
912
913
1153
2450
1598
1014
915
916
4238
917
918
919
921
922
923
2427
4518
925
6055
2799
1680
927
928
929
932
2797
933
9656
936
938
939
940
1669
944
945
1363
954
955
957
958
960
962
965
966
967
969
970
977
979
982
984
986
987
988
989
2269
991
992
993
994
996
998
999
1000
1001
1002
1004
1005
1006
1008
1009
1010
1011
1013
1015
1017
1019
1021
1022
1024
1025
1027
1029
1030
1033
1035
1036
1037
1041
3940
1042
1043
9685
1046
1047
1048
1049
1050
1051
1054
1331
1055
1058
1059
1061
1065
1066
1067
1536
1068
1069
1071
1073
1074
1075
1076
1079
1080
1081
1082
1084
1087
1088
1089
1090
1091
1093
1094
1096
1097
5844
1100
1101
1105
1106
1108
1111
1112
1113
1114
1115
1117
1119
1120
1122
1123
1126
1128
1129
1132
1136
1137
1140
1144
1146
1147
1152
4186
4415
1154
1155
1157
1160
3043
2494
1166
3149
1167
1168
1170
1173
1174
1175
2473
1176
1179
1180
1181
1183
1187
1498
1188
1191
1193
1195
8934
1196
1201
1202
9054
1206
1208
1210
1213
6323
1562
1222
1225
1226
1227
1228
1229
1230
1235
1236
1242
1246
1248
1250
1252
1254
1255
1257
1258
6631
1260
1263
1264
6747
1265
1267
1269
1271
1272
1275
1278
1280
1289
8358
1295
1297
1300
1302
1306
1308
1312
1313
1320
1321
1328
1333
1334
1838
1340
3879
1344
1578
1346
1350
1351
2018
1510
9990
7746
1354
4378
1358
6781
1361
1362
1364
1365
1366
7915
1370
1371
1372
3372
1374
1746
1376
3745
3433
1386
1389
1394
1396
1398
1400
4702
1405
1830
1407
1410
1411
1413
1415
1418
1419
1421
1422
1424
1426
1427
1428
2056
1939
2076
1438
1439
1440
8472
1441
1447
1452
1454
1458
4505
5661
1462
8599
1466
1471
1476
1479
1483
1484
1485
1488
7313
1494
1495
1497
2304
1500
3652
1501
8096
1615
1502
1504
1505
1509
1513
1514
1518
1522
1524
1525
1526
1527
1529
8648
1535
9127
1537
1538
1539
1540
1542
1544
1547
1548
1550
1551
1552
1553
1554
1555
1556
1558
1560
1561
1564
1565
1567
5629
1568
4979
1579
3926
1585
1589
1593
1597
1599
1604
1605
1606
1607
1610
1612
1614
1618
1619
1620
1622
1623
1624
1626
5115
1628
1630
1632
1635
1636
1641
1647
1648
1650
1654
1658
1659
1660
1661
1663
2838
1670
1674
1675
1676
1678
1679
1682
1683
1684
1685
1686
1687
1690
1692
1694
1695
1696
1697
1700
1701
1703
1706
1707
1709
1713
1715
1716
1718
1722
1724
1725
1726
1727
1728
1730
1733
1734
1735
1737
1739
1745
2284
1747
1748
1755
1757
1761
1763
1772
1774
1779
1785
1787
7552
1790
1792
1793
1797
1799
1800
1801
6386
1804
1810
1813
1814
1815
1817
1818
1819
1822
5426
1831
4360
4361
1832
2839
1835
1836
1839
1840
1841
1844
1845
1846
1848
9339
1851
1852
1853
1854
1855
2346
1858
1865
1869
1870
1873
1875
1877
1883
1885
1887
1888
1889
1890
1892
1895
1896
1897
8332
1899
1900
1901
1902
1904
1911
1913
1914
1916
1918
1919
1923
1929
1930
1932
1933
1934
1935
2765
1942
1945
1947
1949
1950
1951
1954
1956
1957
1962
1963
1966
1967
1970
1971
1972
1977
1980
1987
1990
1991
1994
1995
1997
2007
2008
2011
2014
2015
2016
6268
2017
2022
2023
2030
2032
2033
2037
2039
2040
2042
2051
2053
2054
2055
2057
2059
2062
2066
2068
2075
5853
2081
2083
2085
2088
2089
2090
2096
2098
2101
2105
2107
2108
2112
2113
2114
2115
2120
2131
2133
2134
2135
2137
2140
2143
2144
2147
2150
2151
2157
2158
2159
2160
2165
2166
2169
2170
2172
2176
2179
2180
2185
2187
2189
2191
2192
2195
2198
2542
2203
2205
2206
2211
2212
2216
2219
2220
2221
2223
2224
2225
2227
2229
2230
2231
2232
2234
2235
2236
2237
2238
2239
2241
2243
2245
2246
2247
2248
2252
2254
2255
2256
2258
2260
2262
2264
2266
2273
2274
2275
2276
2277
2278
2281
2283
2285
2290
2291
2295
2297
2298
2301
2303
2306
2310
2311
2312
10434
2313
2322
7676
2323
2325
5048
2328
2330
2331
2615
2333
2334
2335
2337
2340
2342
2343
2345
2347
2349
2352
2354
2355
2356
2357
2358
2359
2360
5020
2361
2364
2365
2366
2368
2380
2382
2386
2387
2388
2390
2391
2392
2393
2394
2396
2397
2398
2399
2401
2405
8246
2406
2411
2416
2419
2422
2424
2425
2428
2432
2433
6193
4082
4544
2434
2441
2443
2445
3056
2446
2449
2457
2459
2460
2462
2464
2465
2467
2468
2469
2475
2476
2479
2480
2481
2483
2484
2485
2486
2487
2489
2490
2492
2495
3911
2496
8156
2497
2499
2500
2501
2502
2503
2509
2510
2514
2516
2517
2520
5701
2521
2522
2524
2525
2526
2528
7259
2531
2532
2533
2534
2535
2537
2538
2540
2661
2541
2544
2548
2549
2553
2554
2556
2557
2558
2561
2564
2566
2569
2573
2575
2577
2584
2586
2588
2590
2592
2593
2595
2597
2600
2606
2607
2610
2611
2612
2614
2619
2620
2623
7488
2624
2625
2626
2628
2629
2632
2807
2637
2647
2648
2649
2651
2653
2656
2657
2659
2662
2664
2665
9034
2666
2669
2670
2672
2674
2675
2677
2680
2682
2684
2685
2687
2689
2693
2694
2695
2696
2699
2701
2708
2712
2714
2715
2716
2717
2721
2733
2734
2736
2737
2738
2740
2743
2744
2745
2746
2747
2884
2750
2755
2756
2757
2758
2761
2762
2763
2764
2767
2768
2769
2771
2776
8557
2778
2779
2781
2782
2783
2784
2785
2786
2788
2789
2790
2792
2800
2801
2802
2803
5197
2806
2809
2811
2812
2813
2814
2818
2820
2821
2822
2823
2825
2826
2827
7533
5742
6672
2831
2834
2835
2836
9446
2842
2843
2845
2846
2849
2853
2854
2855
2858
2859
2860
2861
2863
2865
2866
2867
2871
2872
2873
2874
2875
2876
2877
2881
2882
2883
7245
2885
2887
2888
2889
2893
2900
2901
2903
2904
2905
2906
2907
2910
2911
2915
2916
2917
2919
2922
2924
2927
2928
2929
2930
2932
2936
2937
2941
2942
8838
2944
2946
2947
2948
2949
2950
2951
2952
2953
2954
2955
2956
2960
2961
2962
2963
2964
2966
2969
2970
2971
2974
2975
2976
2981
2985
2986
2987
2988
2991
2992
2993
2994
2996
2997
2998
2999
3000
3002
3003
3005
3006
3007
3008
3009
3012
3013
4975
3015
3016
3018
3019
3020
3027
3028
3031
3033
3034
3035
3037
3040
3044
3046
3047
3048
3049
3050
3052
3057
3058
3059
3060
3061
3062
3063
3066
3070
3071
9995
3072
3073
3075
3076
3077
3078
3080
3083
3084
3085
3088
3090
3091
3092
3096
3097
3098
3099
3101
3103
3104
3105
3106
3108
3872
3110
3111
3117
3118
3119
3120
3121
3123
3124
3125
3127
3129
3132
3135
3137
3138
3139
3140
3141
3142
3144
3145
3147
3151
3153
3157
3158
3160
3163
3165
3166
3167
3174
3175
3177
3179
3180
3183
3185
3186
3187
3189
3191
3195
3197
3198
3200
3201
3202
3203
3204
3205
3208
3215
3216
3220
3221
3222
3223
3225
3226
3228
3229
3230
3232
3233
3234
3236
3237
3238
3239
3243
3244
3246
3247
3248
3250
3252
3253
3254
3255
3256
3258
3259
3261
5675
3262
3264
3265
3266
3268
3274
3276
3277
3278
3279
3280
3357
3281
3282
3283
3284
3287
3288
3404
5201
3289
3292
3293
3299
3300
3302
3303
3307
3309
3312
3314
3315
3316
3317
3318
3319
3320
3322
3327
3328
3329
3331
4209
3332
3333
3334
3335
3336
3338
3342
3343
3344
3345
3347
3349
3354
3356
3359
3360
3361
3363
3365
3366
3367
3371
3374
3375
3377
3378
4091
3379
3381
5608
3383
3385
3387
3389
3391
3392
3393
3395
3396
3398
3399
3400
3401
3402
3403
3405
3406
3410
3411
3412
3413
3601
3415
3416
3418
3419
3422
3423
3426
3429
4281
3431
3432
3434
3436
3437
3439
3440
3441
3442
3445
3446
3447
3448
3449
3450
3451
3452
3453
3455
3456
3457
3459
3460
3462
3464
3466
3467
3468
3470
3471
3472
10226
3473
3474
3475
3476
3477
3479
3482
3483
3484
3485
3486
3487
3490
3491
3493
3494
3495
3497
3498
3503
3504
3506
3507
3509
3511
3512
3513
3515
3516
3517
3518
3519
3520
3523
3525
3527
3528
3530
3531
3532
3534
3535
3536
3538
3541
3542
3544
3545
3546
3547
3548
3549
3550
3551
3552
3553
3554
3557
3558
3559
3561
3564
3875
3566
3567
3568
3569
3571
3572
3574
3577
3581
3582
3583
3584
3589
3843
9549
7803
3591
3593
3594
3595
3597
3598
3599
3602
3605
3608
3609
3610
3612
6906
3613
3614
3617
3619
3621
3623
3624
3625
3626
3628
3629
3630
3633
3634
3635
3636
3637
3638
3640
3641
3643
3646
3647
3648
3649
3650
3651
3653
3655
3658
3660
3661
3662
3663
3666
3669
3671
3672
3674
3676
3677
3681
3682
3683
3684
3685
3686
3687
3689
3690
3691
3697
3699
3700
3701
3702
3703
3704
3706
3707
5677
3708
3709
3710
3711
3712
3713
3714
6449
3715
3717
3718
3719
3720
3721
3722
3723
3724
3725
3726
3727
3729
3730
3731
3732
3733
3741
3742
3744
3747
3749
3750
3751
3752
3756
3757
3758
3764
3765
3768
3772
3777
3779
3781
3784
3786
3787
3788
3789
6081
3790
3791
3792
3794
9820
3795
3798
3799
3801
3804
3805
3807
3808
3809
3810
3812
3814
3815
3816
3818
3820
3821
3824
3827
3828
3829
3830
3832
3833
3835
3836
3837
3838
3839
3840
3842
3844
3846
3850
3851
3852
3854
3855
3856
3857
3860
3861
3862
3863
3864
3866
3867
3869
3870
3871
3873
3874
3876
3877
3878
3882
3883
3884
3886
3887
3888
3889
3893
3894
3897
3898
3899
3902
3904
3908
3909
3910
3912
3913
3914
3916
3917
3919
3920
3921
3922
3923
3924
4293
3927
3928
3931
3933
3934
3935
3937
3938
3939
8305
3943
3945
3947
3948
3949
3950
3954
3959
3960
3961
3962
3963
3964
3965
3966
3967
3968
3969
3970
3971
3974
3975
3976
3978
3981
3982
3983
3984
3986
3987
3989
3990
3991
3992
3994
3996
3997
3998
3999
4001
4002
4003
4004
4005
8998
4008
4010
4012
4013
4018
4019
4948
4020
4021
4023
4025
4026
4567
4027
4028
4030
4031
4032
4036
4037
4038
4039
4040
4042
4043
4045
4046
4047
4051
4053
4054
4056
4057
4058
4060
4062
4063
4067
4069
4072
4073
4077
4078
4079
4081
4083
4084
4349
4085
4087
4088
4089
4315
4090
4092
4094
4095
4097
4099
4100
4104
4107
4113
4114
4115
4116
4118
4119
4121
4122
4123
4124
4125
4126
4127
4128
4130
4131
4132
4133
4135
4136
4137
4138
4139
4140
4141
4142
4144
4146
4147
4148
4150
4151
4152
4153
4154
4155
4156
4157
4158
4159
4160
4161
4163
4164
4165
4166
4168
4169
4170
4171
4172
4173
4174
4175
4176
4177
4178
4179
4183
4184
4185
4187
4190
4192
4193
4194
4197
4198
4199
4200
4201
4204
4206
4207
7507
4210
4212
4216
4217
4218
4219
4221
4222
4224
4225
4227
4231
4232
4233
4234
4235
4236
4237
4239
4240
4241
4243
4244
4246
4247
4249
5920
4250
4251
4252
4253
4254
4255
4256
4257
4258
4259
4262
4263
4264
4265
4266
4267
4268
4271
4272
4273
4276
4277
4278
4279
4280
4282
4283
4285
4288
4289
4290
4291
4294
4295
4296
4297
4298
4299
4300
4301
4302
4303
4304
4305
4306
4307
4308
4311
4312
4314
4316
4319
4321
4322
4323
4324
4326
4328
4330
4331
4332
4333
4334
4336
4338
4342
4347
4348
4350
4351
4352
4353
4355
4357
4362
4365
4367
4370
4371
4372
4375
4376
4377
4379
4380
4381
4382
4383
4388
4391
4393
4394
4396
4397
4398
4399
4402
4404
4405
4406
4408
4409
4410
4411
4412
4414
4416
4417
4421
4422
4424
4429
4430
4431
8561
4433
4434
4436
4437
4439
4441
4453
4454
4458
4460
4461
4466
4467
4468
4469
4471
4472
4473
4475
4476
4477
4480
4483
4484
4486
4487
4488
4489
4490
4492
4495
4498
4499
4501
4503
4506
4510
4511
4513
4514
4515
4516
4517
4519
4520
4522
4523
4526
4527
4529
4534
4537
4543
4548
6236
4909
4550
4553
4557
4558
4562
4568
4570
4572
4573
7302
7856
4574
4577
4578
4580
4584
4588
4591
4599
4605
4608
4609
4610
4612
4613
4614
4617
4618
4622
4623
4625
4626
4630
4633
4634
4637
4639
4643
4646
4650
4651
4652
4654
4655
4656
4658
4659
4660
4663
4664
4665
4667
4668
4669
4671
4673
4674
4675
4679
4682
4687
4688
4693
4695
4696
4697
4700
5965
6002
4706
4707
4708
4709
4711
4713
4714
4717
4875
4718
4722
4724
4725
4726
4729
4731
4732
4733
4734
4738
4739
4740
4743
4746
4749
4750
4751
4753
4754
4755
4757
4760
4761
4768
4770
4772
4774
4775
4777
4778
4780
4781
4786
4787
4793
4794
4796
4797
4798
4800
4802
4803
4804
4806
4808
4809
4810
4811
4813
4817
4840
4818
4820
4821
4826
4827
4829
4830
4832
4833
4834
4837
4839
5911
4844
4846
4847
4848
4849
4853
4855
4857
4858
4859
4862
4863
4864
4865
4867
4869
4871
4876
4878
4880
4881
4885
4887
4889
4890
4891
4892
4893
4894
4898
4899
4900
4902
4904
4906
4907
4908
8612
10173
4910
4911
4912
4913
4914
4916
4917
4920
4921
4922
4923
4924
4925
4927
4929
4934
4936
4941
4942
4944
4946
4947
4949
4954
4956
4958
4960
4961
4964
4968
4973
4974
4977
4981
4986
4987
4988
4990
4993
4994
4995
5002
5003
5004
5008
5014
5016
5017
5023
5026
5027
5030
5033
5034
5035
5036
5037
5039
5041
5042
5043
5044
5047
7135
5049
5051
5053
5057
5058
5064
5065
5069
5073
5074
5076
5079
5080
5082
5083
5085
5087
5090
5092
5093
5094
5099
5100
5101
5102
5104
5106
6156
5109
5110
5117
5121
5135
5136
5137
5144
5148
5149
5155
5158
5160
5171
5173
5174
5175
5177
5180
5188
5190
5191
5194
5196
5199
5200
5203
5206
5210
5213
5215
5216
5217
5218
5219
5220
5221
5222
5223
5225
5226
5227
5232
5234
5259
5239
5241
5246
5248
5250
5251
5254
5255
5260
5261
5263
5264
5268
5269
5271
5272
5275
5281
5283
5284
5285
5286
5287
5288
5290
5292
5293
5294
5296
5297
5298
5300
9028
7523
5301
5302
5305
5306
5310
5311
5313
5315
5316
5318
5319
5320
5322
5324
5325
5327
5328
5329
5330
5331
5332
5333
5334
5337
5338
5339
5340
5341
5343
5344
5346
5348
5351
5352
5353
5354
5355
5356
5357
5366
5371
5372
5373
5375
5376
5377
5379
5382
5384
5385
5386
5387
5388
5389
5394
5396
5397
5398
5400
5402
5403
5404
5407
8757
5412
5413
7724
5414
5416
5417
5418
5422
11142
5427
5429
11308
5434
5435
5436
5438
5439
5444
5445
5447
5450
5454
5455
5457
5460
5462
5464
5466
5467
5468
5469
5470
5471
5472
5473
5475
5476
5477
5480
5483
5487
5488
5491
5493
5499
5501
5503
5504
5505
5506
5507
5514
5522
5523
7022
5529
5530
5531
5538
5539
5540
5555
5560
5564
5744
5565
5569
5570
5571
5572
5576
5577
5585
5592
5594
5595
5598
5599
5607
5610
5615
7951
5624
5627
10001
5631
5634
5639
5640
5641
5642
5645
5648
5649
5652
5653
5654
5657
5658
5660
5663
5667
5668
5669
5673
5674
5676
5679
5681
5682
5684
5686
5688
5689
5690
5691
5692
5693
5699
5703
5705
5708
5709
5711
5714
5715
5716
5719
5721
5723
5725
5732
5735
5737
5738
5746
5748
5752
5755
5756
5757
5762
5763
5764
5765
5766
5767
5771
5772
5777
5779
5780
5784
5785
5786
5787
5789
5790
5791
5792
5797
5799
5802
5803
5805
5808
5813
5815
5816
5818
5819
5820
5823
5824
5825
5826
5828
5830
5831
5834
5835
5836
5838
5841
5843
5845
5846
5849
5858
5862
5863
5864
5865
5867
5871
5872
5878
5879
5880
5881
5883
5888
5890
5895
5897
5899
5902
5906
5909
5910
5914
5918
5919
5922
5925
5926
5927
5930
5933
5937
5939
5940
5941
5942
5943
5948
5949
5952
5953
5954
5956
5957
5959
5962
5967
5973
5975
5976
5977
5978
5984
5985
5986
5987
5991
5993
5994
5995
5996
6001
6003
6004
6005
6006
6010
6011
6015
6016
6020
6022
6026
6029
6031
6032
6035
6038
6039
6059
6060
6063
6065
6067
6077
6080
6082
6084
6088
8014
6092
6093
6095
6096
6098
6101
6113
6115
6117
6122
6125
6127
6130
6132
6135
6141
6143
6144
6145
6148
6152
6153
6155
6157
6162
6163
6169
6170
6171
6173
6174
6175
6179
6181
6182
6184
6189
6190
6195
6197
6199
6200
6201
6202
6203
6208
6243
6211
6212
6213
6214
6574
6222
6223
6226
6229
6233
6234
6237
6239
6241
6244
6248
6251
6252
6253
6261
6263
6267
6269
6270
6271
6272
6274
6276
6277
8772
8548
6282
6285
6286
6287
6290
6296
6297
6299
6300
6301
6304
6307
6308
6310
6313
6314
6315
6317
6318
6319
6321
6322
6326
6329
6331
6333
6335
6336
6339
6342
6343
6346
6348
6349
6350
6353
6354
6355
6356
6357
6358
6360
6366
8050
6368
6370
6372
6373
6375
6377
6380
6381
6385
6387
6390
6392
6394
6395
6398
6399
6400
6401
6404
6407
6408
6409
6411
6412
6413
6414
6416
6417
6418
6419
6420
6422
6424
6425
6426
6430
6433
6436
6439
6440
6441
6443
6445
6453
6454
6458
6460
6462
6466
6470
6481
6491
6493
6498
6499
6500
6503
6505
6508
6511
6513
6514
6515
6518
6520
6521
6522
6524
6527
6530
6532
6533
6535
6538
6539
6542
6543
6544
6546
6549
6551
6553
6554
6555
6556
6558
6560
6562
6564
6565
6567
6568
6571
6581
6583
6586
6588
6589
6591
6592
6594
6595
6597
6598
6600
6602
6604
6605
6607
6609
6611
6613
6614
6617
6620
6624
6625
6627
6628
6629
6630
6634
6636
6640
6643
8616
6645
6649
6650
6652
6655
6656
6658
6660
6662
6665
6667
6670
7961
6674
6675
6676
6678
6683
6684
6686
6687
6688
6692
6693
6695
6696
6697
6699
7158
6700
6701
6702
6704
6705
6706
6707
6710
6714
6715
6716
6718
6719
6720
6721
6723
6725
6726
6727
6728
6729
6730
6731
6732
6736
6738
6739
6740
6741
6742
6743
6744
6750
6753
6757
6759
6761
6764
6765
6766
6767
6768
6770
6771
6773
6774
6778
6783
6784
6787
6790
6792
6793
6798
6804
6805
6806
6807
6809
6812
6813
6816
6818
6822
6827
6828
6833
6839
6841
6843
6849
6853
6854
6855
6858
6861
6862
6864
6868
6869
6872
6876
6884
6885
6887
6893
6894
6897
6899
6904
6909
6923
6924
6932
6937
6939
6947
6954
6956
6957
6963
6975
6976
6981
6986
6990
6994
6995
6998
7000
7002
7003
7009
7013
7014
7015
7027
7031
7036
7037
7040
7043
7045
7046
7047
7048
7049
7050
7051
7052
7053
7054
7055
7056
7058
7059
7060
7061
7064
7065
7066
7067
7068
7070
7075
7080
7082
7083
7084
7087
7088
7090
7091
7092
7093
7095
7097
7098
7100
7103
7104
7106
7110
7112
7114
7117
7118
7123
7128
7129
7131
7132
8067
7136
7137
7138
7140
7141
7145
7146
7148
7149
7150
7151
7153
7155
7157
7161
7164
7167
7171
7175
7176
7178
7180
7182
7184
7191
7193
7194
7196
7197
7200
7201
7203
7204
7205
7206
7207
7208
7209
7210
7211
7214
7215
7216
7217
7218
7219
7220
7221
7224
7225
7226
7227
7230
7231
7232
7233
7234
7236
7237
7239
7240
7241
7242
7243
7244
7247
7249
7250
7251
7252
7253
7254
7255
7256
7257
7258
7263
7264
7269
7270
7272
7274
7275
7276
7277
7278
7279
7283
7285
7286
7289
7290
7291
7292
7293
7297
7298
7300
7301
7303
7304
7305
7308
7309
7311
7314
7315
7316
7318
7321
7324
7328
7330
7333
7334
7339
7340
7343
7351
7355
7359
7360
7361
7365
7366
7367
7368
7369
7371
7375
7376
7377
7378
7379
7382
7385
7387
7388
7390
7392
7393
7394
7396
7397
7398
7399
7400
7401
7402
7405
7408
7411
7412
7413
7416
7418
7423
7424
7431
7433
7435
7438
7439
7440
7442
7444
7445
7446
7448
7449
7450
7452
7453
7458
7463
7466
7467
7468
7469
7470
7473
7475
7477
7481
7482
7483
7484
7485
7489
7490
7492
7494
7495
7496
7497
7498
7499
7500
7501
7504
7505
7506
7508
7510
7520
7512
7513
7514
7517
7522
7524
7525
7526
7527
7528
7531
7532
7534
7536
7537
7538
7539
7540
7542
7544
7545
7546
7548
7550
7551
7553
7554
7557
7561
7562
7563
7564
7565
7566
7570
7572
7574
7576
7577
7580
7582
7585
7588
7589
7590
7593
7598
7600
7603
7606
7610
7611
7612
7613
7615
7617
7621
7622
7625
7627
7628
7631
7632
7634
7637
7640
7643
7644
7648
7650
7651
7655
7656
7662
7664
7667
7670
7675
7683
7686
7690
7695
7696
7698
7699
7720
7703
7704
7708
7712
7713
7714
7715
7716
7718
7728
7729
7731
7735
7740
7741
7744
7745
7748
7753
7754
7755
7758
7759
7762
7763
7765
7767
9964
7772
7776
7779
7780
7784
7787
7788
7790
7793
7794
7799
7800
7804
7813
7815
7818
7820
7822
7823
7828
7831
7832
7834
7837
7840
7842
7849
7855
7859
7860
7862
7865
7868
7869
7870
7871
7874
7875
7876
7879
7880
7888
7892
7902
7906
7914
7917
7920
7924
7926
7929
7930
7931
7932
7937
7939
7940
7942
7943
7945
7946
7947
7948
7954
7956
7957
7959
7960
7962
7965
7967
7969
7970
7974
7975
7976
7978
7982
7986
7997
7998
8003
8005
8008
8009
8010
8011
8012
8013
8018
8020
8023
8028
8032
8033
8034
8035
8040
8041
8043
8044
8051
8059
8060
8062
8063
8066
8068
8070
8071
8078
8085
8087
8089
8104
8105
8107
10117
8108
8109
8110
8111
8115
8119
8120
8121
8122
8123
8128
8134
8138
8139
8141
8143
8144
8146
8149
8152
8153
8154
8157
8158
8159
8165
8168
8170
8171
8172
8173
8176
8177
8180
8181
8183
8185
8186
8189
8193
8194
8195
8198
8199
8200
8202
8203
8204
8205
8206
8212
8213
8218
8220
8221
8227
8228
8233
8237
8240
8241
8248
8249
8252
8254
8258
8260
8261
8262
8264
8266
8269
8270
8271
8273
8275
8276
8278
8279
8280
8281
8285
8286
8291
8292
8293
8296
8298
8299
8301
8306
8308
8310
8312
8316
8319
8322
8323
8324
8326
8331
8333
8338
8339
8340
8341
8342
8348
8354
8355
8357
8359
8360
8361
8364
8367
8370
8371
8373
8374
8375
8377
8378
8381
8384
8385
8390
8391
8392
8393
8394
8398
8402
8403
8404
8408
8409
8419
8423
8426
8428
8430
8433
8434
8438
8440
8441
8445
8446
8447
8448
8449
8450
8451
8455
8456
8458
8460
8462
8468
8473
8476
8477
8480
8485
8493
8495
8502
8505
8506
8507
8509
8512
8516
8518
8519
8523
8529
8530
8537
8539
8540
8542
8544
8545
8549
8552
8554
8556
8560
8563
8564
8565
8567
8569
8571
8574
8577
8581
8582
8584
8586
8587
8588
8589
8593
8604
8605
8607
8609
8619
8621
8622
8623
8625
8626
8628
8631
8632
8634
8635
8637
8639
8640
8641
8642
8643
8645
8646
8651
8652
8653
8654
8655
8656
8657
8658
8660
8664
8665
8667
8673
8674
8679
8687
8689
8691
8692
8694
8700
8706
8710
8712
8715
8716
8717
8718
8719
8722
8723
8726
8728
8730
8733
8739
8741
8742
8745
8747
8748
8749
8752
8756
10787
8758
8759
8764
8765
8767
8773
8775
8777
8778
8780
8781
8785
8786
8788
8789
8790
8791
8792
8794
8796
8797
8798
8802
8803
8804
8806
8807
8809
8810
8813
8816
8819
8821
8822
8823
8827
8829
8830
8832
8833
8836
8842
8844
8845
8847
8848
8849
8850
8851
8852
8853
8855
8856
8864
8865
8866
8867
8869
8873
8874
8877
8882
8887
8889
8890
8892
8893
8895
8896
8898
8900
8902
8903
8904
8905
8906
8908
8910
8911
8914
8915
8916
8917
8919
8920
8923
8924
8925
8926
8927
8929
8931
8937
8941
8942
8943
8944
8946
8947
8948
8949
8954
8955
8957
8962
8964
8968
8971
8972
8973
8974
8975
8979
8980
8985
8991
8993
8994
8999
9000
9002
9003
9004
9005
9006
9010
9011
9014
9015
9019
9021
9023
9024
9026
9027
9029
9031
9033
10183
9038
9039
9040
9041
9044
9045
9047
9048
9051
9052
9053
9057
9060
9062
9064
9066
9068
9070
9071
9076
9077
9079
9081
9083
9087
9089
9091
9093
9094
9095
9097
9099
9102
9109
9110
9111
9112
9113
9114
9116
9118
9120
9121
9122
9123
9126
9132
9133
9135
9137
9138
9139
9140
9141
9142
9143
9146
9147
9148
9149
9154
9158
9159
9160
9161
9163
9164
9165
9166
9167
9168
9171
9174
9176
9178
9181
9184
9186
9187
9188
9189
9190
9192
9193
9195
9196
9197
9200
9201
9202
9203
9210
9211
9212
9213
9214
9216
9218
9219
9220
9221
9222
9223
9224
9225
9227
9228
9229
9230
9231
9232
9236
9237
9238
9239
9240
9241
9244
9245
9246
9249
9251
9255
9257
9259
9263
9264
9265
9266
9268
9269
9271
9272
9277
9279
9280
9281
9284
9285
9288
9289
9290
9291
9293
9294
9296
9297
9298
9299
9300
9308
9309
9310
9313
9315
9318
9319
9320
9321
9323
9324
9325
9328
9330
9331
9332
9333
9335
9336
9337
9338
9341
9345
9346
9347
9349
9350
9354
9357
9358
9359
9360
9363
9364
9365
9366
9367
9368
9370
9371
9372
9374
9375
9376
9377
9380
9381
9384
9385
9386
9392
9394
9395
9396
9397
9400
9401
9402
9405
9406
9408
9409
9414
9415
9417
9418
9419
9420
9422
9423
9427
9431
9432
9435
9436
9437
9438
9439
9444
9445
9449
9450
9451
9452
9454
9455
9456
9457
9462
9464
9467
9468
9470
9471
9475
9477
9479
9482
9483
9485
9486
9489
9492
9494
9495
9496
9497
9499
9503
9505
9509
9510
9511
9512
9513
9515
9520
9524
9525
9526
9529
9530
9531
9532
9533
9536
9537
9540
9542
9544
9545
9546
9548
9550
9551
9553
9555
9557
9558
9562
9564
9566
9571
9574
9575
9578
9580
9582
9583
9585
9586
9587
9588
9592
9593
9595
9596
9600
9601
9602
9603
9604
9605
9608
9609
9611
9612
9613
9614
9615
9616
9617
9618
9619
9620
9621
9622
9623
9624
9625
9626
9627
9628
9629
9630
9631
9632
9633
9634
9635
9637
9638
9642
9643
9645
9646
9650
9652
9657
9661
9662
9664
9665
9666
9668
9672
9673
9678
9679
9680
9681
9683
9687
9688
9690
9693
9695
9697
9699
9700
9702
9703
9704
9706
9711
9717
9718
9720
9723
9726
9733
9737
9738
9739
9742
9743
9744
9746
9748
9749
9751
9752
9756
9759
9761
9763
9764
9765
9766
9767
9768
9769
9770
9772
9774
9775
9778
9781
9782
9783
9784
9785
9786
9789
9790
9792
9793
9795
9796
9798
9800
9801
9803
9804
9806
9809
9810
9811
9813
10167
9814
9815
9816
9817
9821
9824
9825
9827
9828
9831
9832
9833
9835
9836
9837
9839
9840
9841
9842
9845
9848
9851
9852
9854
9857
9864
9865
9867
9868
9872
9875
9876
9878
9881
9883
9885
9886
9887
9888
9889
9896
9897
9898
9899
9900
9901
9902
9906
9909
9914
9915
9916
9917
9918
9922
9926
9928
9930
9931
9932
9933
9934
9935
9937
9938
9939
9940
9945
9946
9949
9953
9955
9956
9958
9959
9960
9962
9965
9966
9967
9969
9970
9971
9972
9975
9976
9977
9978
9979
9981
9984
9986
9987
9991
9994
9998
10000
10002
10004
10005
10007
10010
10012
10013
10016
10019
10020
10024
10025
10026
10027
10028
10029
10030
10034
10038
10040
10041
10044
10046
10048
10052
10053
10056
10058
10059
10061
10062
10063
10065
10066
10067
10070
10072
10075
10076
10080
10083
10084
10087
10090
10091
10093
10095
10096
10097
10099
10100
10102
10103
10104
10105
10106
10109
10110
10112
10115
10116
10119
10120
10123
10124
10130
10131
10132
10134
10135
10138
10139
10140
10142
10143
10144
10146
10147
10148
10150
10151
10152
10154
10156
10159
10164
10165
10168
10169
10170
10174
10175
10176
10177
10178
10180
10184
10186
10190
10191
10192
10196
10203
10206
10207
10212
10216
10219
10220
10227
10231
10235
10444
10239
10237
10246
10247
10248
10258
10259
10261
10263
10267
10269
10270
10272
10273
10274
10280
10282
10285
10286
10288
10293
10294
10302
10307
10309
10310
10311
10313
10314
10319
10320
10321
10323
10324
10328
10329
10333
10334
10335
10343
10345
10347
10355
10359
10362
10372
10373
10375
10380
10382
10386
10389
10392
10393
10394
10400
10401
10407
10408
10409
10410
10411
10412
10413
10415
10416
10424
10431
10433
10438
10440
10441
10442
10447
10449
10450
10451
10455
10456
10457
10458
10460
10461
10462
10463
10471
10481
10483
10484
10487
10490
10491
10496
10498
10500
10502
10503
10505
10508
10512
10513
10514
10515
10519
10523
10528
10536
10548
10549
10554
10561
10562
10563
10567
10570
10571
10575
10582
10597
10614
10626
10632
10635
10638
10642
10644
10645
10646
10652
10657
10658
10659
10661
10663
10664
10666
10667
10668
10674
10687
10689
10694
10697
10698
10702
10703
10709
10712
10714
10715
10718
10720
10722
10723
10740
10741
10742
10747
10750
10754
10756
10761
10765
10767
10770
10783
10796
10801
10803
10805
10808
10810
10812
10814
10822
10823
10825
10830
10831
10832
10833
10834
10836
10839
10840
10841
10842
10843
10844
10849
10853
10854
10855
10856
10860
10861
10864
10865
10868
10870
10871
10876
10878
10881
10886
10888
10889
10893
10895
10896
10898
10899
10901
10902
10903
10906
10907
10909
10910
10911
10912
10913
10914
10915
10916
10917
10918
10920
10922
10923
10924
10926
10931
10933
10934
10935
10936
10937
10939
10941
10944
10945
10951
10952
10953
10954
10955
10957
10960
10961
10964
10967
10969
10971
10975
10980
10982
10983
10984
10985
10986
10987
10989
10990
10991
10993
10994
10997
10999
11004
11005
11006
11007
11008
11009
11010
11013
11014
11016
11019
11020
11022
11026
11027
11028
11029
11034
11036
11046
11056
11062
11063
11064
11065
11066
11067
11071
11073
11079
11081
11083
11089
11090
11094
11096
11097
11098
11099
11102
11103
11109
11111
11112
11114
11119
11120
11121
11123
11124
11128
11129
11130
11131
11132
11134
11136
11139
11140
11141
11145
11146
11148
11149
11150
11151
11152
11154
11155
11156
11162
11163
11165
11166
11171
11174
11176
11178
11179
11180
11181
11183
11185
11187
11188
11190
11191
11192
11196
11197
11198
11199
11200
11201
11202
11203
11204
11205
11208
11215
11217
11219
11221
11224
11225
11231
11233
11241
11244
11245
11246
11272
11276
11293
11294
11299
11303
11304
11307
11311
11312
11314
11315
11316
11319
11324
