1
2
30
7
8
9
82
397
10
11
13
14
15
3803
16
3692
18
21
24
25
26
27
28
29
31
1459
32
33
34
35
38
3449
40
41
42
44
46
47
52
795
53
55
66
57
58
59
60
142
143
2576
245
65
281
68
73
74
79
84
115
1812
86
87
88
2208
1853
967
2058
1917
89
91
93
94
218
2309
96
97
2695
3370
3190
1755
99
100
268
803
101
102
1297
1291
108
110
111
113
402
511
118
121
122
124
126
127
129
130
131
132
1792
135
137
138
139
140
141
160
144
145
146
147
152
153
154
155
156
157
158
159
161
162
163
165
166
167
168
169
170
171
172
174
175
176
177
178
179
180
487
183
184
185
188
190
191
192
193
195
196
198
1118
199
202
203
206
208
209
210
211
448
212
213
219
221
222
224
225
226
227
228
229
230
231
232
2387
233
234
237
238
244
246
249
250
251
254
1687
255
256
259
260
261
264
267
269
870
779
976
270
272
276
277
278
279
2748
280
283
284
286
287
288
2954
289
290
291
292
293
295
298
299
300
301
353
303
304
307
308
310
312
593
315
1146
317
318
321
323
324
329
331
333
335
336
338
339
340
342
345
350
362
2823
364
365
371
372
382
383
384
385
391
494
394
2654
395
398
399
1971
400
1086
401
403
405
407
408
1107
410
424
426
427
429
430
431
433
434
439
444
1716
454
456
457
459
460
3098
461
3202
519
467
468
469
473
474
475
476
480
482
1468
483
485
486
865
647
722
793
489
495
496
500
2111
503
506
1612
512
513
514
521
522
523
524
525
526
527
528
529
531
4573
532
533
534
535
536
537
539
540
541
543
544
545
547
548
900
549
552
553
555
556
559
560
561
563
564
568
570
572
1022
574
575
576
577
578
579
580
581
1708
587
589
590
591
592
595
919
596
597
598
599
600
601
602
603
605
606
607
609
611
612
614
615
616
620
621
626
1062
628
629
630
632
633
634
636
4425
637
639
4078
641
642
645
646
648
650
652
654
655
656
1738
657
660
666
667
668
677
679
683
684
685
687
3061
2701
688
689
690
692
696
697
699
700
702
703
704
705
706
707
708
709
710
1416
711
712
3075
715
716
718
719
3875
721
935
723
724
726
727
729
731
733
741
742
753
743
744
745
746
747
748
750
751
752
754
755
756
757
758
759
760
761
762
764
765
766
767
769
773
774
775
776
777
780
781
1793
784
785
786
790
791
792
1329
794
797
802
5144
2597
805
806
807
808
809
810
812
814
815
818
819
820
821
822
824
825
826
827
830
833
836
837
839
842
843
845
846
1096
847
850
852
853
854
855
856
857
858
859
860
863
864
867
868
869
3931
871
872
874
877
878
880
881
882
883
884
885
886
887
888
889
1575
892
893
894
895
896
897
902
903
905
906
908
909
1010
2573
910
911
912
913
914
915
918
920
921
922
923
924
925
926
927
928
929
930
932
933
936
938
939
943
947
948
950
956
957
958
959
960
961
963
964
1512
973
974
2238
3028
979
980
981
983
984
989
3375
990
991
995
1003
1007
1011
1014
1015
1016
1017
1027
1028
1031
1032
1037
1038
1150
1039
1042
1043
1045
1048
1056
1057
1060
1061
1066
1068
1072
1073
1078
1080
1081
1083
1089
3285
1090
1093
1094
1099
1101
1102
1103
1105
1108
1109
1113
1114
1115
1116
1124
1128
1130
1131
1132
1134
1563
1136
1138
1140
1141
1142
1143
1144
1145
1147
1527
1149
3021
1151
1153
1154
1156
1157
1159
1162
1165
1166
1167
1171
1181
1186
1210
1218
1748
1660
1225
1227
1228
1232
3348
1237
1239
1242
1243
1244
1246
1252
1261
1265
1269
1270
1272
1273
1274
1279
1280
1286
1290
1293
1298
1299
1300
1302
1305
1306
1318
1319
1320
1322
1325
3107
1326
1327
1328
1736
3439
1331
1336
1339
1340
1342
1344
1348
1349
1353
1358
1359
1360
1361
1366
1369
1371
1373
1374
1375
1378
1379
1381
1385
1386
1387
1390
1391
1392
1393
1394
1396
1397
1398
1399
1400
1401
1403
1407
1408
1409
1411
1415
1418
1420
1426
1428
1431
1435
1442
1444
1452
1455
1457
4161
1460
1461
1464
1466
1467
1471
1713
1472
1473
1474
1475
1477
1479
1481
1484
1485
1488
1491
1493
1497
1498
1499
1502
1505
1506
1507
2747
1508
1509
3381
1517
1519
1522
2393
1523
1525
1526
2880
1528
1529
1531
1533
1535
1536
1537
1540
1542
1543
1545
1546
1548
1557
1558
1569
1573
1574
1580
1581
1583
1589
1590
1592
1593
1594
1597
1598
1600
2127
1602
1604
3607
1606
1616
1642
1619
1623
1626
1631
1632
2729
1634
1643
1644
1645
1646
3747
1648
1650
1651
1653
1663
1666
1667
1671
1672
1674
1678
1685
1709
1686
1688
2428
1693
1697
1699
1700
1701
1702
1707
1712
1714
1715
1718
1719
1722
1739
1742
1744
1745
1746
1749
1750
1754
2446
1758
1759
1762
1764
1765
1767
1772
1773
1779
1782
1789
1790
1791
1795
1802
1803
1804
1811
1813
1815
1816
1817
1819
1823
1826
1830
1831
1833
1834
1836
1837
1843
1844
1858
1864
1870
1871
1884
1886
1889
2420
1890
1894
1899
1900
1902
1903
1908
1909
1915
1916
1918
1919
1925
1926
2667
1929
1931
1933
2680
1936
1941
1942
1943
1946
1947
1948
1949
1951
1952
1953
1954
3329
1955
1960
1961
1962
1963
1964
1965
1966
1967
1969
1970
1972
1973
1974
1975
1976
1977
1979
1980
1981
1982
1983
1986
1987
1988
1990
1991
1992
1993
1994
3420
1995
1997
1998
3567
1999
2001
2003
2004
2005
2006
2008
2009
2011
2012
2013
2014
2015
2017
2019
2020
2022
2024
2025
2027
2030
2031
2032
2033
2035
2036
2038
2041
2042
2043
2044
2045
2046
2049
2053
2056
2057
2059
2060
2061
3421
2064
2065
2066
2069
2070
2073
2076
2081
2083
2084
2085
2087
2090
2091
2094
2095
2097
2100
2108
2109
2110
2115
2116
2117
2118
2119
2123
2135
2137
2139
2636
2148
2153
2154
2156
2175
2178
2179
2180
2199
2211
2212
2213
2214
2217
2218
2220
2221
2223
2226
2229
2231
2234
2543
2237
2240
2251
2252
2537
2255
3838
2263
2266
2267
2270
2275
2278
2279
2281
2282
2291
2292
2295
2296
2297
2298
2307
2308
2312
2314
2321
2324
2328
2329
2331
2333
2339
2342
2346
2350
2351
2352
2358
2359
2361
2363
2364
2365
2367
2369
2370
2373
2375
2384
2385
2386
2419
2388
2389
2394
2401
2403
2408
2409
2410
2412
2413
2415
2416
2417
2421
2422
2424
2425
2427
2429
2430
2431
2432
2437
2440
2441
2444
2445
2448
2449
2450
2451
2452
2455
2457
2461
2467
2468
2469
2475
2479
2485
2488
2490
2494
2497
2500
2503
2505
2506
2508
2513
2517
2518
2521
2522
2523
2524
2525
2536
2540
2542
4407
2545
2550
2551
2553
2554
2558
2559
2560
2561
2562
2563
2569
2577
2579
2580
2581
2586
2590
2591
2595
2600
2604
2605
2606
2607
2609
2616
2617
2621
2622
2623
2624
2625
2626
2627
2629
2630
2632
2633
2638
2642
2643
2648
2653
2663
2669
2672
2675
2679
2682
2683
2685
2686
2687
2688
2690
2692
2693
2696
2700
2705
2712
2716
2719
2723
2724
2726
2731
2732
2733
2736
2737
2738
2741
2742
2745
2746
3515
2750
2751
2752
2753
2754
2755
2757
2759
2760
2763
2765
2766
2767
2768
2769
2770
2771
2772
2773
2774
2775
2779
2780
2781
2785
2787
2790
2793
2795
2797
2798
2800
2806
2807
2808
2809
2811
2812
2814
2816
2819
2822
2824
2830
2833
2837
2838
2855
2864
2867
2868
2869
2872
2873
2874
2879
2882
2884
2891
2893
2894
2895
2897
2901
2904
2905
2906
2907
2916
2924
2925
2926
2927
2929
2930
2935
2937
2938
2941
2942
2959
2963
2966
2967
2976
2977
2981
2983
2987
2988
2989
2996
2998
3000
3001
3004
3005
3006
3007
3008
3017
3019
3027
3029
3032
3035
3036
3037
3039
3041
3043
3048
3049
3051
3053
3056
3057
3058
3059
3066
3067
3068
3069
3070
3071
3072
3073
3076
3078
3080
3106
3082
3084
3086
3088
3089
3090
3093
3097
3100
3114
3118
3126
3134
3135
3136
3138
3139
3146
3147
3160
3161
3162
3164
3166
3168
3169
3171
3172
3174
3176
3178
3181
3182
3183
3184
3186
3187
3191
3192
3197
3199
3203
3207
3215
3216
3220
3221
3222
3224
3226
3227
3230
3232
3233
3235
3237
3238
3239
3240
3242
3243
3244
3245
3246
3247
3248
3249
3250
3254
3258
3261
3267
3270
3272
3274
3275
3276
3284
3292
3294
3299
3303
3308
3311
3314
3315
3318
3325
3327
3331
3332
3333
3335
3338
3340
3341
3350
3352
3355
3356
3360
3361
3363
3365
3366
3367
3369
3371
3373
3374
3376
3377
3379
3380
3383
3385
3386
3388
3391
3392
3394
3395
3396
3397
3399
3401
3403
3406
3407
3408
3409
3411
3412
3413
3414
3415
3417
3422
3426
3429
3433
3437
3441
3443
3450
3452
3456
3460
3461
3468
3469
3470
3474
3484
3486
3489
3490
3492
3493
3494
3495
3497
3499
3500
3501
3503
3507
3508
3511
3512
3517
3519
3520
3523
4038
3528
3530
3531
3532
3535
3536
3537
3541
3542
3549
3551
3552
3553
3554
3557
3558
3561
3562
3563
3564
3566
3580
3584
3586
4507
3587
3597
3598
3601
3602
3604
3608
3609
3610
3611
3613
3615
3616
3617
3618
3619
3620
3621
3623
3624
3625
3626
3627
3628
3629
3630
3632
3633
3635
3636
3638
3642
3643
3645
3646
3648
3649
3650
3652
3653
3654
3655
3658
3659
3660
3661
3662
3663
3665
3668
3669
3671
3672
3673
3675
3676
3677
3678
3679
3680
3682
3684
3685
3686
3687
3688
3689
3690
3691
3694
3695
3696
3698
3699
3701
3702
3705
3707
3709
3710
3711
3712
3713
3714
3715
3717
3719
3720
3721
3722
3724
3725
3726
3727
3728
3729
3731
3732
3735
3736
3739
3742
3743
3744
3745
3746
3748
3749
3751
3752
3753
3755
3757
3758
3759
3760
3761
3762
3763
3765
3766
3767
3768
3770
3772
3774
3775
3778
3779
3780
3781
3782
3783
3784
3785
3787
3788
3790
3791
3792
3793
3794
3795
3796
3797
3799
3802
3806
3807
3808
3810
3813
3814
3815
3816
3819
3820
3821
3822
3823
3824
3825
3826
3827
3828
3829
3830
3831
3833
3834
3836
3837
3839
3840
3842
3844
3846
3847
3849
3850
3851
3852
3857
3858
3860
3861
3863
3864
3865
3866
3868
3869
3870
3872
3874
3877
3878
3879
3880
3882
3884
3885
3886
3887
3888
3889
3890
3896
3897
3898
3902
3903
3907
3909
3910
3912
3913
3914
3917
3918
3919
3920
3921
3922
3924
3925
3926
3927
3928
3930
3932
3934
3935
3936
3937
3938
3939
3941
3942
3943
3944
3945
3946
3947
3950
3951
3952
3953
3954
3955
3957
3959
3960
3961
3962
3963
3964
3965
3966
3967
3968
3969
3972
3973
3974
3975
3976
3979
3981
3982
3984
3985
3986
3990
3991
3992
3993
3995
5111
3996
3997
3998
3999
4000
4001
4002
4004
4005
4006
4008
4009
4010
4011
4012
4014
4015
4016
4017
4020
4021
4022
4023
4024
4025
4026
4027
4029
4031
4032
4033
4034
4037
4040
4041
4043
4044
4046
4047
4049
4050
4051
4052
4054
4056
4057
4060
4061
4062
4064
4067
4072
4073
4074
4079
4082
4086
4087
4088
4090
4091
4094
4095
4096
4097
4098
4101
4105
4106
4107
4109
4110
4112
4114
4116
4118
4119
4120
4121
4133
4135
4136
4141
4143
4144
4148
4149
4150
4151
4155
4160
4164
4165
4166
4167
4170
4173
4174
4180
4183
4184
4185
4188
4189
4190
4194
4201
4203
4204
4206
4207
4214
4222
4225
4226
4229
4230
4234
4238
4239
4240
4241
4242
4243
4244
4245
4246
4247
4248
4249
4250
4251
4252
4253
4254
4255
4256
4257
4258
4259
4260
4261
4262
4263
4264
4265
4266
4268
4269
4271
4272
4273
4274
4275
4276
4277
4279
4280
4281
4282
4283
4284
4285
4286
4288
4289
4290
4291
4293
4294
4295
4296
4297
4298
4300
4301
4302
4303
4304
4305
4307
4308
4309
4310
4311
4312
4313
4314
4315
4316
4317
4318
4319
4320
4321
4322
4323
4324
4325
4326
4327
4329
4330
4331
4333
4334
4335
4336
4337
4338
4339
4340
4341
4342
4343
4344
4345
4346
4347
4348
4349
4350
4352
4353
4354
4355
4356
4357
4358
4359
4360
4361
4362
4364
4365
4366
4368
4369
4370
4372
4373
4376
4377
4378
4379
4380
4381
4382
4383
4384
4385
4386
4388
4389
4391
4392
4393
4395
4396
4397
4398
4399
4400
4401
4402
4404
4409
4410
4411
4412
4413
4414
4415
4416
4417
4418
4419
4420
4422
4423
4424
4429
4430
4431
4432
4433
4434
4435
4437
4438
4439
4440
4441
4442
4443
4446
4448
4451
4454
4457
4461
4463
4466
4470
4473
4476
4477
4478
4480
4481
4482
4486
4487
4490
4494
4495
4496
4498
4499
4500
4501
4502
4504
4505
4506
4509
4510
4511
4513
4515
4516
4517
4518
4519
4520
4521
4522
4523
4525
4526
4527
4529
4530
4531
4532
4534
4536
4537
4541
4543
4544
4545
4546
4547
4548
4549
4550
4551
4552
4555
4556
4557
4559
4560
4561
4562
4563
4564
4567
4568
4569
4571
4575
4576
4578
4579
4582
4583
4584
4585
4587
4590
4592
4593
4594
4598
4599
4600
4602
4604
4606
4607
4609
4612
4613
4616
4618
4620
4621
4622
4624
4626
4631
4632
4634
4635
4637
4638
4639
4643
4644
4645
4646
4647
4648
4650
4651
4652
4653
4655
4657
4659
4661
4668
4663
4666
4669
4670
4671
4673
4674
4676
4677
4679
4680
4681
4682
4683
4684
4686
4687
4689
4690
4691
4693
4694
4695
4696
4697
4699
4701
4704
4705
4707
4708
4714
4715
4717
4719
4723
4724
4727
4730
4732
4734
4735
4739
4741
4742
4744
4746
4748
4749
4753
4761
4763
4764
4765
4766
4767
4769
4773
4775
4776
4777
4784
4785
4788
4789
4791
4793
4794
4796
4798
4799
4802
4803
4804
4806
4807
4808
4809
4810
4811
4812
4813
4814
4815
4816
4817
4818
4819
4821
4822
4823
4824
4825
4826
4827
4831
4832
4834
4835
4836
4837
4839
4840
4841
4842
4844
4845
4847
4849
4850
4852
4854
4857
4858
4859
4860
4862
4864
4866
4867
4868
4869
4871
4875
4876
4877
4878
4879
4880
4881
4884
4886
4889
4890
4893
4894
4895
4896
4898
4899
4900
4901
4902
4905
4906
4907
4908
4910
4911
4912
4914
4915
4918
4923
4925
4926
4928
4929
4930
4933
4934
4936
4937
4938
4942
4943
4944
4945
4948
4950
4951
4953
4954
4956
4958
4959
4961
4962
4967
4968
4969
4971
4972
4975
4976
4977
4979
4980
4982
4987
4989
4991
4993
4994
4995
4998
4999
5001
5002
5003
5004
5005
5006
5008
5009
5012
5013
5014
5016
5017
5018
5021
5022
5023
5024
5026
5027
5032
5033
5034
5035
5036
5038
5044
5045
5046
5047
5049
5052
5053
5055
5059
5061
5063
5064
5065
5067
5068
5070
5072
5073
5074
5075
5077
5078
5079
5083
5085
5087
5088
5093
5095
5097
5098
5099
5100
5101
5104
5106
5108
5109
5110
5115
5117
5118
5120
5121
5122
5123
5124
5125
5126
5127
5128
5129
5130
5131
5132
5133
5134
5136
5138
5139
5140
5142
5145
5146
5147
5148
5149
5150
5151
5152
5153
5154
5156
5160
5163
5164
5165
5166
5167
5168
5169
5170
5171
5172
5173
5176
5177
5178
5185
5186
5187
5192
5212
5213
5222
5241
5263
5278
5284
5286
5293
5298
5299
5300
5307
5309
5310
5314
5317
5318
5319
