0
1
2
5
6
92
9
10
73
11
12
13
14
15
16
17
18
19
20
25
26
43
58
37
114
30
31
33
32
34
35
36
38
39
40
41
42
144
44
46
52
55
56
57
59
60
61
62
376
63
64
65
66
67
68
69
70
71
74
75
76
77
79
80
81
82
83
84
85
86
87
88
89
90
91
93
96
97
99
101
102
111
103
104
105
108
109
110
384
112
113
7332
115
117
118
1850
311
121
127
129
130
134
136
138
143
145
146
147
5794
148
5126
150
152
153
154
157
160
2816
4390
164
165
167
168
169
173
174
176
177
178
179
180
181
182
183
186
190
191
192
193
194
200
196
6066
201
202
4561
205
206
207
209
214
215
216
217
218
220
221
223
227
228
229
230
231
232
235
236
237
241
243
244
245
247
250
251
4877
252
254
257
258
259
1566
714
3107
264
265
2409
307
2438
266
267
268
269
271
272
273
274
275
276
277
278
279
280
281
282
285
288
290
293
8755
295
296
297
300
304
305
306
309
313
314
315
317
319
407
322
323
324
328
330
331
332
333
335
338
341
344
6762
3069
345
346
350
352
353
10727
354
356
357
358
365
369
370
371
373
375
377
2404
378
379
385
4226
390
395
398
400
402
404
406
410
411
418
421
423
428
431
433
434
435
436
438
444
445
446
447
448
449
453
456
457
458
459
460
464
465
466
467
475
6596
477
480
486
496
498
500
503
506
508
509
510
3802
511
514
515
516
517
520
521
522
524
531
532
533
536
547
3679
550
554
557
561
754
562
563
564
565
568
569
570
571
573
895
575
577
579
581
582
583
585
586
587
590
591
594
596
600
601
603
606
611
612
615
616
617
621
624
626
630
632
635
636
637
638
639
644
645
647
649
656
658
660
661
662
663
666
1197
667
674
676
682
683
687
688
690
691
695
697
699
700
701
704
708
761
818
8226
717
721
722
723
725
726
729
732
734
735
739
740
4214
741
742
746
748
749
751
9927
753
757
758
764
768
771
776
777
782
784
789
790
791
10042
7661
793
795
1262
807
808
812
815
819
821
825
826
3993
834
838
839
844
848
861
862
864
867
871
872
880
881
884
889
890
2518
4374
2102
892
893
894
899
904
906
907
6131
914
920
942
930
931
934
1470
935
937
5525
943
946
947
949
950
951
952
953
956
959
961
963
964
4497
968
5671
971
972
973
974
975
976
980
981
983
985
995
997
1003
1007
1012
1016
1018
1023
1026
1028
1031
1032
1034
1038
1039
1040
1044
1045
1052
6780
5119
1053
1056
1057
1060
1062
1063
1064
1083
1072
1077
1078
1085
1092
1095
1098
1099
1102
1103
1104
1107
1109
1110
1116
1118
1121
1124
1127
1130
1131
1133
1134
1135
1138
1139
1141
1142
1143
1145
1148
1149
1150
1151
1156
1158
1161
5543
1162
1163
1164
1165
1171
1172
1177
1178
1184
1185
1186
1189
1190
1192
1194
1198
7077
1199
1768
1834
1239
1200
1203
1204
1205
1207
1209
1211
1212
1214
1215
1216
1217
1218
1219
1220
1223
1224
1231
1232
1233
1234
1237
7154
1238
1240
1241
1243
1244
1245
1247
1249
1251
1253
1256
1266
1268
1270
1273
1274
1276
2519
1277
1279
1281
1282
1283
1284
1285
1286
1287
1290
1291
1292
1294
1296
1298
1299
1301
1303
1304
1305
1307
1309
7764
1310
3492
1311
1314
1315
1316
1317
1318
1319
1322
1323
1324
1325
1326
1327
3026
9709
1329
1330
1332
1335
1336
1337
1338
8969
1339
1341
1345
1347
1348
1352
1353
1355
1357
1359
1367
1368
1369
1373
1377
1378
1379
4317
1758
1380
1381
1382
1383
1384
1385
1387
1388
1390
1391
1392
1393
1395
1397
1399
1401
1402
1403
1404
1406
1408
1409
1412
1414
1416
1417
1423
1425
1429
1430
1432
1433
1434
1437
1442
1443
1444
1445
1446
1448
1449
1450
1451
1453
1455
1456
1457
2440
1460
1463
1465
1467
1468
1469
1508
1472
1473
1474
1477
1478
1480
1481
1482
1486
1487
1489
1490
1491
4728
1492
1493
1496
1499
1503
1506
1507
3560
1511
1512
1516
1517
1519
1520
1521
1523
1528
1531
1532
1533
1534
2552
4456
1541
1543
2640
2122
1545
1546
1549
1557
1559
1563
2704
1569
1570
1571
1572
1573
1574
1575
1576
1577
1580
1581
1582
1583
1584
1586
1587
1588
1590
1591
1592
1594
1595
1596
1600
1602
1603
1608
1609
1611
1613
1617
1621
1625
1627
1629
1631
1633
1634
1637
1638
1639
1640
3017
1643
1644
1645
1646
1649
1651
1652
1653
1655
1656
1657
1662
1664
1665
1666
1667
1668
1671
1672
1673
1677
1681
1688
1689
1691
1693
1698
1699
1702
1704
1705
1708
1710
1711
1712
1714
1717
1719
1720
1721
1723
1729
1731
1732
1736
1738
1740
1741
8559
1742
1743
1744
1749
1750
1751
1752
1753
1756
1759
1760
1762
1764
1765
1766
1767
1769
1770
1771
1773
1775
1776
1777
1778
1780
1781
1783
1784
1786
1788
1791
1794
1795
1796
1798
1802
1803
1805
1806
1807
1808
1809
1811
1816
1820
1821
1823
1824
1825
1826
1828
1829
1833
1837
1842
1843
1847
1849
1856
1857
1859
6748
1860
1861
1862
1863
1864
1866
1867
1868
1871
1872
1874
1876
1878
1879
1880
1881
1882
1884
1891
1893
1894
1903
1905
1906
1907
1908
1909
1910
1912
9819
1915
1917
1920
1921
1922
1924
1925
1926
1927
1928
1931
1936
1937
1938
4508
1940
1941
1943
1944
1946
1948
1952
1953
1955
1958
1959
1960
1961
1964
1965
1968
1969
1973
1974
1975
1978
1979
1982
1983
1984
1985
1986
1988
1989
1992
1993
1996
1998
1999
2000
2001
2002
2003
2004
2005
2006
2009
2010
2012
2013
2019
2020
2021
2024
2025
2026
2027
2028
2029
2031
2034
2035
2036
2038
2041
2043
2044
2045
2046
2047
2048
2049
2050
2052
2058
2060
2061
2063
2064
2065
2067
2069
2070
3082
2071
2072
2073
3155
3903
2074
2077
2079
2080
2082
2086
2087
2091
2092
2093
2094
2095
2097
2100
2103
2104
2106
2109
2110
2111
2116
2117
2118
2119
2121
2123
2124
2125
2126
2127
2128
2376
2129
2130
2132
2136
2138
2139
2141
2142
2145
2146
2148
2149
2152
2153
2154
2155
2156
2161
2162
2163
2164
2167
2168
2171
2173
2174
2175
2177
2178
2181
2182
2183
2184
2186
2190
9469
2193
2194
2196
2197
4446
2199
2200
2202
2204
2207
2208
2209
2210
2213
2214
2215
2217
2218
2222
2226
2228
2233
2240
2242
2244
2249
2250
2251
2253
2257
2259
2261
2263
2265
2267
2268
2270
2271
2272
2279
4356
2314
2442
2280
2282
2286
2287
2288
2289
2292
2293
2294
2296
2300
2302
2305
2307
2308
2309
2315
2316
2317
2318
2320
2321
2324
2326
2327
2329
2332
2336
2338
2339
2341
2344
2348
2350
2351
2353
2362
2363
2367
2369
2370
2371
2372
2373
2374
2375
2377
2378
2379
3182
2381
2383
2384
2385
2389
2395
2400
2402
2403
2407
2408
2752
3094
2847
2410
2412
2413
2414
2415
2417
2418
2420
2421
2423
2426
2429
2430
2431
2435
2436
2437
2439
2444
2447
2448
2451
2452
2453
2454
2455
2458
2461
2463
2466
2470
2471
2474
2477
2478
2482
2488
2491
2493
2498
2505
2506
2507
2508
2511
2512
2515
2576
4055
2899
3128
3995
2523
2527
2529
2530
2536
2539
2543
2545
2546
2547
2550
2551
2555
2559
2560
2562
2563
2565
2567
2568
2570
2571
2572
2574
2578
2579
2580
2581
2582
2583
2585
2587
2589
2591
2594
2596
2598
2601
2602
2603
2604
2605
2729
2608
2609
2613
2616
2617
2618
2621
2622
2627
2630
4560
2631
2633
2634
2638
2639
9361
8289
2641
2642
2643
2644
2645
2646
2650
5492
2652
2654
2655
2658
2660
2663
2667
2668
2671
2673
2676
2678
2679
2681
2683
2686
2688
2690
2691
2692
2697
2698
2700
2702
2703
2705
2706
2707
2709
2710
2711
2713
2718
2719
2720
2722
2723
2724
2725
2726
2727
2728
2731
2730
2732
2735
9460
2739
2742
2748
2751
2753
2754
2759
2760
2766
2770
2772
2773
2774
2775
2780
2787
2791
2793
2794
2796
2798
2804
8238
3953
2805
2808
2810
2815
7936
2817
2819
2824
2828
2829
2830
2832
2833
2837
2840
2841
3444
2844
2848
2850
2851
2852
2856
2857
2862
2864
2868
2869
2879
2880
2886
2890
2891
2892
2894
2895
2896
2897
2898
2902
2908
2909
2912
2913
2918
3664
2920
2921
2923
2925
2926
2931
2933
2934
2935
2938
2939
2940
2943
2945
2957
2958
2959
2965
2967
2968
2972
2973
2977
2978
2979
2980
2982
2983
2984
2989
2990
2995
3001
3004
3010
3011
3014
6099
3021
3022
3023
3024
3025
3029
3030
3032
3036
3038
3039
3041
3042
3045
3051
3053
9391
3054
3055
3064
3065
3067
3068
7535
7455
3074
3079
3081
3086
3087
3089
3093
6027
3095
3100
3102
3109
3112
3113
3114
3115
3116
3122
3126
3130
3131
3133
3134
3136
3143
3146
3150
3152
3154
3156
3161
3162
3164
3168
3169
6654
3170
4727
7770
7034
3171
3172
3173
3176
3178
3181
3184
3190
8192
3193
3194
3196
3199
3206
3207
3209
3210
3211
3212
3213
3214
3217
3218
3219
3224
3227
3231
3235
3240
3241
3242
3245
3249
3251
3260
3263
3267
3269
3270
3271
3272
3273
3275
3285
3286
3290
3291
3294
3295
3296
3297
3298
3301
3304
3305
3306
3308
3310
3311
3313
3321
3323
3324
3325
3326
3330
3337
3339
3340
3341
3346
3348
3350
3351
3352
3353
3358
3362
3364
3368
3369
3370
3373
3380
3382
7604
3384
6338
3386
3388
3390
3394
3397
3407
3408
3409
3414
3417
3420
3421
3424
3425
3427
3428
3430
3435
3438
3443
3454
3458
3461
3463
3465
3469
3478
3480
3481
3488
3489
3496
3499
3500
3501
3502
3505
3508
3510
5950
3514
3979
3521
3522
3524
3526
3529
3533
3537
3539
3540
3543
3555
3556
3562
3563
3570
3573
3575
3576
3578
3579
3580
3585
3586
3587
3588
3590
3592
3596
3600
3603
3604
3606
3607
3611
3616
3618
3620
4447
3622
3627
3631
3632
3639
3642
3644
3645
3654
3656
3657
3659
3665
3667
3668
3670
3673
3678
3680
3688
3692
3693
3694
7039
4895
3695
3696
3698
3705
3716
3728
3734
3735
3736
3737
3738
3739
3740
3743
3746
3748
3753
3754
3755
3759
3760
3761
3762
3763
3766
3767
3769
3770
3771
3773
3774
3775
3776
3778
3780
3782
3783
3785
3793
3796
3797
3800
3803
3806
3811
6979
3813
3817
3819
3822
3823
3825
3826
3834
3841
3845
3847
3848
3849
3853
3858
3859
3865
3868
3880
3881
3885
3890
3891
3892
3895
3896
3900
3901
3905
3906
3907
3915
7165
7166
3918
3925
3929
3930
3932
5655
3936
3941
3942
3944
3951
3952
3955
3956
3957
3958
3972
3973
3985
3988
4006
4007
4009
4011
4014
4015
4016
4017
4951
4022
4024
4029
4033
4034
4035
4041
4044
4048
4049
4052
4059
4061
4064
4065
4066
4068
4070
5009
4071
4074
4075
4076
4080
4086
4093
4096
4098
4101
4102
4103
4105
4106
4108
4109
4110
4111
4112
4117
4120
4129
4145
4196
4134
4143
10225
4149
4162
4202
4167
4180
4181
4182
4188
4189
8811
4191
4195
4203
4205
4208
4211
4213
4896
4215
4220
4223
4228
4229
4230
4242
4245
4248
8437
4260
4261
4269
4270
4274
4275
4284
4287
4292
4309
4310
4313
4318
4320
4325
4327
4329
4335
4337
4339
4340
4341
4343
4344
4345
4346
4354
4358
4359
4363
4364
4366
4368
4369
4373
4384
4385
4386
4387
4389
4400
6146
4392
4395
4401
6663
4403
4413
4418
4419
4420
4423
4425
4426
4427
4428
4432
4435
4438
4440
4443
4444
4445
4448
4449
4450
4451
4452
4455
4457
4459
4462
4463
4464
4465
4470
4474
5132
4478
4479
4481
4482
4491
4493
4494
4496
5718
4500
4502
4504
4509
4512
4521
4524
4525
4528
4530
4531
4532
4533
4535
4536
4538
4539
4540
4541
4542
4545
4546
4547
4551
4552
4554
4555
4556
4559
4563
4564
4565
4566
4569
4571
4575
4576
4579
4581
4582
4585
4586
4587
4589
4590
4592
4594
4596
4597
4598
4600
4601
4602
4603
4604
4606
4607
4611
4615
4616
4619
4620
4621
4624
4627
4628
4629
4631
4632
4636
4638
4640
4641
4642
4644
4645
4647
4648
4649
4653
4657
4661
4662
4666
4670
4672
4676
4677
4678
4680
4681
4683
4684
4685
4686
4689
4690
4691
4692
4694
4698
4699
4701
4703
4704
4705
4710
4712
4715
4716
4719
4720
4985
4721
4723
4730
4735
4736
4737
5018
4741
4742
4744
4745
4747
4748
4752
4756
4758
4759
4762
4763
4764
4765
4766
4767
4769
4771
4773
4776
4779
4782
4783
4784
4785
4788
4789
4790
4791
4792
4795
4799
4801
4805
4807
8106
4812
4814
4815
4816
4819
4822
4823
4824
4825
4828
4831
4835
4836
4838
4841
4842
4843
4845
4850
4851
4852
4854
4856
4860
4861
4866
4868
4870
4872
4873
4874
8681
5781
4879
4882
4883
4884
4886
4888
5012
4897
4903
4905
4940
4915
4918
4919
4926
4928
4930
4931
4932
4933
4935
4937
4938
4939
4943
4945
5096
4950
4952
4953
5651
4955
4957
4959
4962
4963
4965
4966
4967
4969
4970
4971
4972
4976
4978
4980
4982
4983
4984
4989
4991
4992
4996
4997
4998
4999
5000
5001
5005
5006
5007
5010
5011
5013
5015
5019
5021
5022
5024
5025
5028
5029
5031
5032
5038
5040
5045
5046
5050
5052
5054
5116
5097
5055
5056
5059
5060
5061
5062
5063
5066
5067
5068
5070
5071
5075
5077
5078
5081
5084
5086
5088
5089
5091
5095
5098
5103
5105
5107
5108
5112
5113
5114
7322
5118
5120
6889
5122
5123
5124
5125
5127
5128
5129
5130
5131
5133
5134
5138
5139
5140
5141
5142
5143
5145
5146
5147
5150
8259
5151
8099
5152
5153
5154
5156
5157
5159
5161
5162
5163
5164
5165
5166
5167
5168
5169
5170
5172
5176
5178
5179
5181
5182
5183
5184
5185
5186
5187
5189
5192
5193
5195
5198
5202
5204
5205
5207
5208
5209
5211
5212
5214
5224
5228
5229
5230
5231
5233
5235
5236
5237
5238
5240
5242
5243
5244
5245
5247
5249
5252
5289
5253
5256
5257
5258
5262
5265
5266
5267
5270
5273
5274
5276
5277
5278
5279
5280
5282
9153
7331
5291
5295
5299
5303
5304
5307
5308
5309
5312
5314
5317
5321
5323
5326
5335
5336
5342
5345
5347
5349
5350
5358
5359
5360
5361
5362
5363
5364
5365
5367
5368
5369
5370
5374
5378
5380
5381
5383
5390
5391
5392
5393
5395
5399
5405
5406
5409
5410
5411
5415
5419
5420
5421
5423
5424
5425
5428
5430
5431
5432
5433
5437
5440
5441
5442
5446
5448
5449
5451
5452
5453
5456
5458
5459
5461
5463
5465
5474
5478
5479
5481
5482
5484
5485
5486
5489
5490
5729
5626
5494
5495
5496
5497
5498
5500
5502
5508
5509
5510
5511
5512
5515
5516
5517
5518
5519
5520
5521
5524
5526
5527
5528
5532
5533
5534
5535
5536
5537
5541
5542
5544
5545
5546
5547
5548
5549
5550
5551
5552
5553
5554
5556
5557
5558
5559
5561
5562
5563
5566
5567
5568
5573
5574
5575
5578
5579
5580
5581
5582
5583
5584
5586
5587
5588
5589
5590
5591
5593
5596
5597
5600
5601
5602
5603
5605
5606
5609
5611
5612
5613
5614
5616
5617
5618
5619
5620
5621
5622
5625
5628
5630
5632
5633
5635
5636
5637
5638
5643
5644
5646
5647
5650
10249
5659
5656
5662
5664
5665
5670
5672
5678
5680
5683
5685
5687
5694
5695
5696
5697
5698
5700
5702
5704
5706
5707
5710
5712
5713
5717
5720
5722
5724
7987
5726
5727
5728
5730
5733
5734
5736
5739
5740
5741
5743
5745
5747
5749
5750
5751
5753
5754
5758
5759
5760
5761
5768
5769
5770
5773
5774
5775
5776
5778
5782
5783
5788
5793
5795
5796
5798
5800
5801
5804
5806
5807
5809
5810
5811
5812
5814
5817
5821
5822
5827
5829
5832
5837
5839
5840
5842
5847
5848
5850
5851
5852
5854
5855
5856
5857
5859
5860
5861
5866
5868
5869
5870
5873
5874
5875
5876
5877
5882
5884
5885
5886
5887
5889
5891
5892
5893
5894
5896
5898
5900
5901
5903
5904
5905
5907
5908
5912
5915
5916
5917
5921
5923
5924
5928
5929
5931
5932
5934
5935
5936
5938
5944
5945
5946
5947
5951
5955
5958
5960
5961
5963
5964
5966
5968
5969
5970
5971
5972
5974
5979
5980
5981
5982
5983
5988
9351
5989
5990
5992
5997
5998
5999
6000
6042
6007
6008
6009
6012
6013
6014
6017
6018
6019
6021
6023
6024
6025
6028
6030
6033
6034
6036
6037
6040
6041
6043
6044
6045
6046
7701
6047
6048
6049
6050
6051
6052
6053
6054
6056
6057
6058
6061
6062
6064
6068
6069
6070
6071
6072
6073
6074
6075
6076
6078
6079
6083
6085
6086
6087
6089
6090
6091
6094
6097
6100
6102
6103
6104
6105
6106
6107
6108
6109
6110
6111
6112
6114
6116
6118
6119
6120
6121
6123
6124
6126
6128
6129
6133
6134
6136
6137
6138
6139
6140
6142
6147
6149
6150
6151
6154
6158
6159
6160
6161
6164
6165
6166
6167
6168
6172
6176
6177
6178
6180
6183
6185
6186
6187
6188
6191
6192
6194
6196
6198
9267
6204
6205
6206
6207
6209
6210
6215
6216
6217
6218
6219
6220
6221
6224
6225
6227
6228
6230
6231
6232
6235
6238
6240
6242
6245
6246
6247
6249
6250
6254
6255
6256
6257
6258
6259
6260
6262
6264
6265
6266
6273
6275
6278
6279
6280
6281
6283
6284
6288
6289
6291
6292
6293
6294
6295
6298
6302
6303
6305
6306
6859
6309
6311
6312
6316
6320
6324
6325
6327
6328
6330
6332
6334
6337
6340
6341
6344
6345
6347
6351
6352
6359
6361
6362
6363
6364
6365
6367
6369
6371
6374
6376
6378
6379
6382
6383
6384
6388
6389
6391
6393
6396
6397
6402
6403
6405
6406
6410
6415
6421
6423
6427
6428
6429
6431
6432
6434
6435
6437
6438
6442
6444
6446
6447
6448
6450
6451
6452
6455
6456
6457
6459
6461
6463
6464
6465
6467
6468
6469
6471
6472
6473
6474
6475
6476
6477
6478
6479
6480
6482
6483
6484
6485
6486
6487
6488
6489
6490
6492
6494
6495
6496
6497
6501
6502
7386
6504
6506
6507
6509
6510
6512
6516
6517
6519
6523
6525
6526
6528
6529
6531
6534
6536
6537
6540
6541
6545
6547
6548
6550
6552
6557
6559
6561
6563
6566
6569
6603
6570
6572
6573
6575
6576
6577
6578
6579
6580
6582
6584
6585
6587
6590
6593
6599
6601
6606
6608
6610
6612
6615
6616
6618
6619
9860
6621
6622
6623
6626
6632
6633
6635
6637
6638
6639
6642
6644
6646
6647
6648
6651
6653
7199
6657
6659
6661
6664
6666
6668
6669
6671
6673
6677
6679
6680
6681
6682
6685
6689
6690
6691
6694
6698
6708
6709
6711
6712
6713
6717
6722
6724
6733
6734
6735
6737
6745
6746
6749
6751
6752
6754
6755
6756
6758
6760
6763
6769
6772
6775
6776
6777
6779
6782
6785
6786
6788
6789
6791
6794
6795
6796
6797
6799
6800
6801
6802
6803
6808
6810
6811
6814
6815
6817
6819
6820
6821
6823
6824
6825
6826
6829
6830
6831
6832
6834
6835
6836
6837
6838
6840
6842
6844
6845
6846
6847
6848
6850
6851
6852
6856
6857
6860
6863
6865
6866
6867
6870
6871
6873
6874
6875
6877
6878
6879
6880
6881
6882
6883
6886
6888
6890
6891
6892
6895
6896
6898
6900
6901
6902
6903
6905
6907
6908
6910
6911
6912
6913
6914
6915
6916
6917
6918
6919
6920
6921
6922
6925
6926
6927
6928
6929
6930
6931
6933
6934
6935
6936
6938
6940
6941
6942
6943
6944
6945
6946
6948
6949
6950
6951
6952
6953
6955
6958
6959
6960
6961
6962
6964
6965
6966
6967
6968
6969
6970
6971
6972
6973
6974
6977
6978
6980
6982
6983
6984
6985
6987
6988
6989
6991
6992
6993
6996
6997
6999
7001
7004
7005
7006
7007
7008
7010
7011
7012
7016
7017
7018
7019
7020
7021
7023
7024
7025
7026
7028
7029
7030
7032
7260
7033
7035
7038
7041
7042
7044
7057
7062
7063
7069
7071
7072
7073
7074
7076
7078
7079
7081
7085
7086
7089
7094
7096
7099
7101
7102
7105
7107
7108
7109
7111
7113
7115
7116
7119
7120
7121
7122
7124
7125
7126
7127
7130
7133
7134
7139
7142
7143
7144
7147
7152
7156
7159
7160
7162
7163
7168
7169
7170
7172
7173
7174
7177
7179
7181
7183
7185
7186
7187
7188
7189
7190
7192
7195
7198
7202
7212
7213
7222
7223
7228
7229
7235
7238
7246
7248
7261
7262
7265
7266
7267
7268
7273
7280
7281
7282
7284
7287
7288
7294
7299
7306
7307
7310
7312
7317
7319
7320
7323
7325
7326
7327
7329
7335
7336
7337
7338
7341
7342
7344
7345
7346
7347
7348
7349
7350
7352
7353
7354
7356
7357
7358
7362
7363
7364
7370
7372
7373
7374
7380
7381
7383
7384
7389
7391
7395
7403
7404
7406
7407
7409
7410
7414
7415
7417
7419
7420
7421
7422
7425
7426
7428
7429
7430
7432
7434
7436
7437
7441
7443
7447
7451
7454
7456
7457
7459
7460
7461
7462
7464
7465
7471
7472
7474
7476
7478
7479
7480
7486
7487
7491
7493
7502
7503
7509
7511
7515
7516
7518
7519
7521
7529
7530
7541
7543
7547
7549
7555
7556
7558
7559
7560
7567
7568
7569
7571
7573
7575
7579
7581
7583
7584
7586
7587
7591
7592
7594
7595
7596
7597
7599
7601
7602
7605
7607
7608
7609
7616
7618
7619
7620
7623
7624
7626
8611
7629
7630
7633
7635
7636
7638
7639
7641
7642
7645
7646
7647
7649
7652
7653
7654
7657
7658
7659
7774
7660
7663
7665
7666
7668
7669
7671
7672
7673
7674
7677
7678
7679
7680
7681
7682
7684
7685
7687
7688
7689
7691
7692
7693
7694
7697
7700
7702
7705
7706
7707
7709
7710
7711
7717
7719
7721
7722
7723
7725
7726
7727
7730
7732
7733
7734
7736
7737
7738
7739
7742
7743
7747
7749
7750
7751
7752
7756
7757
7760
7761
7766
7768
7769
7771
7773
7775
7777
7778
7781
7782
7783
7785
7786
7789
7791
7792
7795
7796
7797
7798
7801
7802
7805
7806
7807
7808
7809
7810
7811
7812
7814
7816
7817
7819
7821
7824
7825
7826
7827
7829
7830
7833
7835
7836
7838
7839
7841
7843
7844
7845
7846
7847
7848
7850
7851
7852
7853
7854
7857
7858
7861
7863
7864
7866
7867
7872
7873
7877
7878
7881
7882
7883
7884
7885
7886
7887
7889
7890
7891
7893
7894
7895
7896
7897
7898
7899
7900
7901
7903
7904
7905
7907
7908
7909
7910
7911
7912
7913
7916
7918
7919
7921
7922
7923
7925
7927
7928
7934
7935
7938
7941
7944
7949
7950
7952
7953
7955
7958
7963
7964
7966
7968
7971
7972
7973
7977
7979
7980
7981
7983
7984
7985
7988
7989
7990
7991
7992
7993
7994
7995
7999
8000
8001
8002
8004
8006
8007
8016
8017
8019
8021
8022
8024
8025
8026
8027
8029
8030
8031
8036
8037
8038
8039
8042
8045
8336
8046
8047
8048
8049
8052
8053
8054
8055
8056
8057
8058
8061
8064
8065
8069
8072
8073
8074
8075
8076
8077
8079
8080
8081
8082
8083
8084
8086
8088
8090
8091
8092
8093
8094
8095
8097
8098
8100
8101
8102
8103
8112
8113
8114
8116
8117
8118
8124
8126
8127
8129
8130
8131
8132
8133
8135
8136
8137
8140
8142
8145
8147
8148
8150
8151
8155
8160
8161
8162
8163
8164
8166
8167
8169
8174
8175
8178
8179
8182
8184
8187
8188
8190
8191
8196
8197
8201
8207
8208
8209
8210
8211
8214
8215
8216
8217
8219
8222
8223
8224
8225
8229
8230
8231
8232
8234
8235
8236
8239
8242
8243
8244
8245
8247
8250
8251
8253
8255
8256
8257
8263
8265
8267
8268
8272
8274
8277
8282
8283
8284
8287
8288
8290
8294
8295
8297
8300
8303
8304
8307
8309
8311
8313
8314
8315
8317
8318
8320
8321
8325
8327
8328
8329
8330
8334
9808
8337
8343
8344
8345
8347
8349
8350
8351
8352
8353
8356
8362
8363
8366
8368
8369
8372
8376
8379
8380
8383
8386
8387
8388
8389
8395
8396
8397
8399
8400
8401
8405
8406
8407
8410
8411
8412
8413
8414
8415
8416
8417
8418
8420
8421
8422
8424
8425
8427
8429
8431
8432
8435
8436
8439
8442
8443
8444
8452
8453
8454
8457
8459
8461
8463
8464
8465
8466
8467
8469
8470
8471
8474
8475
8478
8479
8481
8482
8483
8484
8486
8487
8488
8489
8490
8491
8492
8494
8496
8497
8498
8499
8500
8501
8503
8504
8508
8510
8511
8513
8514
8515
8517
8520
8521
8522
8524
8525
8526
8527
8528
8531
8532
8533
8534
8535
8536
8538
8541
8543
8546
8547
8550
8551
8553
8555
8558
8562
8566
8568
8570
8572
8573
8575
8576
8578
8579
8580
8583
8585
8590
8591
8592
8594
8595
8596
8597
8598
8600
8601
8602
8603
8606
8608
8610
8613
8614
8615
8617
8618
8620
8624
8627
8629
8630
8633
8636
8638
8644
8647
8649
8650
8659
8661
8662
8663
8666
8668
8669
8670
8671
8672
8675
8676
8677
8678
8680
8682
8683
8684
8685
8686
8688
8690
8693
8695
8696
8697
8698
8699
8701
8702
8703
8704
8705
8707
8708
8711
8713
8714
8720
8721
8724
8725
8727
8729
8731
8732
8734
8735
8736
8737
8738
8740
8743
8744
8746
8750
8751
8753
8754
8760
8761
8762
8763
8766
8768
8769
8770
8771
8774
8776
8779
8782
8783
8784
8787
8793
8795
8799
8800
8801
8805
8808
8812
8814
8815
8817
8818
8820
8824
8825
8826
8828
8831
8834
8835
8839
8840
8841
8843
8846
8854
8857
8858
8859
8860
8861
8862
8863
8868
8870
8871
8872
8875
8876
8878
8879
8880
8881
8883
8884
8885
8886
8888
8891
8894
8897
8899
8901
8907
8909
8912
8913
8918
8921
8922
8928
8930
8932
8933
8935
8936
8938
8939
8940
8945
8950
8951
8952
8953
8956
8958
8959
8960
8961
8963
8965
8966
8970
8976
8977
8978
8981
8982
8983
8984
8986
8987
8988
8989
8990
8992
8995
8996
8997
9001
9007
9008
9009
9012
9013
9016
9017
9018
9020
9022
9025
9030
9032
9035
9036
9037
9042
9043
9046
9049
9050
9055
9056
9058
9059
9061
9063
9065
9067
9069
9072
9073
9074
9075
9078
9080
9082
9084
9085
9086
9088
9090
9092
9096
9098
9100
9101
9103
9104
9105
9106
9107
9108
9115
9117
9119
9124
9125
9128
9129
9130
9131
9134
9136
9144
9145
9150
9151
9152
9155
9156
9157
9162
9169
9170
9172
9173
9175
9177
9179
9180
9182
9183
9185
9191
9194
9198
9199
9204
9205
9206
9207
9208
9209
9215
9217
9226
9233
9234
9235
9242
9243
9248
9250
9252
9253
9254
9256
9258
9260
9261
9262
9270
9273
9274
9275
9276
9278
9282
9283
9286
9287
9292
9295
9301
9302
9303
9304
9305
9306
9307
9311
9312
9314
9316
9317
9322
9326
9327
9329
9334
9342
9343
9344
9348
9352
9355
9356
9362
9369
9373
9378
9379
9382
9383
9387
9388
9389
9390
9393
9398
9399
9403
9404
9407
9410
9411
9412
9413
9416
9421
9424
9425
9426
9428
9429
9430
9433
9434
9440
9441
9442
9443
9447
9448
9453
9458
9459
9461
9463
9465
9466
9655
9472
9473
9474
9476
9478
9480
9481
9484
9487
9488
9490
9491
9493
9498
9500
9501
9502
9504
9506
9507
9508
9514
9516
9517
9518
9519
9521
9522
9523
9527
9528
9534
9535
9538
9539
9541
9543
9547
9552
9554
9556
9559
9560
9561
9563
9565
9567
9568
9569
9570
9572
9573
9576
9577
9579
9581
9584
9589
9590
9591
9594
9597
9598
9599
9606
9607
9610
9636
9639
9640
9641
9644
9647
9648
9649
9651
9653
9654
9658
9659
9660
9663
9667
9669
9670
9671
9674
9675
9676
9677
9684
9686
9689
9691
9692
9694
9696
9698
9701
9705
9707
9708
9710
9712
9713
9714
9715
9716
9719
9721
9722
9724
9725
9727
9728
9729
9730
9731
9732
9734
9735
9736
9740
9741
9745
9747
9750
9753
9754
9755
9757
9758
9760
9762
9771
9773
9776
9777
9779
9780
9787
9788
9791
9794
9797
9799
9802
9805
9807
9895
9812
9818
9822
9823
9826
9829
9830
9834
9838
9843
9844
9846
9847
9849
9850
9853
9855
9856
9858
9859
9861
9862
9863
9866
9869
9870
9871
9873
9874
9877
9879
9880
9882
9884
9890
9891
9892
9893
9894
9903
9904
9907
9908
9910
9911
9912
9913
9919
9920
9921
9923
9924
9925
9929
9936
9941
9942
9943
9944
9947
9948
9950
9951
9952
9954
9957
9961
9963
9968
9973
9974
9980
9982
9983
9985
9988
9989
9992
9993
9996
9997
9999
10003
10006
10008
10009
10011
10014
10015
10017
10018
10021
10022
10023
10031
10032
10033
10035
10036
10037
10039
10043
10045
10047
10049
10050
10051
10054
10055
10057
10060
10064
10068
10069
10071
10073
10074
10077
10078
10079
10081
10082
10085
10086
10088
10089
10094
10098
10101
10107
10108
10111
10113
10114
10118
10121
10122
10125
10126
10127
10128
10129
10133
10136
10137
10141
10145
10149
10153
10155
10157
10158
10160
10161
10162
10163
10166
10171
10172
10179
10181
10182
10185
10187
10188
10189
10193
10194
10195
10198
10199
10200
10201
10202
10204
10205
10208
10209
10210
10211
10213
10214
10215
10218
10221
10222
10223
10224
10228
10229
10230
10232
10233
10234
10236
10238
10240
10241
10242
10243
10244
10245
10250
10251
10252
10253
10376
10254
10255
10256
10257
10260
10262
10264
10265
10266
10268
10271
10275
10276
10277
10278
10279
10281
10283
10284
10287
10289
10290
10291
10292
10295
10296
10297
10298
10299
10300
10301
10303
10304
10305
10306
10312
10315
10316
10317
10318
10322
10325
10326
10327
10330
10331
10332
10336
10337
10338
10339
10340
10341
10342
10344
10346
10348
10349
10350
10351
10352
10353
10354
10356
10357
10358
10360
10361
10363
10364
10365
10366
10367
10368
10369
10370
10371
10374
10377
10378
10379
10381
10383
10384
10385
10387
10388
10390
10391
10395
10396
10397
10398
10399
10402
10403
10404
10405
10406
10414
10417
10418
10419
10420
10421
10422
10423
10425
10426
10427
10428
10429
10430
10432
10435
10436
10437
10439
10443
10445
10446
10448
10452
10453
10454
10459
10464
10465
10466
10467
10468
10469
10470
10472
10473
10474
10475
10476
10477
10478
10479
10480
10482
10485
10486
10488
10489
10492
10493
10494
10495
10497
10499
10501
10504
10506
10507
10509
10510
10511
10516
10517
10518
10520
10521
10522
10524
10525
10526
10527
10529
10530
10531
10532
10533
10534
10535
10537
10538
10539
10540
10541
10542
10543
10544
10545
10546
10547
10550
10551
10552
10553
10555
10556
10557
10558
10559
10560
10564
10565
10566
10568
10569
10572
10573
10574
10576
10577
10578
10579
10580
10581
10583
10584
10585
10586
10587
10588
10589
10590
10591
10592
10593
10594
10595
10596
10598
10599
10600
10601
10602
10603
10604
10605
10606
10607
10608
10609
10610
10611
10612
10613
10615
10616
10617
10618
10619
10620
10621
10622
10623
10624
10625
10627
10628
10629
10630
10631
10633
10634
10636
10637
10639
10640
10641
10643
10647
10648
10649
10650
10651
10653
10654
10655
10656
10660
10662
10665
10669
10670
10671
10672
10673
10675
10676
10677
10678
10679
10680
10681
10682
10683
10684
10685
10686
10688
10690
10691
10692
10693
10695
10696
10699
10700
10701
10704
10705
10706
10707
10708
10710
10711
10713
10716
10717
10719
10721
10724
10725
10726
10728
10729
10730
10731
10732
10733
10734
10735
10736
10737
10738
10739
10743
10744
10745
10746
10748
10749
10751
10970
10752
10753
10755
10757
10758
10759
10760
10762
10763
10764
10766
10768
10769
10771
10772
10773
10774
10775
10776
10777
10778
10779
10780
10781
10782
10784
10785
10786
10788
10789
10790
10791
10792
10793
10794
10795
10797
10798
10799
10800
10802
10804
10806
10807
10809
10811
10813
10815
10816
10817
10818
10819
10820
10821
10824
10826
10827
10828
10829
10835
10837
10838
10845
10846
10847
10848
10850
10851
10852
10857
10858
10859
10862
10863
10866
10867
10869
10872
10873
10874
10875
10877
10879
10880
10882
10883
10884
10885
10887
10890
10891
10892
10894
10897
10900
10904
10905
10908
10919
10921
10925
10927
10928
10929
10930
10932
10938
10940
10942
10943
10946
10947
10948
10949
10950
10956
10958
10959
10962
10963
10965
10966
10968
10972
10973
10974
10976
10977
10978
10979
10981
10988
10992
10995
10996
10998
11000
11001
11002
11003
11011
11012
11015
11017
11018
11021
11023
11024
11025
11030
11031
11032
11033
11035
11037
11038
11039
11040
11041
11042
11043
11044
11045
11047
11048
11049
11050
11051
11052
11053
11055
11057
11058
11059
11060
11061
11068
11069
11070
11072
11074
11075
11076
11077
11078
11080
11082
11084
11085
11086
11087
11088
11091
11092
11093
11095
11100
11101
11104
11105
11106
11107
11108
11110
11113
11115
11116
11117
11118
11122
11125
11126
11127
11133
11135
11137
11138
11143
11144
11147
11153
11157
11158
11159
11160
11161
11164
11167
11168
11169
11170
11172
11173
11175
11177
11182
11184
11186
11189
11193
11194
11195
11206
11207
11209
11210
11211
11212
11213
11214
11216
11218
11220
11222
11223
11226
11227
11228
11229
11230
11232
11234
11235
11236
11237
11238
11239
11240
11242
11243
11247
11248
11249
11250
11251
11252
11253
11254
11255
11256
11257
11258
11259
11260
11261
11262
11263
11264
11265
11266
11267
11268
11269
11270
11271
11274
11275
11277
11278
11279
11280
11281
11282
11283
11284
11285
11286
11287
11288
11289
11290
11291
11292
11295
11296
11297
11298
11300
11301
11302
11305
11306
11309
11310
11313
11317
11318
11320
11321
11322
11323
11325
11326
11327
11328
