2
275
286
1751
4
2530
5
13
16
24
28
25
29
35
36
38
5793
39
40
47
230
236
237
238
1935
239
241
258
259
3605
260
261
263
262
265
700
266
267
361
1525
2823
269
270
273
274
278
285
287
291
292
373
4749
293
294
308
301
302
1188
518
364
1455
982
2167
307
309
342
329
371
310
347
315
316
317
324
1993
325
327
328
331
334
335
338
340
349
352
353
2269
354
355
363
396
2432
686
2417
3993
2717
369
610
370
629
390
377
378
379
381
3459
384
385
732
386
387
2345
391
392
2224
393
3024
1665
1472
3399
397
478
398
401
402
403
404
405
406
407
408
712
409
3259
3039
411
413
414
416
1441
2429
417
418
420
421
422
424
425
426
427
428
429
430
431
432
433
434
435
465
436
4303
437
438
439
441
442
443
444
445
446
447
448
563
449
450
1142
451
452
453
5041
4845
4846
4913
455
456
460
462
464
466
468
469
471
473
474
476
477
4248
480
485
488
489
490
491
492
494
523
495
496
497
3248
2136
500
608
501
502
503
505
506
508
511
512
514
515
4227
2022
516
517
521
522
524
526
527
529
531
1016
533
534
535
538
539
3693
3996
542
543
544
714
3805
546
547
548
549
550
3034
3181
551
552
554
555
556
3809
558
559
561
562
564
565
566
568
571
3145
572
573
1841
574
2742
575
577
578
579
580
582
583
584
585
586
590
656
814
591
592
593
594
595
596
598
600
601
605
606
607
609
613
1087
614
615
617
618
619
623
626
628
630
631
632
635
636
638
639
640
641
642
643
645
650
651
652
2915
654
4449
655
658
659
661
663
664
665
1817
666
668
669
670
671
2661
672
673
674
676
677
678
679
681
2947
2826
1466
682
684
685
687
4804
690
691
692
693
989
694
5112
697
698
5354
3059
699
5703
701
702
703
704
705
706
707
708
709
710
713
715
717
719
720
721
722
725
728
1941
729
730
731
733
736
739
740
741
743
745
746
747
748
752
753
754
755
2539
760
761
763
764
766
767
768
770
771
772
774
775
780
784
787
788
789
790
791
793
794
796
801
802
804
807
1769
809
810
811
813
817
819
820
821
822
823
824
825
826
827
830
832
833
834
835
836
839
840
841
842
846
848
849
850
851
852
853
854
857
859
860
861
862
863
864
866
868
869
873
875
876
877
879
880
881
882
1931
886
889
890
894
1434
897
898
899
900
901
904
905
907
911
912
913
914
915
917
918
919
920
923
924
2613
925
927
928
929
930
932
933
934
935
936
938
939
942
943
944
945
946
947
948
949
950
951
954
955
956
957
958
960
963
964
968
969
970
971
972
973
975
976
977
2622
978
979
981
986
988
990
2953
991
992
994
997
998
999
1000
1002
1003
1005
1006
1007
1008
1012
1014
1015
5096
1017
1018
1019
1020
1021
1026
1028
1030
1033
1034
1035
1036
1037
1038
1039
1040
1041
1042
1043
1044
1045
1046
1050
1051
1052
1054
1055
1056
1057
1058
1059
1061
1063
2421
1066
4351
1067
1069
1072
1376
1073
1075
1077
1078
1079
1080
1081
1083
1086
1089
1090
1091
1093
1094
1095
1096
1102
1103
1104
1106
1107
1112
1131
1125
1126
1127
1129
1132
1133
1137
1141
1143
1145
1146
1147
1148
1153
1154
1156
1157
1158
1159
1160
1161
1163
1165
1167
1170
1173
1175
1176
1177
1178
1179
1180
1181
1182
1183
1184
1185
1186
2235
1190
1191
3913
1192
1193
1194
1195
1197
1198
1199
1201
1202
1203
1204
1206
1210
1211
1214
1216
1217
1218
1221
1223
1224
1225
1226
1227
1228
1442
1230
4742
1231
1232
1235
1236
1237
1241
1243
1244
1245
1246
1247
1248
1250
1251
1254
1258
1264
1267
1268
1269
1270
1271
1272
1274
1276
1277
1280
1281
1282
1283
1285
1286
1287
1295
1297
1298
1299
1300
1301
1302
1303
1305
1306
1307
1308
1309
1310
1311
1313
1314
1316
1318
1319
1320
1323
3643
1329
1334
1339
1341
1342
1585
1343
1346
1347
1349
1350
1356
1360
1361
1366
1367
1368
1369
3747
1373
1375
1378
1379
1383
1384
1385
1387
1388
1389
1392
1395
1396
1398
1400
1402
1403
1409
1410
1413
1414
1415
1815
1419
1420
1421
1426
1428
1432
1435
1438
1440
1443
1446
1448
1451
1458
1459
1460
1461
1462
1463
1467
1469
1471
1473
1474
1475
1486
1500
1503
1504
1505
1506
1515
1518
1519
1524
1527
1537
1538
1540
1544
1591
1546
1552
1553
1555
1559
1562
1566
1572
1576
1578
1579
1582
1583
1587
1588
1589
1590
1594
1601
1602
1603
1605
1608
1614
1616
1621
1622
1623
1627
1634
1635
1637
3921
1638
1643
1648
1649
1651
1653
1654
1655
1656
1659
1661
1664
4345
1667
1670
1672
3317
1673
1674
1680
1684
1685
2880
1690
1695
1700
1701
1705
1706
1711
1713
1714
1715
1717
1718
1719
1720
1723
1724
1726
1727
1732
1734
1735
1736
1738
1740
1741
1742
1745
1747
1748
1750
1752
1756
1757
1758
1760
1764
1765
1768
1773
1775
1776
1777
1779
1783
1788
1791
3148
1797
1798
3829
1805
1809
1810
1811
1818
1822
1823
1829
1831
1836
1840
1843
2663
1844
1848
1849
1851
1862
1867
1873
1877
1879
1880
1881
1884
1885
1892
1893
1894
1897
2555
1898
1899
1901
1903
1904
1906
1909
4155
1914
1916
1919
1920
2141
1922
1928
1930
1932
1933
1936
1937
1938
1943
1947
1948
1949
1950
1951
1952
1953
1954
1956
1974
1979
1983
1994
1997
1998
2002
2916
2005
2009
2010
2012
2013
2015
2021
2028
2029
2030
2031
2032
2033
2034
2037
2040
2041
2046
2048
2054
2055
2058
2060
2061
2063
2065
2066
2067
2070
2071
2072
2073
2074
2078
2079
2081
2086
2087
2088
2092
2096
2098
2101
2102
2103
2109
2113
2114
2121
2123
2125
2127
2128
2131
2133
2134
2135
2140
2142
2143
2145
2146
2155
2156
2161
2168
2171
2173
2175
2176
2177
2194
2195
2198
2199
2201
2202
2206
2208
2215
2216
2217
2246
2219
2223
2226
2230
2233
2234
2236
2239
2241
2243
2313
2244
2245
2247
2251
2255
2259
2260
2262
2263
4318
2267
3008
2270
2271
2272
2273
2276
2277
2278
2279
2280
2281
2282
2284
2285
2287
2288
2289
2290
2291
2293
2294
2297
2298
2299
2300
2301
2303
2304
2305
2307
2308
2309
2310
2312
2314
2315
2316
2318
2320
2321
2322
2323
2325
2328
2330
2333
2334
2342
2343
2346
2347
2348
3616
2349
2350
2351
2353
2358
2361
2362
2363
2365
2366
2367
3305
2371
2373
2374
2378
2379
2380
2382
2383
2384
2385
2387
2388
2389
2392
2393
2394
2395
2401
2402
2403
2404
2407
2408
2409
2410
2415
2416
2419
2420
2770
2422
2423
2424
2425
2428
2430
2433
2436
2438
3531
2443
2446
2453
2460
2464
2465
2466
2467
2468
2470
2472
2474
2479
2482
3332
2483
2485
2486
2566
2487
2488
2493
2494
2497
2499
2501
2733
2504
2505
2509
2510
2511
2512
3105
2516
2523
2524
2525
2526
2527
2532
2533
2535
2541
2543
2544
2545
2546
2547
2548
2549
2553
2554
2558
2559
2560
2562
2563
2564
2568
2570
3072
3474
3506
3411
2571
2572
2573
2575
2576
2579
2581
2585
2587
2589
2596
2597
2602
2604
2605
2612
2615
2617
2618
2619
2621
2624
2625
2628
2629
2631
2632
2633
2635
2636
2639
2642
2644
2645
2646
2649
2653
2654
2656
2657
2658
2659
2660
2665
2666
2668
2671
2672
2673
2674
2675
2677
2678
2679
2682
2684
2687
2689
2690
2694
2696
2698
2700
2701
2702
2703
2706
2710
2712
2713
2715
2718
2719
2720
2722
2724
2725
2726
2727
2734
2728
2736
2737
3856
2738
2739
2740
2743
2749
2751
2752
2755
2756
2757
2758
2760
2761
2764
2765
2768
2771
2773
3392
2774
2778
2780
2781
2782
2783
2784
3121
2785
2786
2787
2788
2793
2794
2796
2799
2801
2802
2803
2899
2804
2805
2806
2807
2808
2810
2811
2812
2813
2814
2815
2816
2818
2819
2820
2824
2827
2829
2830
2831
2832
2833
2835
2840
2841
2843
2844
2845
2847
2850
2853
2854
2855
2856
2858
2859
2861
2862
2863
2864
2870
2871
2872
2873
2879
2881
2882
2883
2884
2887
2889
2890
2891
2892
2893
2894
2895
2896
2897
2898
2901
2902
2904
2907
2909
2912
2914
2917
2921
2922
2924
2925
2927
2929
2933
2934
2938
2939
2940
2942
2944
2946
2949
2952
2954
2955
2957
2960
2961
2962
2965
2966
2967
2969
2974
2975
2976
2977
2978
2980
2984
2987
2988
2989
2993
2994
2995
2996
2998
3000
3001
3004
3005
3006
3007
3011
3012
3013
3016
3017
4875
3018
3020
3025
3026
3028
3029
3030
3031
3032
3036
3037
3038
3040
3041
3044
3046
3048
3050
3051
3052
3055
4634
3057
3058
3063
3066
3067
3068
3069
3073
3074
3076
3078
3079
3083
3085
3096
3097
3098
3099
3102
3104
3109
3112
3113
3124
3126
3128
3130
3131
3134
3135
3136
3137
3140
3144
3147
3150
3152
3156
3157
3161
3164
3165
3166
3167
3169
3170
3171
3172
3173
3174
3175
3176
3177
3179
3180
3184
3189
3191
3194
3195
3196
3199
3200
3204
3205
3206
3207
3210
3211
3217
3220
3221
3223
3228
3229
3231
3235
3236
4427
3237
3239
3244
3247
3249
3250
3254
3258
3261
3262
3274
3279
3280
3282
3283
3285
3286
3291
3295
3306
3309
3314
3316
3318
3323
3328
3329
3330
3338
3341
3343
3348
3350
3353
3354
3357
3360
3363
3369
3371
3378
3379
3380
3381
3382
3384
3385
3386
3387
3389
3391
3393
3396
3397
3398
4198
4373
4214
3402
3407
3408
3409
3412
3414
3417
3421
3422
3423
3424
3426
3427
3429
3430
3431
3432
3434
3436
3437
3438
3441
3442
3445
3446
3447
3448
3452
3453
3456
3457
3458
3460
3461
3463
3466
3467
3468
3470
3472
3475
3476
3481
3482
3483
3485
3486
3487
3488
3489
3490
3491
3492
3493
3495
3497
3498
3499
3500
3502
3504
3505
3507
3508
3509
3510
3511
3512
3514
3515
3517
3518
3520
3521
3522
3523
3524
3525
3527
3529
3530
3534
3535
3538
3539
3540
3541
3542
3544
3545
3546
3547
3551
3552
3554
3557
3558
3559
3560
3561
3563
3567
3568
3569
3570
3571
3572
3573
3574
3575
3576
3578
3582
3583
3586
3587
3589
3591
3592
3593
3594
3595
3597
3598
3599
3601
3604
3607
3613
3615
3619
3620
3622
3624
3628
3631
3633
3636
3640
3645
3646
3648
3651
3790
3655
4241
3656
3657
3658
3659
3660
3663
3664
3668
3670
3674
3675
3678
3679
3683
3690
3694
3704
3708
3710
3713
3714
3718
3722
3723
3726
3727
3728
3733
3735
3736
3737
3739
3740
3742
3745
3748
3749
3751
3753
3756
3757
3758
3759
3763
3764
3842
3765
3767
3769
3771
3773
3774
3780
3781
3789
3792
3793
3795
3796
3797
3798
3803
3804
3806
3810
3811
3812
3813
3814
3815
3816
3819
3820
3821
3822
3825
3826
3827
3830
3831
3832
3833
3834
3835
3837
3838
3839
3840
3841
3855
4091
3869
3843
3844
3845
3846
3848
3849
3852
3854
3857
3858
3859
3861
3862
3866
3867
3868
3872
3880
3881
3882
3886
3889
3890
3891
3892
3893
3895
3899
3900
3905
3906
3907
3912
3916
3917
3920
3922
3926
3930
3932
3933
3935
3939
3940
3941
3942
3943
3945
3950
3954
3957
3959
3965
3966
3967
3970
3972
3978
3980
3983
3984
3985
3986
3987
3988
3989
3990
3992
3994
3995
3997
4001
4002
4005
4006
4007
4008
4010
4013
4014
4015
4016
4017
4020
4021
4275
4022
4023
4024
4026
4027
4028
4029
4030
4031
4033
4035
4036
4037
4038
4041
4042
4043
4044
4046
4050
4052
4056
4058
4059
4060
4061
4063
4065
4067
4069
4070
4071
4076
4077
4078
4083
4084
4086
4087
4088
4089
4090
4092
4095
4096
4099
4100
4103
4104
4105
4107
4108
4109
4110
4111
4112
4113
4114
4115
4116
4117
4118
4120
4121
4122
4123
4125
4127
4130
4132
4542
4136
4137
4139
4141
4143
4144
4145
4146
4147
4148
4152
4153
4154
4156
4157
4159
4160
4161
4162
4163
4164
4165
4166
4169
4170
4171
4172
4173
4174
4175
4176
4177
4178
4179
4180
4181
4182
4183
4184
4186
4187
4188
4189
4190
4191
4192
4193
4194
4196
4197
4199
4200
4201
4202
4203
4204
4205
4206
4208
4210
4216
4217
4219
4221
4222
4223
4226
5094
4228
4229
4230
4233
4237
4240
4243
4244
4245
4249
4250
4253
4254
4257
4258
4259
4260
4261
4262
4264
4265
4266
4267
4269
4270
4271
4272
4273
4277
4279
4281
4282
4283
4286
4288
4289
4292
4293
4294
4295
4296
4298
4299
4300
4301
4302
4304
4305
4306
4307
4308
4309
4310
4312
4313
4314
4316
4317
4322
4323
4324
4327
4329
4330
4331
4333
4334
4335
4336
4337
4339
4340
4343
4344
4350
4353
4356
4357
4358
4360
4363
4367
4368
4372
4374
4378
4380
4384
4387
4388
4389
4390
4391
4392
4394
4396
4397
4398
4400
4402
4403
4405
4407
4410
4413
4414
4415
4419
4421
4426
4430
4431
4432
4434
4435
4439
4440
4442
4443
4444
4447
4448
4450
4451
4452
4453
4455
4457
4459
4461
4465
4466
4467
4468
4469
4470
4471
4472
4473
4474
4476
4477
4478
4480
4481
4482
4485
4486
4487
4489
4490
4491
4492
4493
4494
4496
4497
4498
4499
4500
4501
4506
4507
4508
4511
4512
4513
4514
4516
4517
4518
4520
4521
4522
4525
4526
4528
4529
4530
4531
4533
4534
4536
4538
4539
4540
4541
4543
4544
4546
4552
4553
4554
4556
4557
4558
4559
4562
4563
4566
4567
4568
4571
4575
4577
4578
4579
4580
4581
4584
4586
4587
4588
4589
4593
4594
4596
4597
4598
4601
4602
4603
4604
4605
4607
4608
4609
4612
4613
4616
4618
4619
4627
4628
4629
4631
4633
4640
4644
4646
4649
4760
4651
4652
4653
4654
4657
4658
4659
4661
4662
4664
4672
4676
4677
4681
4687
4688
4690
4691
4694
4695
4696
4698
4699
4701
4702
4706
4707
4710
4711
4712
4718
4719
4721
4723
4726
4727
4728
4729
4730
4731
4734
4735
4736
4738
4739
4744
4746
4751
4756
4757
4759
4762
4763
4766
4768
4770
4771
4772
4773
4774
4779
4780
4781
4785
4786
4787
4788
4789
4791
4796
4798
4801
4802
4803
4805
4806
4808
4809
4810
4811
4812
4813
4815
4816
4819
4820
4821
4823
4825
4826
4828
4833
4834
4839
4841
4842
4843
4849
4850
4853
4860
4864
4865
4867
4870
4871
4873
4874
4876
4877
4878
4879
4880
4884
4885
4886
4888
4890
4893
4896
4898
4900
4901
4902
4903
4906
4908
4910
4918
4919
4923
4924
4928
4930
4933
4936
4937
4938
4942
4951
4953
4954
4958
4959
4960
4962
4963
4964
4967
4968
4969
4971
4972
4973
4974
4975
4976
4979
4980
4986
4987
4988
4995
4996
4997
4998
5003
5005
5008
5009
5010
5012
5013
5017
5018
5019
5020
5021
5022
5023
5024
5025
5026
5028
5029
5030
5032
5033
5036
5037
5038
5039
5040
5042
5044
5046
5050
5051
5052
5054
5058
5059
5060
5061
5062
5065
5066
5068
5070
5072
5073
5074
5078
5079
5081
5082
5083
5084
5085
5088
5089
5091
5095
5098
5100
5102
5103
5104
5105
5106
5108
5110
5111
5113
5114
5116
5117
5121
5125
5126
5127
5128
5130
5132
5133
5136
5137
5141
5142
5143
5146
5148
5149
5150
5151
5155
5156
5157
5160
5161
5162
5163
5165
5166
5167
5168
5169
5170
5171
5172
5173
5174
5176
5179
5182
5320
5183
5191
5195
5197
5198
5199
5208
5213
5215
5218
5221
5226
5232
5233
5235
5239
5243
5244
5247
5248
5249
5251
5254
5257
5260
5262
5264
5265
5270
5271
5273
5276
5277
5279
5282
5283
5285
5288
5289
5290
5292
5294
5295
5297
5298
5299
5300
5301
5302
5304
5306
5307
5308
5310
5311
5312
5314
5315
5319
5324
5326
5327
5328
5329
5333
5335
5337
5339
5341
5342
5343
5344
5346
5351
5352
5359
5360
5361
5364
5365
5366
5368
5370
5371
5372
5374
5378
5379
5380
5381
5382
5384
5386
5388
5390
5391
5392
5393
5399
5402
5403
5405
5413
5415
5421
5423
5424
5425
5426
5428
5435
5440
5441
5450
5453
5456
5457
5459
5460
5461
5464
5465
5466
5467
5468
5469
5471
5473
5474
5475
5478
5479
5482
5483
5486
5490
5492
5493
5494
5498
5499
5500
5501
5502
5503
5504
5505
5506
5509
5511
5512
5513
5514
5515
5516
5517
5520
5522
5523
5525
5526
5530
5532
5536
5538
5539
5540
5551
5556
5557
5560
5565
5566
5567
5576
5584
5591
5592
5597
5599
5600
5602
5608
5609
5612
5622
5623
5625
5626
5632
5634
5638
5653
5660
5669
5673
5675
5676
5678
5681
5685
5688
5695
5697
5698
5701
5705
5706
5709
5711
5712
5714
5715
5716
5717
5718
5719
5720
5723
5741
5744
5748
5772
5775
5780
5789
5795
5797
5798
5799
5800
5803
5811
5804
5806
5807
5812
5813
5816
5827
5828
5830
5832
5833
5834
5839
5840
5841
5842
5852
5853
5856
5864
5865
5872
5877
5878
5882
5884
5885
5886
5889
5890
5893
