11
99
2531
9461
18
1084
19
20
37
29
136
27
28
614
108
495
1392
5819
1374
13444
4229
4232
5001
1048
280
2718
1669
2212
14249
18223
2226
3511
461
4687
3154
3877
14295
1883
10207
5092
1639
5327
14167
4981
379
254
31
12479
16950
231
552
9288
4386
13273
38
43
93
39
40
41
9722
42
2694
138
2478
56
211
1897
5151
1667
6246
6696
631
1231
880
4307
8823
5914
4311
1437
7038
44
1704
45
192
2851
1008
5906
54
4951
184
2398
47
2760
48
110
49
1306
3307
3189
50
55
4096
2211
6630
2380
9418
1873
6484
9365
16087
543
58
59
60
61
62
63
64
65
66
67
68
69
70
71
72
73
74
75
76
77
78
79
80
81
82
83
84
85
86
87
88
89
90
91
92
4614
15929
94
96
97
15428
1654
281
10106
5788
382
10866
1027
100
7427
101
102
103
104
105
163
107
109
16147
518
9010
112
1522
114
13504
13345
8967
13577
10080
5294
13230
9658
12910
116
118
2746
119
712
12577
120
121
122
124
133
125
147
1764
126
127
128
131
4678
12271
4616
134
135
137
13872
145
146
150
18110
151
158
159
160
9731
293
11603
166
3340
167
173
3437
175
180
181
5337
187
188
3747
1802
9708
191
194
195
1624
196
197
199
222
200
203
207
216
218
220
221
15110
225
230
10791
232
235
236
237
240
245
246
247
256
257
268
269
12140
270
3615
3485
8293
272
276
278
279
1834
15900
1029
15846
5992
17259
5040
282
14139
365
283
285
286
288
16873
289
3728
911
290
292
295
296
300
301
304
5806
305
307
311
312
313
315
317
603
8435
318
13800
11602
3287
14488
6267
322
326
324
325
327
13798
336
337
338
9597
339
340
341
342
343
344
3184
3701
346
347
348
349
350
10401
351
355
358
360
1481
362
4240
363
2321
364
8835
2570
919
888
3707
411
367
368
369
6019
7043
2627
4214
1012
4986
381
2946
536
5752
387
390
849
391
392
409
410
12896
417
3273
2238
2487
9709
13048
416
795
633
2322
418
419
423
428
11858
430
431
435
438
1455
440
441
1640
449
450
4696
10605
451
4832
452
13588
458
827
9550
462
463
464
466
467
470
11249
472
12323
2442
479
481
483
10081
1457
485
488
489
664
490
492
493
494
2563
1140
1208
498
499
500
501
503
598
504
509
513
515
12524
828
519
531
520
521
522
523
524
525
526
529
530
9617
532
534
1317
1362
11827
3939
535
2370
537
545
547
551
553
554
555
556
560
564
599
567
575
2369
16271
12851
14227
5565
577
581
583
584
585
587
592
595
596
1132
600
601
602
604
605
608
609
613
615
16558
616
618
619
621
622
623
624
3744
629
630
5312
3753
12560
634
635
2183
2252
5008
638
640
641
642
644
645
646
12151
647
648
649
845
8921
11294
653
655
656
661
662
663
15148
667
668
14067
669
670
671
672
673
674
994
675
1438
677
680
6733
685
686
687
5104
688
690
691
694
696
697
698
699
12368
702
704
713
714
715
717
5679
719
723
727
732
5149
734
9618
735
740
741
742
745
746
753
756
763
4743
794
3738
766
767
2498
768
771
774
13116
775
1328
778
785
787
788
790
791
792
847
2849
12156
800
801
802
806
807
811
14331
812
815
13917
17709
816
817
818
819
821
822
823
825
826
9760
5943
1037
12949
830
832
835
11330
1969
1431
2111
836
837
838
839
846
851
854
857
858
11310
862
869
873
9394
874
876
877
879
14756
885
13892
16850
3833
889
890
895
905
907
908
910
914
916
918
920
922
929
16258
12939
7180
1331
2804
9671
11996
2654
5610
8692
930
931
933
938
942
943
944
6963
945
948
952
955
956
15512
957
959
960
961
962
3440
3427
964
10162
13350
967
972
979
5359
983
984
986
987
992
993
3715
1458
996
997
1004
1006
1007
1460
1016
1017
1021
1026
5869
10311
1033
1039
1041
1046
10316
13312
1050
1051
8213
1815
1054
1056
1057
1060
1061
1062
9776
7233
13682
1066
1067
9758
1070
1072
1073
1074
1075
1077
1078
1080
4611
1081
1089
1091
1096
1103
4715
1112
1115
1116
1118
1124
1127
1240
6391
8174
16451
15555
1142
1864
1146
1147
1153
1154
1155
4447
1159
9699
1461
1162
1163
1164
1165
1166
1171
1172
1173
1175
1176
15145
1179
10094
1180
1181
1189
1191
8475
5311
1192
1195
1204
1199
1201
5005
1202
9785
1212
1213
1215
1216
1224
4140
2325
1950
1314
1321
1578
1324
1242
1772
1908
1228
1235
1411
1243
1259
1260
1262
1275
1279
1301
1302
1310
1315
3524
1318
1319
1320
1322
1326
7147
1335
1337
1342
1343
1346
1349
1350
1351
6848
10427
6119
5421
9846
6871
6681
6269
1352
1354
3720
1355
5341
1356
11816
1357
1358
1418
2359
1360
1365
1366
1369
1371
1373
1375
1385
1388
1389
1391
1394
1395
1396
2105
1397
1401
1402
1403
1414
1420
1423
1424
1430
1433
10833
1436
1596
1439
1443
13744
1445
1451
1454
3863
4919
1456
17094
1465
1466
1467
1471
1473
8462
1477
10469
1478
1479
1480
10034
1485
1487
1492
1494
1495
1496
10215
1499
1500
1501
1502
4416
1503
1505
1508
1509
1511
1512
1513
1515
1516
1517
1520
1521
1524
1530
1532
9881
1535
1536
1537
1539
1541
1544
6575
1547
1548
1553
1556
1559
1560
1561
1562
1563
1564
2544
1570
13572
13767
5519
1572
1573
1574
1576
3394
1579
1582
1587
4634
1591
1594
1595
1597
1599
1602
1605
10528
5570
15717
16681
9462
1606
1609
4391
3787
1757
4446
1610
1611
1612
5680
1614
1616
1617
1618
12421
1625
1629
5059
17261
2397
1631
1632
1634
1637
1642
1648
1649
1650
1652
1653
7138
1656
1657
1662
1665
5572
1672
4191
1675
1676
1678
1679
1684
1686
1688
1689
4147
1690
1691
1694
1696
1698
2374
1703
1709
1711
1714
1715
1716
1718
2464
13953
1719
1724
1728
1730
9464
1731
1735
1736
1737
1741
1743
1744
1745
1808
1746
1747
5677
1750
1753
1755
1756
17782
3390
1758
1759
18053
1760
1761
1763
5613
4561
5858
4932
1765
1771
1773
1776
1777
1778
15778
1781
1783
1784
2469
3402
2763
2299
1793
1799
2829
13106
16929
1801
1805
1806
1809
5756
1810
1811
1812
1814
1816
5157
1818
1820
1823
1826
1827
1830
1832
3389
1833
1835
1838
1839
1840
1841
6082
5742
1842
3802
1844
1849
1851
1852
1855
1860
1862
1863
1868
1872
1875
1876
1877
1882
4550
1884
1887
1894
1896
10187
4793
12089
14090
1902
1905
10946
1909
1910
1911
1914
10599
12944
1918
12516
1919
1921
1923
1933
1934
1936
1937
1941
1942
11051
1945
1946
1949
14636
1951
1959
1961
1962
1964
1965
1967
1968
1973
1977
1983
1985
1988
4705
5538
5004
10989
6957
4738
7704
2809
1997
2004
2012
2014
2017
2023
2029
2036
2037
2041
2042
2046
2047
2078
4666
2083
2084
2086
2089
2098
2100
2106
2107
2113
2118
2123
2126
2133
2137
2141
2145
2150
2151
3405
2152
2153
2154
2159
2160
2161
2166
2168
2173
2174
2175
2176
2527
2182
2184
2187
2189
2190
2196
2198
2200
2209
2213
13464
2218
2222
15299
2235
2236
2237
2240
15296
10177
2243
2244
2247
2250
2251
2255
2256
2258
2260
2261
2262
2263
2268
2270
2273
2275
2276
2277
2278
2280
2281
2283
2287
2294
2291
2639
2384
10171
2292
2293
2427
10684
2295
2296
2298
2638
2962
2301
2302
2305
2306
2308
2309
2310
11045
12552
4712
17586
2311
2876
5082
2313
2995
13623
2316
2317
2318
2333
2949
2339
2351
2335
3909
2767
3797
2395
2418
4605
2324
2329
2330
4957
4781
4859
2979
2993
2340
2341
2346
10634
2348
2349
2350
2353
2355
5301
2357
2358
2360
6286
2362
2363
2364
2367
2368
9598
2373
2375
2382
2383
5551
2386
2388
2389
2391
3179
2392
2539
2393
2394
2396
14647
2399
2400
2401
2403
2406
2407
2408
2410
2415
2416
2417
5793
2421
2423
2424
13560
2425
2426
5362
9635
2430
2431
2436
2437
2439
2440
2443
2444
2445
5400
2446
2450
2452
2457
3170
2458
2460
2465
2466
2477
11329
2480
2481
2483
3822
2484
2485
2486
2489
2493
3734
2495
2497
2499
2500
2503
2507
2508
5137
2516
2547
2517
2518
2519
2521
3174
2523
17898
7235
4552
2529
2725
12653
11855
2532
2533
2535
2537
13281
9410
4511
2538
3243
6990
17452
2540
2541
2803
6751
2543
3501
2807
2545
2551
2552
3250
2553
2555
2556
4943
2561
2564
2565
2566
2567
3336
2569
2592
2624
2630
2642
2650
2651
10828
2662
2664
2665
2669
2670
5266
2684
3497
2704
2709
2711
2716
5028
2739
2743
9419
2747
2748
11646
2765
4962
3043
2787
2788
16888
2791
2793
2795
2796
2797
2805
2808
2811
2812
2813
2815
2816
2818
2819
2821
7458
2822
2824
2825
2826
2827
2828
2830
2831
2833
2836
2840
2841
2842
5298
2847
2861
2854
2856
2858
2862
2866
2867
2873
14442
2877
2879
2883
2884
2885
7093
2886
2887
2889
2892
2902
2907
2909
2910
2914
2916
2918
2919
2920
2921
2926
2928
2929
2938
2939
2941
2945
2947
3700
2951
2952
2953
2955
2960
4628
2968
2969
2973
2980
2982
2983
2984
2985
2991
2994
2997
6158
11793
3000
3002
3004
3008
3009
3017
3020
3022
3028
3029
3032
3033
3035
3038
3039
3040
3047
3053
3054
3058
13183
3060
3062
3065
3067
3068
3070
3077
3078
3084
3087
3096
3099
3102
3107
3108
3111
3114
3115
3118
3119
3122
3126
3127
3130
3131
3135
3141
3142
3149
3152
3153
3157
3161
3162
3167
3168
3169
3172
3173
3175
3178
3185
3187
3188
3192
3193
3194
3198
3200
5778
3201
3202
3203
3206
3210
14100
5491
5492
3212
3213
3214
3215
3218
3220
3221
3228
3231
3232
3233
3234
3235
3238
3239
3240
3241
3244
3245
3246
3253
3255
3256
3261
3263
3264
3265
3266
3267
3268
3881
3269
3271
3274
3278
3279
3282
3283
3286
16328
3294
12101
9446
4759
3296
3303
3305
5690
9244
3311
3312
3315
3316
3317
3319
3320
3321
3324
3325
3326
3327
3328
3329
3331
3332
3334
3337
3341
3347
3350
3351
3352
4592
3361
3366
3368
17440
16887
3369
3372
3378
3380
3385
3386
3388
12261
3392
3393
13057
3395
3401
3403
3406
15874
3409
3410
3412
3415
3420
3421
3423
3426
3431
3433
3435
3436
3438
3439
12728
3441
3442
3446
3448
3450
3455
3464
3465
3474
3475
3477
3478
11342
3479
10192
3481
3482
3483
3484
4244
3494
3496
3498
3500
3505
3509
3513
3515
3516
3525
3528
3530
3531
3533
3534
3537
3542
15228
3547
3548
3551
3557
3559
4175
3563
3565
3566
3567
3569
3571
3572
3573
3576
3577
3578
3580
3581
3582
3585
3588
3589
3590
3592
3595
3596
3598
3602
3604
3605
3608
3610
3612
3616
3623
5304
3624
3627
3628
3630
3633
3637
3638
5857
3639
3640
3642
3649
3657
3658
3659
3660
3661
3664
3667
3668
3671
3672
3679
3681
3683
3686
3687
3694
3698
3702
5552
11959
3706
9466
3708
3711
3714
5162
3716
3717
5559
3718
9692
3721
3727
3730
3732
3737
3741
3742
3746
3751
3755
3756
3758
3759
3761
3767
5289
3770
3772
3773
3774
3778
3779
3783
3784
3785
3789
3794
3798
3799
3801
3804
3805
3812
3814
3815
3817
5709
3818
3826
3827
3829
3830
3832
3835
3836
3837
3838
5636
3840
3842
3843
3848
3850
4897
5646
3853
3859
3860
3868
3870
3871
3876
3878
3880
3886
3889
3894
3897
3900
3901
3906
3908
5260
3911
3913
3914
3916
3922
3923
3924
3927
3928
3931
3932
3933
3934
3936
3937
3940
3947
3950
3952
3965
5750
3992
3997
3999
4004
4005
4030
4031
7557
4042
4043
4049
4065
4651
4400
4089
4090
4092
4106
4109
4110
4111
4112
4136
4113
4120
4121
4327
4133
4143
4146
4151
4162
4170
4174
4176
4177
4183
4187
4188
4190
11439
4192
4195
4603
4199
4203
4205
4206
4207
4208
4209
4210
11338
4216
4217
4219
4220
4222
4226
14201
4231
6005
11478
4233
4234
4237
4238
4239
4243
4245
4246
4248
4251
4255
4256
4257
4258
4261
4262
4263
4264
4265
4268
4271
4273
4277
4282
4285
4286
4290
4291
4295
4300
4302
4304
5035
4308
4310
4313
4314
4315
4316
4319
4320
4325
4326
4331
4339
4343
4353
4359
4363
4367
4377
4379
4383
4389
4395
4399
5648
4407
4410
4411
13192
4415
4420
4423
4427
4438
6116
4441
4445
14212
4449
4453
4455
4465
4466
4467
4473
4476
4482
4485
4486
4488
4491
4494
4507
4508
4509
10549
4515
4521
4522
4523
4524
4525
4526
4527
4532
4533
4535
4536
4538
4540
4541
4547
4548
4551
4553
4554
4558
4565
4566
4568
4570
4575
4577
4580
4581
4586
4589
4590
4595
4596
4597
4599
4601
4602
4898
4607
4609
4610
7977
4615
4617
4618
4621
4623
4624
4629
17148
4630
4631
4647
4649
4650
4654
4657
4658
4664
4665
4668
4669
4671
4676
4677
4679
4681
4683
4685
4686
4690
4695
9662
4697
4701
4704
4706
4708
4709
4710
4713
4714
4717
4718
4763
4722
4726
4730
4732
4733
4737
4741
4746
4748
4752
4753
4756
4758
4760
4761
5394
4762
4765
4766
4767
4774
4775
4776
4778
4782
4791
4794
4796
4834
4797
4798
4799
4800
4801
4802
4805
4807
4810
4811
4813
4816
4817
4819
4822
4824
4825
4826
4827
11108
4829
4830
4843
4845
4848
4854
4856
4860
4864
4868
4871
4873
4875
4885
4890
4893
4895
4901
4906
4911
4913
4914
4916
4917
4918
4923
4926
4930
10961
4934
4938
6275
4940
5904
4944
4949
8897
7221
4950
4952
4955
5909
4959
5469
4960
4964
4966
4967
4968
4971
4973
4975
4976
4978
4979
4985
4987
4992
4993
4994
4995
5000
13830
5003
5006
5011
5016
5018
5945
5019
5020
5021
5026
5027
5029
5030
5031
8295
5036
5037
5039
12930
8447
5041
5043
5045
5047
5048
16970
5050
5051
5053
5056
5062
5064
5066
5068
5069
5074
5077
5079
5081
5084
10158
16316
5085
5086
5088
5094
5096
5097
5098
5103
5106
5107
5111
5114
5116
5118
5119
5122
5127
5128
5130
5131
5132
5135
5138
5139
5140
5854
5145
5150
5628
5158
5160
5163
5167
5171
5172
5174
5175
5176
5177
5179
5180
5183
5186
5188
15240
5190
5192
5197
5200
5201
5204
5206
5209
5213
5214
5218
5221
5223
5224
5225
5227
5230
5232
5236
5237
5238
5239
5240
5242
5245
5246
5247
5251
5253
5254
5258
5259
5261
5265
5268
5269
5270
5271
5272
5274
5277
5282
5285
5288
5290
5292
5293
5295
5296
5297
5300
5302
5305
5308
5310
5316
5317
5321
5325
5326
5329
5330
5331
5332
5333
5334
5335
5340
13261
5343
5344
5345
5346
5347
5348
5349
5350
5352
5354
5357
5360
5361
9670
5363
5364
5366
5368
5369
5371
5372
5374
5375
5376
5377
5378
5380
5383
5384
5386
5387
5583
5388
5389
5391
5392
5779
5395
5397
5402
5405
5406
5409
5410
13662
5411
5415
5419
5420
5422
5423
5424
5425
5426
5427
5428
5431
5432
5433
5436
5439
5440
5442
5443
5444
5447
5448
5449
5450
5451
5643
5454
5456
5458
5459
5460
5462
5463
5465
5466
5468
5472
5473
5474
5475
5476
5477
5479
5480
5481
5482
5483
5487
5488
5489
5490
5493
5495
18012
5496
5499
5500
5503
5505
5506
5507
5509
5510
5511
5512
5516
5518
5520
5522
5523
5524
5526
5527
5528
5529
5530
5531
5532
5535
5536
5539
5543
5544
5546
5548
5711
5554
5560
5561
5564
15149
5566
5567
5568
5667
5571
5573
5574
5575
5579
5580
5584
5585
5586
5589
5592
5593
5594
5595
5596
5598
5599
5600
5601
5602
5603
5604
5605
5606
5607
5608
5609
5615
5616
5617
5619
5621
5623
5624
5625
5627
5629
5630
5632
5633
5634
5738
5635
5637
5639
5641
5642
5644
5647
5649
5652
5654
5655
5656
5657
5658
5659
5660
7456
5661
5663
5664
5665
5666
5668
5669
5671
5674
5675
5678
5681
5682
5683
5686
5688
5689
10448
5691
5692
6341
5694
5696
5698
5699
5701
5705
5706
5707
11315
5713
5714
5716
5718
5719
5725
5726
5728
5729
5731
5733
5734
5735
14928
5739
5741
5743
5745
5747
5748
5749
5751
5753
5754
5757
5759
5761
5762
5767
5769
5771
5773
5777
5787
5789
5795
5796
5797
5800
5804
5812
5814
5815
5817
5818
5825
5826
5832
5841
5842
5845
5848
5849
5850
5855
5861
5862
5864
5868
5873
5874
5875
5879
5883
5884
5885
5888
5889
5891
5892
5893
5894
5895
5896
5897
5898
5900
5903
5905
5907
5908
5911
5912
5918
5919
5924
5925
5926
5927
5928
5929
5930
5931
5932
5933
5935
5936
5937
5938
5939
5940
5941
5942
5944
5946
5947
5948
5949
5950
5952
5953
5954
5955
5956
5957
5958
5959
5960
5961
5962
5963
5964
5965
5966
5968
5969
5970
5971
5972
5973
5974
5975
5976
5977
5978
5979
5980
5981
5982
5984
5985
5986
5987
5988
5989
5990
5991
12142
17173
5993
5994
5995
5996
5997
5998
6000
6001
6002
6003
6004
6006
6007
6008
6009
6010
6011
6012
6013
6014
6015
6016
6017
6018
6020
6021
6022
6023
6024
6026
6028
6029
6030
6031
6032
6033
6034
6035
6036
6037
6038
6040
6041
6042
6043
6044
6045
6046
6047
6048
6049
6050
6051
6052
6053
6054
6055
6056
6057
6059
6060
6061
6062
6063
6066
12980
6067
6069
6071
6072
6073
6074
6075
6077
6078
6079
6080
6081
6083
6084
6085
6086
6088
6089
6091
6093
6094
6095
6096
6097
6098
6100
6101
6102
6103
6104
6105
6107
6108
6109
6110
6111
6112
6113
6114
6115
6117
6118
6120
6121
6122
6123
6124
6125
6127
6129
6130
6131
6132
6133
6134
6135
6136
6137
6138
6139
6140
6141
13344
6142
6143
6144
6145
6146
6147
6148
6149
6150
6151
6152
6153
6154
6155
6157
6159
6161
6162
6163
6165
6166
6167
6168
6169
6171
6172
6175
6176
6177
6178
6179
6180
6181
6182
6185
6187
6188
6189
6190
6191
6192
6193
6194
6195
6196
6197
6199
6200
6201
6202
6205
6206
6207
6208
6209
6210
6212
6213
6214
6215
6216
6217
6218
6219
6220
6221
6222
6223
6224
6225
6228
6229
6230
6231
6232
6233
6234
6235
6826
6237
6239
6240
6241
6242
6243
6244
6248
6250
6251
6252
6254
6255
6256
6257
6258
6259
6260
6261
6262
6264
6265
6266
16765
6270
6271
6272
6274
9981
6276
6278
6279
6280
6281
6282
6283
6284
6285
6288
6289
6290
6291
6292
6293
6295
6296
6297
6299
6300
6301
6302
6303
6304
6305
6306
6307
6308
6309
6310
6311
6313
6314
6315
6316
6318
6319
6320
6321
6322
14304
6323
6324
6325
6327
6328
6329
6330
6331
6332
6333
6334
6335
6336
6337
6338
6339
6340
6342
6343
6344
6345
6347
6349
6350
6351
6352
6353
6354
6355
6356
6357
6358
6359
6360
6361
6362
6363
6364
6365
6366
6367
6368
6370
6371
6372
6373
6374
6375
6376
6377
6378
6379
6380
6381
6382
6383
6384
6385
6386
6388
6389
6390
6392
6393
6394
6395
6397
6398
6399
6400
6401
6402
6403
6404
6405
6406
6407
6408
6409
6410
6411
6412
6413
6414
6415
6416
6417
6418
6419
6420
6421
6422
6423
6425
6426
6427
6428
6429
6430
6431
6432
6433
6434
6435
6436
6437
6438
6439
6440
6441
6443
6444
6445
6446
6447
6448
6449
6450
6451
6452
6453
6454
6455
6458
6459
6460
6461
6462
6463
6464
6465
6466
6467
6468
6469
6470
6471
6473
6474
6475
6476
6477
6478
6479
6480
6481
6482
6483
6485
6486
6487
6488
6489
6490
6491
6492
6493
6494
6495
6496
6497
6498
6499
6500
6501
6503
6504
6505
6506
6507
6508
6509
6510
6511
6512
6513
6514
6515
6516
6517
6518
6519
6520
6521
6522
6523
6524
6525
6526
6527
6528
6529
6530
6531
6532
6533
6534
6535
6536
6537
6538
6539
6540
6541
6542
6543
6544
6545
6546
6547
6548
6549
6550
6551
6552
6553
6554
6555
6556
6557
6559
6560
6561
6562
6563
6564
6565
6566
6567
6568
6569
6570
6571
6572
6573
6574
6576
6577
6578
6579
6580
6581
6582
6583
6584
6585
6586
6587
6588
6589
6591
6592
6593
6595
6596
6597
6598
6599
6600
6601
6602
6603
6604
6605
6606
6607
6608
6609
6610
6611
6612
6613
6614
6615
6616
6617
6618
6619
6620
6621
6622
6623
6624
6625
6626
6627
6628
6629
6631
6632
6633
6634
6635
6636
6637
6638
6639
6640
6641
6642
6643
6644
6645
6646
6647
6648
6649
6650
6651
6653
6654
6655
6656
6657
6658
6659
6660
6661
7071
6662
6663
6664
6665
6666
6667
6669
6670
6671
6672
6673
6674
6675
6676
6677
6679
6680
10721
6682
6683
6684
6685
6686
6687
6688
6689
6690
6691
6692
6693
6694
6695
6697
6698
6701
6702
6703
6704
6706
6707
6708
6709
6710
6711
6713
6714
6715
6716
6717
6718
6719
6720
6721
6722
6725
6726
6727
6729
6730
6731
6732
6734
6735
6736
6737
16146
6738
6739
6740
6741
6742
6744
6745
6746
6747
6748
6749
6750
6752
6753
6754
6755
6756
6757
6758
6762
6763
6764
6765
6766
6767
6768
6769
6770
6772
6774
6775
6776
6778
6779
6780
6781
6782
6783
6784
6785
6786
6787
6788
6789
6790
6791
6793
6794
6796
6797
6800
6801
6802
6803
6804
6805
6806
6807
6809
6810
6811
6812
6814
6815
6816
6817
6819
6821
6822
6824
6825
6827
6828
6831
6832
6833
6834
6837
6838
6841
6842
6844
6845
6849
6852
6855
6856
6857
6858
6860
6861
6862
6864
17064
6865
6867
6868
9837
6873
6874
6875
6876
6877
6878
6880
6881
6884
6886
6887
6888
6890
6891
6892
6893
6894
6895
6897
6898
6901
6902
6903
6905
6906
6908
6910
6913
6914
6915
6916
6917
6918
6921
6924
6925
6927
6928
6929
6931
6933
6934
11427
11800
6935
6937
6938
6939
6940
6941
6943
6945
6946
6947
6948
6949
6950
6953
6955
6956
6958
6959
6960
6961
6962
6964
6969
6970
6971
6972
6975
6976
6981
6984
6985
6986
6987
6992
6993
6994
6995
6998
7002
7004
7006
7013
7019
7023
7026
7027
7031
7037
7040
7045
7046
7047
7048
7051
7054
7055
7057
7062
7064
7066
7068
7069
7073
7075
7076
7077
9753
7519
7080
7082
7085
7086
7090
7091
7092
7096
7097
7103
7106
7110
7112
7114
7115
7116
7117
7118
7120
7124
7127
7128
7131
7132
7133
7135
7136
7139
7140
7143
7148
7150
7151
7155
7156
7166
7170
7172
7173
7174
7175
7177
13249
16110
7181
7182
7185
7192
7195
7198
7203
7204
7206
7207
7211
7214
9182
7227
7229
7231
7232
7234
7237
7242
7244
7248
7250
7254
7255
7262
7263
7265
7269
7270
7272
7275
7276
7279
7280
7283
7285
7286
7287
7288
7289
7291
7292
7295
7298
7299
7304
7307
7309
7313
7314
7320
7321
7327
7330
7331
7332
7335
7336
7337
7338
7339
7341
7342
7344
7352
7360
7361
7362
7363
7369
7377
7383
7386
7391
7397
7398
7403
7404
7407
7408
7414
7421
9407
7431
7432
7435
7437
7445
7446
7455
7459
7460
7461
7465
7468
7474
7477
7479
7480
7484
7487
7489
7495
7499
7500
7503
7504
7506
7514
7515
7516
7517
7521
7522
7524
7526
7533
7534
7536
7537
7538
7543
7548
7551
7552
7566
7568
7570
7573
7576
7579
7580
7581
7582
7583
7587
7588
7589
7591
7594
7597
7600
7601
7604
7605
7610
7613
7618
7621
7622
7623
7624
7625
7626
7628
7631
7634
7635
7637
7640
7644
7645
7646
7650
7651
7652
7653
7654
7656
7664
7665
7667
7671
7675
7676
7686
7687
7688
7696
7699
7700
7701
7702
7705
7707
7709
7713
15257
7714
7715
7717
7718
7719
7720
7728
7730
7735
7746
7747
7750
7751
7761
7763
7764
7767
7768
7770
7771
7783
7784
7821
7836
7880
7888
7905
7919
7921
7930
7932
7941
7944
7948
7955
7983
8006
8008
8010
8012
8014
8017
8018
8030
8039
8042
8043
8048
8052
8053
11142
13368
8057
8058
8061
8067
8070
8072
8078
8079
8080
8082
8090
8092
8093
8098
8099
8100
8104
8110
8113
8125
8127
8129
8130
8136
8137
8149
8150
8152
8153
8154
8161
8163
8173
8178
8182
8183
8185
8186
8189
8192
8197
15923
8202
8205
8207
8208
8211
8212
8215
8224
8225
8228
8229
8230
8240
8241
8244
8252
8254
8257
8258
8259
8261
8264
8266
8270
8273
8275
8280
8281
8285
8286
8288
8290
8292
8297
8302
8304
8311
8316
8318
8328
8329
8334
8335
8336
8337
8338
8347
8349
8354
8357
8361
8366
8376
8379
8396
8400
8403
8407
8409
8410
8411
8413
8414
8421
8422
8429
8430
10729
8442
8451
8453
8455
8461
8472
13383
8486
8489
8491
8493
8494
8495
8497
8498
8499
8506
8513
8515
8520
8522
8524
8526
8527
8529
8530
8533
8541
8543
8550
8551
8558
8559
8562
8563
8564
8566
8567
8571
8573
8577
8582
8586
17077
8590
8591
8594
8596
8602
8607
8612
8614
8616
8618
8620
8623
8624
8629
8635
8636
8645
8649
8651
8653
8655
8660
8666
8667
8672
8680
8683
8684
8687
8689
8691
8696
8699
8702
8704
8709
8712
8728
8731
8734
8735
8737
8747
8748
8766
10802
14142
8768
8776
8786
8789
8793
8797
8798
8802
8810
8811
8815
8816
8817
8818
13407
8838
8839
8840
8843
8848
8850
8851
8853
8857
8858
8859
8874
8891
8892
8894
8899
8908
8910
8912
8915
8917
8919
8920
8922
8923
8924
8931
8934
8937
8942
8943
8944
8945
8948
8953
8961
8962
8971
8972
8974
8977
8983
8986
8991
8993
8995
8998
8999
9003
15749
9011
9013
9029
9036
9038
9039
9040
9042
9051
9053
9054
9061
9065
9068
9080
9084
9086
9087
9088
9090
9097
9102
9106
9107
9108
9109
9110
9117
9119
9126
9131
9135
9137
9138
9139
9142
9144
9145
9152
9153
9155
9161
9170
9176
9183
9184
9186
9191
9193
9195
9197
9199
9201
9203
9207
9212
9217
9218
9222
9229
9246
9249
9253
9255
9259
9262
9264
9265
9268
9271
9281
9282
9283
11755
9291
9295
9297
9302
9305
9309
9310
9312
9316
9317
9320
9321
9327
9331
9333
9334
9335
9336
9343
9349
9353
9354
9356
9358
9364
9366
9367
9370
9371
9373
9374
9375
9376
9377
9378
9379
9380
9381
9387
9390
9396
9397
9401
9404
9406
9408
9415
9421
9428
9430
9433
9435
9438
9444
10809
9448
9450
9455
9451
9458
9463
9468
9474
9475
9476
9479
9482
9483
9486
9488
9489
9494
13371
9495
9498
9499
9500
9501
9502
9504
11993
9505
9506
9507
9511
9518
9522
9523
9526
9529
9532
9534
9535
9537
9544
9551
9553
9554
9556
9557
9559
9561
9564
9565
9566
9569
9574
9576
9578
9580
9585
9588
9593
9594
9602
9604
9605
9610
9611
9616
9619
9620
9622
12547
9623
9625
9626
9629
9630
9632
9636
9639
9640
9643
9645
9647
9651
9652
9653
9655
9657
14595
9663
9674
9675
9688
9690
9693
9701
9703
9705
9711
9712
9713
9718
9719
9720
9721
11879
9725
9727
9733
9734
9735
9737
9738
9745
9746
9749
9750
9751
9754
9756
9757
9761
9763
9765
9767
9769
9772
9773
9775
9777
9778
9779
9780
9781
9782
9783
9784
9788
9790
9793
9794
9797
9798
9799
9800
9801
9803
9805
9806
9807
9808
9809
9810
9813
9815
9817
9824
9825
9827
9829
9830
9831
9832
9833
9838
9839
9845
9847
9850
9851
9852
9854
11205
9855
9856
9857
9858
9861
9862
9863
9865
9866
14759
9867
9870
9871
9873
9874
9878
9879
9880
9882
9884
9886
9887
9888
9892
9894
9896
9897
9898
9902
9904
9907
9908
9909
9910
9912
9913
9916
9920
9921
9923
9931
9933
9934
9940
9941
9942
9943
9944
9945
9948
9952
9953
9965
9966
9968
9971
9977
9980
9982
9991
9993
9997
9998
10003
10004
10007
10008
10013
10016
10020
10022
10025
10026
10030
10032
10033
10038
10039
10041
10043
10046
10047
10048
10051
10052
10053
10054
10055
10056
10059
10061
10063
10064
10066
10077
10084
10091
10092
10093
10098
10100
10102
10105
10107
10108
10111
10112
10114
10116
12661
10118
10119
10120
10122
10127
10128
10129
10134
10135
10136
10137
10138
10139
10140
10141
10142
10143
10144
10145
10146
10148
10149
10150
10151
10152
10153
10154
10155
10156
10157
10159
10168
10169
10170
12674
13707
10172
10173
10175
10180
10181
10182
10183
10184
10185
10186
10189
10320
10190
10193
10194
10195
10198
10200
10202
10203
10204
10205
10208
10209
10212
10214
10216
10217
10218
10219
10221
10222
10223
10227
10228
10229
10231
10232
10233
10234
10235
10236
10237
10239
10240
10241
10242
10243
10244
10245
10246
10247
10250
10251
10252
10253
10254
10255
10256
10257
10258
10259
10260
10262
10266
10267
10268
10269
10270
10271
10272
10273
10274
10275
10276
10280
10281
10283
10284
10293
10294
10296
10302
10303
10305
10306
10309
10310
10313
10314
10322
10323
10324
10325
10327
10329
10333
10334
10335
10336
10337
10338
10339
10340
10341
10342
10344
10345
10346
10347
10350
10351
10352
10353
10354
10355
10356
10357
10571
10358
10359
10360
10361
10362
10363
10364
10365
10366
10367
10368
10369
10370
10371
10372
10373
10374
10375
10376
10377
10378
10379
10380
10381
10382
10383
10384
10385
10386
10387
10388
10390
10392
10393
10394
10395
10396
10397
10398
10399
10400
10402
10403
10404
10405
10407
10409
10410
10411
10412
10414
10415
10416
10417
10418
10419
10420
10421
10424
10425
10426
10428
10429
10430
10431
10432
10433
10434
10435
10436
10437
10438
10439
10440
10441
10442
10443
10444
10445
10446
10447
10449
10450
10451
10452
10453
10455
10456
10457
10460
10462
10464
10465
10466
10467
10468
10470
10471
10472
10473
10474
10475
10476
10477
10478
10479
10480
10481
10482
10483
10484
10485
10486
10487
10488
10489
10490
10491
10492
10493
10494
10495
10496
10497
10498
10499
10500
10501
10502
10503
10504
10505
10506
10507
10508
10509
10510
10511
10512
10513
10514
10515
10516
10517
10518
10520
10521
10524
10525
10527
10531
10532
10533
10535
10536
10537
10538
10539
10540
10542
10543
10544
10545
10546
10547
10551
10552
10553
10554
10555
10556
10557
10558
10560
10561
10562
10563
10564
10565
10568
10569
10570
10572
10573
10574
10575
10576
10577
10579
10581
10584
10585
10586
10587
10589
10590
10591
10593
10594
10595
10596
10597
10598
10603
10604
10606
10607
10608
10610
10611
10612
10613
10614
10615
10616
10618
10619
10621
10623
10625
10629
10630
10632
10635
10637
10639
10640
15537
10641
10648
10649
10650
10653
10655
10656
10658
10659
10660
10661
10665
10670
10671
10672
10673
10674
10676
10677
10678
10679
10680
10682
10683
10686
10689
10691
10692
10693
10694
10696
10698
10699
10700
10701
10702
10703
10706
10707
10708
10709
10710
10711
10712
10714
10715
10718
10719
10722
10723
10724
10727
10728
10733
10734
10735
10739
10740
10746
10747
10748
10751
10752
10753
10754
10755
10756
10757
10758
10762
10763
10764
10766
10767
10769
10770
10771
10774
10775
10777
10778
14674
10779
10781
10784
10785
10786
10787
10789
10793
10794
10795
10797
10799
10800
10902
10805
10806
10807
10808
12273
12221
10810
10815
10820
10821
10825
10827
10831
10832
10834
10835
10836
10837
10838
10841
10843
10844
10845
10846
10847
10851
10852
10853
10855
10856
10858
10859
10862
10864
10865
10867
10868
10870
10874
10876
10877
10878
10883
10886
10890
10891
10895
10897
10898
10900
10901
10905
10907
10909
10910
10911
10912
10913
10916
10920
10921
10923
10926
10929
10932
10936
10939
10941
10942
10943
10944
10947
10948
10951
10952
10954
10958
10962
10964
10965
10966
10968
10969
10970
10971
11895
10972
10973
10976
10977
10978
10979
10981
10982
10985
10986
10987
10988
10994
10995
10998
10999
11001
11002
11004
11007
11010
11013
11014
11015
11019
11023
11024
11028
11031
11035
11039
11042
11043
11047
11052
11055
11056
11057
11223
11059
11060
11064
11066
11075
11079
11082
11088
11083
11087
11084
11085
11086
11089
11090
11093
11094
11097
11098
11099
11101
11102
11103
11104
11105
11106
11107
11110
11111
11112
11113
11115
11117
11118
11119
11120
11121
11125
11128
11135
11136
11137
11140
11141
17602
11146
11147
11149
11151
11152
11153
15734
11154
11155
11157
11158
11164
11165
11171
11172
11173
11175
11177
11179
11180
11182
11184
11185
11187
11188
11189
11190
11191
11193
11196
11197
11198
14305
11202
11203
11206
11207
11211
11212
11214
11215
11217
11219
11224
11226
11227
11230
11233
11234
11236
11237
11238
11239
11240
11242
11246
11247
11250
11251
11252
11254
11260
11278
11281
13027
11282
11283
11285
11286
11287
11288
11292
11295
11297
11301
11303
11305
11308
11311
11313
11316
11317
11318
11319
11320
11321
11323
11324
11327
11328
11333
11335
11336
11339
11340
11343
11345
11346
11347
11349
11355
11356
11358
11360
11361
11362
11363
11365
11368
11370
11375
11377
11378
11383
11388
11390
11391
11392
11393
11394
11397
11398
11401
11404
11405
11409
11412
11414
11415
11416
11417
11418
11419
11421
11428
11429
11430
11432
11433
11434
11435
14340
11438
11440
11442
11443
11445
11446
11447
11459
11466
11468
11472
15272
11473
11476
11484
11485
11486
11487
11489
11494
11496
11498
11500
11502
11504
15693
11514
11519
11521
11522
11529
11533
11540
11543
11547
11551
11554
11564
11569
11570
11573
11577
11580
11582
11584
11588
11589
11593
11598
11600
11606
11607
11768
11608
11609
11610
11612
11616
11621
11622
13466
11623
13548
11626
11627
11628
11629
11633
11637
11639
11640
11641
11642
11643
11648
11649
11650
11651
11652
11653
11654
11655
11656
11657
11658
11659
11660
11661
11662
11663
11664
11665
11666
11667
11668
11669
11670
11671
11672
11673
11674
11675
11676
11677
11678
11679
11680
11681
11682
11683
11684
11685
11686
11687
11688
11689
11690
11691
11692
11693
11696
11698
11699
11700
11701
11703
11706
11708
11722
11723
11726
11727
11729
11734
11740
11741
11746
11747
11749
11750
11753
11754
11757
11759
11764
11766
11767
11772
11773
11774
11777
11778
11779
11781
11784
11785
11786
11789
11791
11792
11794
11795
11796
11797
11798
11799
11802
11813
11817
11819
11822
11823
11824
11825
11826
11828
11830
11831
11832
11833
11834
11835
11837
11838
11840
11841
11844
11845
11846
11849
11851
11852
11854
12141
11856
11857
11859
11863
11864
11865
11866
11867
11870
11872
11873
11875
11877
11880
11881
11883
11884
11885
11887
11890
11891
11897
11898
11899
11901
11902
11904
11905
11907
11908
11910
11911
11914
11917
11918
11919
11920
11921
11923
11924
11926
11927
13202
11931
11932
11933
11936
11937
11938
11940
11941
11944
11945
11946
11948
11949
11950
11952
11954
11955
11956
11957
11958
11961
11963
11964
11965
11966
11971
11972
11973
11975
11976
11979
11981
11982
11985
11990
11991
11992
11994
11995
11999
12000
12001
12002
12006
12011
12017
12019
12020
12023
12024
12026
12027
12028
12029
12030
12032
12038
12039
12044
12056
12057
12058
12060
12061
12063
12065
12066
12068
12069
12070
12071
12076
12077
12078
12084
12086
12087
12088
12090
12091
12092
12093
12094
12096
12097
12098
12099
12100
16452
12102
12103
12104
12105
12106
12107
12108
12111
12113
12114
12115
12117
12118
12120
12124
12126
12127
12128
12130
12131
12133
12134
12137
12139
12143
12145
12149
12150
12154
12155
12160
12163
12166
12175
12176
12180
12181
12183
12184
12189
12190
12194
12195
12196
12197
12198
12201
12202
12203
12204
12207
12210
12211
12212
12214
12216
12224
12227
12228
12230
12233
12234
12236
12238
12241
12244
12246
12247
12248
12250
12252
12605
12253
12254
12257
12260
12262
12263
12266
12267
12268
12270
12272
12274
12275
12276
12277
12278
12279
12280
12282
12285
12286
12287
12289
12290
12291
12292
12293
12294
12296
12298
12299
12301
12303
12304
12305
12308
12309
12310
12311
12312
12315
12318
12319
12322
12324
12325
12326
12327
12328
12332
12333
12334
12335
12336
12339
12340
12343
12346
12348
12349
12351
12352
12353
12354
12355
12356
12357
12360
12361
12362
12363
12364
12365
12371
12372
12374
12375
12376
12377
12378
12379
12380
12382
12383
12384
12386
12389
12390
12391
12392
12396
12397
12398
12400
12402
12405
12406
12407
12409
12410
12411
12414
12417
12419
12423
12425
12426
12428
12429
12432
12442
12445
12451
12452
12458
12462
12463
12465
12466
12467
12471
12472
12473
12478
12480
12482
12485
12486
12487
12488
12490
12496
12497
12498
12503
12506
12513
12514
12518
12521
12529
12535
12537
12540
12543
12546
12548
12549
12550
12553
12557
12558
12559
12561
12563
12564
12566
12567
12569
12575
12576
12579
12580
12583
12584
12585
12586
12587
12588
12589
12592
12593
12594
12595
12596
12602
12603
12604
12606
12607
12608
12610
12611
12612
12613
12615
12618
12622
12626
12627
12629
12630
12631
12632
12635
12636
12637
12638
12664
12639
12640
12641
12642
12643
12645
12647
12648
12651
12652
12654
12657
12658
12659
12660
12663
12665
12668
12669
12673
12675
12677
12680
12682
12683
12685
12689
12690
12694
12698
12700
12702
12703
12704
12706
12707
12710
12711
12712
12716
12717
12719
12720
12730
12731
12732
12733
12737
12738
12739
12740
12741
12744
12745
12748
12751
12753
12754
12756
12757
12758
12767
12768
12769
12776
12777
12780
12783
12787
12789
12792
12794
12795
12799
12800
12801
12808
12809
12811
12813
12814
12818
12824
12825
12826
12830
12832
12835
12841
12843
12844
12846
12863
12867
12868
12871
12877
12878
12879
12880
12881
12884
12885
12886
12889
12890
12892
12894
12895
12897
12902
12903
12905
12906
12911
12912
12915
12916
12917
12918
12920
12921
12927
12928
12929
12932
12934
12935
12936
12940
12941
12943
12946
12947
12948
12950
12952
12954
12955
12956
12957
12959
12960
12961
12962
12963
12967
12968
12971
12976
12979
12982
12984
12986
12987
12994
12996
12997
12998
12999
13000
13001
13002
13004
13005
13007
13009
13012
13013
13014
13017
13018
13019
13020
13021
13023
13024
13026
13030
13031
13037
13038
13039
13040
13042
13043
13044
13045
13046
13047
13049
13055
13058
13059
13062
13063
13064
13065
13066
13067
13068
13069
13071
13074
13075
13078
13081
13082
13083
13084
13086
13087
13090
13091
13092
13093
13094
13095
13096
13097
13102
13104
13105
13107
13108
13109
13110
13112
13113
13114
13115
13119
13120
13121
13125
13126
13128
13129
15280
13130
13131
13133
13135
13136
13137
13138
13139
13140
13141
13142
13143
13145
13147
13148
13150
13151
13152
13153
13154
13155
13157
13160
13162
17917
13164
13167
13168
13169
13170
13172
13174
13175
13178
13181
13182
13184
13191
13926
13194
13195
13196
13200
13201
13203
13205
13207
13209
13210
13212
13213
13218
13219
13225
13226
13227
13228
13229
13234
13236
13237
13238
13239
13240
13242
13243
13244
13245
13246
13247
13248
13250
13251
13252
13254
13256
13260
13262
13263
13264
13265
13266
13271
13272
13274
13275
13276
13280
13282
13283
13284
13286
13287
13288
13289
13290
13291
13292
13293
13294
13299
13300
13301
13302
13307
13310
13311
13314
13318
13320
13322
13324
13325
13327
13328
13329
13330
13332
13333
13334
13335
13336
13337
13338
13339
13340
13341
13343
13346
13348
13351
13354
13355
13356
13357
13361
13367
13370
13374
13375
13376
13377
13378
13379
13381
13382
13385
13388
13389
13390
13391
13392
13395
13396
13397
13398
13399
13400
13404
13406
13411
13414
13415
13416
13418
13424
13425
13426
13428
13429
13431
13432
13435
13502
13438
13440
13442
13445
13446
13447
13448
13449
13450
13451
13452
13454
13456
13457
13458
13459
13460
13461
15285
13462
13463
13467
13468
13469
13470
13472
13473
13474
13475
13476
13477
13478
13482
13483
13484
13485
13486
13487
13488
13489
13491
13492
13493
13494
13495
13496
13497
13499
13501
13503
13506
13507
13509
13510
13511
13512
13513
13517
13518
13519
13521
13522
13523
13525
13527
13528
13530
13531
13533
13534
13537
13538
13539
13541
13542
13543
13544
13545
13546
13547
13550
13551
13552
13553
13554
14072
13555
13556
13557
13561
13563
13564
13565
13567
13568
13570
13571
13573
13574
13576
13581
13582
13584
13585
13586
13587
13591
13592
13593
13594
13612
13597
13598
13599
13601
13603
13606
13607
13609
13610
13614
13615
13616
13617
13618
13619
13620
13621
13622
13624
13626
13627
13628
13629
13630
13631
13633
13634
13635
13636
13637
13638
13639
13640
13641
18210
13642
13643
13644
13645
13646
13647
13648
13650
13653
13654
13655
13657
13658
13659
13660
13661
13663
13669
13670
13671
13672
13673
13677
13678
13679
13680
13681
13683
13684
13685
13686
13687
13689
13691
13693
13694
13695
13696
13697
13698
13699
13701
13702
13703
13704
13705
13706
13708
13711
13713
13714
13715
13716
13717
13718
13719
13720
13721
13724
13725
13726
13727
13729
13730
13731
14341
13732
13734
13735
13736
13738
13739
13740
13741
13742
13743
13745
13746
13747
13752
13753
13754
13755
13756
13761
13762
13764
13765
13766
13770
13771
13773
13775
13776
13777
13778
13779
13780
13781
13782
13783
13785
13786
13792
13793
13794
13795
13796
13797
13799
13801
13802
13803
13804
13805
13806
13812
13813
13816
13819
13821
13826
13827
13828
13829
17204
13836
13837
13838
13839
13840
13841
15068
13843
13845
13846
13849
13854
13857
13860
13863
13865
13866
13867
13871
13873
13875
13876
13877
13881
13883
13885
13886
13887
13890
13956
13891
13893
13895
13896
13897
13898
13900
13901
13902
13903
13904
13906
13907
13908
13910
13911
13913
13914
13915
13916
13918
13920
13921
13922
13923
13924
13925
13927
13928
13929
13930
13931
13932
13933
13934
13937
13938
13939
13942
13943
13946
13947
13948
13951
13952
13954
13955
13957
13959
13961
13962
13965
13966
13968
13969
13971
13972
13973
13974
13976
13977
13978
13979
13980
13981
13982
13984
13986
13988
13990
13991
13992
13993
13994
13995
13998
14000
14001
14002
14003
14004
14007
14008
14011
14012
14014
14015
14016
14017
14018
14019
14020
14022
14023
14024
14026
14028
14029
14030
14031
14032
14033
14034
14035
14036
14037
14038
14039
14040
14041
14042
14044
14046
14047
14048
14049
14050
14053
14054
14055
14056
14057
14058
14059
14060
14061
14062
14063
14064
14065
14070
14071
14074
14075
14076
14077
14078
14079
14080
14081
14083
14084
14085
14087
14091
14095
14097
14098
14101
14102
14103
14104
14105
14106
14107
14108
14109
14110
14111
14114
14115
14116
14118
14120
14123
14127
14129
14131
14132
14133
14136
14137
14140
14141
14143
14145
14146
14147
14149
14150
14151
14153
14154
14156
14159
14160
14161
14162
14163
14164
14165
14166
14168
14169
14170
14172
14174
14176
14177
14178
14185
14187
14189
14191
14194
14196
14199
14204
14208
14209
14215
14217
14219
14220
14221
14222
14223
14224
14225
14228
14229
14230
14232
14233
14234
14235
14236
14237
14239
14240
14243
14244
14246
14247
14248
14250
14251
14252
14254
14257
14258
14259
14260
14262
14263
14267
14268
14270
14271
14272
14273
14274
14275
14276
14278
14279
14280
14281
14282
14283
14284
14286
14287
14288
14289
14290
14292
14293
14296
14297
14298
14299
14300
14301
14303
14307
14308
14309
14310
14311
14312
14314
14316
14317
14318
14319
14320
14321
14322
14324
14330
14333
14334
14335
14336
14337
14338
14339
14344
14345
14347
14348
14349
14350
14351
14352
14353
14354
14355
14356
14357
14360
14361
14363
14364
14366
14367
14368
14369
14370
14371
14372
14373
14374
14375
14377
14380
14382
14383
14385
14386
14387
14388
14389
14394
14395
14396
14399
14400
14401
14404
14677
14405
14407
14409
14412
14414
14417
14420
14421
14422
14423
14424
14425
14426
14428
14429
14430
14434
14436
14437
14443
14444
14447
14448
14449
14450
14451
14455
14456
14457
14459
14464
14467
14468
14469
14472
14474
14477
14478
14479
14482
14484
14485
14486
14487
14490
14491
14493
14494
14495
14497
14500
14503
14504
14505
14507
14508
14509
14510
14511
14514
14515
14516
14517
14519
14521
14525
14527
14529
14530
14531
14532
14533
14534
14538
14541
14542
14543
14544
14545
14550
14551
14553
14554
14556
14558
14559
14563
14564
14565
14571
14575
14581
14582
14585
14588
14590
14599
14601
14605
14608
14610
14611
14615
14620
14623
14624
14625
14626
14627
14630
14634
14635
14638
14645
14649
14652
14660
14661
14663
14666
14669
14671
14673
14680
14681
14682
14684
14687
14691
14692
14694
14696
14697
14698
14700
14701
14705
14709
14713
14715
14716
14718
14721
14723
14725
14727
14728
14731
14732
14738
14739
14742
14743
14744
14745
14748
14751
14752
14757
14760
14761
14768
14771
14774
14776
14777
14781
14784
14787
14795
14800
14801
14805
14811
14815
14816
14819
14820
14821
14834
14836
14842
14848
14849
14852
14853
14870
14872
14873
14874
14878
14879
14887
14890
14893
14903
14911
14913
14914
14915
14916
14917
14919
14926
14927
14929
14931
14935
14938
14941
14944
14945
14949
14953
14957
14961
14963
14966
14967
14970
14972
14977
14981
14984
14990
14992
14994
14995
14999
15001
15003
15007
15010
15012
15014
15016
15017
15019
15021
15022
15023
15024
15025
15026
15027
15029
15891
15031
15033
15034
15035
15038
15039
15043
15044
15047
15048
15049
15051
15052
15053
15056
15058
15060
15061
15062
15063
15064
15070
15071
15075
15076
15078
15079
15082
15084
15085
15086
15089
15090
15091
15092
15093
15095
15099
15108
15111
15112
15113
15116
15117
15119
15120
15121
15122
15123
15124
15129
15130
15131
15132
15134
15136
15138
15140
15144
15146
15147
15151
15152
15158
15159
15160
15161
15162
15165
15166
15168
15169
15172
15173
15174
15175
15179
15180
15181
15183
15184
15185
15187
15188
15189
15190
15191
15193
15196
15200
15201
15203
15204
15206
15207
15209
15210
15211
15214
15217
15218
15219
15220
15224
15229
15234
15235
15236
15239
17331
15244
15247
15249
15255
15258
15259
15260
15261
15262
15263
15264
15266
15269
15270
15271
15273
15274
15276
15277
15278
15282
15283
15284
15286
15287
15288
15291
15292
15293
15294
17181
15301
15302
15306
15307
15310
15311
15312
15313
15315
15316
15317
15318
15319
15320
15321
15322
15323
15324
15325
15326
15327
15328
15329
15330
15331
15332
15334
15336
15337
15338
15339
15340
15341
15342
15343
15344
15345
15347
15348
15349
15351
15352
15353
15354
15355
15357
15358
15359
15360
15361
15362
15363
15364
15365
15366
15367
15368
15369
15370
15371
15372
15373
15374
15375
15376
18126
15377
15378
15379
15380
15381
15382
15384
15385
15386
15387
15388
15389
15390
15391
15392
15393
15394
15395
15396
15398
15399
15400
15401
15402
15403
15404
15405
15407
15408
15409
15410
15411
15412
15413
17553
15925
15414
15415
15417
15418
15419
15420
15421
15422
15423
15424
15425
15426
15427
15429
15430
15431
15432
15433
15434
15436
15437
15438
15439
15440
15441
15443
15444
15445
15446
15447
15448
15449
15451
15452
15453
15454
15455
15456
15457
15458
15459
15460
15461
15462
15463
15464
15465
15466
15468
15469
15471
15472
15473
15474
15475
15477
15478
15480
15481
15482
15483
15484
15485
15486
15487
15488
15489
15490
15491
15492
15493
15494
15495
15496
15497
15498
15499
15500
15501
15502
15503
15504
15505
15506
15507
15508
15510
15511
15513
15514
15515
15516
15517
15518
15519
15520
15521
15522
15523
15524
15525
15526
15527
15528
15529
15530
15532
15535
15536
15538
15540
15541
15542
15544
15546
15547
15548
15550
15553
15554
15556
15557
15558
15559
15560
15562
15563
15565
15567
15568
15569
15570
15571
15573
15574
15575
15576
15578
15579
15581
15582
15583
15584
15585
15586
15587
15588
15590
15591
15592
15593
15594
15596
15597
15598
15599
15600
15601
15602
15603
15604
15605
15607
15608
15609
15610
15611
15612
15614
15615
15616
15618
15619
15620
15621
15622
15623
15624
15625
15626
15627
15628
15629
15630
15631
15632
15634
15635
15637
15638
15640
15641
15642
15643
15644
15645
15649
15652
15653
15654
15657
15660
15661
15662
15663
15666
15667
15668
15669
15670
15671
15672
15673
15674
15675
15676
15677
15679
15680
15683
15684
15685
15687
15688
15689
15690
15691
15692
15694
15695
15697
15699
15700
15701
15702
15703
15705
15706
15707
15708
15709
15712
15713
15715
15719
15720
15721
15722
15723
15724
15725
15726
15730
15731
15732
15735
15736
15737
15738
15739
15741
15742
15743
15745
15746
15750
15751
15752
15754
15756
15758
15759
15761
15762
15764
15767
15768
15769
15770
15771
15772
15774
15775
15776
15777
16705
15781
15783
15784
15785
15786
15787
15788
15789
15790
15791
15792
15794
15795
15796
15798
15799
15801
15802
15803
15804
15806
15807
15809
15812
15813
15814
15815
15816
15818
15819
15820
15822
15823
15824
15825
15826
15827
15828
15829
15830
15831
15832
15833
15834
15835
15836
15837
15838
15839
15842
15843
15844
15845
15848
15849
15850
15851
15852
15853
15854
15855
15856
15857
15858
15859
15860
15864
15868
15870
15872
15873
15875
15878
15879
15882
15883
15887
15888
15890
15892
15893
15895
15896
15897
15898
15899
15901
15903
15904
15905
15906
15908
15909
15910
15911
15912
15913
15915
15916
15917
15919
15920
15922
15924
15987
15926
15927
15928
15930
15935
15936
15938
15939
15940
15943
15945
15947
15949
15951
15952
15954
15955
15956
15957
15958
15959
15960
15961
15962
15964
15965
15966
15968
15969
15971
15974
15976
15977
15978
15980
15981
15982
15984
15985
15986
15989
15990
15991
15993
15994
15995
15996
15998
16005
16006
16008
16009
16010
16011
16016
16017
16018
16019
16021
16023
16024
16025
16026
16028
16030
16031
16032
16034
16035
16036
16037
16038
16039
16040
16041
16044
16045
16046
16047
16048
16050
16051
16052
16053
16054
16058
16059
16061
16063
16066
16067
16073
16075
16077
16078
16079
16080
16082
16083
16084
16086
16088
16091
16092
16093
16094
16096
16097
16100
16101
16103
16104
16106
16112
16113
16119
16122
16123
16127
16131
16133
16135
16136
16139
16144
18096
16150
16151
16152
16153
16156
16157
16158
16159
16162
16164
16167
16172
16173
16175
16176
16177
16178
16181
16182
16183
16185
16186
16187
16188
16192
16193
16194
16197
16198
16199
16206
16212
16215
16216
16219
16221
16222
16224
16225
16226
16227
16228
16232
16233
16234
16237
16238
16239
16243
16245
16248
16250
16251
16252
16255
16256
16259
16260
16262
16263
16264
16265
16272
16273
16274
16276
16278
16279
16280
16281
16283
16284
16285
16286
16288
16289
16290
16291
16293
16295
16297
16298
16299
16300
16301
16304
16305
16306
16307
16308
16310
16311
16314
16315
16317
16318
16321
16969
16322
16323
16327
16329
16331
16332
16340
16351
16358
16360
16361
16362
16363
16365
16372
16373
16379
16382
16385
16386
16389
16392
16394
16399
16400
16402
16403
16407
16411
16412
16414
16416
16427
16431
16433
16438
16445
16446
16447
16448
16450
16454
16455
16458
16463
16466
16472
16476
16479
16481
16482
16483
16488
16489
16492
16494
16495
16496
16497
16499
16503
16504
16507
16509
16510
16511
16512
16513
16515
16516
16517
16519
16521
16524
16526
16527
16530
16532
16533
16535
16536
16538
16541
16542
16544
16545
16547
16548
16555
16556
16559
16560
16563
16567
16571
16572
16573
16575
16577
16578
16580
16582
16584
16587
16588
16591
16593
16594
16595
16597
16598
16604
16608
16609
16610
16611
16613
16614
16616
16618
16620
16621
16622
16625
16626
16630
16631
16632
16634
16635
16637
16639
16643
16644
16645
16646
16647
16648
16649
16652
16654
16657
16658
16659
16662
16663
16664
16667
16668
16670
16671
16672
16673
16674
16675
16680
16683
16684
16685
16687
16688
16690
16691
16694
16697
16701
16702
16703
16704
16707
16708
16709
16710
16714
16715
16725
16729
16730
16732
16734
16735
16737
16738
16740
16744
16746
16750
16751
16753
16755
16756
16757
16758
16759
16761
16764
16766
16773
16774
16775
16776
16778
16780
16784
16785
16786
16790
16791
16792
16794
16797
16798
16805
16810
16811
16813
16814
16815
16817
16822
16824
16825
16826
16828
16829
16831
16833
16834
16835
16841
16842
16843
16844
16847
16849
16852
16854
16855
16856
16857
16858
16859
16860
16862
16863
16864
16867
16868
16869
16870
16871
16872
16875
16878
16879
16880
16881
16882
16883
16884
16889
16890
16891
16892
16894
16896
16898
16899
16901
16902
16907
16910
16914
16915
16916
16917
16918
16923
16924
16925
16926
16931
16932
16933
16934
16935
16937
16938
16939
16940
16941
16943
16944
16945
16946
16948
16949
16953
16954
16955
16957
16958
16961
16962
16963
16966
16972
16973
16976
16977
16979
16980
16984
16986
16989
16991
16992
16993
16994
16996
16999
17000
17001
17002
17003
17004
17005
17007
17008
17009
17011
17012
17014
17017
17018
17024
17025
17027
17036
17037
17038
17039
17040
17044
17045
17046
17047
17048
17049
17050
17051
17052
17053
17054
17057
17058
17060
17061
17066
17067
17070
17071
17073
17074
17078
17079
17083
17085
17087
17089
17090
17091
17092
17095
17096
17097
17099
17100
17101
17102
17105
17106
17107
17109
17110
17111
17113
17116
17118
17120
17121
17123
17124
17126
17128
17129
17130
17132
17134
17137
17138
17139
17140
17143
17144
17147
17149
17151
17153
17154
17155
17157
17161
17163
17164
17166
17167
17168
17169
17171
17174
17175
17176
17178
17179
17180
17182
17186
17187
17189
17190
17196
17197
17198
17199
17200
17201
17202
17206
17208
17209
17212
17214
17215
17216
17219
17220
17221
17222
17223
17224
17225
17226
17228
17230
17231
17232
17233
17234
17235
17236
17237
17238
17239
17240
17241
17242
17243
17244
17245
17246
17247
17248
17249
17250
17251
17252
17253
17254
17255
17256
17262
17263
17270
17279
17280
17282
17286
17287
17288
17306
17307
17310
17314
17318
17319
17321
17327
17328
17329
17330
17334
17337
17341
17349
17350
17354
17356
17359
17360
17361
17366
17368
17370
17375
17376
17378
17379
17380
17383
17385
17387
17388
17389
17391
17393
17395
17397
17398
17399
17400
17401
17403
17410
17411
17414
17415
17416
17418
17419
17420
17421
17425
17430
17434
17435
17436
17437
17438
17439
17442
17443
17444
17446
17449
17450
17451
17453
17454
17455
17457
17458
17460
17462
17464
17470
17472
17476
17478
17479
17481
17484
17485
17488
17490
17492
17493
17500
17502
17504
17506
17507
17508
17509
17510
17511
17512
17513
17515
17516
17518
17519
17521
17526
17527
17530
17531
17532
17533
17534
17535
17536
17537
17540
17541
17542
17543
17544
17546
17547
17548
17551
17554
17555
17556
17557
17560
17561
17563
17566
17567
17568
17569
17570
17571
17572
17575
17577
17578
17581
17582
17583
17584
17585
17588
17591
17595
17597
17598
17600
17601
17603
17604
17608
17610
17611
17612
17613
17614
17619
17620
17622
17624
17625
17627
17628
17629
17634
17637
17639
17640
17642
17643
17645
17646
17649
17651
17652
17655
17657
17660
17665
17668
17672
17678
17682
17685
17688
17691
17699
17701
17704
17706
17707
17783
17710
17711
17713
17717
17718
17719
17723
17728
17729
17735
17736
17738
17740
17741
17742
17743
17744
17745
17746
17747
17748
17749
17751
17752
17753
17754
17755
17756
17863
17757
17758
17759
17760
17761
17762
17765
17766
17767
17772
17775
17776
17779
17781
17785
17786
17787
17790
17795
17796
17799
17802
17803
17806
17807
17808
17812
17813
17814
17815
17816
17817
17818
17819
17820
17822
17827
17828
17830
17831
17832
17833
17834
17836
17837
17838
17840
17841
17843
17847
17849
17850
17851
17852
17854
17856
17857
17859
17860
17861
17862
17868
17864
17865
17866
17869
17870
17872
17873
17874
17875
17876
17878
17879
17880
17883
17887
17890
17891
17896
17900
17903
17904
17908
17910
17914
17916
17922
17923
17924
17925
17926
17927
17933
17934
17937
17938
17939
17940
17941
17943
17944
17945
17948
17950
17955
17956
17958
17960
17962
17963
17966
17967
17968
17969
17970
17972
17973
17974
17975
17976
17977
17985
17987
17988
17989
17992
17995
17997
17998
18001
18003
18004
18005
18006
18007
18008
18011
18013
18014
18015
18016
18017
18018
18023
18024
18025
18026
18027
18029
18030
18031
18032
18033
18034
18036
18037
18038
18041
18043
18044
18045
18046
18047
18049
18050
18054
18055
18057
18058
18059
18060
18063
18064
18115
18065
18066
18069
18070
18072
18073
18074
18075
18076
18077
18078
18079
18080
18081
18082
18083
18086
18087
18088
18089
18090
18091
18092
18093
18094
18095
18097
18098
18099
18100
18101
18102
18106
18111
18114
18120
18122
18123
18124
18128
18129
18130
18132
18134
18138
18140
18146
18148
18154
18157
18158
18161
18169
18176
18179
18181
18183
18185
18187
18189
18192
18195
18199
18202
18207
18211
18213
18215
18216
18218
18219
18220
18224
18229
18230
18232
18235
18237
18238
18239
18240
18242
18244
18247
18248
18250
18251
18253
18254
18257
18258
18272
18274
18286
18287
18290
18291
18292
18298
18305
18309
18318
18330
18336
18337
18339
18344
18345
18346
18347
18353
18355
18359
18361
18363
18364
18369
18370
18373
18374
18378
18380
18384
18385
18388
18389
18393
18394
18396
18397
18399
18400
18416
18417
18418
18420
18423
