5
265
17
949
6
95
2017
9
33
10
128
2440
1676
5009
6677
1178
796
672
2594
10535
2477
694
1464
4668
1344
11079
4040
720
696
2773
1240
2781
11619
11364
4584
236
3822
1263
9970
11
12
7153
867
6388
7750
459
14
15
7476
16
20
1525
22
3649
3789
23
6497
1894
113
649
1483
172
1237
681
1085
1055
817
106
5532
2717
6585
34
36
1281
11395
774
1930
9099
1296
4372
8864
393
9007
4149
777
8762
317
3391
1349
850
221
607
2787
1513
2621
10813
44
7773
1429
921
5050
7359
47
2492
48
49
3091
6167
56
60
1347
1615
61
7166
5590
65
66
69
87
73
6372
392
1453
7004
75
76
369
77
79
80
82
83
512
5892
2054
1848
7441
7178
2591
3493
3623
3626
557
3632
4920
88
584
7372
4301
6608
84
2903
984
1497
2652
2360
2143
1762
487
3056
7922
1651
885
2679
4601
5118
4351
85
86
6973
91
93
94
2513
1145
7479
101
104
105
112
114
115
116
6020
5477
117
119
3511
2588
118
4803
4006
5414
2220
3384
1564
121
125
129
555
134
1664
7531
1413
9482
1045
6581
146
5055
147
4039
2231
148
149
150
151
152
801
162
164
168
170
171
598
1765
173
176
177
179
180
1607
3624
4010
10414
1879
186
7232
195
196
197
198
199
202
203
205
206
216
220
223
226
6275
6180
6350
3195
227
228
229
652
233
2563
1611
1422
4721
1332
1334
238
3186
239
2053
241
245
781
248
258
262
264
937
2467
267
12001
1257
270
277
268
269
2266
10980
6132
271
272
274
916
276
2925
2242
278
280
281
284
1314
285
286
288
289
290
294
297
825
299
1229
301
302
304
306
309
311
2209
1895
314
316
339
390
3103
7118
3421
4703
323
328
329
330
336
2688
357
3168
340
3508
8534
1827
341
343
642
395
2422
2770
1782
496
8054
1017
348
349
350
351
353
356
1252
1670
358
366
368
955
370
372
376
1220
377
7346
381
382
1177
2685
386
1658
387
3457
3590
4493
391
456
394
397
402
403
404
406
7131
6294
407
1088
2056
650
944
8822
1086
409
412
413
1814
414
415
416
674
5635
4971
2733
4962
4886
3290
8975
417
422
425
2450
5923
4660
1999
3678
3580
10879
426
427
428
430
431
432
434
435
436
438
440
441
443
446
449
450
453
457
2178
3771
821
460
7579
3069
465
469
470
471
11396
10695
472
473
2560
1821
474
475
478
8417
520
480
482
6845
1798
486
9112
492
493
497
499
7109
8836
502
2251
1549
504
506
508
511
1634
515
8571
6060
516
517
518
519
7542
522
523
525
526
1659
6298
6301
530
535
536
5682
539
540
10820
6642
541
542
543
6048
544
551
1056
5030
4879
1430
552
556
3989
631
560
563
564
566
568
569
2291
4309
572
573
575
576
1959
582
583
1741
5683
1812
1557
633
592
595
596
908
602
606
597
4836
6537
600
601
2804
872
603
673
2117
6055
604
608
611
612
615
617
618
1781
619
620
629
630
634
636
3693
639
4195
678
4332
2188
643
644
713
648
8720
654
655
2320
657
2906
2374
2735
660
664
670
671
2315
675
676
6616
680
682
683
684
685
686
690
691
692
693
1901
4793
695
3276
697
698
699
704
4478
707
2086
2233
927
714
717
721
728
729
731
732
733
784
738
744
745
748
750
753
755
756
757
759
761
765
767
768
773
10804
9205
820
775
1333
783
785
786
790
792
811
793
794
1370
795
3530
799
800
802
856
1028
803
805
6145
806
1071
807
809
810
812
3172
813
4819
4506
815
1089
816
818
1083
4313
3966
822
7581
823
826
829
832
1132
8729
10751
833
10593
10447
902
834
835
3404
836
837
838
839
6675
840
841
844
845
846
847
8861
848
849
4404
851
852
854
855
5784
858
859
8274
10589
860
861
864
865
866
868
869
2760
3799
3259
2428
870
871
873
4260
874
8289
2033
876
878
879
3496
882
884
888
891
892
894
898
903
904
905
9965
910
911
914
915
917
919
920
960
922
923
924
925
926
928
1405
7151
929
10415
930
931
6061
932
933
934
936
939
940
942
943
2273
4646
4716
5112
5177
3838
4111
945
947
948
953
954
2930
958
963
967
968
1729
1150
970
2891
6895
4760
974
975
976
978
979
981
982
2761
983
985
986
988
993
994
995
996
4754
997
999
1005
1013
1014
1015
1016
1019
1024
1026
3153
1029
1032
1034
1035
1036
1040
1044
1046
1047
1049
1050
1051
1052
1053
6804
1058
1060
2523
3560
3311
1062
1063
1064
3705
1066
1575
2546
1067
1072
1073
3724
5748
1074
1075
1076
1077
1079
1080
1081
1082
1084
5495
2725
10816
4811
2778
5851
3300
4852
6265
1087
1262
1091
1093
1094
6028
3823
1095
1096
1097
5261
1098
1101
1102
1103
1104
1106
1107
1109
1110
1680
8090
1111
1113
1114
1116
1117
9034
4236
1646
9534
1118
1123
1126
1127
1129
1130
3974
1192
6603
10609
8306
1131
2418
1133
1134
1135
1769
1140
1217
1142
3038
1143
1144
2734
7730
1147
1148
1152
1153
1154
1155
1158
1159
1164
1166
1172
1173
1175
1176
1181
3432
1182
1186
1187
1191
3937
1194
1195
1196
1197
1199
1200
1201
1202
1205
1206
11955
1209
1210
1216
1218
1219
5888
1222
1224
1226
4504
1228
1230
1231
1232
1233
1236
1238
1239
11224
10652
10337
8539
1242
1243
1244
1245
1246
1248
1250
1253
2607
1256
1259
1260
1261
1264
1265
1266
1269
1272
1277
1278
2222
5064
1280
7621
1284
3892
1286
1287
1288
1290
1291
1292
1294
1295
4131
1297
1299
1304
1305
1306
1311
1318
1320
3779
2319
4850
1322
1323
1324
1327
1328
1330
1331
1335
1336
2920
4719
3188
1337
1339
1340
1342
1343
4101
2168
1747
3767
1345
1346
1348
7312
1350
1352
1356
1357
1358
1360
1361
1367
1368
1369
6965
1374
1375
1376
1377
1378
1379
3874
1381
1382
1384
7181
7415
1385
1387
1388
1389
1392
1826
5455
4048
1395
1396
7695
1397
1398
1399
1400
5976
1406
1950
1416
1418
1420
3522
1423
4191
1435
1438
1439
1440
1443
1444
1445
1452
7754
10780
1454
1455
1456
1460
1461
1465
1467
1468
1471
1477
1479
1480
1570
6076
7615
1481
1484
1485
1486
1489
1490
1491
1493
1494
1496
1500
1502
1508
1686
1517
1523
4890
1524
1526
1529
3871
1530
1534
1536
1541
1546
1547
1548
1552
1554
7261
1555
1559
2500
1562
1563
1576
11693
1583
1584
6101
1585
1590
1591
1596
1597
1598
1599
1601
1602
1603
1604
1612
1613
10346
1616
1617
1618
4709
8078
1620
2411
1716
7871
1621
1622
1627
1628
1629
1630
1631
1632
5663
1633
1635
1636
1637
2624
1640
1642
1648
6424
1654
1655
1657
3513
3523
11470
10579
1684
3516
2604
1660
1662
1666
1667
1668
1669
4105
1672
1674
1675
4003
1679
1681
1682
2281
2355
9039
1685
1688
1690
1695
1797
1698
1700
1701
1705
1707
1709
1711
1713
1715
1721
1723
1724
1725
1726
1728
1730
1731
1734
1735
1739
1740
1742
2181
1744
1746
1751
1756
1761
1763
1764
1767
1768
1771
1774
1778
1785
1790
5316
1795
11128
1799
1800
1802
1803
1804
1805
1806
1807
1808
1810
1811
1815
1817
1820
1981
4894
4450
1823
2585
1828
1830
1831
1914
1839
1840
1842
1844
5933
1846
1847
1850
1851
1854
1864
3330
1866
1872
1873
1878
1882
1883
1884
1887
8367
1892
3245
1902
1912
8187
1917
1919
1922
2595
1923
1924
1925
1926
1931
1935
1936
4663
1938
1942
1945
1948
1949
7599
3230
1961
7780
1963
1964
1967
1968
1969
1971
1980
3396
1982
1984
1985
1989
1991
1995
1996
10754
3241
2094
6546
2552
7327
2000
2001
2003
2006
4434
2008
2010
2011
2014
6333
2018
2019
2021
2024
2026
2027
2029
2038
7559
2375
2039
2046
2050
2052
2060
2065
2068
2072
2073
2074
2077
2078
2079
2081
2083
2084
2085
2087
2089
4696
2097
2099
2106
2110
2111
2112
2113
2114
2120
2125
2126
2127
3118
2130
2133
2135
2136
2137
2139
2142
2150
2156
2160
4019
2161
7059
2164
2165
2171
2174
2175
2180
11553
3147
3481
2184
2187
4491
6503
3125
2189
2190
2192
2193
2393
2194
2195
2197
2199
2201
2203
2206
2207
2208
2211
2213
2214
4942
2216
2221
2228
2230
2892
2415
3104
2234
2235
2238
2239
4467
3148
3637
8605
2243
2245
2247
2248
4430
2249
2282
2252
2253
2254
2255
2256
2931
2259
2260
2261
2262
8900
2269
2270
2271
2272
2276
2277
2279
5130
2283
3572
2286
2287
2288
2294
2296
2300
2302
2305
2308
2309
2310
2317
2318
2323
2324
2325
2327
2328
2335
2340
2342
2343
2344
2345
2349
2351
2359
2370
2371
5790
2373
2453
7740
2376
2378
2380
2388
2390
2394
2395
2397
2399
2400
2403
2410
3460
8046
6223
3439
3032
2412
2414
2419
2420
2421
2423
2425
6854
2555
2426
2431
2433
2435
7521
3999
5902
2438
2439
8296
3106
2442
2443
2445
2446
7394
2449
2454
2455
2457
11738
2461
2463
2468
2469
2470
2475
2476
2478
2479
2480
2482
2483
2484
2486
2487
2488
2489
2495
2496
2497
2501
8803
8269
2506
2510
6430
2515
2517
2522
2527
2528
2534
2535
2537
2539
2541
2542
2544
2545
2547
2548
2549
2550
2551
2553
2557
2558
2559
9089
2561
2562
3406
2564
2566
2568
2570
2571
2574
2575
2576
2581
5974
2582
2583
2587
2589
5069
2592
3385
3351
2593
11746
7973
6763
4336
3957
10974
10917
2597
2600
2602
2605
4901
2606
2955
3037
2608
2609
2613
2616
2617
2620
2622
4123
2625
2628
2630
2631
2635
2637
2640
2641
2642
2643
2645
2646
2647
2654
2655
2657
2658
2660
2663
2665
2667
2668
2670
2674
2676
2678
7242
2680
2681
9162
2682
4418
9520
7130
8736
2802
8727
2690
2692
2696
2700
2701
2702
2705
2711
2712
2714
2715
2716
2720
2722
2723
2724
5915
3335
2726
2727
2728
2729
2732
3216
2736
2738
2739
2740
2741
2742
2744
2745
2746
2747
2748
2749
2751
2753
2754
2756
2758
2759
3542
2762
2763
2764
2765
2766
2767
2768
2769
8915
2771
2775
2777
2780
2783
2785
2789
2791
2793
2794
2795
2796
2983
2797
2798
2805
2806
2807
2808
2810
2815
2816
2817
2828
2821
2822
2823
2824
2827
2829
2832
2835
2836
2839
2840
2843
3197
2849
2851
2854
2855
2860
2862
2863
2940
2869
2871
2874
2876
2882
2884
2885
2886
2887
2889
2894
2895
2897
3312
5612
2898
2900
2901
2904
2905
2907
2908
2909
2910
2913
2915
2916
2918
2921
2922
2923
2924
2926
2927
2929
2933
2938
2942
2943
2945
2949
2950
2958
2959
2960
5981
2961
7432
3928
2967
3111
2971
2973
2974
2978
2980
2982
2984
3211
2987
2989
2990
2993
2994
3002
3003
3004
3010
3013
3019
10154
3020
3022
3025
3031
3041
3042
3043
3044
3382
3045
3047
3049
3051
3052
3053
3055
8484
5708
4535
3058
3059
4289
3061
3065
3067
3068
4029
3074
3075
3077
3080
3084
3087
3088
3090
3093
3105
3465
3215
3107
4617
3112
3116
3120
3121
3124
3127
3129
3132
3136
3137
3141
3142
3144
3145
3494
3149
6785
3154
3157
3167
3169
3170
3171
3175
3176
3178
3180
3181
3183
3185
7017
3189
10513
3190
3193
6988
3200
3202
3204
3208
3209
3210
3715
3212
3213
3217
3218
3219
7806
3220
3222
3223
3224
3225
3226
3229
8408
3231
3237
9989
3240
3243
3244
3246
3255
7692
3256
3258
3261
3262
3263
3265
3266
3267
3270
3271
3272
3273
3274
3278
3279
3281
3282
3284
3286
3287
3288
3289
3291
3293
3297
3301
3305
3306
3307
3308
3313
3319
3321
3323
3325
3326
3327
8859
3328
3331
3332
3333
3334
3337
3340
3341
3345
3346
3347
3349
3352
3354
3355
3357
3359
3363
3365
3369
3610
3370
3376
3378
3380
3381
3387
3388
3390
3393
3395
3397
3398
3399
3403
5434
3405
3407
3408
3413
3415
3417
3418
3420
3423
3427
3430
3434
3435
3437
3438
3440
3441
3442
3443
3445
3446
3448
3449
3451
3452
3453
3454
3455
3462
3463
6778
3464
3466
3467
3468
3469
3470
3471
3472
3473
3474
3476
3480
3873
10023
3482
3746
4095
3483
3485
3486
3487
3488
3489
3491
3899
3495
7290
3497
3498
3499
3500
3501
3504
3507
10622
3509
3510
3512
3515
3518
3519
3524
3525
3531
3532
3534
3535
3536
6316
3538
3539
3540
3541
11084
3544
3547
6844
3548
3549
3551
3554
3555
4587
3557
6236
3559
3562
3563
3564
3566
3571
3573
3575
3576
3577
3578
3579
3642
6310
3581
3582
9769
3583
3584
3585
3587
3592
3593
3594
3596
8033
3600
10504
3604
3606
3607
3612
3614
3616
3621
3630
3635
3640
3643
3645
3648
11972
3651
3654
3656
3657
3660
3662
3663
3668
3670
3671
3673
5160
4373
3674
3677
9961
11435
3679
3681
3682
4215
3684
3688
3695
3697
3699
3700
2274
3702
3703
3706
4810
3710
3712
3714
3717
3718
10533
10326
3720
3721
3723
3725
3731
3734
3735
3738
3740
3741
3742
3743
3744
3745
3747
3748
10677
3749
6246
3750
3751
3752
3754
3755
3757
3760
3761
3762
3764
3768
3769
3770
3775
3777
3778
3780
3781
3782
3784
3786
3787
3788
3790
5978
3791
3794
3796
3798
3800
3801
3802
3804
3809
3811
3812
3814
3815
3816
3817
3819
3820
3821
3824
3825
3826
3827
3828
3829
3831
3832
3835
3836
3837
4800
3839
3841
3842
3843
3844
3845
3846
4659
3848
3849
3852
3853
3854
3855
3856
3857
3858
3860
3861
3862
3863
3864
3865
10022
3866
3867
3868
3870
3872
4113
3878
3879
3880
3881
3882
3883
3884
3885
3886
3888
3889
3890
3891
7809
6617
3896
3897
3898
3901
3902
3903
3904
3905
3906
3908
3911
3913
3914
3918
3920
3922
3923
3924
3925
3929
3930
3931
3932
3935
3938
3940
3943
3944
3945
3949
3950
3951
3952
3953
3954
3958
3959
3960
3961
3962
3963
3967
3969
3970
3975
3976
3978
3980
3985
3990
3992
3996
3997
5417
4004
4005
10610
4722
4007
4008
6776
4012
4016
4018
4024
4027
4032
4037
4038
4125
4041
4043
4044
4045
4046
4051
4052
4053
4054
4055
4056
4058
4065
4067
4069
4070
4071
4072
4073
4074
4078
4079
4081
4085
4087
4088
4089
4090
4091
4092
4096
4097
4098
4099
4102
4103
4104
4112
4117
4118
4121
4126
4127
4128
4129
4134
4137
4140
4142
4144
4147
4148
4150
4151
4153
4154
4155
4156
4157
4158
4160
4162
4164
4167
4170
10907
4174
4176
4179
6541
4181
4182
4185
4187
4188
4190
4192
4193
4199
4201
4202
4208
4212
4213
4214
4216
4217
4219
4221
4223
4225
4226
4231
4232
4701
4233
4235
4239
4241
4246
4247
4248
4250
4253
4255
4256
4261
6377
4268
4270
4271
4274
4280
4287
4290
4302
4321
4322
4324
4340
4343
4346
4348
4349
4350
4352
4353
4354
4355
4356
4358
4363
4368
4369
4370
4374
4380
4382
4383
4390
4393
4395
4396
4398
4403
4405
4406
4408
4410
4414
4415
4992
4417
4419
4421
4424
4428
4432
4439
4440
4446
4448
4451
4452
4453
4463
4466
4468
4469
4470
4471
4474
4476
4477
4480
4481
4484
4486
4489
4490
4492
4495
4497
4500
4505
4507
4510
4511
4514
4515
4516
4519
4520
4522
4523
4527
4528
4529
4530
4536
4537
4538
4546
4547
4553
4556
4562
4565
4569
4570
4572
4576
4577
4578
4579
4583
4585
4586
4588
4589
4591
4596
4597
4602
6739
4603
4605
4608
4610
4614
4615
4618
4619
4622
4625
4626
4628
4629
4630
4631
4632
4634
4640
4641
4647
4648
4652
4655
4657
4661
4670
4676
4678
4683
4687
4693
8093
4698
4700
4706
4707
4770
4708
10919
4710
4711
4714
4715
4718
7489
10711
4720
4723
4725
4727
4729
4732
4734
4735
4736
4737
4738
4739
4740
4742
4743
4744
4745
4748
4751
4752
4763
4766
4769
4773
4775
4777
4779
4783
4784
4785
4786
4788
4789
4790
4791
4792
4794
4797
4798
4801
4802
4804
4806
4807
8332
4808
4812
4813
4814
4817
4818
4846
4820
4822
4823
4882
4825
4826
4828
4830
4834
4835
4839
4841
4842
4844
4845
10182
4854
4855
4858
4859
4860
4862
4864
4865
4866
4870
4871
4872
4873
4874
4876
4880
4884
4885
4888
4889
4892
4895
4898
4900
4903
4904
4909
4911
4912
4915
4916
4919
4921
4923
4924
4925
4927
4928
4929
4931
4935
4936
4937
4938
4939
4940
4941
4943
4944
4947
4948
4949
4950
4952
4954
4958
4959
4999
4960
4961
4963
4964
4965
4967
4969
4970
4972
4975
4983
4986
4989
4991
4993
4994
4995
4996
4997
4998
5002
5005
5008
5010
5011
8185
5015
5017
5019
5022
5023
5024
5025
5026
5028
5029
7891
5033
5035
5039
5041
5042
5044
5045
5046
6213
5048
5049
6327
5054
5180
5056
5057
5058
5060
5061
5066
5067
5068
5072
5076
5077
5083
5085
5088
5090
5098
5103
5104
5105
5106
5109
5110
5111
5114
5117
6397
5119
5120
5121
5123
5124
5125
5126
5128
5129
5131
5132
5136
5138
5142
5144
5145
5148
5149
5151
5334
5155
5156
5157
5158
5159
5162
5163
5168
5169
5171
5173
5174
5182
5185
5187
5190
5194
5195
5197
5199
5200
5202
5203
5204
5205
5207
5208
5209
5210
5212
5213
5215
5216
5218
8038
5219
5222
5229
8259
5231
5232
5234
5235
5236
5239
5243
5244
5248
5250
5251
5253
5258
5264
5270
5273
5274
5276
5284
5287
5288
5289
5290
5291
5293
5295
5301
5303
5305
5308
5309
5312
5317
5321
5323
5327
5328
5330
5333
5336
5338
5339
5343
5393
5349
5351
5354
9420
5357
5358
5359
5362
5368
5369
5370
5371
5374
5377
5378
5380
5382
5383
5386
5389
5391
5392
5394
5401
5403
5404
5405
5407
5412
5420
5421
5424
5427
5428
5435
5436
5438
5439
5441
5442
5443
5447
5451
5457
5462
5464
5465
5470
5471
5472
5473
5474
5476
5480
5483
5484
5485
5487
5490
5492
5493
5502
5503
5504
5505
5506
5508
5509
5510
5511
5513
5515
5516
5517
6321
5519
5520
5521
10691
5522
5524
5527
5528
5530
5539
5540
5541
5542
5543
5546
5547
5549
5550
5552
5560
5561
5562
5563
5565
5566
5874
5567
5568
5571
5572
5576
5578
5582
5584
5585
5586
5589
5591
5599
5601
5603
5604
5607
5609
5610
5613
5614
5617
5618
5620
5621
5623
5627
5629
5631
5740
5641
5642
5643
5645
5646
5652
5656
7095
5659
5661
5664
5670
5672
5677
5678
5680
5681
5684
5693
5694
5703
5710
5711
5717
5718
5720
5721
5731
5734
5739
5741
5743
5744
5745
5746
5747
10234
5750
5752
5758
5759
5761
5762
5763
5767
5768
5770
5771
5772
5775
5788
5789
5792
5794
5797
5798
5799
5810
5813
5815
5818
5821
5822
5823
5828
5830
5832
5837
5838
5841
5842
5844
5845
5846
5848
5850
5852
5854
5857
5862
7914
5863
5864
5865
5866
5870
5872
5873
5879
5880
5882
5886
5891
5894
5895
5896
5900
5901
5903
5905
5906
5908
5909
5911
5913
5914
5919
5920
8275
5922
6053
5924
5925
5926
5927
5928
5929
5930
5934
5936
5939
5941
5943
5946
5951
5961
5964
5970
5971
5972
7911
7214
5990
5993
5995
5999
6000
6001
6002
6003
6009
6013
6323
6304
6030
6035
6036
6038
6039
6041
6046
6050
6054
6058
6064
6068
6077
6081
6082
6083
6084
6088
6090
6098
6099
6107
6110
6111
6112
6116
6118
6119
6121
6127
6129
6131
6134
6146
6150
6151
6154
6157
6158
6160
6162
6166
6169
6172
6173
6178
6184
6190
6197
6201
6204
6205
6207
6209
6212
6214
6215
6216
6228
6233
6234
6235
6242
6244
6245
6249
6250
6252
6254
7185
6255
6259
6260
6261
6263
6264
6267
6268
6270
6271
6273
6322
6277
6278
6280
6281
6283
6284
6285
6288
6290
6293
8928
6295
6296
6299
6300
6302
6305
6306
6307
6308
6309
6312
6313
6315
6317
6319
6320
6324
6325
6326
6328
6330
6332
6338
6339
7412
6344
6347
6349
6352
6353
6355
6356
6359
6360
6362
6364
6365
6366
6369
6373
6375
6376
7525
6378
6380
6382
6383
6384
6385
6386
6387
6391
6392
6393
6394
6404
10195
6408
6409
6410
6411
6416
6417
6418
6423
6427
6428
6433
6435
6436
6438
6444
6445
6446
6449
6450
6451
6452
6453
6454
6455
6456
6457
6458
6459
6460
6462
6463
6464
6465
6467
6469
6470
6472
6473
6475
6477
6478
6480
6481
6483
6485
6489
6492
6967
6496
6498
6499
6500
6501
6502
6504
6505
6507
6508
6509
6512
6514
6515
6516
6517
6518
6519
6522
9266
9267
6523
6524
6525
6526
6527
6529
6532
6533
6534
6538
6540
6542
6544
6545
6547
6548
6549
6552
6553
6557
6559
6564
6565
6566
6568
6569
6570
6571
6574
6576
6580
6582
6584
6586
6587
6588
6589
6593
6594
6595
6597
6598
6599
6602
6604
6607
6610
6611
6612
6613
6614
6618
6621
6622
6623
6625
6626
6627
6628
6630
6631
6632
6633
6635
6637
6640
6643
6645
6646
6647
6648
6649
6650
6651
6652
6654
7295
6655
6657
6659
6660
6661
6662
6664
6665
6667
6672
6673
6680
6682
6683
6684
6685
6686
6688
6690
6694
6695
6696
6697
6698
6699
6701
6702
6706
6708
8342
6709
6712
6713
6714
6717
6718
6725
6728
6729
6730
6738
6741
6743
6745
6746
6748
6749
6753
6754
6756
6765
6766
6768
6772
6774
6777
6782
6783
6786
6793
6795
6796
6797
6798
6799
6805
6806
6808
6812
6813
6815
6816
6818
6819
6821
6822
6824
6826
6827
6828
6832
6834
6836
6838
6840
6841
10364
6846
6847
6850
6851
6852
6856
6858
6859
6861
6866
6868
6869
6871
6878
6879
6886
6888
6889
6894
6896
6898
6905
6912
6914
6915
6918
6925
6926
6927
6928
6933
6935
6936
6937
6940
6944
6945
6946
6950
6952
6955
6957
6959
6960
6972
6974
6975
6978
6980
6982
6986
6989
6996
7003
7005
10467
7008
7020
7021
7023
7028
7029
7030
7033
7035
7040
7042
7044
7045
7046
7048
7049
7050
7051
7052
7065
7066
7067
7072
7074
7075
7077
7078
7080
7082
7084
7087
7088
7090
7094
7098
7102
8311
7104
7105
7106
7107
7111
7112
7113
7114
7115
7117
7119
7120
7122
8925
7125
7127
7128
7129
7132
7135
10165
7138
7139
7140
7144
7145
7147
7148
7150
9114
7155
7157
7158
7162
7171
7175
7177
7183
7189
7193
7194
7195
7203
7204
7207
7210
7211
7212
7218
7220
7224
7225
7229
7230
7231
7237
7244
7248
7249
7253
7260
7262
7263
7266
7267
7269
7273
7278
7280
7281
7283
7285
7289
7291
7293
7294
7302
7304
7307
7308
7311
8281
7315
7316
7318
7319
7320
7322
7323
7324
7329
7330
7335
7336
7341
7343
7345
7347
7350
7352
7353
7355
7358
7361
7362
7367
7370
7374
7375
7377
7380
7381
7385
7388
7390
7396
7398
7399
7401
7408
7410
7414
7416
7417
7418
7419
7420
7421
7422
7424
7425
7428
7429
7437
7439
7440
7442
7446
7448
7452
7459
7460
7461
7470
7474
7648
7482
7483
7485
7486
7487
7496
7497
7500
7501
7502
7503
7504
7507
7509
7510
7511
7518
7522
7523
7526
7529
7532
7534
7537
7538
7541
7546
7547
7555
7560
7562
7563
7564
7565
7566
7567
7568
7571
7574
7582
7584
7585
7589
7594
7595
7597
7598
7607
7610
7611
7620
7622
7624
7627
7628
7768
7632
7634
7637
7638
7640
7644
7650
7651
7653
7654
7655
7657
7658
7660
7661
7663
7667
7668
7670
7671
7672
7673
7674
7677
7679
7680
7681
7682
7685
7687
7689
7690
7691
10536
10384
7693
7694
7698
7700
7701
7702
7706
7707
7713
7720
7721
7725
7729
7731
7732
7733
7742
7745
7747
7752
7765
7766
7769
7775
7776
7779
7784
7785
7789
7791
7794
7795
7797
7800
7801
7803
7804
7807
7808
7811
7813
7822
7827
7830
7831
7842
7843
7846
7853
7855
7857
7858
7861
7862
7864
7866
7867
7868
7869
7870
7875
7876
7880
7886
7888
7892
7893
7894
7899
7902
7903
7906
7908
7909
7910
7912
7915
7920
7921
7924
7925
7927
7931
7935
7936
7943
7945
7946
7948
7950
7952
8444
7953
7955
7963
7967
10249
7975
7977
7978
7982
7987
7989
7990
7991
7993
7994
8000
8002
8003
8005
8011
8012
8014
8017
8022
8023
8029
8031
8035
8042
8043
8044
8049
8050
8052
8053
8057
8064
8066
8067
8068
8070
8071
8072
8075
8079
8080
8081
8083
8085
8086
8087
8089
8092
8095
8096
8097
8104
8109
8110
8116
8117
8121
8122
8124
8134
8136
8139
8140
8142
8149
8150
8153
8154
8155
8156
8165
8169
8170
8172
8176
8177
8181
8183
8184
8186
8189
8190
8193
8195
8197
8198
8199
8202
8206
8214
8216
8219
8220
8222
8223
8227
8228
8229
8231
8232
8233
8234
8236
8237
8245
8247
8248
8252
8254
8256
8257
8492
8261
8262
8264
8265
8266
8267
8270
8271
8272
8276
8277
8286
8290
8292
8295
8297
8298
8300
8301
8302
8303
8304
8307
8308
8310
8312
8313
8315
8316
8320
8323
8326
8329
8333
8334
8335
8338
8340
8343
8346
8347
8348
8349
8355
8356
8357
8358
8359
8361
8362
8366
8368
8370
8373
8375
8380
8385
8391
8396
8400
8406
8407
8409
8414
8419
8420
8423
8424
8425
8426
8429
8433
8435
8438
8439
8440
8441
8448
8450
8452
8453
8454
8455
8457
8460
8461
8462
8463
8464
8465
8470
8471
8476
8478
8481
8503
8504
8505
8509
8510
8516
8518
8519
8521
8522
8524
8533
8535
8538
8540
8541
8548
8550
8555
8558
8559
8564
8566
8568
8569
8576
8578
8579
8581
8584
8585
8591
8593
8598
8603
8606
8607
8613
8614
8619
8620
8622
8625
8626
8627
8629
8633
8636
8640
8644
8645
8647
8653
8660
8661
8665
8667
8668
8669
8671
8677
8689
8690
8691
8692
8696
8698
8700
8701
8702
8703
8705
8709
8710
8711
8714
8716
8724
8730
8733
8739
8742
8756
8757
8759
8761
8765
8769
8770
8776
8791
8793
8797
8798
8806
8809
8810
8813
8817
8818
8820
8821
8825
8826
8827
8830
8831
8832
8833
8835
8838
8839
8847
8848
8849
8855
8856
8863
8868
8869
8871
8877
8878
8880
8890
8891
8895
8896
8897
8909
8910
8913
8914
8916
8917
8919
8920
8927
9150
8929
8933
8938
8939
8940
8941
8942
8943
8945
8946
8947
8949
8952
8953
8956
8959
8965
8966
8970
8973
8980
8985
8986
8988
8990
8991
8995
8999
9002
9006
9008
9010
9011
9014
9015
9018
9021
9028
9031
9033
9035
9038
9044
9047
9048
9049
9052
9054
9059
9060
9061
9063
9064
9066
9069
9070
9071
9074
9076
9082
9084
9087
9091
9092
9096
9104
9111
9116
9119
9124
9127
9131
9133
9135
9137
9141
9143
9144
9145
9155
9156
9158
10630
9164
9170
9171
9174
9178
9179
9180
9181
9182
9184
9187
9189
9193
9195
9196
9199
9200
9201
9202
9210
9211
9215
9218
9219
9224
9228
9229
9230
9231
9233
9241
9243
9244
9251
9254
9255
9256
9257
9259
9261
9265
9346
9269
9336
9351
9358
9359
9362
9370
9380
9389
9391
9392
9393
9404
9415
9419
9421
9422
9430
9436
9439
9441
9443
9446
9450
9452
9453
9454
9479
9487
9491
9497
9506
9514
9526
9527
9540
9550
9553
9559
9562
9574
9583
9590
9604
9613
9614
9638
9640
9649
11742
9650
9656
9874
9672
9676
9679
9691
9697
9699
9708
9722
9737
9750
9751
9754
9757
9763
9767
9773
9774
9776
9777
9778
9781
9782
9788
9807
9810
9812
9824
9831
9832
9837
9838
9843
9846
9851
9856
9868
9869
9871
9872
9875
9883
9886
9888
9892
9899
9909
9912
9913
9914
9921
9922
9929
9933
9935
9943
9946
9947
9951
9955
9957
10055
9971
9977
9980
9983
9984
9988
9990
9992
9993
9995
10000
10002
10006
10013
10014
10015
10021
10025
10031
10034
10036
10039
10042
10051
10054
10058
10062
10070
10076
10081
10082
10086
10092
10093
10099
10101
10111
10114
10117
10119
10120
10127
10128
10132
10136
10139
10141
10143
10145
10146
10147
10148
10149
10152
10156
10164
10166
10168
10169
10174
10179
10181
10189
10190
10191
10194
10196
10198
10199
10208
10210
10212
10213
10214
10215
10219
10221
10225
10244
10245
10881
10251
10255
10258
10261
10264
10275
10276
10286
10299
10300
10302
10306
10308
10311
10313
10314
10317
10319
10323
10325
10327
10331
10338
10340
10341
10347
10351
10352
10355
10361
10365
10367
10370
10373
10378
10382
10383
10864
10387
10389
10393
12239
10396
10400
10405
10406
10407
10413
10417
10419
10434
10435
10439
10448
10453
10454
10456
10460
10464
10465
10494
10466
10474
10476
10479
10480
10483
10487
10488
10489
10492
10499
10502
10503
10508
10516
10518
10519
10520
10525
10527
10532
10534
10561
10537
10538
10540
10545
10547
10548
10550
10553
10554
10556
10559
10560
10562
10563
10564
10567
10569
10573
10577
10580
10582
10583
10585
10586
10587
10588
10594
10596
10598
10599
10601
10603
10606
10607
10608
10611
10612
10614
10616
10619
10620
10623
10624
10629
10633
10634
10636
10637
10640
10641
10642
10649
10650
10651
10653
10654
10655
10661
10663
10664
10665
10668
10672
10674
10676
10678
10680
10681
10685
10686
10687
10688
10694
10696
10697
10698
10699
10702
10703
10704
10705
10706
10708
10709
10710
10712
10713
10715
10718
10721
10723
10724
10725
10727
10729
10730
10732
10733
10734
10735
10736
10738
10739
10740
10741
10742
10746
10748
10749
10750
10753
10759
10761
10763
10766
10767
10768
10770
10774
10776
10777
10781
10782
10783
10784
10787
10788
10789
10792
10793
10794
10801
10803
10805
10811
10806
10807
10810
10855
10815
10819
10821
10822
10823
10824
10826
10827
10829
10832
10833
10834
10836
10837
10839
10841
10843
10845
10846
10847
10848
11400
10850
10852
10853
10854
10856
10858
10859
10860
10863
10866
10867
10869
10870
10872
10873
10875
10876
10877
10878
10882
10884
10885
10887
10889
10890
10891
10893
10894
10896
10897
10898
10900
10901
10902
10905
10906
10909
10910
10915
10916
10920
10921
10922
10923
10924
10925
10927
10928
10930
10931
10933
10934
10936
10937
10938
10941
10942
10943
10944
10945
10948
10950
10953
10955
10959
10960
10962
10963
10964
11507
10967
10968
10969
10970
10971
10972
10973
10975
10978
10979
10981
10982
10983
10984
10985
10988
10989
10990
10991
10992
10994
10995
10996
10997
10998
11000
11001
11002
11003
11004
11005
11008
11009
11010
11011
11012
11013
11014
11015
11016
11017
11018
11019
11020
11021
11022
11023
11024
11025
11026
11027
11028
11029
11030
11031
11032
11033
11034
11035
11036
11037
11038
11039
11040
11041
11042
11044
11045
11046
11047
11048
11049
11050
11051
11053
11055
11056
11057
11058
11059
11060
11061
11062
11063
11064
11065
11067
11069
11070
11073
11074
11075
11076
11077
11078
11080
11081
11082
11083
11085
11086
11087
11088
11089
11090
11091
11092
11093
11094
11096
11097
11098
11099
11100
11101
11102
11105
11106
11107
11108
11109
11110
11111
11112
11113
11114
11115
11116
11119
11120
11122
11123
11125
11126
11127
11129
11130
11132
11133
11134
11135
11136
11137
11138
11139
11141
11143
11144
11145
11146
11148
11149
11150
11151
11152
11153
11154
11155
11157
11158
11159
11160
11161
11162
11163
11164
11165
11166
11167
11169
11170
11171
11172
11173
11174
11175
11176
11177
11178
11179
11180
11181
11182
11183
11184
11185
11186
11187
11188
11190
11191
11194
11196
11197
11198
11200
11201
11202
11203
11204
11205
11206
11207
11208
11209
11210
11211
11212
11213
11214
11215
11218
11219
11220
11221
11222
11223
11225
11226
11227
11229
11230
11231
11232
11234
11235
11236
11237
11238
11239
11240
11241
11243
11244
11245
11246
11247
11249
11250
11251
11252
11253
11254
11255
11256
11257
11258
11260
11263
11265
11266
11267
11269
11270
11271
11272
11273
11274
11275
11276
11277
11278
11279
11280
11281
11282
11283
11284
11285
11286
11287
11289
11290
11291
11292
11293
11294
11295
11296
11297
11299
11300
11301
11302
11303
11304
11305
11306
11307
11308
11309
11310
11311
11312
11314
11315
11317
11318
11319
11320
11321
11322
11324
11326
11327
11328
11330
11331
11332
11333
11334
11335
11336
11337
11339
11342
11343
11344
11345
11346
11347
11348
11349
11350
11351
11352
11353
11354
11355
11357
11358
11360
11361
11362
11363
11365
11366
11368
11369
11370
11371
11372
11374
11375
11376
11377
11378
11379
11381
11382
11383
11384
11385
11386
11387
11388
11389
11391
11392
11393
11394
11397
11398
11399
11401
11402
11403
11404
11406
11407
11409
11410
11413
11414
11415
11416
11417
11418
11419
11420
11421
11424
11425
11426
11427
11429
11431
11432
11436
11437
11438
11439
11440
11441
11442
11443
11444
11445
11446
11447
11448
11449
11451
11453
11455
11457
11459
11460
11464
11465
11466
11467
11469
11471
11472
11475
11476
11477
11478
11479
11480
11482
11484
11486
11487
11490
11491
11492
11493
11494
11495
11496
11497
11498
11499
11500
11501
11502
11503
11505
11506
11508
11509
11510
11517
11519
11521
11522
11523
11524
11525
11526
11527
11528
11529
11530
11531
11533
11534
11535
11536
11537
11538
11539
11540
11544
11545
11546
11548
11549
11550
11551
11552
11554
11559
11560
11561
11563
11565
11566
11567
11572
11573
11574
11575
11576
11577
11578
11579
11580
11581
11583
11584
11585
11586
11587
11588
11589
11590
11591
11592
11593
11594
11596
11597
11599
11600
11601
11602
11603
11605
11606
11607
11610
11611
11612
11614
11615
11616
11617
11618
11620
11621
11622
11623
11624
11625
11626
11627
11628
11629
11631
11632
11633
11634
11635
11636
11637
11638
11640
11641
11644
11645
11646
11647
11648
11651
11652
11653
11654
11655
11657
11658
11659
11660
11661
11662
11664
11665
11666
11668
11671
11672
11673
11676
11677
11681
11685
11686
11687
11688
11690
11691
11694
11695
11696
11697
11698
11699
11700
11702
11704
11706
11707
11708
11709
11711
11712
11715
11717
11719
11720
11721
11722
11724
11725
11726
11728
11729
11730
11731
11733
11734
11739
11741
11743
11745
12034
11747
11748
11749
11750
11751
11755
11759
11760
11761
11763
11766
11767
11768
11771
11772
11774
11775
11776
11777
11778
11779
11781
11782
11783
11784
11785
11786
11788
11791
11792
11793
11795
11796
11798
11800
11801
11803
11804
11805
11806
11808
11809
11811
11812
11815
11816
11817
11818
11819
11820
11821
11822
11823
11824
11825
11827
11830
11832
11833
11837
11838
11842
11843
11844
11845
11846
11849
11850
11851
11852
11853
11854
11856
11857
11858
11859
11864
11865
11866
11867
11868
11869
11870
11871
11872
11873
11874
11875
11876
11877
11878
11879
11880
11881
11882
11883
11884
11885
11886
11887
11888
11889
11890
11891
11892
11893
11894
11895
11896
11897
11898
11899
11900
11901
11902
11903
11904
11905
11906
11907
11908
11909
11910
11911
11912
11913
11914
11915
11916
11917
11918
11919
11920
11921
11922
11923
11924
11925
11926
11930
11931
11932
11933
11934
11935
11936
11937
11940
11944
11946
11948
11950
11952
11954
11956
11957
11959
11960
11961
11963
11964
11965
11966
11971
11973
11977
11978
11979
11980
11981
11983
11984
11985
11988
11995
11998
12000
12002
12005
12012
12014
12020
12021
12023
12028
12030
12032
12033
12198
12037
12039
12042
12057
12058
12059
12061
12064
12066
12071
12074
12076
12079
12087
12088
12091
12100
12104
12107
12116
12118
12120
12128
12133
12138
12140
12141
12143
12145
12149
12153
12157
12158
12160
12161
12162
12164
12165
12166
12167
12172
12176
12180
12181
12186
12187
12191
12192
12193
12197
12204
12205
12210
12216
12222
12226
12227
12229
12237
12245
12248
12255
12256
12257
12258
12260
12261
12269
12273
12276
12280
12283
12284
12292
12293
12295
12297
12301
12308
12311
12312
12314
12315
12316
12317
12318
12319
12321
12322
12323
12324
12325
12326
12328
12329
12330
12331
12332
12333
12334
12335
12340
12342
12344
12345
12346
12349
12351
12352
12353
12356
12357
12359
12361
