0
4332
6
7
9
10
101
768
13
14
34
40
9454
503
409
347
3007
15
11408
224
17
1925
18
21
2447
3038
22
4891
3870
1861
716
229
23
32
1697
134
1826
6591
30
4069
27
2556
80
5860
3046
33
35
36
3405
37
38
412
39
9582
10860
2686
44
752
2330
2047
10461
2109
45
48
49
50
356
5545
3371
2774
56
57
58
3816
63
800
3974
200
393
3314
2870
2716
67
70
76
77
78
12164
79
85
87
89
96
4670
97
98
13090
105
104
5378
1668
2185
3981
10895
9106
1816
12707
4529
4268
2938
12718
12721
1202
187
4064
1607
4273
226
4445
8546
1005
12529
5370
12667
3836
106
2785
2601
300
107
109
110
111
112
113
1136
117
118
122
3127
124
128
129
130
131
817
133
135
140
8441
767
136
815
4584
137
142
144
1069
1978
148
5065
12483
149
150
155
156
157
171
158
5350
159
160
161
162
163
164
168
169
2594
172
176
177
178
10210
182
185
183
1120
14513
1837
184
10832
537
5688
5103
186
755
192
197
199
16766
201
202
205
613
2790
5170
4565
12470
206
207
208
213
3410
214
1250
14158
11175
222
223
8173
3827
3700
2523
225
4851
16132
227
2729
12450
228
8305
230
8078
231
232
309
233
235
236
3562
237
4356
2885
2494
2617
765
318
238
239
2448
4788
5493
240
241
5413
242
243
244
245
246
247
248
9104
3262
9150
249
250
251
252
253
2160
254
255
256
257
258
259
260
261
5355
262
263
264
265
266
267
268
269
270
271
272
273
1514
274
275
276
277
278
279
280
281
282
283
284
285
286
287
288
289
290
291
292
293
295
296
297
2048
2493
299
10150
303
1338
1174
304
1319
305
2478
312
9441
313
7714
315
12685
7630
7030
4730
317
321
322
323
326
1528
327
329
4898
1229
330
334
6793
11122
536
349
351
352
353
354
468
355
16371
357
359
360
363
364
5057
2214
5929
370
372
373
374
375
14144
15361
8680
873
6250
12819
11863
379
382
384
385
386
389
6893
390
391
6064
392
394
397
398
401
402
3950
404
407
408
1219
1452
942
10275
10398
8377
12824
8564
17210
2171
14812
12734
411
13336
414
11235
10238
418
421
422
429
434
435
436
11942
440
441
442
443
6814
448
479
449
4619
452
455
459
460
464
465
466
467
1320
471
472
476
475
2489
2869
481
482
483
10499
12489
7842
9328
504
486
5728
492
493
497
502
2638
4463
506
515
2248
2700
7471
2611
7482
508
510
513
588
6195
1237
514
6447
518
520
522
523
524
525
526
531
532
10986
533
1480
1735
15944
5876
7857
534
3952
1560
795
535
2335
540
541
542
543
546
547
548
551
3286
4633
553
558
560
563
1233
565
567
573
574
8193
13417
577
3625
580
582
2663
583
586
587
2373
592
4025
2767
596
601
602
603
609
12116
7851
610
617
622
1305
699
3506
628
633
642
644
646
5736
2470
648
13099
3094
649
650
652
653
655
656
658
659
678
670
2900
677
6458
680
6369
685
687
688
689
690
691
692
694
766
695
697
701
704
709
1316
710
711
712
713
10779
12388
1091
715
3516
718
719
2469
1228
8749
9747
723
725
726
727
730
16499
16380
732
733
734
735
1478
5168
1462
738
744
745
746
747
14740
748
749
750
751
13111
753
6391
754
5607
9708
16462
756
4413
757
758
759
760
761
762
763
764
15624
770
771
774
776
10244
6920
11375
5024
7608
1568
8516
3525
2773
9431
7432
12641
2025
7023
7672
778
779
1801
16205
782
783
784
785
8619
787
789
790
792
5443
4777
794
796
799
4097
16537
802
803
805
806
807
808
809
811
9777
10680
11421
816
9062
2813
4187
1210
818
819
821
823
824
826
827
828
832
834
838
841
842
3000
844
850
855
858
863
864
866
868
869
1076
5598
870
871
997
878
879
881
885
886
887
890
899
900
905
907
911
916
917
918
920
922
925
926
927
930
931
932
933
934
2057
935
937
941
945
946
3029
955
965
968
969
976
985
8762
987
988
1532
989
5388
996
1003
1004
1157
1028
4753
1006
9850
1010
1016
1026
1027
6440
1036
1038
1282
1043
1047
2374
1052
1054
1060
1067
1073
1148
1075
1077
1083
1082
1086
1090
3693
1096
1097
1101
1102
1106
1109
1110
1112
1113
6636
1114
1471
1119
13132
1121
1122
2396
3637
1123
1125
2746
1126
1130
1214
1131
1132
1684
6328
1140
1149
1384
1154
11692
1165
1166
1167
1170
1171
1173
14533
3469
1180
1181
1182
1185
1186
1188
1192
1196
1199
1201
1204
1208
1209
1213
1218
6663
1221
1224
1225
1226
1230
1231
1234
1240
1241
1243
1246
2460
1254
1255
1256
1257
1260
4580
7494
2922
9170
1262
1263
1264
1265
14170
1271
4735
1274
7454
1275
1277
1279
1283
1284
6697
1285
1287
1288
1293
1296
1299
1300
1301
1302
1304
1308
1309
1312
1313
1314
4926
1317
1318
7062
1643
1322
1323
1331
1333
1334
1336
1337
1339
1342
1344
1345
1859
1348
1349
1354
1355
1356
1357
1360
9844
1361
1365
4154
1366
1372
1373
1380
1382
1383
11655
1754
1385
1388
1389
1390
1393
1523
1400
7099
3478
1404
1405
1406
1409
1412
1422
1423
1431
1433
1439
5831
1440
1444
1447
12912
13075
1456
1458
1459
1461
6315
1466
1470
1473
1476
1482
8509
1484
1488
1526
1491
1492
1496
1497
1499
1500
4046
1501
1507
1512
1516
1518
1911
1524
4428
1527
11630
1531
1534
4817
1536
1541
1546
1551
1554
1555
1556
1557
1559
3696
3567
1564
1565
1566
1567
8486
2561
10633
5377
3244
1569
1572
1573
1577
1578
1581
1582
1583
1585
1586
1587
1588
1592
1593
1594
6707
1596
2949
1597
1598
1600
1603
4447
1608
1609
1612
1613
1614
1617
1618
1620
1625
13326
1630
2064
1631
1632
1634
1636
1638
1639
1640
1641
1646
1647
6433
1650
1654
1655
1656
1660
1662
1663
8860
1665
1666
1667
1669
1670
1671
1673
1674
1677
1678
1680
1683
1689
1694
4033
1698
1702
1705
1706
1707
1708
1711
5169
1717
1718
1722
2563
1723
1726
1729
3015
1727
1728
10199
1730
1731
3001
1733
1734
1737
1744
1740
1741
16681
1743
14470
6410
5874
4797
6302
2274
1745
1748
1749
1750
1752
1753
1755
1756
1757
1761
1762
1765
1767
1770
1771
1772
1774
3401
4206
1776
1777
1778
1781
1782
1786
1787
1790
1792
1795
1796
1804
1805
1810
1812
1819
1820
1821
1822
1823
1825
1827
1830
1831
1832
1834
1835
11020
1839
1840
1841
1842
1848
1852
1853
1856
1858
1860
1893
1864
1862
2986
1863
1865
1866
1867
1868
1869
1870
1871
1872
1873
1879
1880
1882
1883
1890
1894
1896
1900
1902
1904
1907
1908
1913
9954
1918
1919
1920
1921
1922
1924
1926
1927
1930
1931
1935
1936
1937
1941
1946
1947
1950
1951
1955
7816
17240
16147
16729
5275
5148
11934
2088
5383
10120
16819
16372
6963
16456
16984
4057
11706
13790
10858
12272
2984
5236
3682
1967
1968
10272
2344
1970
1971
1972
1975
4194
1979
1980
1983
1984
1985
1988
1989
1990
1993
1998
2000
2002
2003
2005
2012
2013
3293
2014
2018
2020
2022
2024
3006
4068
14808
5050
2029
2031
2032
2034
2040
2044
2045
2046
2115
2051
10555
8460
10302
2060
2061
2066
2067
2068
2073
2075
2076
10404
2077
2081
9238
2082
2083
2084
2085
2087
2089
2093
2944
2094
2095
2099
2100
2101
2102
2103
2106
2107
4562
2366
2110
2111
2113
2114
2116
2117
2118
2119
8871
2121
2122
2123
2124
2125
2126
3845
2128
2129
2137
2139
2150
2153
2154
2156
2157
2158
2162
2167
2169
5428
2172
2176
4070
2179
2180
12894
2187
2188
2190
2191
2192
2193
2194
2195
2198
2199
2205
2208
2218
2219
2223
2225
2235
2237
2239
4518
2240
2242
2243
2246
2573
7330
2249
2250
2252
2253
2255
2256
9255
9745
2258
2259
2261
2263
13796
8072
14124
3309
2269
2270
2273
2275
2283
2284
2285
2287
2293
2294
2295
2296
2620
2299
2300
2302
2305
2306
2311
2319
2320
2321
2322
2323
2325
2329
3144
2331
2334
2338
2339
2343
2345
2347
2348
2352
2353
2354
2356
2357
2358
2362
4538
2363
2365
6763
2367
11523
2368
2369
2370
2371
2372
16852
2835
2375
2380
2381
2386
2389
2390
2391
2393
2395
16810
2397
2405
2406
2408
2410
2411
2412
2413
2414
2417
2419
2421
2422
2423
2424
2425
2427
2428
2429
2432
2433
2476
4013
5229
5014
2434
2435
2436
2438
6996
2441
2442
2443
2444
2446
2449
7818
2453
2455
2458
2459
2462
2463
2466
2467
2479
9228
2481
2486
6742
2490
11919
2499
2508
2510
2511
2512
2513
2514
2516
2519
2520
2524
2525
2529
2532
2534
2543
2544
2545
2546
13916
2547
2548
2549
12791
2550
2551
8140
2554
2557
2559
2562
2569
2571
2574
2579
2580
16783
2583
2585
2586
2587
2590
2757
2592
2593
2596
2598
2599
2600
6474
2605
2606
2607
4197
2612
5156
2615
2616
8701
2618
2621
2623
2624
4749
2625
2626
2634
2635
2637
2891
2642
2643
2644
2646
2648
2649
2651
2654
2655
4101
2660
2664
2668
5819
2671
2672
2673
2674
2677
2678
2683
2684
2685
2687
2690
2693
2695
2696
2697
2698
2701
4556
5124
2702
2703
2704
2705
2706
9094
2708
2709
2710
2711
2712
2714
2715
2717
2718
2720
2722
2723
2724
2725
2726
2727
2728
2730
2733
2734
2738
2739
2741
2742
2743
2744
2745
2747
12653
2751
2753
2754
2755
2756
2758
2759
2761
2762
2804
2763
16488
2768
2769
2771
2775
2777
2779
2780
2781
2782
2783
2784
2787
2788
2789
2791
2792
2793
2795
2796
2806
2807
2808
2809
2812
2814
2815
2817
2819
2821
2822
2828
2832
2833
2834
4798
2847
8470
4383
2836
2837
2838
2840
2842
2845
2848
9248
4897
2850
2852
2853
2854
6123
2855
2856
2857
2861
2863
2866
2867
2868
2873
17047
2875
2876
2878
2880
2882
2883
2884
2887
2888
2889
2890
2892
2893
2895
2898
2899
2901
2905
2906
2909
2910
2913
2916
2918
2920
2921
6005
2924
2927
2929
2930
2932
2933
2934
2937
2941
2942
17134
2943
2946
2947
2948
12713
15187
2950
2951
2953
2954
2955
2956
2958
2960
2961
2963
2965
2966
2968
2969
2971
2973
2974
2976
2978
2979
2981
10849
2987
2988
2989
2991
2992
2993
2994
2995
2996
2997
2998
6912
13292
3002
3004
3009
3010
3011
3013
3014
3016
3017
3018
3021
3023
3025
3026
3027
3028
3030
3031
3035
3036
11338
3037
3039
3040
3042
3045
3052
3056
3058
3059
3061
3062
3063
3064
3065
3066
3067
3068
3069
3071
3072
3075
3076
3078
3079
3080
3083
3084
3085
3086
3087
3088
3089
3090
3092
3093
3096
3097
3098
3099
3100
3103
3104
3105
3106
9301
3107
6798
3108
3111
3112
3113
3115
3117
3118
3119
3120
3121
3122
3123
3124
3129
3130
3131
3133
3134
3136
3137
3138
3141
14255
4143
3614
3145
3147
3148
3149
3150
3151
11110
3153
3156
3157
3158
3159
3160
3161
3162
3163
3164
3165
3166
3167
3168
3169
3170
3171
3172
3173
3174
3175
3176
3177
3178
3179
3180
3181
3182
3183
3184
3185
3186
3187
3188
3189
3190
3191
3192
3193
3194
3195
3196
3197
3198
3199
3200
3201
3202
3203
3204
3205
3206
3207
3208
3209
3210
3211
3212
3213
3214
3215
3216
3217
3218
3219
3220
3221
3222
3223
3224
3225
3226
3227
3228
3229
3231
3232
3234
3235
3236
3237
3238
3239
3241
3243
3245
3246
3247
3248
3249
3250
3251
3252
3254
3256
3257
3259
3260
3261
3264
3270
3271
3274
3279
3280
3282
3284
3287
3289
3290
3291
3292
3294
3295
3296
3297
3298
3301
4647
3303
3304
3305
3307
3310
3311
3313
9762
16711
3397
9598
3315
3316
3318
3320
3321
3325
4873
9487
3327
3328
3329
3333
3334
3336
3337
3338
3339
3341
3342
3344
3346
3347
8611
3348
3349
3350
3351
3353
3354
4815
3357
3359
3360
3361
3362
3363
3366
3367
3368
3369
3376
3377
3378
3379
3380
3381
3386
3387
3390
3395
3396
3402
3404
3406
3407
3408
3413
3414
3415
12935
4989
11800
3417
3419
3420
3422
3423
3425
3426
3430
3427
3429
3431
3434
3436
3437
3439
3440
3444
3449
3450
3452
3453
3455
3460
4726
3464
3465
3466
3467
3468
3470
3471
3472
3473
3474
3475
3476
3477
3480
3481
3482
3483
3485
3486
3488
3489
3490
3491
3492
3493
3494
3495
3496
3497
3498
3499
3500
3501
4434
3502
3504
3505
3507
3508
3510
3511
14193
5582
3512
3538
3513
3514
3515
8911
3517
3518
4291
3519
3520
3521
3522
3523
3524
3526
3527
3528
3529
3530
3531
3532
3533
3534
3535
3537
4717
3539
3540
3542
3544
3546
3550
4274
3551
3552
3553
3554
3555
3556
3557
3560
3561
3563
3564
3566
3568
3570
3571
4343
3572
3577
3578
3579
3580
3581
3582
3583
3584
3585
3586
3587
3588
3589
3590
3591
3592
3593
3594
3595
3596
3597
3598
3599
3600
3601
3602
3603
3604
3605
3606
3607
3608
3609
3610
3611
3612
3613
3615
3616
3617
3618
3619
3620
3621
3622
3623
3624
3626
3628
3629
3630
3631
3632
3633
3634
3635
3636
3638
3639
3640
3641
3643
3644
3645
3646
3647
3648
3649
3650
3651
3652
3653
3654
3655
3656
3657
3658
3659
3660
3661
3662
3663
3664
3665
3666
3667
3668
3669
3670
3671
3672
3673
3674
3675
3676
3677
3678
3679
3680
3681
3683
3684
3685
3686
3687
3688
3690
3691
3692
6472
3694
3699
3701
3702
3703
3704
3705
3706
3707
3708
3709
3710
3711
3712
3713
3714
8448
12321
9174
3715
3716
3717
3718
3719
3720
3721
3722
3723
3724
3725
3726
3727
3728
3729
3730
3731
3732
3733
3734
3735
3736
3737
3738
3739
3740
3741
9507
3742
3743
3744
3745
3746
3747
3748
3749
3750
3751
3752
3753
3754
3755
3756
3757
3758
3759
3760
3761
3762
3763
3764
3765
3766
3767
3768
3769
3770
3772
3773
3774
3775
3776
3777
3778
3779
3780
3781
3782
3783
3784
3785
3786
3787
3788
3789
3790
3791
3792
3793
3794
3795
3796
3797
3798
3799
3800
3801
3802
3803
3804
3805
3806
3807
3808
3809
3810
3811
3812
3813
3814
3815
3817
3818
3819
3820
3821
3822
3823
3824
3825
3826
3828
3829
3830
3831
3832
3833
3834
3835
3837
3838
3839
3840
3841
3842
3843
3844
3846
8681
3848
3849
3850
3851
3852
3853
3854
3855
3856
3857
3858
3859
3860
3861
3862
3863
3864
3865
3866
3867
3868
3869
3871
3872
3873
3874
3875
3876
3877
3878
3879
3880
3881
3882
3883
3884
3885
3886
3887
3888
3889
3890
3891
3892
3893
3894
3895
3896
3897
3898
3899
3900
3901
3902
3903
3904
3905
3906
3907
3908
3909
3910
3912
3913
3914
3915
3916
3917
3918
3919
3920
3921
3922
3923
3924
3925
3926
3927
3928
3929
3930
3931
3932
3933
3934
3935
3936
3937
3938
3939
3940
3942
3943
3944
3945
3946
8175
3947
3948
10003
3949
3951
3953
3954
3955
3958
3959
3960
3961
3962
3963
3964
3965
3966
3967
3968
3969
3970
3971
3972
3973
3975
3976
3977
3978
3979
3980
3982
3983
3985
3986
3987
3988
3989
3990
3991
3992
3993
3994
3995
3996
3997
3998
3999
4000
4001
4002
4003
4004
4005
4006
4007
4008
4009
4010
4011
4737
4014
4015
4016
4018
4019
4020
4021
4022
4023
4024
4026
4027
4028
4029
4030
4031
4032
8109
4034
4035
4036
4037
4038
4039
4040
4041
4042
4043
4044
4045
4047
4048
4050
4051
4052
4053
4054
4055
4056
4058
4059
4060
4061
4062
4063
4065
4066
4067
4071
4072
4073
4074
4075
4076
4079
4080
4081
4082
4083
4084
4085
4086
4087
4088
4089
4090
4091
4092
4093
4094
4095
4096
4098
4099
4100
4102
4103
4104
4105
4106
4107
4108
4109
4110
4111
4112
4113
4114
4115
4116
4117
4118
4119
4120
4121
4122
4123
4124
4125
4126
4129
4130
4131
4132
4134
4145
4147
4149
4151
4152
4153
4155
4157
4158
4313
4159
4161
4165
4166
4168
4169
6581
4170
4171
4172
4173
4177
4178
4179
4180
6094
4181
4186
4911
16858
4188
4189
4191
4193
8020
4195
4196
6476
4198
6156
4199
4200
4201
4203
4205
4207
4208
4209
4212
4213
11330
4215
4216
4217
4219
4224
4228
4229
4230
4233
4234
4238
4239
4240
4241
4242
4243
4244
4246
4247
4248
4249
4250
4252
4253
4254
4255
4256
4258
4259
4261
4262
4263
4264
4265
4266
4267
4275
4279
4280
4282
4283
4284
4285
4287
4289
4292
4293
4295
4296
4297
4300
4303
4305
4306
4308
4310
4312
4314
4315
4316
4318
4319
4321
4323
4325
4326
4329
4331
5289
4333
4334
4335
4336
4337
4340
4342
4344
4346
4348
4349
4351
4352
4886
4354
4355
4357
4359
4360
4361
4362
4363
4364
4367
4368
4370
4374
4376
4380
4381
7310
4384
4385
4387
4388
5097
4395
4389
4392
4393
4394
10869
4397
4398
4399
4400
4401
4402
4403
4404
4406
4408
4410
4411
4412
12038
4414
4415
4416
4417
4418
4420
4422
4423
4426
4429
4430
4431
4432
4435
4438
8450
4439
4442
4443
4444
11935
4448
5277
4449
4451
4452
4453
4456
4457
4460
4462
8582
4464
4465
4468
4469
4471
4472
4473
4474
4478
4479
4480
4482
4483
4484
4485
4487
4488
4489
4491
4493
4494
4495
4496
4497
4499
4500
4501
4502
4503
4505
4506
4509
4514
4515
4517
4519
4520
4522
4523
4524
4525
4526
4527
4530
4531
4532
4534
4535
4536
4537
4539
4540
4541
4545
4548
4549
4550
4551
4554
4555
4559
4560
4564
4566
4568
4569
4570
4571
4572
4573
4576
4577
8714
4578
4579
4581
12399
4587
4588
4590
4591
4592
4593
4595
4596
4598
4599
4600
4601
4604
4605
4606
4607
4609
4610
4614
4617
4621
4626
4627
4630
4631
4632
4635
4739
4638
4644
4653
4660
4665
4668
4671
4672
4673
4675
4680
4681
4682
4684
4687
4691
4692
4693
4695
4696
4699
4703
4709
4710
4711
4713
4716
4718
4720
4721
4722
4724
4725
4727
4731
4732
4736
4738
6299
4740
4741
4742
4745
4747
4752
4754
4755
4756
4757
4758
4760
4761
4767
4768
4770
4771
4772
4773
4775
4778
4779
4780
4781
4782
4783
4786
4790
4791
4794
4796
4799
4800
4801
4805
4806
4807
4809
4810
4811
4812
4816
4818
4820
4822
4823
4826
4827
4828
4831
4832
4836
4838
4842
4843
4845
4846
4850
4852
4853
4855
4856
4858
4859
4861
4863
4864
4865
4866
4869
4872
4874
4875
4876
4877
4878
4880
4884
4885
4888
4890
4892
4893
4896
5606
4899
4901
14099
4902
4903
4904
4905
4906
4908
4909
14234
4913
4916
4918
4920
4921
4922
4923
4925
4929
4930
4931
4932
4935
4937
4938
4940
4941
4942
4943
4945
4947
4948
4951
4954
4955
4957
4958
4959
4961
4966
4969
4970
4971
4972
4975
4976
4978
4979
4980
4982
4984
4985
4987
4993
4994
4995
4997
5001
5009
5012
5013
5016
5020
5021
5022
5025
5027
5029
5031
5034
5035
5036
5037
5038
5039
5041
5042
5043
5044
5047
5294
5053
5054
5055
5059
5060
5062
5064
5067
5068
5073
5076
5077
5079
5080
5081
5084
5085
5086
5262
5087
5088
5090
5091
5093
5095
5101
5102
5104
5106
5107
5108
5110
5111
5112
5117
5120
5123
5128
5130
5131
5133
5134
5136
5138
5139
5140
5141
5143
5145
5146
5147
5149
13929
5152
5153
5155
5157
5159
5163
5164
5171
5297
5174
5175
5176
5177
5180
5181
5183
5184
5185
5186
5188
5189
5190
5191
10584
5192
5194
5195
5196
5197
5198
5199
5201
5204
5205
5206
5228
5210
5211
5214
5217
5219
5220
5221
5223
10438
5235
5238
5240
5241
5244
5247
5248
5251
5253
5254
5256
5257
5259
5263
5265
5270
5271
5272
5273
5274
12149
5276
7540
5280
5282
5284
5287
5295
5296
5298
5301
5302
5306
5309
5310
5319
5320
5323
5324
5327
5332
5333
5334
5335
5337
5340
5345
5358
5359
5361
5365
5366
5372
5376
5381
5386
5389
5390
5395
5399
5401
5409
5412
5416
5417
5419
5425
5426
5427
5429
5433
5434
5438
5439
5440
5441
5447
5448
5456
5461
14316
5462
5463
5464
5467
5469
5473
5474
5477
5478
5481
5484
5488
5495
5497
5498
5502
5508
16641
6743
5515
5517
5520
5525
5529
5533
5535
5541
5544
6368
6402
6412
5549
5552
5554
5555
5557
5558
5560
5564
5565
5566
8610
5567
5569
5570
5572
5574
5575
5576
5577
5578
5584
5585
5586
5588
5589
5592
5593
5594
5597
5599
5605
5609
5614
5616
5618
5620
5623
5624
5625
5626
5627
5631
5634
5636
5639
5641
5642
5647
5648
5652
5654
5655
5656
5659
5662
5667
5668
5669
5671
5672
5675
5678
5679
5680
8976
5683
5684
5685
5687
5689
5690
5691
5694
5700
5707
5708
5713
5714
5717
5721
5723
5725
5726
5727
5729
5732
5737
5741
5748
5750
5752
5755
5756
5757
5764
5765
5769
6702
5771
5773
5774
9461
5775
5777
5781
5783
5786
5787
5788
5789
5790
5792
5793
5795
5796
5797
5798
5799
5804
5805
5806
5808
5811
5814
5816
5818
5824
5833
5835
5838
5845
5849
5850
5853
5854
5855
5857
5858
5861
5865
5868
5870
5872
9070
5877
5879
5880
5881
5882
5883
5884
5885
5886
5887
5888
5890
5892
5896
5897
5900
5901
5904
13162
5905
5906
5911
5916
5923
14339
5930
5933
5935
5937
5944
5951
5954
5955
5956
5957
9149
9707
5958
5963
5971
5973
5974
5975
8353
5979
9934
5981
5995
5998
6000
14662
6009
6010
6013
6021
6024
6029
6034
6036
6040
6042
6044
6046
6048
6049
6051
6056
6057
6058
6060
6061
6063
6065
6067
6068
6069
6070
6071
6074
6080
6083
6086
6087
6088
6092
6097
6098
6102
6103
6104
6107
6111
6115
6116
6122
6125
6132
6133
6136
6137
6138
6139
6140
6146
6147
6148
6150
6151
6155
6161
6164
6170
6172
6173
6179
6180
8283
6185
6188
6190
6192
6194
6196
6199
6203
6206
6211
6215
6216
6222
6229
6231
6232
15685
6233
6235
6236
6238
6241
6242
6243
6244
6245
6246
6248
6249
6257
6258
6259
6260
6263
6264
6265
6266
6269
6271
6273
6274
6275
6276
6278
6279
6280
6282
6283
6284
6286
6287
6288
6290
6291
6293
6297
6298
6300
6303
6306
6307
6312
6313
9027
6316
6317
6321
6322
6325
6326
6330
6334
6337
6345
6348
6352
6353
6354
6355
6358
6360
6362
6363
6366
6367
8737
6373
6375
6380
6390
6393
6395
6397
6400
6403
6406
6709
6407
6408
6411
6414
6415
6416
6417
6418
6419
6420
6422
6423
6425
6426
6428
6429
6430
6431
6434
6435
6436
6437
6442
6444
6446
6461
6462
6463
6465
6467
6469
6471
6475
6848
6478
6480
6481
6485
6489
6490
6493
6494
6496
6497
10355
6502
6504
6505
6506
6507
6508
6509
6510
6512
6514
6515
6516
6518
6519
6521
6523
6524
6525
6527
6530
6532
6533
6534
6535
6536
6538
6539
6541
6542
6544
6545
6546
6547
6548
6550
6551
6553
6555
6556
6557
6558
6562
6566
6569
6571
6572
6574
6575
6577
6583
6584
6587
6588
6589
6590
6594
6596
6599
6600
6602
6604
6605
6606
6610
6611
6612
6613
6614
6616
6617
6619
6622
6623
6626
6627
6630
6632
6633
6634
6635
6638
6639
6641
6642
6645
6650
15566
6652
6655
6656
6659
6661
6664
6666
6670
6671
6673
6674
6675
6682
6685
6687
6689
6692
6694
6695
6696
6698
6699
6705
8821
6708
6711
6718
6722
6723
6726
6728
6729
6732
6733
6734
6735
6737
6739
6740
6741
6746
6747
6748
6749
6750
6752
6753
6754
6755
6756
6759
6761
10141
6762
6764
6766
6767
6769
8224
6770
6771
6772
6773
6775
6776
6778
6780
6783
6784
6785
6786
6789
6791
6795
6796
6800
6801
6804
6805
6806
6807
6808
6809
6810
6811
6813
6816
6817
6818
6819
6821
6822
12082
10578
6825
6826
15832
6827
6834
6836
6838
6840
6842
8021
6844
6847
8594
6851
6852
6857
6858
6862
6864
6866
6867
6868
6870
6871
6874
6876
6877
6880
6883
6884
6887
6888
6889
6890
6891
6894
9310
6895
6901
6907
6910
6911
6913
6915
6918
13972
6919
6923
6925
6928
6929
6931
6936
6937
6942
6945
6947
6948
6949
6950
6955
6956
6960
6961
6966
6968
6969
6971
6973
6974
6976
6977
6979
6981
6987
6991
6993
7000
7002
7006
7011
7022
16019
7027
7029
11848
7032
7034
7035
7038
7042
7051
7052
7056
7060
7061
7063
7064
7065
7067
7068
7071
11865
7075
7080
7081
7082
7083
7084
7510
7094
7096
7097
7098
17252
7100
7108
7111
7113
7116
7117
7118
7119
7121
7126
7132
7134
7136
7137
7140
7142
7143
7147
7148
7149
7151
7152
7153
7154
7155
7156
7157
7158
7160
7162
7164
7165
7167
7168
7170
7175
7178
7180
7182
7183
7187
7190
7192
7193
7194
7195
7203
7206
7207
7210
7212
7216
7217
7219
7221
7222
7224
7226
7228
7229
7231
7233
7236
7240
7242
7247
7249
7257
8740
7259
7261
7263
7264
7266
7267
7269
7270
7271
7274
7276
7277
7281
7283
7286
7297
7300
7308
7311
7312
7317
7326
7329
7331
12679
7336
7509
7342
7357
7364
7366
7367
7375
7382
7395
7398
7404
7408
7413
7420
7421
7427
7433
11808
7436
7437
7438
7442
7443
7445
7447
7450
12740
7451
7452
8464
7459
7463
7465
7469
8036
7473
7476
7492
7495
7496
7500
7504
7512
7508
7566
7511
7526
7527
7528
7529
7532
7544
7551
7554
7561
7564
7571
7572
7577
7579
7593
7594
7603
7604
7607
7613
7616
7622
7625
7626
10781
7633
7642
7657
7663
7665
7669
7681
7687
7688
7689
7700
7702
7717
7719
7733
7751
7752
7756
17182
7763
7772
7773
7778
7781
7783
7800
7803
7804
7806
7807
7810
7821
7823
7824
7829
7830
7831
7832
7833
7835
7838
7839
7841
13188
7845
7850
7853
7856
7860
7868
7869
7871
7875
7884
7885
7888
7915
7920
7928
7929
7931
7934
7937
7938
7942
7944
7947
7948
7949
7952
7953
7954
7959
7960
7961
7963
7964
7966
7973
7975
7980
7981
7988
8000
8003
8013
8015
8019
8022
8023
8024
8030
8031
8044
8048
8052
8053
8059
8064
8069
8070
8071
8077
8079
8081
8082
8084
8085
8087
8094
8096
8097
8098
8400
8104
8105
8108
8113
8114
8116
8121
8125
8129
8131
8134
8137
8143
8150
8151
8152
8154
8155
8162
8172
8177
8179
8180
8183
8185
8187
8189
8190
8191
8332
8195
8197
8200
8202
8203
8212
8319
8216
8217
8219
8223
8226
8228
8229
8233
8235
8238
8246
8247
8256
8257
8259
8262
8263
8264
8265
8269
8271
8272
8273
8274
8277
8278
8279
8281
8282
8285
8286
8287
8289
8290
8291
8292
8293
8296
8298
8299
8300
8302
8306
8307
8309
8310
8311
8315
8317
8318
13698
8320
8321
8322
8326
8327
8328
8330
8331
8334
8335
8336
8339
8340
8342
8343
8344
8346
8347
8350
8351
8352
8354
8356
8357
8358
8361
8362
8363
8364
8365
8366
8368
8371
8373
8374
8381
8383
8387
8390
8391
8393
8395
8397
8399
8404
8401
8402
8403
8405
8408
13291
8409
8410
8411
8412
8413
8417
8418
8424
8426
8427
8429
8431
8433
8434
8436
8439
8444
8447
8452
8455
8457
8462
8463
8466
8468
8472
8474
8476
8477
8478
8480
8481
8484
8485
8487
8488
8489
8490
8491
8492
8493
8494
8497
8498
8499
8502
8503
8504
8505
8512
8514
8515
8518
8519
8520
8522
8524
8527
8528
8529
8531
8533
8534
8535
8536
8540
8541
8542
8543
8544
8550
8551
8553
8554
8556
8557
8558
8559
8560
8562
8565
8566
8568
8569
8570
8571
8572
8573
8574
8576
8577
8581
8583
8584
8587
8588
8592
8593
8596
8597
8599
8601
8602
8604
8607
8608
8609
8613
8614
8615
8618
8620
8626
8628
8630
8631
8633
8636
8640
8641
8643
8645
8648
8650
8651
8652
8653
8656
8657
8659
8663
8666
8667
8668
8672
8673
8674
8675
8676
8678
8794
8682
8685
8686
8687
8689
8690
8692
8693
8700
8703
8706
8708
8709
8710
8711
8715
8718
8721
8722
8727
8735
8743
8746
8748
8753
8758
8760
8761
8764
8766
8769
8770
8771
8775
8776
8778
8779
8780
9158
8782
8784
8785
8786
8789
8793
8795
8796
8799
8800
8801
8802
8803
8804
8805
8807
8808
8809
8810
8811
8812
8813
8815
8817
8819
8820
8824
8827
8828
8836
8837
8838
8840
8842
8843
8844
8845
8846
8847
8849
8850
8852
8855
8856
8859
8861
8864
8865
8873
8877
8878
8879
8880
8881
8882
8883
8887
8888
8889
8891
8892
8893
8894
8896
8898
8899
8901
8904
8906
8907
8926
8912
8913
8914
8915
8916
8917
8919
8920
8921
8922
8924
8928
8929
8931
8933
8934
8937
8938
8939
8942
8943
8946
8947
8951
8954
8955
8957
8958
8960
8961
8962
8963
8964
8966
8967
8968
8969
8970
8971
8972
8974
8975
8977
8980
8982
8984
8987
8993
8995
8998
9002
9006
9008
9012
9014
9015
9017
9018
9020
9021
9024
9030
9032
9033
9035
9036
9040
9045
9047
9050
9051
9053
9054
9058
14657
9066
9067
9068
9072
9077
9079
9080
9083
9086
9089
9095
9098
9099
9100
9102
9107
9109
9117
9119
9123
9124
9126
9130
9131
9132
9133
9135
9137
9138
9139
9140
9143
9144
9146
9151
9152
9156
9157
9159
9160
9161
9165
9167
9169
9175
9176
9177
9180
9181
14877
9186
9190
9198
9199
9201
9203
9206
9208
9209
9213
9215
9216
9221
9222
9233
9241
9242
15913
9243
9249
9250
9251
9252
9254
9257
9258
9259
9264
9265
9266
9267
9268
9269
9272
9273
9275
9277
9278
9280
9281
9282
9288
9289
9291
9292
9294
9295
9298
9299
9300
9302
9304
9305
9307
9309
9311
9314
9317
9319
9325
9326
9327
9329
9332
9336
9337
9345
9347
9351
9352
9354
9358
9360
9361
9364
9365
9369
9373
9374
9375
9376
9379
9380
9381
9382
9383
9384
9385
9386
9387
9388
9389
9390
9391
9392
9393
9394
9395
9396
9397
9398
9399
9400
9401
9402
9403
9405
9407
9408
9416
9417
9418
9419
9422
9424
9425
9427
9428
9429
9437
9445
9446
9448
9450
9453
9457
9460
9463
9465
9466
9467
9468
9469
9470
9471
9472
9473
9474
9475
9476
9477
9478
9479
9480
9481
9482
9483
9484
9485
9486
9488
9489
9490
9491
9492
9493
9494
9495
9496
9497
9498
9499
9500
9501
9502
9503
9504
9505
9506
9508
9509
9510
9511
9512
9513
9514
9515
9516
9517
9518
9519
9520
9521
9522
9526
9527
9528
9531
9532
9534
9535
9537
9539
9541
9543
9544
9548
9549
9551
9552
9554
9556
9557
9560
9561
9562
9565
9570
9572
9573
9575
9576
9578
9579
9585
9587
9588
9590
9591
9594
9596
9597
9599
9600
9602
9603
9604
9609
9613
9616
9617
9618
9625
9626
9627
9629
9631
9632
9633
9635
9638
9639
9911
9641
9642
9643
9644
9648
9651
9652
9657
9658
9659
9662
9663
9668
9669
9670
9671
9673
9674
9675
9678
9683
9684
9686
14727
9687
9690
9691
9694
9696
9701
9702
9704
9705
9711
9713
9717
9720
9724
9725
9727
9730
9735
9742
9748
10045
9749
9751
9752
9753
9755
9756
9760
9761
9764
9767
9768
9771
9773
9775
9784
9785
9789
9791
9797
9798
9803
9804
9805
9814
9815
9816
9821
9824
9827
9828
9829
9831
9833
9837
9839
9840
9843
9847
9848
9852
9854
9855
9856
9860
9861
9862
9872
12113
9875
9877
9878
9881
9882
9890
9893
9894
9895
9897
9899
9904
9906
9907
9908
9910
9914
9915
9916
9921
9922
9926
9928
9931
9938
9939
9942
9944
9952
9953
9955
9961
9963
9977
9981
9993
9996
9999
10002
10005
10007
10010
10011
10016
10020
10025
10029
10030
10033
10034
10035
10040
10044
10046
10047
10048
10049
10050
10053
10054
10056
10057
10058
10060
10061
15380
10807
10063
15849
15850
10062
10064
10065
10066
10069
10074
10078
10168
10167
10080
10081
10082
10083
10087
10091
10092
10094
10097
10099
10102
10106
10108
10109
10119
10121
10125
10131
10132
10134
10136
10137
10143
10146
10149
10153
10155
10158
10163
10166
10171
10172
10174
10178
10180
10181
10182
10187
10188
10189
10193
10195
10200
10201
10213
10216
10217
10218
10219
10220
10228
10229
10233
10239
10245
10246
10247
10248
10254
10255
12577
10256
10257
10259
10264
10266
10270
10271
10273
12251
10276
10283
10284
10287
10290
10292
10295
10299
10301
10307
10308
10309
10312
10314
10315
10322
10325
10327
10331
10332
10334
10336
10338
10340
10344
10348
10353
10365
10369
10373
10376
10381
10382
10383
10384
10391
10392
10397
10401
10402
10406
10414
10415
10416
10418
10419
10422
10424
10425
10427
10428
10429
10445
10446
10452
10454
10455
10459
10462
10465
10467
10468
10469
10471
10473
10475
10477
10479
10486
10487
10488
10491
10493
10494
10498
10500
10503
10504
10644
10509
10513
10515
10516
10517
10518
10519
10521
10522
10523
10525
10529
10535
10536
10537
10539
10540
10542
10543
10545
10548
10551
10552
10553
10554
10556
10557
10563
10565
10566
10570
10571
10572
10574
10576
10579
10582
10583
10585
10587
10588
10590
10594
10597
10598
10599
10600
10601
10602
10603
10607
10610
10611
10613
10615
10621
10623
10626
10627
10630
10635
10638
10640
10641
10642
10645
10647
10649
10653
10654
10658
10659
10661
10669
10670
10671
10675
10676
10683
10685
10686
10688
10691
10692
10693
10694
10696
10697
10701
10703
10710
10712
10714
10716
10717
10718
10720
10724
10727
10732
10737
10738
10739
10740
10742
10746
10748
10750
10752
10756
10761
10762
10766
11952
10767
10768
10774
10775
10782
10783
10784
10789
10790
10791
10792
10793
10795
10797
10799
10800
10805
10806
10809
10813
10814
10816
10822
10825
10827
10835
10838
10842
10846
10847
10851
10852
10853
10854
10855
11000
10859
10862
10864
10865
10867
16801
10873
10874
10876
10877
10878
10882
10883
10884
10886
10890
10893
10894
10898
10899
10903
10907
10913
10915
10916
10918
10919
10921
10924
10927
10929
10930
10936
10938
10942
10943
10945
10948
10949
10951
10953
10959
10960
10970
10973
10974
10975
10983
10988
10989
10990
10992
11001
11004
11006
11007
11008
11009
11010
11011
11013
11014
11023
11025
11028
11030
11035
11036
11038
11039
11040
11042
11044
11045
11046
11050
11051
11054
11057
11059
11602
11064
11065
11068
11073
11076
11078
11080
11081
11083
11085
11086
11088
11090
11096
11097
11100
11101
11102
11104
11105
11106
11107
11113
11114
11115
11119
17128
11123
11124
11125
11126
11128
11129
11130
11131
11132
11133
11140
11145
11146
11148
11149
11152
11153
11156
11161
11162
11163
11166
11168
11169
11171
11173
11174
11177
11179
11184
11185
11186
11187
11191
11192
11193
11196
11199
11205
11207
11208
11211
11213
11214
11223
11231
11234
11237
11241
11243
11244
11245
11251
11254
11259
11260
11262
11263
11268
11270
11273
11277
11278
11279
11281
11282
11284
11290
11291
11292
11294
11295
11296
11298
11299
11301
11302
11303
11304
11305
11307
11310
11312
11313
11317
16924
11318
11325
11331
11333
11334
11335
11341
11342
11345
11346
11348
11353
11355
11356
11362
11367
11370
11373
11376
11380
11381
11382
11383
11389
11390
11393
11395
11396
11405
12456
11410
11414
16741
11416
11418
11422
11423
11424
11427
11432
11435
11436
11441
11447
11449
11454
11455
11456
11458
11462
11465
11476
11478
11479
11480
11481
11482
11484
11485
11486
11487
11488
11492
11493
11494
11501
11505
11506
11508
11509
11510
11515
11518
11519
11520
11522
12329
11524
11528
11529
11531
11538
11539
11540
11543
11545
11549
11550
11557
11558
11560
11562
11565
11568
11569
11570
11573
11575
11579
11580
11582
11583
11584
11586
11590
11591
11594
11595
11596
11598
11599
11601
11603
11606
11607
11609
11610
11611
11615
11618
11623
11624
11626
11627
11628
11633
11634
11635
11637
11641
11643
11646
11647
11649
11663
11664
11665
11667
11691
11668
11669
11670
11672
11673
11674
11676
11682
11688
11690
11693
11694
11696
11698
11699
11701
11702
11703
11707
11708
11709
11711
11712
11714
11717
14951
11718
11719
11720
11721
11722
11723
11729
11730
11731
11732
11733
11736
11738
11741
11744
11745
11746
11749
11750
11757
11759
11761
11762
11763
11764
11765
11766
11769
11772
11773
11774
11777
11778
11779
11782
11783
11784
11785
11786
11787
11788
11791
11792
11793
11795
11796
11799
11805
11802
11804
11807
11810
11922
12021
11811
11812
11813
11816
11817
11818
11819
11820
11821
11824
11825
11826
11827
11829
11830
11831
11832
11834
11836
11838
11844
11845
11846
11847
11849
11853
11857
11859
11860
11861
11862
11873
11864
11867
11868
11872
11874
11875
11876
11877
11879
11880
11882
11883
11884
11887
11888
11891
11892
11894
11895
11896
11897
11900
11901
11902
11907
11908
11910
11912
11913
11914
11917
11921
11924
11925
11928
11930
11933
11938
11939
11953
11940
11943
11945
11946
11955
11956
11958
11959
11960
11961
11962
11967
11969
11977
11980
11982
12089
11986
11987
11988
11989
11992
11993
12005
12006
12008
12014
12016
12018
12023
12025
12026
12027
12030
12031
12034
12035
12036
12037
12041
12044
12045
12046
12049
12051
12052
12055
12058
12062
12063
12064
12065
12067
12070
12071
12072
12074
12075
12077
12078
12079
12084
12085
12086
12092
12096
12097
12098
12100
12101
12102
12106
12109
12110
12111
12115
12117
12118
12119
12120
12123
12124
12125
12126
12127
12130
12131
12132
12133
12134
12135
12136
12137
12138
12139
12140
12142
12144
12146
12147
12148
12151
12152
12153
12154
12156
12159
12160
12163
12165
12166
12167
12168
12169
12170
12173
12174
12175
12176
12177
12180
12181
12183
12187
12189
12190
12195
12196
12197
12198
12200
12201
12202
12203
12204
12212
12213
12214
12215
12219
12220
12222
12223
12224
12225
12232
12233
12236
12237
12238
12239
12246
12248
12249
12250
12253
12256
12257
12258
12259
12260
12262
12263
12264
12265
12269
12271
12276
12278
12281
12283
12284
12285
12286
12287
12289
12290
12291
12293
12295
12296
12297
12298
12299
12300
12305
12309
12312
12481
12314
12315
12316
12318
12319
12320
12323
12330
12332
12333
12334
12336
12337
12338
12339
12340
12341
12343
12345
12346
12348
12349
12350
12353
12355
12356
12358
12359
12360
12362
12364
12365
12366
12367
12368
12369
12371
12373
12375
12377
12379
12381
12382
12383
12385
12393
12394
12396
12398
12400
12401
12402
12404
12407
12409
12410
12411
12412
12414
12415
12416
12417
12418
12420
12638
12421
12422
12426
12427
12430
12432
12433
12434
12435
12438
12439
12441
12443
12444
12447
12448
12449
12452
12453
12458
12459
12464
12465
12468
12474
12475
12476
12477
12479
12484
12486
12490
12491
12495
12496
12498
12499
12501
12502
12503
12504
12506
12508
12510
12515
12516
12520
12521
12523
12524
12526
12527
12530
12531
12536
12537
12538
12539
12540
12541
12546
12547
12549
12550
12551
12557
12558
12559
12565
12566
12567
12568
12570
12572
12574
12576
12579
12584
12586
12590
12592
12595
12600
12605
12606
12609
12610
12617
12620
12621
12623
12624
12627
12628
12629
12633
12635
12639
12640
12643
12645
12650
12651
12655
12657
12660
12662
12666
12669
12670
12674
12675
12676
12677
12680
12681
12682
12684
12687
12688
12691
12692
12696
12701
12702
12703
12704
12709
12710
12715
12724
12725
12727
12731
12732
12736
12738
12739
12742
12745
12746
12747
12751
12752
12756
12759
12763
12767
12768
12777
12778
12781
12786
12798
12800
12802
12803
12804
12805
12809
12816
12825
12827
12828
12829
12830
12832
12834
12835
12838
12839
12840
12841
12842
12843
12844
12846
12850
12851
12856
12857
12859
12860
12863
12864
12865
12866
12867
12869
12870
12872
12874
12877
12878
12882
12883
12884
12885
12888
12891
12892
12893
12896
12897
12898
12899
12901
12902
12905
12906
12909
12911
12914
12916
12928
12929
12939
12941
12942
12943
12946
12951
12952
12953
12954
12966
12979
12986
12987
12991
12992
12997
13000
13006
13010
13012
13018
13025
13027
13029
13031
13037
13039
13041
13060
13066
13067
13069
13079
13080
13086
13089
13093
13096
13098
13102
13110
13113
13117
13124
13127
13133
13144
13146
13148
13151
13153
13154
13155
13156
13157
13160
13164
13168
13169
13171
13176
13179
13180
13181
13185
13190
13193
13199
13205
13208
13209
13211
13212
13216
13218
13219
13221
13229
13231
13234
13236
13242
13243
13249
13250
13251
13254
13256
13257
13258
13260
13261
13262
13263
13265
13266
13268
13269
13271
13272
13274
13276
13277
13278
13280
13281
13284
13285
13294
13295
13298
13301
13302
13305
13306
13308
13309
13310
13315
13317
13319
13320
13334
13335
13338
13339
13341
13344
13347
13351
13353
13355
13358
13359
13362
13364
13366
13367
13374
13376
13377
13383
13385
13389
13390
13391
13394
13397
13400
13401
13403
13405
13406
13407
13408
13414
13415
13416
13418
13423
13425
13427
13428
13430
13432
13435
13437
13439
13442
13443
13447
13448
13449
13450
13455
13457
13460
13461
13463
13464
13467
13468
13469
13474
13481
13485
13486
13487
13490
13491
13493
13497
13498
13504
13506
13507
13508
13509
13513
13514
13519
13521
13522
13523
13525
13527
13531
13532
13534
13535
13536
13538
13540
13541
13543
13544
13548
13549
13550
13551
13552
13555
13559
13561
13562
13565
13566
13567
13568
13569
13570
13571
13746
13574
13579
13587
14575
13588
13594
13595
13597
13606
13611
13614
13616
13620
13621
13626
13635
13637
13641
13652
13653
13654
13661
13663
13665
13666
13680
13688
13689
13694
13697
13700
13701
13702
13707
13709
13711
13716
13717
13723
13729
13730
13731
13732
13735
13740
13741
13743
13744
13747
13748
13749
13756
13758
13763
13764
13766
13767
13768
13769
13771
13775
13777
13780
13782
13783
13784
13786
13788
13795
13799
13803
13805
13807
13808
13811
13814
13816
13820
13822
13823
13828
13829
13831
13835
13845
13866
13868
13884
13887
13891
13892
13899
13903
13904
13907
13911
13912
13920
13922
13932
13938
13939
13940
13943
13946
13948
13950
13951
13958
13959
13960
13963
13968
13971
13973
13975
13979
13984
13985
13986
13988
13995
13998
14008
14011
14012
14018
14020
14024
14033
14036
14038
14040
14041
14046
14048
14049
14052
14053
14057
14060
14061
14062
14065
14066
14068
14073
14077
14082
14083
14085
14086
14087
14089
14091
14094
14096
14098
14101
14102
14106
14110
14113
14114
14118
14119
14120
14121
14125
14129
14130
14131
14132
14135
14137
14138
14139
14140
14141
14147
14151
14153
14154
14159
14162
14163
14164
14165
14167
14168
14169
14171
14173
14174
14175
14183
14184
14186
14187
14198
14200
14203
14209
14210
14211
14216
14218
14220
14221
14227
14228
14230
14231
14233
14235
14237
14238
14242
14243
14244
14246
14247
14253
14254
14259
14261
14263
14266
14273
14276
14282
14284
14290
14291
14295
14297
14299
14302
14306
14309
14327
14328
14329
14333
14336
14342
14349
14352
14353
14355
14356
14357
14359
14360
14362
14364
14366
14367
14370
14374
14375
14382
14384
14389
14396
14398
14404
14405
14407
14408
14409
14411
14412
14413
14415
14416
14417
14418
14420
14422
14424
14426
14428
14429
14430
14431
14432
14434
14437
14439
14440
14441
14443
14444
14445
14446
14448
14450
14455
14457
14460
14464
14466
14467
14471
14472
14473
14474
14475
14476
14479
14482
14484
14485
14487
14488
14489
14491
14492
14493
14495
14496
14497
14498
14499
14502
14503
14504
14505
14506
14514
14515
14516
14517
14518
14520
14522
14524
14525
14526
14529
14530
14531
14588
14534
14535
14536
14537
14538
14539
14540
14541
14542
14544
14546
14547
14548
14549
14551
14552
14553
14555
14556
14557
14560
14561
14562
14563
14564
14565
14566
14568
14569
14570
14572
14573
14574
14581
14582
14584
14586
14587
14591
14593
14595
14604
14605
14606
14608
14612
14616
14618
14622
14623
14626
14627
14628
14629
14630
14632
14636
14637
14639
14640
14644
14645
14646
14647
14649
14658
14659
14661
14666
14670
14671
14673
14674
14678
14680
14682
14683
14684
14685
14688
14689
14691
14692
14693
14694
14695
14696
14697
14698
14700
14701
14702
14703
14704
14705
14706
14707
14708
14709
14710
14712
14713
14714
14716
14717
14718
14719
14720
14721
14722
14723
14724
14725
14726
14728
14729
14730
14731
14732
14733
14734
14735
14736
14737
14739
14741
14742
14743
14744
14745
14746
14747
14748
14749
14750
14751
14752
14754
14755
14756
14757
14758
14759
14760
14761
14762
14763
14764
14765
14766
14767
14769
14771
14772
14773
14774
14775
14776
14777
14778
14779
14780
14781
14782
14783
14784
14785
14786
14788
14789
14790
14791
14792
14794
14795
16867
16764
16734
14797
14798
14799
14800
14801
14804
14805
14806
14807
14809
14810
14811
16998
14813
14814
14815
14816
14817
14818
14819
14820
14821
14823
14824
14825
14826
14828
14829
14830
14831
14832
14834
14835
14836
14837
14838
14839
14840
14841
14842
14843
14844
14845
14846
14847
14848
14849
14850
14851
14852
14853
14854
14855
14856
14857
14858
14859
14860
14861
14862
14865
14866
14867
14868
14869
14870
14871
14873
14874
14875
14878
14879
14880
14881
14882
14883
14884
14885
14887
14888
14889
14890
14891
14892
14893
14894
14895
14896
14897
14898
14899
14900
14901
14902
14903
14904
14905
14906
14907
14909
14910
14911
14912
14913
14914
14915
14916
14917
14918
14919
14920
14922
14923
14924
14925
16601
14926
14927
14928
14930
14931
14932
14934
14935
14936
14937
14938
14939
14940
14941
14942
14944
14946
14947
14948
14949
14950
14952
14954
14955
14956
14957
14958
14959
14960
14961
14962
14963
14964
14965
14968
14969
14972
14973
14974
14976
14977
14978
14979
14982
14983
14984
14985
14986
14987
14988
14989
14990
14991
14993
14996
14997
15000
15002
15003
15004
15005
15006
15007
15008
15010
15011
15013
15014
15015
15016
15017
15018
15023
15025
15026
15027
15028
15030
15031
15033
15034
15035
15036
15037
15038
15039
15040
15041
15042
15043
15044
15045
15047
15049
15051
15052
15053
15054
15055
15056
15057
15058
15060
15061
15062
15063
15064
15065
15066
15067
15068
15070
15071
15072
15075
15076
15077
15078
15080
15081
15082
15083
15084
15085
15086
15087
15088
15089
15090
15091
15093
15094
15096
15098
15100
15105
15107
15108
15112
15114
15115
15116
15117
15118
15119
15120
15122
15123
15124
15125
15126
15127
15128
15132
15134
15137
15138
15139
15141
15142
15144
15145
15146
15148
15150
15151
15152
15154
15155
15156
15162
15164
15166
15168
15169
15172
15173
15174
15176
15177
15178
15179
15180
15182
15185
15188
15191
15192
15195
15201
15206
15207
15208
15210
15216
15219
15221
15223
15228
15229
15231
15232
15238
15240
15242
15246
15248
15254
15257
15258
15259
15261
15263
15265
15267
15268
15269
15271
15272
15273
15276
15278
15285
15286
15289
15291
15292
15293
15294
15299
15300
15301
15304
15305
15307
15308
15311
15317
15320
15321
15324
15325
15327
15328
15330
15335
15338
15341
15344
15346
15347
15348
15349
15350
15353
15355
15359
15360
15362
15364
15366
15367
15373
15375
15376
15377
15379
15381
15382
15384
15388
15389
15392
15396
15398
15401
15402
15403
15405
15406
15407
15408
15409
15410
15412
15413
15415
15416
15417
15418
15419
15423
15424
15427
15429
15430
15431
15432
15433
15438
15440
15442
15443
15444
15445
15447
15448
15449
15451
15452
15453
15454
15455
15456
15457
15458
15459
15460
15463
15464
15469
15471
15472
15473
15474
15475
15476
15478
15481
15482
15483
15485
15488
15489
15491
15494
15497
15498
15500
15502
15503
15506
15507
15509
15511
15512
15515
15516
15519
15521
15522
15523
15526
15527
15529
15531
15533
15534
15537
15539
15541
15542
15548
15549
15550
15554
15555
15556
15557
15558
15561
15562
15571
15572
15574
15575
15577
15578
15580
15581
15588
15591
15593
15594
15596
15601
15603
15604
15605
15606
15607
15611
15613
15614
15615
15620
15626
15628
15630
15633
15635
15636
15638
15642
15643
15644
15649
15653
15654
15655
15659
15660
15661
15662
15664
15668
15669
15670
15671
15673
15675
15676
15677
15679
15681
15682
15683
15684
15686
15687
15688
15693
15695
15697
15698
15701
15704
15707
15714
15717
15719
15720
15721
15725
15727
15729
15736
15737
15738
15740
15741
15742
15744
15745
15746
15750
15751
15752
15754
15756
15758
15759
15760
15762
15763
15765
15767
15768
15769
15770
15771
15776
15778
15780
15782
15785
15787
15791
15793
15794
15795
15796
15802
15806
15808
15811
15812
15813
15817
15818
15819
15820
15822
15824
15829
15837
15838
15840
15842
15845
15848
15851
15853
15856
15858
15860
15861
15862
15867
15869
15870
15872
15876
15877
15879
15881
15882
15883
15885
15886
15887
15888
15894
15896
15897
15898
15901
15903
15905
15906
15908
15909
15912
15915
15916
15919
15920
15921
15922
15924
15925
15927
15930
15932
15934
15937
15939
15940
15941
15942
15946
15948
15950
15952
15954
15955
15956
15962
15963
15965
15972
15973
15974
15977
15979
15980
15983
15989
15990
15992
15993
15994
15996
15997
16000
16001
16002
16003
16005
16006
16008
16009
16016
16017
16018
16020
16021
16023
16024
16027
16028
16030
16031
16032
16034
16037
16041
16042
16045
16046
16047
16049
16050
16051
16054
16061
16064
16065
16067
16069
16070
16081
16082
16083
16085
16087
16089
16090
16091
16094
16095
16097
16099
16100
16101
16103
16104
16107
16108
16109
16111
16113
16114
16115
16119
16122
16123
16124
16128
16131
16133
16135
16136
16140
16144
16145
16146
16154
16159
16160
16163
16164
16166
16168
16169
16172
16173
16174
16175
16176
16178
16184
16186
16188
16190
16193
16194
16195
16198
16202
16814
16206
16207
16208
16209
16212
16213
16214
16216
16217
16219
16220
16223
16228
16230
16231
16232
16234
16235
16236
16239
16240
16241
16243
16244
16245
16247
16248
16250
16251
16252
16253
16254
16255
16256
16258
16259
16260
16261
16262
16263
16264
16265
16266
16268
16269
16270
16271
16272
16273
16274
16275
16277
16278
16279
16280
16283
16285
16286
16287
16288
16291
16292
16293
16294
16295
16296
16297
16298
16299
16300
16303
16304
16307
16308
16313
16314
16315
16316
16317
16319
16320
16322
16323
16324
16325
16326
16328
16329
16333
16334
16336
16337
16338
16340
16341
16342
16346
16347
16351
16353
16354
16356
16358
16359
16360
16361
16362
16366
16367
16368
16369
16373
16374
16375
16376
16377
16378
16379
16381
16382
16383
16384
16385
16386
16388
16390
16391
16392
16393
16396
16398
16400
16401
16402
16404
16405
16407
16410
16411
16416
16421
16424
16426
16428
16429
16435
16437
16442
16443
16445
16447
16449
16450
16451
16452
16458
16461
16467
16469
16473
16475
16477
16479
16481
16482
16483
16484
16489
16491
16492
16494
16497
16498
16500
16502
16504
16505
16506
16510
16511
16512
16513
16514
16516
16517
16518
16519
16520
16521
16522
16523
16526
16527
16529
16530
16531
16538
16540
16541
16542
16543
16544
16545
16547
16548
16549
16550
16552
16554
16555
16556
16559
16561
16562
16563
16564
16565
16566
16567
16568
16569
16570
16571
16572
16574
16575
16577
16579
16580
16581
16582
16583
16584
16585
16586
16588
16589
16590
16592
16593
16594
16595
16596
16597
16598
16599
16600
16602
16603
16604
16605
16606
16608
16610
16612
16613
16614
16615
16616
16617
16619
16620
16621
16622
16623
16624
16625
16627
16628
16629
16630
16632
16634
16635
16636
16637
16639
16640
16642
16643
16644
16645
16646
16649
16650
16651
16652
16653
16654
16656
16657
16659
16660
16661
16664
16666
16668
16671
16672
16673
16674
16675
16676
16678
16684
16685
16686
16687
16690
16691
16692
16693
16698
16699
16700
16701
16702
16703
16704
16705
16706
16708
16709
16712
16713
16714
16716
16717
16718
16719
16720
16721
16722
16723
16724
16725
16726
16727
16728
16732
16735
16736
16737
16738
16739
16740
16742
16743
16745
16746
16747
16748
16749
16750
16751
16753
16754
16756
16757
16758
16759
16760
16762
16765
16767
16768
16769
16770
16772
16773
16774
16775
16777
16778
16779
16780
16781
16782
16784
16785
16786
16787
16788
16789
16790
16791
16792
16793
16794
16795
16796
16798
16800
16802
16803
16804
16805
16806
16807
16808
16809
16812
16813
16816
16817
16818
16820
16821
16822
16823
16824
16825
16826
16828
16829
16830
16831
16832
16833
16834
16835
16836
16837
16838
16839
16840
16841
16842
16844
16845
16846
16847
16848
16849
16850
16851
16854
16855
16856
16859
16860
16861
16863
16864
16865
16866
16868
16869
16870
16871
16872
16874
16875
16876
16877
16878
16880
16881
16883
16884
16885
16887
16888
16889
16890
16891
16892
16893
16896
16897
16898
16899
16900
16902
16903
16904
16905
16906
16907
16909
16910
16912
16917
16918
16920
16921
16923
16946
16925
16926
16927
16928
16929
16930
16931
16933
16935
16937
16938
16939
16940
16942
16943
16945
16947
16948
16949
16951
16953
16954
16955
16957
16958
16959
16960
16961
16962
16965
16967
16968
16970
16971
16974
16975
16976
16977
16978
16979
16980
16987
16988
16990
16992
16993
16994
16995
16996
16997
16999
17000
17005
17006
17007
17008
17009
17010
17011
17012
17013
17014
17015
17019
17020
17024
17025
17026
17029
17032
17033
17034
17035
17037
17038
17039
17040
17041
17043
17044
17045
17046
17048
17050
17051
17052
17053
17054
17055
17056
17057
17058
17060
17063
17064
17065
17067
17069
17070
17072
17073
17074
17075
17078
17079
17080
17081
17082
17086
17087
17088
17093
17094
17095
17096
17098
17099
17100
17101
17103
17104
17106
17107
17108
17109
17110
17114
17115
17120
17121
17122
17123
17125
17129
17130
17131
17132
17133
17135
17137
17140
17142
17143
17144
17145
17146
17147
17151
17152
17156
17157
17158
17159
17160
17161
17162
17163
17166
17169
17170
17173
17175
17177
17179
17180
17181
17183
17184
17186
17187
17188
17189
17190
17191
17193
17194
17195
17197
17198
17202
17204
17206
17207
17208
17209
17211
17212
17213
17214
17215
17220
17221
17222
17225
17228
17234
17235
17236
17237
17242
17243
17255
17259
17260
17262
17268
17269
17270
17273
17275
17277
17284
17287
17288
17289
17290
17291
17292
17293
17294
17295
17296
17297
17298
17299
17300
17301
17303
17304
17305
17306
17307
17308
17310
17311
17312
17313
17314
17317
17321
17324
17325
17326
17327
17329
17330
17331
17332
17337
17338
17340
17341
17344
17345
17347
17348
17350
17351
17353
17356
