0
1
1078
2
752
83
3
4
5
6
16
11
12
4188
13
14
1056
133
1038
3447
1018
15
18
19
5865
36
94
22
20
89
1003
174
3927
21
23
410
53
893
6997
24
25
9965
26
27
30
31
32
33
34
288
37
43
249
44
4912
9826
7624
7177
5290
45
9391
152
188
9822
3544
3004
62
9823
580
46
226
1678
48
50
888
6076
5124
1718
5288
61
63
74
75
153
77
763
78
79
80
552
6282
81
344
82
6367
84
85
86
87
88
3704
895
987
3943
90
91
92
93
98
100
117
101
102
103
104
5527
105
108
109
110
111
4864
9900
1747
114
124
115
178
3567
711
118
119
120
225
1163
3950
9273
3509
125
129
131
132
135
143
144
3353
7578
148
6986
7651
10116
154
155
156
157
158
160
172
161
164
167
168
171
627
366
919
173
3956
176
216
6891
177
182
183
2696
2268
1366
185
186
187
190
248
200
201
329
599
3962
956
203
204
205
206
308
207
210
4398
212
6225
4852
218
220
6980
222
224
1209
227
228
229
230
231
233
234
235
236
237
239
240
3396
242
243
1635
246
247
250
251
252
253
254
255
257
258
259
260
261
262
263
928
264
265
266
267
268
269
270
271
272
273
274
275
276
277
278
279
280
281
282
283
284
285
286
287
2752
1921
3269
517
6031
289
290
4205
291
292
293
294
295
296
297
298
5682
299
300
301
5177
302
303
6160
304
305
306
307
2638
529
2286
728
310
311
312
313
314
315
316
447
317
319
322
4147
2812
323
324
325
326
327
328
330
331
332
333
335
336
337
338
339
342
345
346
347
348
349
350
3871
1287
354
1916
355
356
357
358
457
359
360
4914
361
362
363
364
365
724
367
368
369
370
2973
371
372
373
374
375
376
377
378
379
380
382
383
384
385
386
388
604
389
390
395
396
2126
397
399
400
401
403
404
406
407
409
2246
411
412
413
414
416
3408
417
418
518
1781
420
425
426
428
429
473
432
437
440
441
442
443
444
445
446
448
449
451
1420
2423
453
454
455
456
459
460
461
462
463
465
466
467
468
471
472
474
475
476
477
478
479
480
485
486
487
488
489
2646
918
490
491
492
493
494
495
496
498
504
506
507
508
510
512
513
514
1854
515
520
1566
521
522
524
528
1233
531
7073
6963
532
533
535
537
538
539
540
541
542
543
545
6623
547
548
549
550
551
5774
554
555
556
560
561
563
564
565
566
567
7575
3928
2236
568
569
571
572
574
575
577
579
3607
581
582
583
589
590
591
593
595
598
600
602
2706
606
607
608
609
611
612
613
615
616
617
618
619
620
621
3097
622
624
625
626
628
630
2772
2296
631
632
633
635
639
641
642
644
646
2889
647
650
652
654
4520
656
7112
657
658
659
661
665
667
668
4253
7743
669
671
672
673
681
682
685
686
687
690
691
692
4555
693
5877
694
777
695
6625
11239
4295
10640
849
5204
10641
10076
6910
696
697
698
700
701
702
703
704
705
706
708
709
710
713
714
715
716
717
719
720
722
723
725
726
727
1090
729
732
737
738
739
740
743
744
747
749
751
756
757
758
759
6965
760
761
762
1154
764
765
766
767
768
1618
769
3579
6827
772
773
1587
775
776
778
779
780
1025
1839
781
782
783
785
786
789
790
791
792
861
793
795
797
798
801
803
804
805
806
808
809
810
811
812
813
815
816
1284
10597
7795
4854
817
819
821
822
823
824
825
826
827
828
829
832
834
4755
835
836
839
842
3401
843
844
845
846
847
848
850
851
852
855
857
858
859
860
862
864
866
5193
867
871
872
873
875
876
877
878
880
881
3905
884
886
887
889
1168
891
892
894
8857
897
904
906
907
909
2212
1617
912
913
914
915
917
922
923
924
925
926
927
929
930
931
932
933
934
935
939
940
941
942
943
945
946
947
950
1346
951
952
953
955
957
959
961
1372
963
964
965
966
968
969
973
975
976
977
978
979
982
983
984
986
5653
990
991
992
993
994
995
996
997
998
999
1000
1002
1004
1007
1008
1009
1010
1012
6166
1014
1019
1020
1021
1022
1026
1031
1560
1034
1035
1036
1037
1044
1045
1046
1047
1048
1049
1051
1052
1053
1055
1058
1064
1066
7918
1067
1068
1071
1074
1075
1076
1077
1079
1082
1080
1083
4710
5356
2061
1084
1380
3800
1085
1086
1451
1088
1089
1091
1092
1093
1094
1095
1097
1098
1099
1170
1101
1102
1103
1104
1569
1919
1105
1106
1107
1442
1108
1109
1110
1111
10356
1112
1113
1115
1116
1886
1118
1120
1178
1123
1124
1125
1127
1129
1130
1134
4652
1731
5284
1135
1136
1137
1138
1143
1144
1145
1147
1148
1149
1150
1152
9233
1153
3378
1156
1157
1158
1162
1164
1166
1167
1348
1172
1174
1175
1176
1177
1826
1179
1180
1181
1182
1184
1185
1188
1189
1190
1196
1197
1199
1200
1203
1206
1208
3313
1210
1213
1214
1216
1217
1218
1220
1222
1227
1228
1229
1230
1231
1235
1237
1238
1239
1240
1241
1245
1246
1249
1250
1251
1252
1255
1256
1259
10572
8794
9146
1260
1261
1262
1263
6599
1266
1267
1268
1272
1273
1278
1280
1286
1290
1291
1293
1294
1295
8464
6003
1297
1298
1299
1300
1301
1304
1305
1310
1312
1314
1323
10149
2059
3632
1324
1325
1326
1327
1329
1331
1332
1334
1338
1344
1349
1351
1356
5643
1357
1359
1361
10266
1898
1364
11714
1369
6400
1374
1375
1378
1379
1382
1386
1388
1398
1399
1401
1404
1405
1406
1407
1411
1413
1414
1415
1418
1422
1430
1432
1433
1436
1441
1447
1448
1450
12279
9772
1453
1454
1456
1458
1464
1465
1466
1468
1469
1472
1476
1477
1482
1484
1485
1487
1488
1489
1490
1497
1498
1503
9774
1506
1510
3474
1511
1513
1516
1517
1521
1522
1524
1526
1529
1530
1543
1534
3292
1536
1539
1540
7900
4556
3373
1541
1998
2839
1545
1549
1551
1552
1554
1590
1555
1557
1558
3846
1559
1561
1562
1565
1567
1568
1574
1575
1578
1579
1581
1583
1584
1585
1786
1588
3983
1589
11411
1591
1593
1598
1610
2190
1619
1623
1625
1627
1630
1634
1641
1642
1655
1657
3480
1660
1662
1667
1669
1675
1676
5076
1685
1686
1689
1690
1691
1693
1697
1698
1699
1701
1702
5772
6253
1703
3952
10650
1705
1853
1709
1710
1714
1722
1723
1726
1728
1749
1729
1730
1734
1735
1737
1738
1740
1741
1743
10877
7807
1745
4850
1750
1751
1753
4285
1754
1756
1757
1758
1761
4115
1765
1766
1767
1769
1771
1775
1776
1778
2362
1779
1780
1804
1782
2015
1784
1785
2541
1788
1790
1791
1792
1794
1795
1797
1798
1799
3661
1800
1801
1803
1806
1807
1810
1812
1814
1815
1816
1817
1818
1822
1825
1829
1830
1831
1833
1834
1836
1837
1840
1841
1845
1846
1847
1848
1850
1851
1852
3997
1855
1857
1858
1862
1867
1870
1872
1876
1879
1880
1881
1885
1887
1888
1890
1893
1894
1896
8138
1899
1900
1901
1903
1906
1908
1912
1914
1915
1922
1926
1928
1929
1936
1937
1941
1946
1950
1951
1954
1956
1961
1962
1965
1970
1971
1972
1973
1980
1983
1986
1987
1990
1995
1996
1997
2000
2001
2002
2003
2004
2005
2006
2007
2008
2009
2010
2011
2013
2014
4751
2016
2017
2018
2019
2022
2023
2024
2026
2027
2028
2029
2031
2033
2034
2035
2037
2038
2039
2042
2046
2047
2048
2049
2050
2051
2053
2054
2058
2060
2062
2063
2064
2065
2068
2070
2071
2072
2073
2075
2076
2077
2079
2084
2085
2089
9266
2090
2093
2097
2098
2099
2101
2102
2105
2106
2107
2108
2109
2110
2111
2113
2114
2115
2118
2119
2120
2121
2122
2123
2124
2125
2127
2128
2129
2131
2132
2133
2134
2135
2136
2137
2138
2139
2140
2141
2142
2144
2146
2148
2149
2150
2153
2154
2155
2157
2160
2161
2162
2163
2164
2165
2166
2167
2168
2172
2173
2174
2175
2176
2177
2178
2179
2180
2181
2182
2183
2185
2186
2187
2188
2192
2194
2195
2197
2199
2201
2202
2203
2205
2206
2207
2211
2217
2219
2222
2226
2228
2229
2230
2231
2232
2233
2235
2243
2244
2248
2255
2256
2257
2259
2260
2261
2262
2265
2267
2271
2272
2273
2274
2275
2276
2277
2279
2283
2285
3236
2287
2292
2295
6296
2297
2300
2301
2305
2306
2309
2311
2312
2317
2318
2319
2322
2323
2325
2327
2328
2329
2330
2332
2333
2335
2336
2337
2338
2339
2340
2341
2342
2343
2344
2345
2346
2349
2350
2351
2352
2353
2355
2357
2358
2360
2363
2365
2366
2367
2370
7456
2371
2372
2374
2375
2377
2379
2380
2381
2382
2383
2385
2387
2389
2390
2392
2397
2399
2400
2401
2402
2403
2404
2405
4770
2407
2408
2412
2413
2414
2415
2416
2418
2419
2420
3451
2424
2425
2426
2427
2428
2429
3864
2430
2433
2434
2435
2436
2437
2921
2438
2439
2440
2441
10880
10385
2442
2443
2444
2445
2449
2450
2451
2452
2453
2454
2455
2456
2457
2458
2459
2461
2463
2464
2465
2466
2468
2469
2470
2471
2472
2474
2475
2477
2479
4529
2480
2481
2484
2485
2486
2488
2489
2490
2491
2492
2494
2495
2496
2497
2498
2500
2501
2503
2504
2506
2507
2508
2510
2511
2512
2516
2518
2520
2521
2522
2524
2525
2527
2528
2529
2531
2532
2533
2534
2536
5196
2539
2542
2543
2546
2547
2548
2554
2558
2559
2560
2657
2562
2563
2567
5839
6416
2568
2569
2570
2571
2574
2577
2579
2584
2586
2588
2589
2590
2591
2592
2595
2596
2598
4498
2600
2601
5796
5733
2664
5775
5717
5782
5754
5727
2602
2603
2611
2613
2614
2616
2617
2618
2619
2620
5570
2622
2623
2624
2625
2626
2628
2639
2641
2643
2645
2647
2648
2649
2650
2656
2658
2660
2662
2663
2665
2666
2667
2669
2670
2671
2672
2674
2675
2680
2682
2683
2686
2688
2689
2690
2693
2695
2700
2703
2704
2771
2705
2707
2708
2709
2710
2711
2712
2714
2715
2716
2721
2722
2723
2724
2725
2726
2727
2729
2730
2732
2734
2735
2741
2742
2744
2749
2750
2751
2753
2754
2757
2759
2761
2765
2767
2768
2769
2770
2773
2774
2775
2776
2777
2778
2779
2780
2781
2782
2784
2785
2786
2789
2792
2793
2794
2795
2796
2798
2799
2800
2801
2802
2803
2804
3077
6442
2805
2809
2810
2811
2813
2814
2815
2817
2819
2820
2821
2822
2823
2824
2826
2827
2828
2829
2830
2831
2832
2835
2836
2837
2838
5798
5784
2840
2842
2843
2845
7610
2846
2848
2849
2850
2852
2854
2856
2857
2858
2859
2860
2861
2862
2864
2866
2867
2868
2870
2871
2874
2875
2876
3514
2880
2881
2882
2883
2884
2886
2887
4584
5015
2891
2892
2893
2895
2897
2898
2900
2901
2903
2904
2905
2906
2908
2909
2911
2913
2914
2918
2919
2920
2976
2922
5269
2925
2926
2927
2928
2931
2932
2935
2936
2938
2939
2940
2942
2945
2946
2947
2949
2951
2954
2965
2968
2970
2974
2975
2988
2990
6049
5990
2991
3005
3011
3018
3020
3027
3028
3033
3039
3042
3045
3839
3047
3048
3057
3059
3063
6912
3068
3069
4911
3074
3076
3078
3081
3084
3085
3090
3094
3096
3101
3102
3107
3110
3112
3113
3114
3115
3119
3120
3122
3125
3127
3128
3130
3136
3139
3140
3141
3142
3143
3146
3147
3149
3150
3151
3154
3157
3159
4227
3163
3164
3168
3173
3175
3180
5470
3187
3191
3193
3198
3200
3206
3217
3223
3224
3226
3521
3227
3233
3610
3234
3237
3238
3245
3247
3248
3251
3252
3257
3261
3265
3267
3272
3276
3278
3291
3298
3299
3302
3306
3307
3308
3310
3312
3315
3318
3320
3321
3322
3324
3328
3329
3332
3341
3342
3344
3351
3352
3356
3360
3363
3365
3372
3375
3377
3381
3383
3385
3386
3387
3388
3392
3393
3395
3397
3398
3400
3403
3405
3407
3409
3411
4024
3412
3414
3416
3419
3420
3421
3422
10161
3423
3425
3427
3429
4512
3430
3431
3432
3434
6139
3435
3436
3442
9042
3449
3452
3453
3455
3459
3461
3463
3464
3465
3467
3475
3484
3486
3487
3488
3493
3496
3499
3504
3505
3506
3507
3511
3519
3520
3523
3524
3525
3526
3527
3529
3532
3534
3535
3541
3542
3543
3545
3546
3547
3548
3549
3550
3553
3554
3555
3563
3564
3566
5293
3569
3571
3572
3573
3574
3575
3576
3577
3580
3582
3583
3584
3585
3586
3587
3588
3591
3592
3594
3595
3598
3600
3601
3603
3606
4108
3608
3609
3626
3611
3612
3614
3618
3622
3624
3625
3627
3630
3631
11395
4270
3633
3637
3638
3639
3641
3643
3644
3645
3646
3651
3653
3655
3657
3658
3660
3665
3667
3668
6991
3669
3674
3677
3685
3687
3689
3693
3700
3710
3715
3722
3726
3729
3730
3733
3734
3735
3738
3739
3742
3743
3744
3749
3750
3758
3759
3762
3764
3767
3768
3772
3773
3777
3780
3787
3788
3789
3790
3791
3793
3797
3798
3799
3802
3803
3804
3806
3810
3811
3814
3815
3816
3820
3821
3825
3828
3829
3831
3832
3834
3836
3838
3840
3842
3843
3844
3845
7047
3847
3849
3851
3852
3854
3857
3858
3860
3862
3865
3867
3868
3870
3872
3875
3879
3884
3885
3887
3888
3889
3890
3891
3892
3894
3895
3896
3899
3902
3903
3904
3906
3907
3908
3911
3912
3913
3914
3916
3920
3921
3922
3924
3925
3926
3930
3934
3935
3936
3939
3944
3945
3946
3947
3951
3953
3955
3957
3958
3961
3965
3966
3967
3968
3969
3972
4801
3975
3976
3979
3980
3981
3982
3984
3985
10522
3993
7549
3986
3987
3992
3994
3999
4002
4003
4004
4007
4008
4009
4010
4011
4012
4014
4015
4016
4017
4019
4020
4022
4023
4025
4026
4027
4030
4031
4033
4035
4036
4037
4038
4039
4040
4041
4042
4043
4044
4045
4046
4047
4048
4049
4050
4052
4053
4054
4055
4056
4057
4058
4060
4061
4062
4066
4068
4069
4070
5905
4071
4072
4073
4074
4075
4077
4078
4080
4081
4083
4088
4091
8052
4093
4094
4095
4097
4099
4100
4103
4105
4110
4112
4114
4118
4119
4123
4124
4125
4126
4127
4130
4133
4134
4135
4137
4139
4140
4141
4142
4150
4151
4152
4153
4154
4156
4159
4161
4164
4165
4167
4169
4171
4172
4173
4174
4180
4181
4182
4183
4184
4185
4187
4189
4190
4192
4195
4196
4197
4200
4201
4202
4203
4206
4211
4215
4218
4220
4224
4225
4226
4228
4231
4232
4233
4235
4236
4237
4238
4239
4243
4244
4245
4247
4252
4255
4256
4257
4264
4272
4273
5277
4274
4275
4276
4277
4279
4280
4282
4283
4286
4287
4289
4290
4292
11779
4296
4297
4298
4300
4301
4303
4305
4306
4307
4309
4310
4311
4312
4315
4317
4319
4324
4327
4328
4329
4336
4337
4338
4340
4341
4345
4346
4347
4348
4353
4354
4355
4356
4359
4360
4361
4362
4363
4367
4368
4369
4372
4373
4374
4375
4376
4377
4379
4384
4386
4387
4388
4389
4390
4392
4393
4394
4400
4402
4405
4406
4407
4410
4411
4412
4414
4418
4420
4421
4422
4426
4427
4428
4429
4430
4432
4436
4440
4441
6117
4442
4443
4448
4454
4455
4456
4458
4892
4462
4466
4467
4468
4469
4472
4475
4477
4483
4485
4486
4488
4493
4495
4496
4499
4505
4506
4507
4508
4509
4510
4511
4513
4514
4515
4517
4518
4521
4523
4526
4527
4531
4532
4534
4536
4538
4540
4541
4542
4548
4549
4554
4667
4559
4560
4561
4562
4568
4569
4575
4577
4578
4580
4583
4586
4587
4588
4589
4591
4592
4593
4594
4595
4597
4599
4602
4603
4604
4607
4610
4611
4612
4617
4618
4620
4621
4623
4624
4628
4629
4631
4632
4635
7037
4636
4637
4639
4640
4641
4644
4645
4648
4651
5805
4653
4654
4656
4661
4662
4663
4665
4668
4670
4671
4673
4674
4675
4676
4677
4680
4681
4682
4772
4685
4694
4697
4700
4703
4704
4705
4706
4707
4709
4713
4716
4717
4719
4720
4721
4722
4724
4725
4726
4727
4728
4733
4734
4737
4741
4746
4747
4749
4750
4753
4759
4760
4761
4762
4763
4764
4765
4767
4771
4774
4775
4776
4777
4783
4784
4787
4789
4790
4791
4792
4795
4802
4803
4806
4809
4810
4812
4814
4816
4817
4818
4821
4822
4823
4826
4829
4832
4833
11233
4834
4835
4836
4838
4839
4840
4841
4844
4846
4847
4849
5083
4851
4853
10510
9859
4856
4858
4859
4860
4861
4862
4865
4867
4869
4871
4872
4874
4875
4876
4883
4885
4887
4890
4893
4898
4899
4901
4902
4903
4904
4906
4908
4910
8553
4913
4918
4921
4922
4924
4928
4929
4931
4932
4933
5504
4934
4935
4936
4937
4943
4948
4950
4951
4952
4953
4954
4958
4959
4961
4962
4964
4966
4968
4971
4972
4973
4976
4978
4982
4986
4989
4991
4993
5003
5005
5010
5013
5017
5018
5019
5028
5029
5030
5031
5034
5035
5036
5039
7108
7390
5223
5040
5042
5044
5046
5048
5052
5053
5054
5056
5057
5058
5059
5060
5063
5067
5070
5072
5073
5075
5079
5086
5089
5090
5092
5093
5094
5096
5098
5099
5103
5104
5105
5106
5108
5109
5112
5115
5116
5117
5120
5121
5122
5123
5126
5128
5129
5130
5132
5133
5136
5142
5143
5144
5145
5146
5148
5149
5150
5154
5155
5156
5158
5161
5163
5164
5166
5167
5170
5172
5173
5176
5180
5184
5185
5187
5188
5189
5190
5191
5194
5195
10871
5197
5201
5203
5207
5209
5210
5212
5214
5215
5216
5218
5219
5222
5231
5232
5235
5238
5239
5243
5244
5246
5252
5254
5258
5259
5260
5265
5270
5271
5273
5274
5275
5282
5283
5285
5286
5289
8884
5291
5398
5655
7513
5292
5294
5295
5296
5297
5304
5305
5308
5313
5314
5317
5320
5322
5323
5325
5326
5327
5328
5329
5330
5332
5333
5334
5335
5337
5338
5339
5341
5342
5343
5344
5345
5346
5347
5351
5353
5354
5357
5358
5360
5362
5363
5365
5366
5367
5368
5370
5371
5372
5374
5375
5376
5378
5379
5380
5382
5383
5384
5385
5386
5387
5389
5390
5391
5392
5393
5394
5395
5396
5397
5400
5401
5403
5405
5408
5409
5410
5411
5415
5417
5418
5420
5421
5424
5426
5428
5429
5430
5432
5433
5435
5437
5440
5442
5443
5445
5446
5447
5449
5450
5451
5452
5454
5455
5456
5457
5458
5459
5462
5464
5466
5468
5469
6071
5472
5473
5474
5475
5477
5480
5481
5482
5483
5484
5485
5486
5487
5489
5490
5491
5492
5494
5496
5497
5499
5500
5501
5502
5503
5505
5506
5507
5508
5510
5511
5512
5514
5515
5516
5518
5519
5520
5522
5524
5525
5686
5528
5529
5530
5531
5532
5533
5534
5535
5536
5537
5539
5541
5543
5545
5546
5547
5548
5549
5550
5551
5553
5554
5555
5556
5557
5560
5561
5562
5563
5564
5565
5567
5568
5569
11456
5571
5572
5573
5576
5577
5578
5580
5581
5582
5585
5587
5592
5593
5594
5596
5597
5600
5602
5604
5606
5608
5613
5614
5616
5617
5619
5621
5622
5623
5626
5627
5630
5633
5636
5638
5639
5640
5641
5642
5648
5654
5656
5657
5658
5660
5661
5662
5663
5664
5665
5667
5671
6137
5672
5675
5676
5678
5680
5683
5684
5685
5688
5690
5692
5696
5700
5701
5702
5704
5705
5706
5707
5708
5709
5710
5711
5713
5714
5715
5716
6670
5720
5721
5723
5724
5725
5726
5728
5729
5731
7290
5732
5734
5737
5738
5742
5743
5744
5746
5747
5748
5749
5750
5752
5753
5757
5758
5760
5761
5765
5766
5769
5771
5773
5776
5777
5778
5780
5781
7013
5786
5787
5788
5792
5795
5799
5800
5801
5802
5959
5808
5811
5812
5815
5818
5820
5822
5823
5824
5825
5826
5827
5831
5833
5834
5838
5840
5841
5844
5847
5849
5851
5852
5854
5855
5856
5857
5858
5859
5860
5862
5864
5866
5867
5872
5873
5874
5878
5879
5880
5882
5885
5887
5888
5889
5891
5892
5893
5895
5897
5898
5900
5902
5904
5906
5909
5911
5913
5914
5916
5917
5918
5920
5927
5928
5929
5932
5937
5938
5941
5942
5946
5949
5953
5954
5956
5957
5958
5964
5966
5968
5969
5970
5973
5974
5975
5976
5979
5980
5981
5983
5984
5985
5988
5989
5993
5994
5995
5997
5999
7608
6000
6001
6002
6004
6006
6007
6010
6011
6012
6014
6016
6017
6019
6020
6021
6023
6024
6025
6026
6027
6028
6029
6030
6032
6033
6848
6034
6035
6036
6037
6039
6043
6044
6045
6047
6048
6051
6053
6059
6060
6061
6064
6065
6067
6068
6074
6079
6082
6083
6089
6094
6096
6098
6099
6100
6102
6103
6104
6105
6107
6108
6109
6110
6112
6114
6115
6116
6118
6120
6122
6123
6124
6125
6130
6131
6132
6136
6144
6149
6151
6152
6155
6158
6159
6161
6162
6167
6168
6169
6171
6172
6173
6174
6176
6180
6181
6183
6184
6190
6191
6192
6193
6194
6195
9010
6197
6198
6200
6201
6202
6205
6208
6212
6213
6216
6218
6220
6224
6226
6230
6231
6232
6233
6234
6235
6238
6239
6240
6241
6242
6243
6244
6245
6251
6252
6254
6255
6257
6258
6260
6263
6264
6265
6268
6269
6270
6271
6272
6273
6275
6276
6277
6278
6279
6280
6281
6391
6283
6284
6286
6287
6288
6289
6290
6291
6292
6295
6297
6299
6300
6302
6303
6305
6306
6307
6308
6310
6311
6312
6313
6314
6315
6316
6317
6318
6319
6322
6323
6324
6326
6327
6329
6330
6331
6336
6337
6338
6339
6340
6341
6342
6343
6344
6346
6347
6348
6349
6351
9171
6352
6354
6355
6356
6357
6358
6361
6363
6366
6369
6370
6371
6373
6374
6375
6376
6378
6379
6380
6381
6382
6384
6386
6388
6389
6394
6396
6397
6398
6399
6403
6406
6411
6412
6414
6417
6420
6422
6425
6426
6428
6429
6431
6433
6434
6435
6437
6438
6439
6440
6441
6443
6444
6445
6446
6448
6449
6450
6451
6454
6455
6456
6457
6458
6459
6461
6462
6464
6465
6466
6468
6469
6470
6471
6474
6475
6476
6477
6479
6481
6482
6483
6484
6485
6486
6489
6490
6492
6493
6495
6497
6498
6500
6504
6505
6506
6507
6508
6511
6513
6515
6519
6522
6523
6524
6528
6530
6531
8813
6532
6535
6537
6539
6540
6541
6542
6544
6546
6550
6551
6552
6553
6556
6557
6558
6559
6560
6561
6562
6563
6564
6566
6569
6571
6582
6583
6585
6588
6589
6593
6598
8371
8931
6605
6607
6610
6611
6614
6615
6616
6620
6621
6622
10814
6648
6651
6655
6657
6659
6665
6671
6673
6675
6676
6677
6679
6686
6687
6692
6693
6695
6696
6698
6701
6702
6705
6706
6707
6712
6713
6714
6717
6718
6720
6724
6816
6732
6734
6736
6737
6741
6742
6744
6745
6746
6747
6748
6749
6750
6751
6754
6756
6757
6758
6761
6762
6763
6766
6767
6776
6780
6781
6789
6793
6798
6805
6811
6818
6820
6821
6824
6830
6835
6843
6844
6845
6846
6847
6853
6855
6856
6857
6867
6870
6871
6872
6875
6876
6877
6878
6882
6883
6884
6886
6887
6888
6889
6893
6897
6898
6900
6901
6906
6907
6911
6915
6921
6922
6924
6925
6926
6929
6933
6934
6935
6936
6937
6940
6941
6945
6946
6949
6950
6952
6954
6955
6956
6957
6959
6960
6961
6962
6964
6967
6970
6971
6972
6974
6976
6978
6979
6985
6987
6988
6989
6990
6992
6993
6995
6996
7001
11137
7003
7004
7006
7008
7009
7011
7012
7015
7016
7017
7019
7020
7021
7022
7024
7026
7028
7029
7031
7032
7033
7036
7040
7041
7043
7044
7045
7050
7052
7053
7054
7057
7058
7059
7060
7061
7063
7066
7069
7071
7072
7074
7075
7077
7079
7080
7081
7083
7090
7092
7093
7095
7098
7099
7100
7101
7102
7103
7105
7106
7110
7111
7113
7114
7115
7116
7118
7119
7120
7122
7129
7130
7131
7132
7134
7136
7137
7138
7141
7144
7147
7148
7149
7150
7153
7155
7156
7159
7168
7171
7172
7175
7181
7183
7185
7191
7192
7194
7196
7197
7198
7199
7200
7202
7204
7205
7206
7207
7209
7213
7215
7220
7221
7222
7223
7224
7228
7229
7231
7232
7233
7235
7237
7238
7240
7242
7243
7244
7245
7246
7247
7249
7254
7255
7256
7257
7258
7260
7261
7263
7266
7267
7272
7273
7275
7281
7282
7283
7285
9597
7287
7289
7292
7293
7295
7297
7298
7300
7301
7303
7304
7305
7306
7307
7309
7310
7312
7313
7319
7320
7321
7322
7324
7326
7327
7329
7332
7333
7335
7336
7341
7344
7345
7348
7351
7352
7354
7360
7361
7362
7370
7373
7379
7386
7387
8573
7388
7389
7392
7393
7394
7395
7400
7402
7407
7409
7410
7414
7416
7420
7421
7423
7424
7430
7433
7434
7438
7439
7441
7442
7444
7445
7446
7449
7451
7453
7454
7457
7459
7460
7465
7471
7472
7474
7476
7478
7482
7485
7489
7490
7492
7495
7497
7498
7500
7502
7503
7504
7505
7507
7514
7517
7518
7520
7521
7524
7525
7527
7964
7528
7529
7531
7533
7534
7539
7542
7543
7547
7548
7551
7552
7553
7557
7558
7560
7563
7564
7566
7568
7571
7573
7574
7576
7579
7583
7584
7587
7589
7590
7592
7593
7594
7596
7598
7601
7602
7603
7606
7612
7613
7614
7615
7616
7617
7618
7619
7623
7626
7627
7628
7630
7631
7634
7636
7640
7641
7643
7646
7652
7653
7655
7659
7667
7671
7674
7677
7679
7682
7684
7685
7690
7691
7692
7693
7699
7700
7701
7703
7712
7716
7717
7718
7719
7720
7721
7722
7724
7725
7726
10689
7729
7738
7741
7744
7750
7753
7755
7761
7765
7768
7769
7772
7774
7775
7778
7782
7783
7784
7790
7796
7800
7809
7810
7815
7819
7821
7822
7823
7825
7826
7831
7832
7833
7834
7836
7840
7846
7849
8975
7852
7858
7861
7865
7869
7872
7876
7880
7883
7885
7888
7891
7893
7896
7898
7909
7915
7916
7923
7924
7926
7927
7928
7929
7930
7932
7935
7938
7940
7942
7943
7944
7945
7946
7947
7948
7949
7951
7953
7954
7955
7962
7967
7968
7973
7974
7979
7982
7984
7985
7989
7990
7994
7999
8000
8003
8004
8006
8011
8012
8016
8018
8022
8023
8027
8029
8030
8033
8041
8043
8045
8046
8047
8048
8050
8051
8053
8054
8055
8057
8059
8060
8061
8062
8065
8069
8070
8071
8072
8075
8079
8085
8088
8095
8098
8106
8112
8116
8124
8129
8131
8141
8144
8145
8146
8155
8156
8158
8159
8161
8164
8172
8174
8182
8183
8186
8188
8189
8190
8193
8194
8195
8201
8204
8205
8208
8211
8212
8215
8216
8219
8226
8229
8231
8237
8239
8243
8244
8258
8262
8264
8281
8287
8288
8292
8304
8306
8308
8314
8325
8326
8335
8340
8351
8354
8355
8356
8359
8365
8370
8372
8377
8378
8380
8383
8385
8387
8394
8396
8397
8402
8407
8408
8409
8411
8415
8418
8419
8420
8421
8422
8423
8424
8430
8432
8438
8439
8440
8441
8442
8443
8446
8447
8450
8455
8456
8458
8465
8467
8468
8473
8477
8480
8481
8485
8488
8489
8493
8495
8497
8501
8504
8505
8506
8512
8514
8515
8517
8520
8521
8527
8528
8529
8534
8538
8544
8545
8546
8547
8548
8552
8554
8556
8557
8561
8562
8563
8565
8566
8567
8572
8955
8574
8578
8579
8580
8581
8584
8586
8589
8590
8594
8595
8597
8599
8600
8603
8606
8611
8612
8615
8622
8623
8624
8628
8630
8634
8635
8636
8637
8639
8641
8647
8649
8650
8654
8655
8657
8660
8661
8669
8670
8676
8679
8681
8686
8687
8688
8691
8693
8695
8698
8700
8701
8702
8709
8712
8717
8724
8728
8729
8730
8731
8732
8733
8734
8738
8743
8744
8746
8750
8755
8756
8769
8758
8759
8765
8771
8777
8778
8783
8790
8808
8821
8823
8827
8828
8844
8861
8867
8870
8877
8878
8891
8894
8898
8899
8900
8905
8907
8909
8920
8929
8930
8940
8941
8954
8956
8958
8961
8967
8974
8981
8983
8989
8991
8992
8993
8996
8998
9000
9002
9003
9007
9008
9011
9012
9014
9016
9017
9020
9024
9028
9035
9036
9037
9039
9044
9046
9047
9048
9053
9056
9057
9062
9064
9067
9073
9082
9083
9086
9090
9093
9101
9104
9106
9112
9118
9124
9125
9127
9128
9129
9130
9138
9140
9141
9147
9151
9153
9159
9166
9167
9169
9176
9177
9178
9180
9183
9185
9187
9189
9190
9191
9199
9200
9203
9205
9206
9208
9209
9210
9214
9215
9216
9219
9220
9221
9222
9223
9225
9226
9229
9236
9237
9238
9239
9240
9242
9245
9247
9250
9251
9254
9255
9256
9257
9263
9265
9269
9270
9271
9272
9275
9542
9276
9277
9280
9281
9285
9287
9288
9289
9301
9302
9304
9305
9307
9312
9313
9315
9316
9318
9320
9321
9324
9330
9333
9336
9338
9339
9340
9342
9346
9347
9349
9351
9354
9358
9364
9367
9369
9370
9371
9378
9380
9381
9382
9383
9384
9386
9387
9388
9389
9390
9395
9397
9409
9410
9411
9412
9413
9418
9419
9423
9433
9434
9443
9445
9446
9447
9448
9453
9457
9458
9464
9466
9467
9470
9471
9473
9476
9478
9479
9489
9490
9491
9492
9493
9499
9500
9502
9507
9509
9511
9513
9514
9515
9518
9519
9521
9523
9524
9526
9527
9530
9536
9538
9541
9546
9548
9553
9560
9561
9563
9571
9572
9573
10425
9575
9580
9582
9583
9584
9585
9589
9591
9592
9599
9600
9601
9603
9605
9609
9610
9613
9614
9616
9619
9620
9621
9624
9629
9630
9633
9636
9639
9648
9650
9652
9658
9660
9661
9662
9664
9671
9675
9678
9681
9683
9686
9688
9690
9695
9700
9701
9707
9708
9711
9713
9714
9715
9717
9722
9725
9731
9737
9741
9749
9752
9754
9757
9759
9767
9778
9781
9782
9784
9785
9788
9790
9795
9801
9807
9810
9817
9819
9831
9834
9835
9840
9841
9842
9849
9851
9856
9863
9865
9870
9873
9874
9879
9884
9887
9892
9893
9894
9895
9897
9909
9910
9911
9912
9914
9916
9917
9931
9932
9934
9936
9938
9940
9941
9943
9944
9947
9952
9958
9962
9964
9968
9969
9971
9972
9976
9977
9979
9980
9984
9988
9993
9997
9998
10002
10003
10008
10009
10016
10019
10022
10029
10036
10037
10042
10050
10056
10059
10060
10063
10068
10072
10079
10081
10084
10091
10094
10095
10096
10097
10105
10110
10119
10120
10121
10122
10125
10128
10131
10132
10140
10146
10152
10157
10159
10160
10164
10169
10177
10180
10182
10183
10185
10186
10189
10193
10194
10197
10200
10201
10203
10206
10217
10220
10222
10223
10225
10226
10229
10231
10232
10233
10235
10238
10239
10241
10242
10243
10247
10252
10253
10256
10257
10260
10261
10263
10264
10265
10270
10273
10274
10275
10282
10284
10285
10288
10293
10295
10299
10301
10303
10304
10305
10308
10309
10316
10318
10321
10324
10327
10328
10330
10331
10333
10337
10339
10344
10345
10346
10347
10350
10355
10362
10363
10364
10366
10373
10375
10378
10379
10384
10389
10390
10392
10398
10404
10405
10406
10407
10408
10413
10415
10416
10417
10418
10421
10423
10424
10426
10427
10429
10433
10435
10440
10442
10447
10449
10450
10452
10453
10454
10455
10458
10461
10463
10465
10467
10469
10472
10473
10474
10475
10481
10484
10485
10486
10489
10491
10492
10493
10494
10495
10496
10497
10499
10500
10503
10504
10505
10506
10508
10511
10514
10515
10521
10523
10524
10525
10526
10527
10532
10535
10538
10541
10543
10545
10546
10547
10548
10549
10551
10552
10555
10557
10559
10560
10561
10562
10567
10569
10573
10574
10576
10578
10579
10580
10581
10582
10583
10586
10589
10591
10594
10596
10598
10600
10601
10602
10603
10606
10607
10609
10610
10613
10615
10616
10617
10619
10620
10622
10625
10626
10628
10629
10633
10634
10636
10637
10639
10642
10646
10647
10648
10649
10651
10652
10653
10654
10655
10656
10657
10659
10660
10662
10663
10665
10666
10667
10672
10673
10675
10676
10678
10679
10680
10683
10684
10685
10687
10692
10694
10695
10697
10699
10700
10704
10706
10707
10709
10710
10711
10716
10717
10718
10719
10720
10721
10722
10723
10725
10727
10729
10734
10739
10741
10746
10760
10761
10769
10770
10771
10772
10774
10776
10777
10780
10784
10787
10789
10790
10791
10794
10796
10797
10798
10802
10803
10806
10809
10815
10816
10817
10821
10826
10832
10837
10840
10841
10852
10854
10857
10861
10864
10867
10868
10870
10872
10885
10886
10890
10892
10894
10896
10898
10908
10909
10911
10912
10913
10914
10915
10916
10917
10918
10920
10921
10922
10924
10925
10927
10928
10929
10930
10931
10932
10934
10935
10937
10938
10940
10942
10943
10945
10946
10947
10949
10951
10953
10954
10955
10956
10957
10958
10959
10960
10961
10962
10963
10964
10966
10967
10968
10969
10970
10971
10972
10974
10975
10976
10977
10978
10980
10981
10983
10984
10986
10987
10988
10989
10990
10991
10992
10993
10994
10995
10996
10997
10998
10999
11000
11001
11002
11004
11005
11006
11007
11008
11009
11010
11013
11016
11019
11023
11025
11026
11027
11030
11032
11033
11034
11035
11036
11037
11038
11039
11040
11042
11043
11044
11046
11048
11055
11056
11059
11060
11062
11063
11065
11067
11069
11072
11075
11079
11082
11083
11087
11088
11090
11092
11093
11096
11097
11099
11100
11107
11108
11109
11110
11114
11116
11117
11119
11120
11121
11125
11127
11133
11136
11138
11139
11142
11143
11145
11146
11147
11148
11149
11150
11151
11154
11155
11158
11160
11161
11163
11169
11171
11173
11174
11175
11176
11177
11178
11179
11181
11182
11184
11185
11186
11188
11189
11190
11193
11195
11196
11197
11198
11199
11200
11201
11202
11203
11205
11206
11209
11210
11211
11214
11217
11218
11220
11222
11226
11230
11234
11235
11237
11244
11247
11248
11249
11251
11252
11255
11256
11257
11258
11259
11263
11264
11265
11266
11267
11269
11271
11272
11273
11274
11922
11275
11278
11279
11282
11284
11285
11286
11287
11289
11290
11291
11292
11294
11295
11296
11298
11299
11301
11302
11306
11307
11308
11309
11310
11312
11313
11315
11316
11318
11319
11320
11321
11323
11324
11325
11326
11329
11331
11332
11335
11336
11338
11340
11341
11344
11346
11348
11351
11352
11354
11355
11359
11360
11363
11364
11367
11372
11373
11374
11377
11378
11385
11387
11389
11391
11396
11399
11402
11405
11407
11410
11420
11422
11423
11424
11425
11427
11428
11430
11431
11433
11437
11439
11440
11441
11442
11448
11451
11453
11454
11455
11458
11459
11460
11466
11467
11468
11469
11470
11471
11474
11476
11477
11478
11482
11483
11485
11497
11498
11499
11500
11501
11504
11510
11513
11514
11515
11517
11520
11522
11524
11526
11527
11529
11532
11539
11540
11541
11542
11543
11544
11545
11546
11548
11551
11552
11556
11559
11560
11562
11564
11575
11576
11582
11584
11588
11590
11593
11594
11598
11601
11602
11606
11608
11614
11616
11622
11624
11625
11627
11633
11637
11641
11642
11643
11645
11650
11651
11652
11657
11661
11664
11666
11669
11672
11674
11675
11679
11682
11689
11690
11696
11704
11706
11708
11713
11827
11715
11717
11723
11724
11732
11733
11740
11741
11742
11743
11744
11745
11749
11750
11751
11752
11753
11754
11755
11756
11757
11758
11759
11760
11762
11763
11764
11765
11766
11771
11773
11774
11777
11780
11782
11783
11785
11786
11790
11793
11798
11802
11803
11805
11806
11808
11811
11812
11813
11814
11815
11816
11818
11820
11822
11823
11829
11830
11831
11832
11833
11835
11836
11837
11839
11841
11844
11848
11850
11851
11852
11855
11856
11857
11859
11861
11862
11863
11866
11869
11870
11871
11873
11874
11879
11881
11882
11886
11896
11907
11912
11918
11924
11929
11933
11936
11937
11941
11946
11949
11953
11956
11959
11961
11963
11965
11968
11971
11975
11988
11992
11993
11995
11998
12003
12006
12008
12009
12012
12015
12016
12017
12021
12022
12023
12027
12028
12029
12031
12034
12036
12038
12041
12042
12043
12044
12045
12046
12047
12048
12049
12051
12052
12055
12057
12058
12059
12061
12062
12063
12064
12065
12067
12068
12069
12070
12072
12073
12074
12075
12077
12080
12081
12084
12085
12087
12088
12089
12091
12094
12095
12096
12098
12101
12103
12105
12107
12108
12109
12110
12115
12116
12117
12118
12124
12125
12128
12135
12141
12142
12143
12144
12145
12146
12147
12148
12149
12150
12154
12156
12159
12162
12163
12165
12166
12167
12169
12171
12175
12176
12177
12178
12183
12186
12187
12188
12191
12193
12194
12195
12196
12198
12201
12203
12204
12205
12206
12207
12210
12212
12219
12220
12223
12224
12226
12227
12230
12238
12239
12240
12241
12242
12243
12248
12251
12253
12255
12257
12262
12264
12267
12268
12271
12272
12273
12277
12282
12285
12286
12287
12288
12289
12290
12291
12292
12293
12294
12297
12299
12303
