1200
1141
885
602
762
1121
978
119
1217
855
1232
878
1191
798
1446
1112
810
1461
1463
1295
773
1051
1150
1153
1277
1437
1041
826
963
941
1245
1360
803
1478
1479
1414
1140
1306
961
1270
442
944
1330
1179
1086
1268
1429
1122
1222
936
1317
1021
1063
539
1257
1209
1231
1328
1048
1445
1008
1145
345
993
962
1104
811
996
972
767
1148
805
812
813
1223
952
1373
817
892
1185
865
864
1101
814
854
775
1172
1045
1455
919
1251
1000
816
1164
1325
764
973
835
956
932
1436
1337
1357
964
971
786
1418
822
1095
1067
1197
1351
818
1250
980
988
792
1392
1413
862
1381
1055
1256
1490
802
915
1411
1265
1396
793
1054
1069
1068
1061
880
933
779
1240
824
950
883
967
1430
1062
990
1037
882
1163
874
858
1409
1444
1460
895
1040
949
908
910
1258
1187
1152
1085
938
1084
1081
1083
1390
897
1236
909
1199
1052
1053
1427
873
1408
1115
916
1448
1177
777
1092
1215
1334
1246
856
1135
900
943
1438
1106
1007
1383
979
1123
1126
1192
965
946
958
1441
1489
837
876
1352
872
989
1399
1293
1459
1359
1423
1009
851
1348
893
1159
1091
1018
1349
515
981
1403
1262
913
1402
1071
1271
1252
781
863
1364
838
788
1407
791
1406
1049
1024
1405
1234
1029
907
1025
1301
1475
1214
500
1412
1237
1339
871
679
1298
1139
1097
991
1158
1420
898
1356
1417
1042
1036
935
1109
1335
901
807
1238
1015
1329
766
1346
1161
955
1070
1287
831
1333
1435
1105
1385
1278
1201
881
922
879
801
1108
904
995
33
1028
1394
643
1013
1264
1482
1275
1389
828
1304
1300
763
1149
1308
1146
1076
1077
1072
1469
1374
1377
1467
937
815
869
1090
992
1154
1157
1156
1026
1010
829
860
825
1415
1416
927
1128
1129
1321
1080
1088
1486
1485
975
1194
839
1255
1371
1393
1219
1338
1133
1130
1332
1384
974
784
780
1433
841
848
1470
1242
1244
1006
1227
1226
1224
1220
1343
1471
1474
1421
1422
1425
1426
1428
843
1030
1034
847
1210
1353
1218
1350
1125
987
787
1432
966
1102
1458
1165
1162
889
1202
849
1190
953
1093
954
1207
1114
1116
1322
1296
1297
776
894
772
899
1087
1274
778
1178
1323
806
1047
940
1472
1367
1281
1211
1362
1369
1221
859
1391
1100
857
850
1206
1487
959
1468
796
1290
930
934
842
852
312
1001
744
1314
230
1309
406
1216
1195
1276
1280
947
1476
1447
768
823
1057
1058
945
1269
1082
918
1395
1315
1326
836
1345
887
1031
1212
1382
1286
1136
886
1198
1273
875
912
1103
929
983
1307
1303
1282
808
1375
1305
1372
1168
931
1457
1279
921
1003
600
213
1213
1171
1313
1320
1434
982
1431
518
833
1310
1318
1387
1254
1038
1454
1167
632
1449
203
624
1340
1341
1344
173
977
1442
1188
884
1289
1288
1044
325
1096
774
1261
1267
1316
499
1379
790
1184
998
1319
1419
1388
926
925
960
1176
1175
1456
939
507
1378
1186
1397
1253
1440
804
968
1450
1451
1368
1183
1155
1203
1020
1160
911
840
1249
771
1410
1342
1127
1239
1113
