2
3
47
1364
282
348
2735
1911
7
8
10
11
17
19
25
26
27
651
28
29
38
30
83
31
33
35
36
37
2639
40
43
44
45
46
48
49
50
51
53
54
59
60
61
63
64
65
3555
68
71
177
72
73
74
220
221
3368
75
76
1540
398
82
87
90
93
94
379
100
101
107
3193
110
2962
116
4090
161
127
128
260
139
320
199
244
142
2160
143
149
153
6015
156
4000
5170
2710
160
228
1543
1459
1328
1937
1411
1227
535
2334
1407
162
176
179
183
186
187
190
192
193
1282
196
435
202
2243
6213
2038
205
212
3812
217
218
1155
219
224
225
226
1396
232
618
233
236
259
237
239
241
243
246
247
249
266
253
257
258
2534
1947
1854
261
263
264
265
267
269
270
271
2871
273
275
491
276
280
530
281
2035
283
286
288
290
291
293
296
298
300
302
1361
303
305
306
308
311
312
313
314
315
316
318
319
322
324
325
328
329
331
333
782
3504
5907
334
335
337
459
343
345
346
1080
347
351
352
353
1997
354
1078
443
355
358
359
360
368
4692
369
1423
374
376
377
378
4401
380
381
382
383
384
387
1363
388
390
395
3847
2960
1722
396
397
1253
4113
399
400
2045
403
404
407
1165
5071
1393
850
2556
410
411
412
764
2447
413
414
416
418
419
421
423
4039
1391
3742
446
4885
425
426
427
429
430
431
432
3633
2007
433
2884
434
5222
1321
2507
721
2616
5839
439
440
4024
3736
442
444
445
451
3834
4319
453
454
455
999
456
457
458
461
463
4446
464
466
467
468
470
473
475
477
478
480
481
483
484
485
486
488
489
7379
490
494
496
974
2777
497
600
3604
498
1376
653
4750
499
501
1159
503
927
504
505
509
513
517
518
521
522
523
528
539
540
543
544
545
546
547
548
551
553
554
555
556
557
561
566
571
573
574
580
1154
581
582
583
585
588
591
592
593
595
598
599
601
602
604
605
606
608
609
610
612
613
614
616
617
619
620
621
622
623
624
626
627
628
630
631
632
634
635
636
637
639
645
650
2123
652
657
659
660
662
663
666
667
668
669
670
671
1094
1876
673
674
4474
675
678
1597
679
680
683
684
685
688
689
698
703
705
707
709
710
711
714
715
976
719
720
2670
723
726
727
728
729
730
731
734
735
737
739
740
741
742
743
747
748
749
751
752
753
755
756
759
760
761
762
1875
765
766
768
770
773
774
775
776
778
779
781
2387
784
785
787
788
1681
1502
789
790
792
793
794
795
796
800
5759
802
804
805
806
808
809
810
811
812
1355
813
4729
3072
1991
5203
4020
1659
814
815
816
819
3789
822
826
830
833
834
4508
3542
835
836
838
840
841
842
843
844
846
847
849
3682
1710
860
866
3723
868
872
873
875
878
879
881
883
884
885
887
1690
898
899
906
908
913
922
3008
926
2789
929
930
932
935
936
937
939
941
942
945
946
948
949
950
951
953
954
957
958
959
960
961
963
965
967
969
970
973
975
1034
977
978
3851
980
982
4498
983
986
988
990
991
992
993
994
998
1000
5366
1001
1002
1005
1007
1008
1009
1011
1012
1013
1015
1017
1018
1019
1020
1021
1022
1023
1024
1025
1026
1029
2945
1033
1037
1529
1041
1047
1050
1051
1053
1060
1064
1067
1069
1070
1076
1079
1082
1084
1085
1086
1087
1088
1228
1090
1093
1095
1096
1097
1106
1109
1110
1112
1113
1117
1121
1122
1123
1124
1128
1129
5320
6942
1130
1132
1134
1136
1141
1142
1146
1150
1156
1157
1158
2296
1161
1162
1168
1169
1170
1174
1176
1179
1185
1186
1187
1188
1189
1190
1192
1194
1196
1204
1206
1213
1214
1215
1224
1225
1230
1231
1232
1233
1234
2029
1236
1240
1241
1242
1245
1249
1252
1254
1255
1260
1261
1263
1264
1265
5797
4280
1266
1267
1270
1271
2077
1273
1277
1281
1283
3118
1284
1290
1291
1293
1297
1299
1302
3043
1304
1306
356
1307
1311
1314
1315
1316
5555
1318
1319
1322
1326
2116
1332
1334
1339
2226
1341
1342
1343
1345
5562
1346
1962
1352
1593
1357
1358
1853
6406
1360
1365
1366
6435
1368
1369
1371
1372
1373
1375
1379
1380
1382
1385
3852
1390
1392
1394
1395
1397
1404
1405
1410
1412
1415
1417
1418
1421
1428
1430
1431
1433
1434
1435
1438
1442
1443
1444
1445
1447
1449
1455
2986
1456
5289
1457
1458
1463
1464
1469
1471
1473
1476
1478
1479
1481
1482
1487
1489
1497
1931
1498
1504
1505
7403
2438
1511
1512
1515
1516
1521
1522
1523
1524
1527
4962
1557
1528
1532
1534
1535
1542
1547
1549
1551
1552
1553
1559
1565
1566
1568
1573
1574
1580
1583
1584
1586
1589
1590
1592
1594
1598
1599
1618
3534
1620
1626
1631
1640
1646
1654
1664
1666
1673
1685
1688
4795
5396
5798
1692
1693
1694
1695
1699
1701
1702
1703
1704
1705
3636
1706
1842
1709
1714
1739
1742
1744
1746
1747
1753
1757
1760
1761
1763
1766
6982
1767
1769
1771
1772
1773
1774
1775
1776
1777
1778
1779
1788
1791
1795
1796
1797
1800
1801
1802
1803
1806
1807
1808
1810
1813
1814
1815
1816
1819
2082
1823
1827
1838
1845
1847
1849
3267
1850
1851
1922
1856
1858
1859
2699
1862
1863
1864
1865
1866
1868
1869
1870
1871
2265
1872
1873
4868
1877
1878
1880
1882
1883
1884
1885
1887
1888
1889
1890
1892
1893
1894
1895
1908
1896
1897
1898
1901
1902
1903
1906
1907
1909
1910
1912
1913
1914
1915
1916
1917
1918
1919
1923
1924
1925
1928
1929
1930
1932
1933
1934
1935
4841
2323
2538
1938
1941
1943
1944
1949
1950
1954
2527
1956
1959
1963
1970
1973
1974
1979
1982
1986
1988
1994
1995
2001
2559
2002
2006
2008
2009
2011
2019
2020
3704
2026
2028
2031
2041
2044
2049
2050
2051
2052
2053
2448
2055
2057
2058
2059
2060
2061
2069
2073
2074
6661
2075
2078
2079
2081
2155
2083
2085
2086
2087
2718
2090
2092
2093
2095
2102
2104
2105
2106
2108
2109
2110
2111
2112
2122
2311
2128
2137
2140
2142
2143
2145
2148
2151
2152
2153
2154
2156
2157
2161
2162
2163
2164
2165
2166
2167
2168
2169
2170
2171
2173
2174
2176
2965
2177
2178
2179
2180
2181
2182
2183
2184
2185
2187
2188
2189
2190
2191
2193
2195
2196
2197
2200
2202
2203
2204
2205
2206
2207
2209
2210
2211
2212
2216
2219
2221
2223
2225
6165
2227
2228
2229
2230
2231
2232
2234
2236
2237
2239
2240
2242
2244
2246
2247
2248
2252
2253
2254
2255
2257
2258
2259
2266
2267
2275
2276
2281
2282
2283
2290
2292
2293
2297
2298
2299
2303
2561
2304
2305
2308
2309
2310
2312
2313
2314
2315
2316
2317
2318
2319
2320
2321
2322
2325
2326
2327
2329
2332
2335
2336
2338
2340
2341
2342
2343
2344
2345
2350
2352
2353
2355
2357
2358
2361
2367
2369
2370
2371
2372
2373
2377
2380
2381
2382
2386
2388
2389
2390
2391
2392
2393
2395
2396
2397
2398
2399
2400
2402
2404
2405
2406
2408
2532
2409
2410
2411
2412
2413
2414
2416
2417
2419
2420
2421
2422
2424
2425
2428
2429
2430
2431
2432
2434
2435
2436
3781
3871
2437
2439
2440
2442
2443
2445
3184
2449
2450
2451
2453
2455
2457
2459
2460
2464
2465
2468
2469
2470
2471
2472
2473
2474
2475
2476
2477
2482
2483
2485
2486
2488
2489
2490
2491
2492
2493
2495
2496
2498
2499
2501
2502
2503
2504
2505
2508
2509
2511
2512
2513
2515
2517
2518
2519
2521
2522
2524
2529
2530
2531
2533
2535
2537
2539
2540
2541
2543
2545
2548
2550
2551
2552
2553
2560
2562
2563
2565
2566
2567
2568
2570
2572
2573
2574
2575
2576
2578
2579
2580
2581
2582
2584
2586
2588
2589
2590
2591
3189
2593
2594
2598
2603
2606
2608
2617
2619
2621
2626
2627
2628
2629
2634
2635
2636
2637
2641
2646
2649
2650
2651
2657
2658
2659
2660
2661
5287
2665
2669
2672
2674
2676
5681
2677
2679
2680
5667
2681
2683
2684
2685
2687
2688
2690
2691
2692
2693
2695
2697
2700
2701
2702
2703
2704
2706
2707
2708
2709
2713
2717
2719
2720
2722
2724
2725
2727
2729
2730
2731
2732
2734
2741
2742
2744
2745
2746
2748
2749
2754
2755
2756
2757
2758
2759
2762
2844
2763
2765
2766
3679
2767
2768
2769
2771
2772
2773
2774
2778
2780
2783
2784
2785
2787
2794
2788
2791
2792
2796
2799
2801
2802
2803
2804
2808
2809
2810
2816
2819
2821
3690
2822
2823
2827
2828
2829
2830
2832
2833
2836
2837
2838
2839
2840
2841
2845
2846
2847
2849
2851
2852
2853
2936
2854
2856
2857
2859
2860
2861
2863
2864
2869
2872
2873
2874
2875
2876
2878
2879
2882
2883
2886
2890
2899
2900
2904
2906
2908
2910
2912
2913
2914
2915
2917
2922
2926
2928
2929
2930
2935
2937
2940
2946
3706
5373
2949
2952
3359
2953
3971
5910
2954
2959
2961
6537
6513
2963
2964
2966
2970
2976
2978
2980
5722
6094
2983
2987
2991
2992
2993
2994
2998
3001
3003
3006
3009
3010
3013
3017
3018
3022
3023
3024
3025
3027
3028
3029
3032
3034
3035
3036
3038
3040
3041
3042
3044
3045
3046
3047
3049
3051
3053
3055
3058
3066
3068
3069
3070
3071
3074
3075
3078
3079
3081
3083
3084
3085
3087
3088
3089
3090
3091
3092
3093
3095
3097
3098
3099
3100
3101
3102
3104
3107
3108
3110
3111
3115
3116
3117
3119
3121
3123
3124
3125
3127
3128
3129
3132
3135
3141
3145
3147
3148
3151
3153
3156
3158
3163
3164
3166
3167
3168
3169
3171
3172
3178
3179
3440
3181
3186
3187
3188
3191
3192
3195
3196
3199
3201
3205
3209
3210
3211
3214
3216
3217
3220
3225
3227
3229
3230
3231
3239
3244
3246
3250
3252
3253
3255
3256
3258
3259
3261
3262
3263
3265
3268
3269
3271
3272
3273
3274
3279
3280
3281
3283
3290
3297
3301
3302
3303
3304
3305
3315
3319
3321
3322
3324
3325
3326
3332
3333
7675
3337
3339
6512
3342
3345
3346
3350
3351
3352
3354
3355
3356
3358
3361
3363
3364
3365
3366
3367
3372
3373
3374
3376
3377
3379
3380
3381
3382
3384
3386
3388
3390
3395
3397
3400
7148
6925
3404
3405
3406
3407
3410
3413
3414
3416
3417
3418
3421
3422
3423
3425
3426
3431
3432
3433
3435
3438
3443
3445
3446
3447
3448
3451
3459
3461
3462
3463
3464
3465
3467
3469
3470
3471
3474
3475
3481
3483
3488
3491
3494
3498
3499
3500
3501
3505
3507
3508
3510
3511
3512
3515
3518
3519
3520
3522
3525
3527
3530
3531
3532
3533
3535
3536
3538
3539
3541
3544
3548
3552
3554
3557
3560
3561
3563
3569
3571
3578
3581
3589
3590
3591
3593
3602
3603
3605
3606
3607
3608
3609
3611
3613
3614
3615
3616
3617
3619
3621
3623
3625
3631
3635
3639
3646
3647
5064
3648
3651
3652
3653
3654
3655
3656
3658
3659
3660
3661
3663
3666
3669
3670
3672
3674
3680
3678
3681
3686
3687
3688
3689
5515
3691
3692
3693
3695
3696
3697
3698
3699
3700
3702
3703
4584
3708
3710
3711
3712
3713
3714
3716
3719
3720
3722
3724
3725
3727
3728
3729
3731
3732
3733
3734
3737
3738
3740
3741
3743
3744
3745
3746
4238
3749
3750
3751
3754
3756
3757
3758
3762
3763
3764
3765
3766
3767
3768
3769
3771
3772
3773
3774
3775
3776
3777
3778
3780
3782
3784
3787
3790
3791
3792
3793
3796
3799
3802
3804
3805
3807
3808
3813
3814
3817
3821
3822
3823
3824
3825
3826
3831
3836
3837
3838
3840
3842
3843
3845
3848
3849
3850
3853
3854
3856
3857
3858
3859
3860
3862
3864
3873
3875
3876
3878
3879
4064
3880
3882
3883
3886
3887
3888
3892
3894
3897
3898
3899
3901
3902
3903
3904
3905
3906
3908
3911
3912
3913
3914
3915
3916
3918
3920
3921
3924
3925
3926
3928
3929
3930
3932
3933
3934
3936
3938
3941
3946
3947
3948
3949
3954
3956
3957
3959
3961
3962
3965
3966
3970
3972
3973
3974
3975
3976
3981
3982
3985
3986
3989
3990
3992
3996
3997
3998
3999
4001
4004
4005
4007
4009
4010
4011
4012
4014
4016
4018
4019
4025
4026
4031
4033
4035
4040
4041
4043
4044
4049
4050
4051
4054
4056
4057
4059
4060
4063
4066
4068
4070
4072
4073
4075
4076
4077
4078
4079
4080
4081
4082
4083
4084
4085
4087
4089
5804
4408
4092
4094
4095
4097
4098
4100
4105
4110
4111
4112
4115
4116
4117
4118
4119
4121
4122
4124
4125
4126
4127
4129
4131
4132
4133
4136
4137
4138
4141
4142
4143
4144
4145
4146
4147
4148
4149
4150
4298
4151
4153
4154
4155
4156
4164
4165
4170
4175
4179
4182
4185
4188
4190
4191
4192
4194
4195
4196
4199
4200
4202
4203
4204
4206
4211
4212
4213
4215
4216
4217
4218
4220
4223
4224
4226
4229
4230
4231
4232
4233
4236
4243
4244
4245
4246
4249
4251
4254
4257
4262
4264
4266
4268
4271
4275
5643
4283
4284
4285
4286
4290
4297
4300
4301
4302
4304
4305
4308
4309
4310
4311
4312
4313
4316
4317
4320
4321
4322
4323
4324
4325
4326
4327
4329
4331
4332
4333
4334
4339
4346
4349
4350
4351
4352
4353
4355
4356
4357
4361
4363
4365
4366
4367
4368
4369
4370
4372
4374
4375
4376
4377
4378
4379
4381
4383
4384
4385
4386
4388
4389
4392
4394
4396
4399
4400
4403
4406
4409
4413
4417
4418
4420
4423
4429
4430
4435
4440
4441
4443
4444
4449
6798
4453
4455
4457
4458
4459
4462
4463
4465
4466
4467
4468
4473
4476
4478
4480
4481
4482
4483
4487
4492
4494
4499
4500
4501
4507
4509
4510
4511
4512
4518
4519
4528
4536
4542
4544
4547
4548
4561
4564
4568
4569
4575
4577
4579
4580
4582
4585
4587
4588
4589
4594
4595
4596
4597
4600
4601
4602
4603
4604
4605
4606
4610
4619
4622
4624
4625
4626
4627
4628
4630
4635
4636
4637
4638
4641
4644
4646
4647
4648
4650
4651
4654
4655
4656
4657
4662
4663
4664
4665
4667
4669
4670
4671
4672
4673
4674
4675
4677
4678
4679
4681
4683
4684
4685
4686
4688
4689
4690
4695
4696
4698
4700
4702
4703
4706
4707
4709
4710
4712
4714
4715
4716
4717
4720
4726
4727
4728
4733
4734
4735
4737
4738
4739
4740
4742
4744
4745
4747
4749
4751
4752
4753
4756
4757
4760
4762
4765
4766
4771
4772
4773
4775
4776
4777
4778
4779
4782
4783
4788
4793
5053
4797
4803
4805
4806
4811
4812
4813
4814
4816
4823
4824
4825
4826
4829
4830
4831
4832
4833
4835
4837
4838
4839
4840
4842
4844
4845
4847
4852
4857
4858
4859
4860
4861
4865
4867
4872
4873
4874
4876
4882
4888
4894
4897
4899
4903
4906
4907
4910
4914
4917
4920
4925
4931
4932
4934
4938
4939
4944
4945
4946
4948
4950
4952
4954
4957
4959
4960
4961
4964
4965
4967
4969
4971
4972
4973
4974
4976
4977
4979
4980
4982
4989
4993
4994
4995
5005
5010
5013
5014
5015
5016
5017
5019
5020
5023
5028
5029
5032
5038
5540
5039
5043
5044
5045
5046
5047
5048
5052
5055
5056
5057
5060
5062
5065
5066
5067
5068
5069
5072
5074
5075
5077
5078
5100
5079
5083
5084
5085
5087
5089
5092
5094
5095
5098
5099
5122
5123
5124
5126
5128
5129
5131
5133
5134
5140
5141
5143
5144
5145
5150
5152
5156
5158
5161
5164
5166
5168
5169
5172
5173
5175
5176
5177
5179
5180
5184
5185
5186
5187
5190
5192
5194
5195
5196
5197
5198
5199
5200
5201
5202
5205
5206
5208
5221
5223
5224
5225
5226
5227
5228
5229
5230
5231
5232
5233
5234
5237
5239
5240
5241
5242
5243
5244
5246
5249
5250
5252
5254
5257
5258
5260
5262
5263
5264
5265
5266
5267
5270
5271
5272
5273
5274
5277
5278
5280
5283
5284
5285
5288
5294
5297
5298
5300
5302
5303
5309
5310
5311
5312
5315
5318
5321
5326
5331
5333
5335
5336
5337
5338
5339
5340
5343
5344
5345
5346
5347
5349
5351
5352
5353
5354
5356
5357
5359
5360
5361
5362
5363
5364
5367
5369
5374
5376
5378
5380
5381
5382
5383
5385
5388
5389
5390
5391
5394
5397
5403
5404
5407
5411
5414
5419
5422
5424
5425
5428
5430
5432
5433
5434
5437
5438
5440
5443
5444
5445
5447
5448
5449
5450
5451
5452
5453
5454
5455
5456
5457
5459
5460
5465
5466
5467
5468
5471
5473
5474
5475
5476
5477
5478
5482
5483
5485
5489
5490
5492
5680
5493
5495
5496
5497
5498
5500
5501
5503
5507
5508
5509
5510
5511
5513
5516
5517
5518
5520
5524
5526
5527
5528
5530
5532
5533
5534
5535
5536
5537
5539
5541
5545
5546
5548
5550
5552
5557
5558
5560
5561
5563
5564
5565
5570
5572
5574
5575
5578
5581
5585
5586
5589
5591
5598
5599
5600
5602
5603
5605
5610
5612
5614
5617
5618
5619
5620
5623
5624
5629
5630
5631
5633
5634
5636
5640
5642
5645
5646
5649
5652
5657
5658
5659
5660
5661
5662
5668
5669
5670
5674
5677
5678
5679
5682
5683
5684
5685
5687
5688
5691
5692
5696
5700
5701
5702
5704
5705
5706
5708
5713
5714
5715
5717
5719
5720
5721
5723
5724
5726
5727
5729
5731
5732
5733
5738
5739
5740
5742
5743
5746
5747
5753
5754
5755
5757
5758
5760
5761
5762
5763
5765
5769
5771
5775
5779
5784
5785
5786
5787
5789
5790
5792
5793
5794
5795
5796
7591
5800
5801
5802
5805
5806
5807
5808
5809
5812
5813
5814
5816
5975
5819
5821
5823
5824
5825
5826
5831
5833
5834
5835
5836
5837
5842
5843
5845
5846
5847
5848
5849
5850
5853
5855
5856
5857
5859
5860
5862
5865
5866
5868
5869
5870
5871
5872
5873
5874
5875
5876
5877
5879
5881
5882
5883
5884
5885
5886
5888
5889
5890
5896
5899
5901
5904
5912
5914
5916
5919
5923
5926
5927
5929
5931
5934
5938
5940
5941
5942
5943
5945
5946
5948
5951
5952
5953
5954
5955
5956
5957
5959
5960
5961
5962
5963
5965
5967
5968
5969
5970
5974
5976
5977
5978
5980
5982
5984
5986
5987
5988
5990
5991
5992
5993
5994
5995
5996
5998
5999
6000
6001
6002
6004
6005
6008
6011
6012
6013
6014
6016
6017
6018
6019
6020
6021
6022
6024
6025
6026
6027
6028
6030
6031
6033
6062
6034
6035
6036
6038
6039
6044
6045
6048
6051
6054
6055
6058
6061
6064
6066
6069
6070
6072
6073
6074
6078
6082
6083
6084
6087
6090
6093
6097
6098
6099
6100
6101
6103
6104
6105
6106
6107
6108
6109
6113
6114
6116
6118
6120
6121
6125
6127
6128
6129
6131
6132
6133
6134
6135
6136
6139
6142
6143
6145
6148
6153
6155
6156
6157
6158
6161
6162
6164
6169
6171
6172
6176
6178
6179
6181
6182
6183
6185
6186
6189
6190
6192
6193
6194
6195
6196
6197
6200
6201
6202
6206
6208
6209
6210
6211
6214
6215
6216
6217
6218
6221
6222
6224
6226
6227
6228
6229
6230
6231
6234
6235
6238
6239
6240
6241
6243
6244
6245
6247
6249
6258
6275
6299
6301
6302
6303
6304
6317
6325
7236
6327
6330
6341
6342
6344
6346
6347
6348
6349
6350
6352
6356
6358
6361
6364
6365
6366
6367
6368
6369
6370
6372
6373
6374
6375
6376
6379
6380
6382
6384
6385
6387
6390
6392
6393
6394
6395
6397
6398
6399
6426
6400
6401
6405
6972
6407
6415
6417
6419
6422
6424
6425
6427
6429
6430
6431
6432
6433
6434
6437
6439
6440
6442
6443
6444
6445
6446
6447
6449
6451
6452
6453
6454
6455
6456
6461
6463
6466
6467
6468
6471
6472
6474
6476
6478
6479
6480
6482
6483
6484
6485
6486
6487
6488
6489
6490
6491
6493
6495
6496
6497
6498
6499
6500
6501
6503
6505
6507
6508
6509
6510
6511
6514
6515
6516
6518
6519
6520
6521
6522
6523
6526
6528
6532
6533
6536
6538
6540
6541
6542
6544
6545
6552
6554
6558
6562
6563
6569
6570
6571
6576
6579
6580
6582
6584
6585
6586
6588
6591
6595
6596
6602
6604
6605
6609
6610
6612
6614
6615
6617
6620
6621
6622
6624
6625
6626
6627
6628
6629
6630
6631
6632
6633
6635
6637
6639
6643
6645
6647
6648
6649
6650
6651
6652
6654
6655
6657
6658
6659
6663
6667
6670
6671
6673
6675
6676
6678
6679
6681
6683
6688
6689
6699
6700
6706
6708
6718
6722
6729
6734
6736
6737
6738
6739
6740
6742
6743
6746
6748
6751
6752
6753
6754
6755
6757
6760
6762
6763
6766
6767
6768
6769
6772
6773
6774
6775
6778
6779
6781
6788
6791
6792
6794
6795
6796
6799
6800
6801
6802
6805
6806
6807
6810
6811
6812
6816
6817
6819
6820
6821
6824
6826
6828
6830
6831
6835
6839
6841
6844
6846
6848
6850
6851
6852
6854
6856
6858
6859
6860
6861
6863
6864
6867
6869
6870
6873
6879
6881
6884
6885
6886
6887
6890
6891
6892
6893
6894
6895
6896
6899
6901
6902
6905
6907
6909
6910
6913
6914
6917
6920
6921
6922
6929
6931
6932
6935
6937
6939
6941
6943
6947
6948
6950
6951
6953
6954
6956
6958
6959
6960
6963
6964
6966
6967
6969
6971
6976
6977
6978
6979
6983
6985
6987
6988
6990
6991
6992
6993
6994
6995
6997
6999
7000
7003
7004
7005
7006
7007
7008
7009
7010
7011
7012
7013
7014
7016
7018
7019
7020
7021
7022
7023
7024
7027
7029
7030
7032
7033
7034
7035
7036
7039
7041
7043
7044
7047
7048
7050
7051
7053
7054
7055
7056
7057
7059
7060
7061
7062
7063
7064
7066
7067
7068
7069
7070
7071
7072
7073
7074
7075
7076
7077
7078
7079
7080
7081
7082
7084
7085
7086
7087
7088
7090
7091
7092
7093
7096
7097
7098
7099
7100
7101
7102
7103
7105
7106
7107
7108
7109
7112
7113
7116
7117
7119
7120
7121
7122
7128
7131
7132
7133
7134
7135
7137
7138
7141
7142
7144
7146
7149
7151
7152
7154
7157
7159
7160
7162
7163
7164
7167
7169
7170
7171
7172
7173
7176
7177
7181
7196
7199
7202
7206
7207
7208
7210
7213
7217
7221
7222
7224
7225
7227
7232
7238
7240
7242
7243
7245
7246
7257
7258
7266
7267
7269
7272
7273
7276
7280
7282
7285
7286
7288
7289
7292
7303
7308
7309
7315
7316
7317
7318
7319
7324
7325
7327
7328
7331
7339
7340
7341
7347
7348
7350
7351
7363
7368
7371
7372
7382
7383
7386
7543
7388
7390
7397
7398
7399
7400
7402
7409
7417
7420
7422
7425
7429
7432
7433
7434
7438
7440
7441
7443
7444
7450
7451
7454
7456
7457
7458
7459
7463
7466
7468
7469
7471
7473
7476
7477
7484
7485
7495
7501
7502
7504
7508
7510
7513
7515
7518
7522
7524
7525
7526
7528
7530
7532
7533
7535
7538
7539
7549
7551
7553
7554
7556
7557
7558
7653
7560
7561
7562
7564
7565
7567
7569
7573
7574
7578
7581
7586
7589
7596
7598
7600
7603
7605
7606
7607
7608
7623
7627
7629
7636
7637
7638
7641
7643
7644
7650
7651
7652
7655
7667
7668
7669
7670
7673
7677
7683
7684
7685
7686
7688
7689
7690
7692
7693
7694
7695
7697
7698
7702
7710
7711
7712
7715
