0
1
3
49
114
4
1200
18
3302
5
11
6
7
8
10
15
5606
23
25
2512
171
8724
32
26
27
5120
273
9051
8508
12479
28
29
44
103
8028
2190
8349
33
36
637
39
40
41
42
11628
14776
12390
46
47
48
1081
151
1446
51
52
165
55
1902
60
61
62
153
63
1657
11853
102
105
2889
1787
106
107
112
393
113
115
5569
771
116
1556
1431
3247
1875
887
117
118
119
120
124
125
2191
128
13096
129
130
131
133
134
141
135
140
142
143
144
145
5667
146
147
7018
150
10592
152
155
156
159
160
3978
189
12464
161
162
507
163
164
276
168
10589
3182
169
170
233
323
172
173
174
175
178
179
180
182
183
184
185
186
187
188
6000
1683
190
191
192
9898
193
194
195
710
197
199
201
440
8184
203
204
206
208
209
210
212
214
216
219
220
6142
221
6384
222
223
224
226
227
415
229
230
232
5583
234
235
236
237
5043
238
239
240
241
246
249
250
253
256
8008
260
1006
264
265
270
267
268
2093
5430
12728
1100
12302
1007
271
272
457
274
6887
299
3343
8975
277
278
8868
279
3293
5854
8269
8701
280
921
281
340
1557
282
283
284
285
287
288
289
291
922
293
294
1335
295
297
298
300
301
10251
302
303
306
309
310
1530
311
312
313
315
316
318
319
320
321
322
4074
324
327
328
330
331
333
336
338
339
341
2137
10770
5734
342
344
346
348
350
351
352
354
357
359
14063
11979
13927
361
1378
364
366
369
370
371
372
375
376
377
380
381
383
386
387
390
394
395
396
397
398
399
400
401
403
406
408
409
11036
2909
410
8520
8144
411
412
413
414
416
417
420
421
422
423
1861
456
424
425
4069
2825
1818
1566
426
427
428
429
430
432
433
434
435
436
438
439
8973
441
442
443
444
445
446
447
448
449
450
451
452
454
455
458
460
464
465
466
467
468
469
476
477
478
483
484
486
487
488
492
494
495
498
500
501
502
506
508
510
511
512
513
518
519
520
521
524
525
528
1109
529
530
531
532
533
535
536
537
538
539
2127
541
543
545
546
4929
549
553
554
556
557
558
559
560
564
565
567
568
570
574
576
579
582
583
584
585
586
587
588
592
593
596
597
1384
598
599
600
601
605
607
608
609
610
10958
8332
2861
990
5431
613
3947
614
615
616
618
619
621
622
624
625
626
627
628
629
630
631
632
633
634
635
636
641
642
643
9966
644
647
648
650
651
653
655
11989
656
657
658
661
665
666
668
669
673
674
675
678
679
680
682
683
684
689
691
693
694
696
697
698
699
701
703
704
705
706
709
713
714
715
716
717
718
719
720
724
725
726
728
732
734
4610
735
737
738
739
1065
740
741
742
743
744
745
746
747
749
752
753
754
755
756
759
762
763
764
766
768
770
775
776
777
778
780
783
786
787
788
789
791
1858
792
793
796
798
799
802
804
808
810
811
814
8922
815
817
818
821
822
823
824
825
826
827
829
830
832
833
837
838
839
840
841
842
843
844
848
849
851
852
857
858
859
860
868
871
872
875
876
877
1636
879
880
881
882
884
886
8080
1350
14220
1584
6941
888
889
892
893
894
895
897
899
903
905
908
909
910
911
912
915
916
919
920
7596
923
924
925
926
927
930
931
932
933
934
935
11418
936
937
938
939
1226
940
942
943
945
946
947
948
949
950
951
952
953
955
956
957
958
959
961
962
963
964
966
967
971
973
974
975
976
977
978
9054
979
980
981
982
984
6471
9009
986
987
7095
9631
989
992
994
995
996
997
998
1002
1003
1005
12821
1009
1010
1011
1014
1015
1016
1017
1018
1021
1022
1023
3953
1024
1025
6985
1026
1027
1028
1029
1030
1031
1033
1034
1035
1036
1037
1039
1040
1041
1042
1043
1664
1044
1045
1046
1047
1048
1052
1053
1059
1060
1062
1063
1064
1066
1067
1068
1069
1070
1071
1072
1703
1076
1079
1080
14587
1082
1084
1085
1086
1088
1089
1090
1091
1092
1093
1094
1096
1097
1098
1099
3497
6605
1104
1106
11948
8837
1110
1111
1112
1114
1115
1116
1118
1119
1120
1123
1126
1127
1129
1130
1131
8393
1134
1135
12751
1137
1139
1141
1142
1148
1150
1152
1153
1154
1155
3151
2263
1156
1158
1159
1163
1165
1166
1167
1169
1170
1171
1173
1174
1176
1177
1179
1182
1185
1189
1190
1191
1192
1194
1196
1197
1199
1203
1204
1205
1206
1207
1208
2078
7423
1209
1210
1211
1212
1213
1214
1216
1217
1218
1219
1220
2094
1221
1222
1229
1230
1231
1232
1233
1234
1235
1236
1237
1238
1239
1240
1241
1242
1243
1244
1245
1246
1247
1248
1249
7959
1252
1253
1254
1255
1256
1257
1258
1260
1261
1264
1267
1268
1269
1274
1275
1276
1277
1278
1279
1280
1281
1284
1285
1286
1287
1288
1294
1299
1301
1302
1303
1304
1308
1309
1313
1314
1315
1316
1317
1318
4405
1319
1320
1321
1322
1323
1324
1325
1326
1327
1328
1329
1330
1331
1332
1333
9214
1337
1338
1341
1342
1343
1345
1346
1348
1349
1356
1357
1358
1946
1359
1360
1361
1362
1363
1364
1366
1367
1368
1370
1373
1374
1375
1376
1377
1379
1382
1383
1386
1388
1389
1395
1397
1398
1399
1400
1401
1403
1404
1406
1407
1409
1410
1411
1413
1414
1416
1417
1418
1421
1422
1423
1427
1428
1429
1430
1432
1433
1437
1439
1440
1441
1442
1443
1445
11073
1447
1448
1449
1453
1454
1455
1993
1458
1460
1461
1462
1463
1464
1465
1466
9313
1467
1468
1469
1470
1471
1472
1473
1476
1477
1479
1480
1481
1482
1483
1484
6664
11041
1488
1489
1490
1494
1497
1502
1503
1507
1512
1517
1518
1519
1521
1522
1523
1524
1525
1526
1528
1529
1531
10499
1532
1533
1534
1535
1537
1538
1539
1541
1544
1547
1550
1551
1552
1553
1554
1555
1559
1560
1564
1565
1567
1568
1569
3536
7876
1573
1574
1575
1577
1578
1579
1580
12465
16364
1581
1582
1583
1585
1586
1587
1588
1589
1590
1591
1592
1593
1597
1598
1599
1600
1601
1602
1603
1604
1605
1606
1609
1610
1611
1781
1618
1619
1622
1623
1624
1625
1626
1627
1628
1629
1630
1632
1634
1635
1637
1640
1645
1646
1647
1648
1649
1650
1651
1654
1656
10411
10354
4333
1658
1659
1660
1661
1662
11803
1663
9818
10469
1665
1666
1668
1669
1671
1672
1673
1674
1675
1677
1678
1680
1684
1685
1687
1688
1689
1690
1693
1700
1706
1708
1710
1711
1712
1715
1717
1718
1719
1720
1722
7859
1724
1725
1726
1727
1731
1733
1736
1737
1738
1739
1741
1742
1743
1746
1748
1750
1752
1753
1754
1755
1756
1757
1759
1760
1761
1762
1767
1769
1771
1772
1773
1774
1776
1777
1780
8664
1782
1784
1785
1786
1788
1789
1793
1795
10328
1797
1813
2575
1800
1802
1803
1806
1809
1811
1812
1816
1817
1819
1824
1826
1829
1830
1831
1835
1837
1838
1839
1844
1845
1846
1847
1850
1851
1853
1854
1855
1856
1857
1859
1860
1864
1865
1866
1867
1868
1870
1873
1874
1876
1878
1879
1882
1884
1886
1888
1889
1891
1892
4024
1894
1895
1896
1897
1898
1901
1903
1904
1908
8325
1911
1913
1917
1920
1921
1923
1925
1926
2780
13398
14591
1927
1928
1929
1930
1931
1932
1933
1934
2477
1935
1936
1938
1939
1940
1972
1941
12889
1945
8897
10424
9148
5394
4243
1951
1952
1955
1958
1959
1960
1962
1963
1964
1965
1967
2958
3529
1975
1976
1977
1978
1980
5521
1982
1986
1988
1991
1992
1994
1996
1997
2000
2001
2003
2007
2008
2011
2012
2015
2016
2017
2018
2019
2020
2024
2026
2029
2030
2034
2042
2050
2051
2052
2055
2056
2057
2058
2059
2060
2061
2062
2063
2064
2066
2068
2069
13238
2070
14801
2073
2074
2077
4897
2080
2081
2082
2083
2085
2086
2089
2090
2091
2092
2095
2097
2098
2099
2100
2102
2104
2108
2109
2115
2175
2116
2118
2119
2121
4763
2123
2124
2125
2126
4764
13437
2129
2130
2133
3654
2139
2142
2145
2149
10752
8631
2151
2156
2157
2158
2159
2160
2162
2164
2166
2171
2172
2174
2408
2179
2180
2181
2182
2184
2185
2186
2189
4464
3593
2193
2194
2195
2197
2199
2200
2206
2207
2210
2214
2215
2217
2218
2219
2221
2228
2229
2230
2231
3772
2232
2234
2235
2237
2240
2243
2244
9227
2246
2248
2249
2250
2251
2252
2253
2255
2256
2258
10927
2259
2260
2261
2262
12282
10503
8014
2264
2265
2266
2269
15330
2270
2271
2272
8924
2273
2283
2284
2290
2291
2292
2293
2299
2301
2307
2309
2311
2315
2317
2318
2323
2326
2327
2330
7186
2334
2337
2338
2340
2341
2342
2344
2345
2346
2349
2350
2352
2354
2355
2356
2358
2361
2362
2364
13941
2365
2367
2368
2370
2373
2375
2379
2381
2382
2385
2386
2387
2388
2390
2391
2394
2397
2399
8726
2400
2401
2405
2406
2409
2410
2411
2414
8000
2416
2417
2421
2423
2426
2430
2431
2433
2439
2442
2443
2445
2448
2450
2451
2452
2453
2456
2457
2458
2460
2462
2464
2469
2473
6434
2474
2475
2476
8311
2478
8010
2480
2482
2483
2484
2487
2488
2490
2894
2493
2494
2495
2497
2498
2499
2500
2501
2502
2503
2505
2506
2508
2509
2510
2511
5732
2516
2517
2518
2519
2520
2521
2525
2526
2527
2530
2541
2542
2544
2546
2547
2548
2549
2552
2553
15561
2554
3126
2555
2556
2557
2561
2564
2565
2567
2571
2573
2574
11332
2577
2578
2580
2581
2582
2584
2585
2586
2587
2590
2591
2594
2596
2597
2598
6538
2599
2600
2605
2607
2613
2618
2621
2623
2625
13218
4492
5634
11444
2627
2629
2630
2632
2633
2638
2640
2643
2644
2648
2649
2650
2651
2655
2658
2661
2662
2663
2666
2668
2670
10697
2671
2672
2680
2682
2683
2685
2686
2687
2688
2689
2694
2697
2705
2706
2712
2713
2715
2716
2718
2719
2720
2721
2722
2725
2726
2728
2730
2736
2737
2738
2740
2744
2758
2759
7320
5983
2760
2766
2768
2771
4937
2772
2773
2775
14577
2784
2786
2787
2790
2791
2792
2794
2796
2797
2799
2800
2808
2809
3528
3637
2815
2816
2821
2824
2826
2829
2841
2844
2845
2854
2858
2860
4343
2869
2871
2872
2873
2877
2878
2880
5717
2885
2887
2888
2899
2901
2902
2905
2906
2907
2912
2917
2921
2924
2931
2936
2937
2941
2943
2945
2948
2950
2952
2953
2956
2957
2959
2963
2964
2966
2968
2970
2971
2972
2974
2976
2977
2981
2983
2985
2987
2991
2992
2997
2999
3000
3009
3014
3017
3018
3019
3027
3028
3029
3031
11218
3033
3037
3038
3039
3041
3043
3050
3053
7639
3054
3056
3057
3058
3059
3068
3070
3071
3072
3073
3075
3079
3081
3083
3084
3086
3088
3091
3092
12660
3093
3096
3099
3100
3101
3102
3103
3105
3106
3107
3109
3112
3113
3115
3117
3118
3124
3127
3130
3135
3137
3139
3141
3142
3144
3145
3147
3150
3154
4335
3155
3157
3161
3164
3167
3168
3173
3177
3178
3181
6606
3184
3185
3190
3192
3194
3199
3200
3205
14323
3208
12724
3210
3211
3213
5961
3214
3217
3219
3223
3224
3227
3235
3236
3240
3241
3242
3245
3246
3249
3258
3259
3260
3263
3264
3267
3268
3269
3270
3273
3274
3275
3276
3277
3278
3283
3284
3294
3295
3297
3301
3305
3312
3315
3318
3323
9911
3328
3329
3334
3335
3345
3346
3389
3392
3394
3398
3399
3403
3413
3415
3433
3436
3438
3440
3442
3444
3445
3446
3448
3450
3453
3457
3467
3468
3475
3477
3480
3483
3484
3485
4135
3488
3493
3495
3499
3500
3501
3513
3522
3525
5650
3530
3535
3537
3542
3543
3546
3556
3559
3563
11391
3571
3572
3574
3578
3580
3583
3586
3589
3591
4435
3601
3605
3608
3617
3618
3619
3620
3622
3623
3624
3625
3626
3627
3629
3630
3631
3632
3633
3635
3636
3638
3640
3642
3643
3644
3647
3649
3650
3651
3652
3653
3655
3659
3660
3661
3662
3663
3666
15603
3667
3669
3670
3672
3674
3675
3680
3681
3683
3684
3685
3686
3691
3694
4434
3695
3702
3704
3705
3708
3714
3718
3719
3720
3729
3730
3732
3733
3734
3735
3736
3737
3739
3741
3742
3744
3747
3749
3752
3760
3764
3765
3766
3767
3768
3770
3773
3774
3778
3779
3781
3782
3784
3787
3788
3795
3796
3804
3806
3809
3810
3813
3814
3815
3820
3822
3826
3830
3831
3832
3833
3836
3837
3838
3840
3842
3846
3847
3848
3850
3851
3852
3853
3854
3856
3857
3860
3862
3863
3864
3865
3866
3867
3868
3869
3870
3871
11034
3873
3874
3875
3876
3877
3878
3880
3881
3883
3884
3885
3888
12045
3890
3891
3892
3893
3894
3895
3898
3899
3900
3902
3903
3904
3905
3906
3907
3910
3914
3918
3921
3922
3923
3924
3926
3937
3940
3942
3946
3949
3950
3951
3952
3954
3955
3956
3960
3961
5083
3964
3965
3968
3970
3971
3972
3974
3975
5268
3981
3983
3984
3985
3986
3988
3989
3990
3991
3992
3994
6417
3996
3997
3999
4001
4883
4004
4005
4008
4012
4013
4014
4015
4016
8658
4017
10899
4760
4018
10568
4021
4022
4026
4029
4030
4032
4034
4035
4036
4038
4040
4041
4044
4050
4045
4047
5125
4048
4049
4051
4052
4057
4061
4063
4064
4067
4068
4070
4079
4081
4082
4084
4085
4087
4088
4089
4090
4093
4094
4096
4097
4099
4101
4102
4103
4104
4109
4110
4112
4113
4114
4115
4117
4118
4120
4122
4123
4126
4127
4128
4132
4133
4134
4136
4137
4140
4141
7165
4142
4143
4144
4146
4148
4149
4150
4151
4155
4156
4157
4166
4167
4168
4169
4170
4174
4177
4181
4183
4184
4190
4191
4195
4197
4198
4199
4203
4205
4206
4207
4209
4210
4211
4212
4215
4218
4219
4220
4221
4222
4223
4225
4231
4232
13783
4241
4242
4244
4246
4247
4248
4251
4253
4259
4260
4262
4267
4268
4272
4273
4274
4277
4286
4289
4290
4295
4299
4302
4304
4308
4313
4318
4320
4322
4324
4326
4329
4336
4342
4344
4345
4346
4347
4350
4351
4355
4356
4358
4359
4360
4363
4370
4376
4380
4382
4384
4385
4386
4389
4392
4395
4398
4401
4407
4408
4411
4413
4424
4426
4427
4430
4431
4436
4441
4444
4446
4447
4448
4449
4450
4453
4457
4458
4461
9785
4462
4463
4465
4466
4471
4472
4474
4475
4477
4479
4483
4491
4494
4495
4496
4504
4506
11915
4507
4511
4512
4516
4517
4518
4519
4521
4525
4526
4530
4535
4536
4537
4538
4539
4543
4544
4549
4550
4553
4554
4555
4556
4557
4559
4562
4564
4567
4576
4577
4582
4587
4588
4590
4596
4598
4599
4600
4602
4605
4606
4607
4609
4611
4614
4615
4617
4622
4624
4628
4630
4632
4634
4637
4643
4645
4653
4654
4655
4656
4659
4661
4663
4665
4667
4669
4672
4676
4680
4681
13983
4682
4683
4685
4688
4690
4695
4696
4697
4698
4699
4706
4707
4708
4709
4710
4712
13569
4713
4714
4715
4716
4719
4720
4721
4722
4725
4726
4727
4734
4736
4737
4743
4746
4751
4758
4762
4765
4768
4770
4772
4773
4775
4778
4784
4788
4789
4791
4793
4794
4800
4804
4805
5184
4809
4812
4814
4816
4818
4823
4828
4830
4834
4835
4839
4841
4844
4846
4847
4849
4851
4853
4857
4863
4866
5921
4867
4868
4874
4876
4880
4884
4890
4891
4892
4893
4894
4898
4901
4906
4915
4916
4917
4920
4926
4927
4928
9554
10505
4931
4932
4933
4935
4938
4941
4943
4945
4946
4947
4948
4949
4950
4951
4953
4954
4959
4960
4961
4965
4966
4967
4969
4972
4980
4981
4982
4983
4984
4989
4992
4995
4996
5000
5005
5009
5010
5014
5015
5016
5026
5033
5039
5042
5048
5050
5061
5071
6658
6041
5078
5081
5082
5084
5088
5089
5091
5092
5093
5095
12904
5097
5098
5099
5104
5105
5106
5107
5109
5111
5112
5113
5115
5116
5119
13709
8163
11909
5126
5127
5129
5130
5131
5132
5133
5134
5135
5137
5139
5140
5142
5143
5145
5146
5147
5148
5150
5151
5152
5153
5154
5158
5159
5160
5161
5162
5163
5164
5165
5167
5169
5170
5171
5172
5173
5174
5175
5176
5177
5178
5179
5183
5185
5186
5187
5188
5190
5191
9231
5193
5196
5199
5201
5202
5204
5206
5207
5208
7774
5209
5210
5213
5214
5216
5217
5218
5220
5221
5224
5225
5227
5228
5229
5230
5231
5233
5236
5237
5239
5240
5242
5246
5250
5251
5252
5253
5255
5256
5257
5262
5263
5264
5265
5266
5267
5269
5270
5271
5272
5274
5275
5276
5277
5278
5280
5282
5284
5286
5291
5293
5295
5298
5305
5309
5317
5321
5322
5324
5326
5327
5328
5331
5333
5335
5336
5337
5338
5339
5340
5341
5342
5343
5349
5350
5353
5354
5356
5361
5364
5370
5371
5375
5378
5379
5386
5387
5388
5390
5398
5399
5402
5403
5404
5406
5409
5410
5411
5413
5424
5427
5429
5432
5721
5435
5441
5445
5446
5447
5448
5453
5454
5459
5466
5467
9346
5470
5475
5478
5482
5488
5489
5491
5495
5498
5499
6505
5501
5504
5505
5508
5513
5516
5517
5518
5527
5533
5534
5538
5545
5554
5555
5559
5572
5578
5580
5582
5584
5587
5588
5590
5596
5597
5598
5600
5603
5605
5607
5608
5624
5625
5627
5628
5638
5639
5641
5643
5646
5647
5648
5649
5651
16068
5652
5654
5655
5657
5659
5662
5663
5664
5665
5666
5670
5673
5678
5683
5688
5694
5699
5702
5704
5708
5709
5716
5719
5723
5727
5728
5729
5730
5735
5738
5740
5741
5742
5745
5746
5747
5752
5756
5758
5761
5763
5764
5765
5768
5774
5781
5787
5789
5793
5800
5804
5806
5809
5815
5818
5821
5826
5827
5828
5834
5837
5842
5845
5850
5851
5853
8235
9143
6974
5856
5860
5866
5868
5869
5870
5871
5875
5876
5881
5883
5886
5889
5893
5894
5895
5897
5900
5902
5903
5906
5907
5908
5910
5911
5914
5916
5917
5918
5920
5922
5923
5925
5926
5931
5936
5938
5941
5942
5943
5947
5950
5956
5957
5959
5962
5964
15849
5965
5969
5970
5971
5972
5973
5974
5976
5977
5978
5979
5981
5984
5987
5991
5998
6003
6005
6006
6008
6009
6011
6015
6016
6018
6020
6021
6040
6051
6055
6056
6061
6065
6066
6069
6079
6090
6091
6098
6104
6108
6113
6118
6133
6135
6145
6147
6151
6154
6156
6165
6166
6167
6172
6175
6182
6183
6185
6186
6189
6191
6192
6195
6196
6198
6200
6210
6218
6225
6228
6229
6232
6233
6241
6242
6244
6251
6253
6254
6259
6262
6264
6270
6272
6273
9418
6280
6282
6285
6289
6290
9970
8713
6291
6298
6301
6306
6317
6327
6329
6330
6333
6336
6338
6355
6358
6362
6363
6369
6383
6387
6391
6392
6393
6396
6397
14288
6398
6400
6401
6402
6406
6410
6414
6415
6416
6423
6433
6436
6437
6440
6455
6456
6457
6458
6461
6464
6466
6467
6468
6469
6472
6473
6475
6476
6477
6478
6479
6481
6482
6483
6488
6489
6490
6491
6492
6495
6497
6498
6502
6503
6504
6513
6514
6516
6517
6518
6520
6522
6523
6525
6531
6532
6533
6535
6536
6537
6539
6549
6550
6558
6559
6562
6573
6575
6579
6584
6586
6599
6611
6623
6626
6628
6630
6640
6643
6646
7085
6648
6650
6656
6662
6670
6687
6690
6695
6698
6705
6706
6708
6709
6710
6711
6714
6720
6721
6726
6727
6730
6732
6733
6735
6737
6738
6739
6740
6742
6754
6756
6760
6764
6767
6770
6778
6781
6782
12955
6783
6793
6794
6797
6802
6803
6807
6808
6810
6823
6824
6825
6826
6832
6834
6835
6837
7862
6842
6843
6844
12989
6845
6849
6850
10680
6852
6856
6857
6858
6859
6860
6863
6864
6865
6866
6867
6869
6872
6873
6874
6875
6882
6886
6889
6892
11816
6896
6897
6898
6900
6902
6903
6905
6907
6910
6911
6912
6914
6916
6918
6919
6920
6921
6926
6927
6930
15088
6931
6932
6936
6942
6948
6950
6952
6953
6954
6957
6958
6959
6965
6966
6968
6975
6977
6978
6981
6983
6984
6986
6987
6988
6989
6994
6995
6998
7000
7001
7006
7009
7015
7017
7020
7021
7023
7026
7037
7038
7040
7042
7044
7046
7047
7048
7049
7053
7054
7055
7057
7059
7060
7063
7065
7067
7068
7069
7072
7075
7077
7079
7080
7082
7083
7086
7089
7092
7093
7094
7097
7101
7102
15373
7103
7105
7106
7107
7110
7111
7112
7113
7114
7115
7117
7118
7120
7121
7125
7126
7127
7131
7132
7136
7138
7140
7141
7143
7146
7148
7149
7151
7152
7153
7156
7157
7160
11823
7161
7164
7168
7173
7919
7175
7179
7183
7184
7185
7187
7190
7193
7196
7199
7203
7205
7206
7208
7211
7214
7215
7216
7218
7220
7221
7224
7231
7235
7236
7239
9568
7241
7242
7244
7249
7250
7251
7252
7253
7254
7255
7257
7261
7262
7263
7264
7265
7266
7268
7269
7270
7271
7273
7274
7275
7276
7279
7282
7285
7286
7293
7294
7295
7296
7299
7300
7304
7306
7318
7319
7321
7322
7324
9169
7326
7327
7328
7330
7332
7333
7335
7337
7339
7341
7345
7348
7350
7351
7352
7353
7354
7355
7357
7358
7359
7360
7362
7365
7368
7372
7373
7374
7377
7382
7383
7384
7387
7388
7389
7390
7391
7392
7393
7401
7402
7405
7407
7409
7412
7413
7414
7415
7416
11175
7417
7418
7419
7420
7422
7435
7436
7437
7439
7440
7442
7443
7444
7447
7449
7451
7502
7452
7453
7454
7455
7456
7457
7461
7463
7466
7468
7469
7471
7472
7474
7475
7478
7479
7480
7481
7482
7485
7489
7490
7493
7494
7496
7497
7499
7500
7501
7505
7507
7508
7510
7511
7512
7515
7516
7518
7520
7522
7524
7525
7528
7532
7534
7535
7539
7542
7543
7546
7547
7548
7551
7555
7557
7558
7559
7560
7561
7562
7566
7568
7571
7572
7575
7576
7578
7581
7582
7584
7585
7586
7590
7591
7592
12140
7593
7595
7597
7602
7604
7608
7611
7615
7618
7619
7624
7625
7631
7632
7634
7635
7637
7640
7641
7642
7644
7645
7647
7650
7653
7654
7657
7658
7659
7660
7664
7665
7668
7670
7671
7677
7679
7681
7682
7684
7688
7692
7693
7696
7698
7701
7703
7704
7705
7706
7709
7710
7712
7716
7718
7719
7720
7722
7725
7728
7730
7731
7732
7733
7734
7737
7738
7739
7741
7744
7745
7746
7751
7759
7764
7765
7766
7779
7780
8582
7781
7783
13170
7784
7785
7789
7790
7792
7795
7796
7797
7798
7799
7805
7806
7809
7810
7811
7813
7814
9010
7815
7816
7819
7820
7821
7822
7826
7828
7829
7831
7832
7833
7836
7837
7838
7843
7844
7846
7847
7848
7849
7850
7856
7858
7860
7861
7863
7865
7866
7867
7872
7877
7878
7881
7882
7884
7885
7886
7889
7892
7893
7894
7895
8813
7896
7898
7900
7901
7902
7909
7915
7920
7921
7924
7925
7927
7928
7929
7930
7937
7938
7940
7941
7943
7944
7945
7946
7948
7950
7952
7954
7958
7960
7961
7962
7963
7964
7965
7968
7969
7970
7971
7973
7974
7976
7977
7978
7979
7981
7982
7983
7984
7986
7987
7988
7989
7990
7991
7992
7994
7995
7996
7997
7999
8001
8003
8004
8006
8007
8009
8011
8012
8013
8015
8016
8017
8018
8019
8020
8021
8023
8024
8025
8026
8027
8776
8030
8032
8033
8034
8035
8036
8037
8038
8039
8040
8041
8042
8043
8045
8046
8047
8048
8050
8052
8055
8056
8057
8058
8059
8061
8063
8065
8073
8074
8076
8077
8078
8079
8081
8082
8083
8086
8087
8088
8089
8093
8094
8096
8097
8098
8100
8102
8103
8105
8106
8108
8599
8110
8112
8117
8118
8119
8120
8122
8124
8126
8127
8128
8129
8130
8131
8132
8133
8134
8135
8136
8137
8138
8139
8140
8141
8142
8145
8146
8147
8148
8151
8152
8153
8156
8158
8159
8160
8162
13151
8164
8165
8169
8170
8175
8178
8179
8180
8182
8183
8189
8190
8191
8192
8193
8194
8196
8197
8198
8202
8203
8204
8205
8485
8206
8210
8211
8212
8213
8214
8217
8218
8219
8220
8221
8223
8224
8225
8227
12576
8228
8229
8232
8237
8239
8240
8244
8246
8248
8255
8257
8258
8261
8262
8268
8271
8274
8275
8276
8278
8282
8283
8285
8289
8290
8294
8297
8298
8299
8301
8302
8303
8304
8309
8316
10484
8317
8318
8319
8321
8322
8323
8324
8327
8328
8329
8330
8331
8333
8334
8336
8339
8341
8343
8346
8347
8348
8352
8353
8355
8357
8360
8361
8362
8363
8364
8365
8369
8374
8377
8380
8381
8382
8383
8385
8386
8387
8389
8390
8391
8394
8395
8396
8397
8399
8401
8407
8411
8414
8416
8418
8420
8421
8422
8426
8427
8428
8430
8432
8437
8438
8439
8441
8442
8443
8444
8445
8446
8447
8448
8450
8451
8452
8454
8455
8456
8457
8459
8461
8463
8464
8465
8466
8467
8468
8469
8470
8471
8472
8473
8474
8475
8476
8478
8479
8480
8481
8483
8484
8486
8489
8490
8492
8494
8495
8496
8500
8501
8502
8503
8504
8505
8506
8507
8744
8509
8511
8513
8514
8515
8516
8519
8522
8524
8525
8526
8529
8532
8534
8536
8537
8539
8540
8542
8546
8547
8548
8550
8552
8553
8554
8556
8557
8558
8559
8560
8563
8564
8565
8569
8570
8571
8572
8573
8574
8576
8577
8579
8580
8581
8584
8585
8589
8590
8591
8596
8597
8598
8600
8602
8603
8604
8605
8606
8607
8608
8610
8611
8613
8616
8617
8618
8619
8620
8621
8622
8623
8624
8626
8628
8629
8633
12196
8634
8636
8638
8641
8643
8645
8648
8649
8650
8651
8652
8655
8656
8657
9083
8661
8663
8665
8666
8667
8668
8670
8671
8672
8676
8677
8678
8679
8680
8681
8683
8685
8686
8687
8691
8693
8694
8695
8697
8698
8699
8700
8704
8705
8711
8715
8717
8718
8719
8721
8722
8727
8732
8734
8736
8740
8742
8745
8747
8748
8749
8752
8753
8755
8756
8757
8758
8759
8761
8762
8763
8767
8769
8770
8771
8772
8777
8780
8782
8783
8788
8789
8790
8791
8793
8798
8803
8806
8808
8809
8810
8811
8814
8815
8817
8818
8819
8821
8823
8827
8828
8829
8833
8835
8836
8838
8839
8840
8841
8842
8843
8845
8846
8847
8848
8850
8851
8853
8854
8856
8858
8860
8861
8862
8864
8870
8871
8872
8873
8874
8875
8876
8877
8878
8879
8880
8882
8883
8884
8885
8886
8887
8888
8891
8893
8894
8896
8898
8899
8904
8907
8908
8910
8912
8913
8914
8915
8916
8917
8918
8919
8920
8921
8923
8925
8926
8929
8931
8934
8935
8936
8937
8938
8941
8943
8945
8946
8947
8949
8950
8951
8952
8954
8956
8962
8964
8965
8968
8969
8970
8971
8977
8978
8979
8980
8982
8983
8986
8987
8989
8990
8992
8994
8997
8998
8999
9001
9004
9005
9006
9007
9008
9011
9014
9021
9022
9025
9027
9029
9030
14074
9031
9034
9035
9037
9039
12274
9040
9042
9043
9046
9047
9049
9050
9052
9053
9056
9058
9060
9061
9062
9063
9065
9066
9069
9072
9073
9074
9075
9076
9077
9079
9080
9082
9084
9086
9088
9089
9091
9092
9093
9094
9096
9097
9098
9099
9100
12257
9101
9105
9106
9107
9110
9111
9112
9115
9118
9119
9120
9123
9126
9128
9130
9131
9132
9133
9134
9135
9137
9138
9142
9144
9146
9147
9149
9153
9154
9155
9157
9158
9159
9160
9161
9162
9163
9164
9165
9167
9168
9170
9171
9172
9175
9176
9177
9178
9180
9181
9184
9185
9186
9187
9188
9189
9191
9192
9193
15318
9194
9195
9196
9197
9198
9199
9201
9202
9204
9208
9209
9210
9211
9212
9213
9215
9216
9222
9223
9224
9225
9229
9232
9233
9235
9237
9238
9239
9241
9243
9244
9246
9249
9251
9252
9253
9254
11804
9255
9256
9257
9258
9263
9265
9269
9272
9273
9274
9275
9276
9277
9278
9279
9280
9281
9282
9283
9284
9285
9286
9287
9290
9291
9292
9293
9294
9297
9298
9299
9301
9303
9304
9305
9306
9307
9308
9309
9310
9312
10824
9315
9317
9318
9319
9324
9325
9326
9327
9329
9330
9331
9333
9334
9335
9336
9339
9340
9342
9343
9344
9345
9347
9348
9349
9350
9351
9352
9353
9354
9355
9356
9357
9358
9362
9363
9364
9370
9371
9372
9373
9376
9377
9378
9379
9380
9383
9384
9385
9386
9387
9388
9389
9392
9393
9394
9395
9396
9397
9398
9399
9401
9402
9405
9406
9407
9408
9409
9410
9411
9413
9414
9415
9416
9417
9419
9421
9423
9424
9426
9427
9431
9432
9433
9434
9436
9440
9442
9443
9444
9445
9446
9447
9448
9449
9451
9452
9453
9454
9456
9457
9458
9459
9460
9461
9465
9467
9469
9471
9472
9473
9474
9477
9479
9481
9484
9485
9486
9487
9488
9490
9491
9493
9496
9497
9499
9500
9501
9504
9505
9507
9508
9509
9511
9512
9513
9514
9517
9520
9521
9522
9523
9524
9525
9529
9531
9533
9534
9535
9536
9537
9538
9540
9542
9543
9546
9547
9548
9549
9550
9552
9556
9557
9559
9561
9563
9567
9569
9570
9573
9574
9575
9577
9579
9580
9581
9584
9585
9586
9587
9589
9591
9595
9596
9597
9599
9600
9602
9603
9606
9608
9612
9613
9614
9618
9619
9621
9622
9623
9624
9628
9630
9632
9633
9634
9635
9636
9637
9639
9640
9641
9642
9643
9644
9646
9647
9649
9650
9652
9653
9658
9669
9670
9680
9682
9685
9695
9704
9706
9709
9714
9719
9723
9727
9747
9761
9773
9774
9779
9795
9798
9799
9804
9813
9817
9824
9830
9833
9835
9836
9840
9842
9843
9844
9845
9846
9848
9849
9852
9853
9854
9857
9860
9861
9865
9871
9873
9874
9875
9876
9885
9886
9889
9894
9896
9899
9902
9903
9904
9905
9906
9908
9915
9917
9918
9920
9923
9927
9932
9933
9941
9954
9961
9965
9979
10006
10007
10026
10029
10031
10041
10046
10058
10064
10080
10082
10090
10104
10122
10124
10151
10157
10160
10163
15027
10164
10166
10170
10171
10172
10173
10176
10184
10194
10197
10201
10202
10203
10205
10207
10208
10210
10211
10212
10215
10216
10217
10219
10224
10225
10229
10230
10232
10235
10236
10238
10240
10241
10242
10244
10245
10250
10252
10253
14329
10254
10255
10257
10258
10260
10265
10266
10268
10271
10272
10275
10283
10285
10292
10296
10298
10299
10301
10304
10305
10309
10311
10312
10314
10315
10316
10319
10320
10322
10323
10325
10326
10330
10333
10335
10336
10338
10339
10340
10341
10342
10344
10345
10346
10347
10348
10349
10352
10353
10355
10357
10360
10361
10363
10364
10365
10369
10370
10374
10377
10385
10389
10390
10394
10395
10397
10398
10400
10403
10404
10405
10406
10407
10408
10409
10410
11716
10412
10414
10415
10416
10420
10422
10425
10426
10427
10430
10432
10435
10438
14162
10443
10445
10447
10449
10453
10455
10464
10466
10474
10476
10477
10482
10485
10487
10488
10489
10492
10493
10494
10495
10498
10500
10501
10502
10506
10508
10510
10511
10514
10515
10516
10518
10526
10528
10529
10533
10534
10535
10538
10540
10541
10542
10544
10545
10546
10547
10550
10553
10554
10556
10557
10558
10560
10561
10564
10567
10569
10570
10572
10574
10575
10577
10580
10581
10582
10583
10584
10586
10587
10588
10591
10593
10594
10595
10598
10599
10600
10602
10603
10604
10607
10608
10609
10611
10612
10613
10614
10615
10617
10618
10620
10621
10622
10623
10624
10625
10626
10629
10630
10631
10632
10633
10634
10635
10636
10637
10638
10640
10641
10642
10647
10652
10654
10656
10661
10662
10663
10667
10669
10672
10673
10676
10678
10681
10682
10684
10685
10689
10691
10693
10695
10696
10698
10701
10702
10704
10705
10710
10712
10713
10714
10715
10720
10721
10724
10725
10726
10728
10732
10733
10734
10736
10737
10740
10742
10746
10749
10750
12969
10754
10755
10757
16081
10759
10763
10764
10765
10767
10769
10771
10774
10776
10777
10779
10787
10788
10789
10792
10795
10796
10800
10803
10804
10806
10808
10810
10812
10814
10817
10818
10821
10822
10823
10825
10828
10831
10833
10834
10837
10838
10841
10843
10847
10848
10858
10860
10861
10863
10865
10866
10868
10871
10872
10875
10877
10878
10879
10882
10884
10885
10887
10891
10894
10895
10897
10900
11497
10902
10903
10908
10909
10916
10917
10923
10924
10926
11305
10928
10931
10933
10934
10935
10937
10938
10939
10952
10954
10970
10971
10972
10976
10980
10981
10983
10987
10996
11000
11002
11009
11012
11014
11020
11022
11023
11025
11028
11029
11031
11039
11040
11042
11043
11045
11049
11050
11051
11052
11054
11055
11057
11058
11060
11061
11063
11064
11065
11066
11067
11068
11069
11071
11072
11076
11077
11081
11082
11083
11085
11086
11087
11088
11089
11090
11094
11095
11096
11098
11099
11100
11101
11102
11105
11107
11109
11110
11113
11114
11115
11116
11117
11119
11121
11122
11123
11124
11126
11127
11128
11130
11131
11132
11133
11134
11138
11139
11141
11142
11145
11146
11148
11149
11152
11153
11154
11158
11162
11165
11166
11168
11172
11173
11174
11176
11178
11180
11185
11186
11188
11189
11192
11196
11197
11198
11199
11200
11208
11212
11213
11214
11216
11217
11219
11221
11224
11225
11226
11228
11231
11232
11234
11235
11238
11240
11241
11243
11251
11253
11254
11255
11256
11257
11258
11260
11261
11476
11262
11263
11264
11268
11270
11271
11272
11273
11276
11277
11278
11279
11280
11284
11286
11287
11289
11290
11291
11292
11293
11295
11296
11297
11299
11300
11302
11303
11304
12539
11306
11307
11308
11309
11310
11311
11312
11313
11314
11315
11317
11322
11324
11325
11326
11328
11329
15291
11334
16065
11337
11338
11339
11341
11346
11347
11348
11349
11350
11351
11352
11354
11355
14537
11356
11357
11358
11359
11362
11364
11365
11368
11369
11370
11371
11374
11376
11377
11378
11380
11381
11382
12280
11383
11384
11385
11389
11395
11397
11398
11399
11402
11404
11409
11410
11412
11415
11417
11425
11426
11433
11439
11440
11441
11446
11451
11452
11453
11454
11457
11461
11463
11464
11466
11467
11468
11469
11471
11473
11477
11479
11480
11483
11484
11486
11487
11488
11489
11490
11492
11493
11494
11495
11496
11498
11500
11503
11504
11506
11513
11514
11518
11521
11522
11523
11526
11527
11528
11529
11531
11532
11533
11535
11536
11537
11539
11542
11544
11546
11547
11548
11550
11554
11559
11561
11569
11572
11574
11575
11577
11586
11587
11589
11591
11596
11597
11599
11603
11604
11605
11607
11611
11616
11617
11619
11621
11624
11625
11630
11631
11632
11633
11634
11638
11644
11645
11649
11650
11651
11652
11653
11654
11655
11657
11658
11659
11661
11663
11667
11668
11670
11671
11674
11677
11678
11680
11681
11684
11685
11687
11690
11693
11695
11698
11699
11706
11708
11710
11711
11712
11714
11718
11722
11723
11724
11729
11730
11732
11734
11735
11741
11744
11746
11748
11749
11750
11752
11753
11754
11757
11758
11760
11763
11769
11770
11775
11777
11778
11779
11781
11782
11783
11785
11786
11787
11789
11790
11792
11793
11795
11796
11798
11799
11800
11802
11814
11815
11817
11820
11821
11824
11826
11827
11828
11829
11832
11834
11835
11836
11839
11842
11844
11847
11848
11849
11856
11857
11858
11860
11861
11865
11866
11867
11869
11870
11871
11874
11875
11877
11879
11882
11886
11887
11888
11889
11890
11891
11892
11893
11895
11897
11898
11899
11900
11901
11902
11903
11907
11908
11911
11914
11916
11918
11919
11920
11922
11923
11924
11925
11926
11928
11930
11931
11932
11934
11938
11940
11941
11945
11946
11949
11950
11951
11952
11953
11956
11958
11959
11961
11963
11966
11967
11968
11969
11972
11973
11974
11975
11976
11980
11981
11982
11983
11984
11985
11986
11987
11990
11991
11994
11995
11997
11999
12000
12001
12003
12004
12005
12008
12009
12010
12011
12013
12014
12016
12017
12019
12020
12021
12022
12023
12026
12030
12032
12037
12038
12042
12193
12050
12051
12054
12060
12063
12064
12065
12067
12073
12074
12078
12079
12084
12087
12091
12092
12096
12104
12106
12107
12110
12111
12114
12115
12117
12118
12120
12122
12123
12127
12128
12130
12131
12132
12133
12134
12135
12138
14190
12145
12147
12149
12152
12154
12155
12160
12163
12165
12166
12167
12168
12169
12172
12173
12174
12176
12177
12178
12179
12180
12181
12183
12184
12187
12188
12189
12192
12195
12197
12201
12202
12208
12209
12212
12213
12219
12222
12223
12225
12226
12228
12229
12232
12234
12240
12241
12242
12243
12244
12245
12246
12247
12250
12251
12252
12253
12255
12256
12258
12260
12261
12262
12264
12265
12266
12267
12270
12271
12273
12287
12292
12293
12295
12297
12298
12300
12301
12307
12312
12313
12317
12319
12321
12326
12330
12332
12333
12334
12343
12347
12348
12349
12354
12355
12356
12358
12364
12368
12372
12384
12387
12400
12401
12403
12404
12405
12406
12408
12414
12415
12418
12422
12428
12439
12440
12445
12452
12457
12461
12462
12583
12466
12475
12476
12480
12482
12483
12489
12503
12504
12508
12509
12510
12511
12517
12519
12523
12527
12529
12531
12532
12533
12535
12536
12540
12541
12542
12544
12545
12547
12548
12554
12558
12559
12565
12568
12569
12571
12572
12574
12575
12580
12582
12584
12587
12589
12593
12595
12597
12605
12606
12607
12608
12612
12613
12614
12617
12619
12623
12625
12626
12627
12628
12631
12633
12635
12636
12637
12643
12645
12646
12647
12650
12652
12656
12659
12663
12668
12669
12671
12672
12674
12680
12682
12684
12691
12692
12694
12695
12696
12823
12698
12699
12700
12701
12702
12704
12707
12710
12711
12712
12713
12715
12717
12718
12720
12721
12726
12727
15668
12729
12733
12734
12739
12740
12743
12744
12745
12746
12750
12754
12756
12763
12766
12768
12770
12772
12777
12782
12784
12785
12786
12787
12788
12791
12793
12794
12795
12800
12803
12805
12810
12813
12816
12817
12819
12822
12826
12827
12828
12830
12831
12832
12833
12835
12836
12838
12840
12843
12846
12849
12850
12852
12854
12857
12859
12861
12862
12863
12867
12868
12869
12874
12880
12882
12884
12892
12896
12900
12902
12906
12907
12911
12912
12916
12922
12923
12924
12930
12933
12934
12935
12936
12938
12939
12940
12945
12949
12950
12953
12956
12957
12958
12960
12963
12964
12965
12966
12968
12971
12973
12974
12976
12977
12978
12979
12980
12981
12984
12993
12995
12996
12998
13009
13010
13015
13016
13020
13021
13023
13033
13034
13036
13037
13038
13041
13043
13045
13049
13054
13055
13056
13057
13060
13061
13062
13063
13064
13066
13067
13068
13069
13070
13075
13077
13078
13081
13083
13084
13085
13087
13088
13090
13092
13094
13097
13098
13100
13101
13102
13103
13105
13106
13109
13110
13112
13114
13115
13117
13118
13119
13120
13123
13128
13129
13130
13133
13137
13139
13141
13144
13145
13147
13149
13152
13153
13155
13159
13160
13161
13163
13164
13169
13171
13173
13176
13177
13183
13184
13186
13187
13189
13191
13193
13195
13196
13197
13199
13200
13201
13202
13204
13210
13211
13212
13213
13214
13215
13216
13220
13223
13227
13229
13231
13232
13233
13234
13235
13237
13239
13240
13241
13242
13243
13247
13254
13255
13258
13259
13262
13267
13268
13269
13271
13274
13275
13276
13277
13278
13280
13281
13282
13284
13285
13287
13288
13291
13293
13297
13298
13301
13302
13304
13308
13311
13312
13313
13316
13317
13318
13320
13323
13324
13326
13328
13329
13332
13333
13335
13336
13337
13339
13342
13343
13344
13346
13349
13350
13352
13353
13354
13355
13359
13360
13361
13362
13363
13368
13369
13371
13373
13374
13375
13376
13378
13380
13386
13388
13389
13390
13391
13392
13394
13396
13401
13404
13405
13406
13408
13410
13412
13414
13417
13419
13420
13422
13423
13425
13428
13430
13431
13432
13435
13436
13438
13439
13440
13441
13442
13443
13445
13447
13448
13449
13451
13455
13456
13457
13461
13463
13467
13468
13470
13471
13472
13473
13478
13479
13480
13481
13483
13484
13486
13487
13489
13490
13491
13492
13493
13494
13495
13501
13507
13508
13509
13512
13514
13515
13516
13517
13519
13521
13522
13523
13525
13527
13528
13535
13536
13538
13539
13540
13542
13544
13546
13549
13550
13551
13554
13556
13557
13558
13562
13563
13565
13567
13568
14137
13570
13572
13573
13575
13576
13578
13580
13582
13583
13584
13585
13586
13587
13588
13589
13590
13591
13593
13594
13596
13597
13603
13605
13608
13611
13612
13613
13614
13615
13617
13618
13619
13621
13622
13624
13627
13628
13629
13630
13631
13632
13633
13634
13635
13638
13639
13642
13643
13644
13645
13647
13648
13649
13651
13652
13654
13655
13657
13660
13662
13663
13666
13672
13673
13675
13679
13682
13683
13685
13686
13687
13689
13690
13695
13696
13698
13702
13703
13704
13705
13710
13711
13712
13713
13715
13717
13718
13719
13722
13724
13725
13726
13727
13729
13730
13731
13733
13739
13741
13743
13745
13746
13753
13754
13756
13761
13762
13764
13765
13766
13767
13768
13769
13770
13772
13775
13778
13779
13780
13781
13785
13787
13789
13791
13792
13794
13795
13796
13797
13798
13800
13801
13803
13804
13805
13807
13809
13810
13811
13812
13813
13814
13815
13816
13817
13820
13821
13822
13826
13827
13829
13831
13833
13837
13838
13840
13841
13842
13844
13849
13850
13851
13852
13856
13857
13858
13859
13862
13865
13871
13876
13881
13885
13886
13887
13888
13889
13891
13893
13895
13897
13898
13899
13900
13905
13907
13908
13910
13911
13913
13915
13916
13918
13920
13923
13926
13928
13929
13933
13934
13936
13942
13944
13945
13947
13948
13949
13951
13952
13955
13956
13958
13965
13966
13968
13970
13971
13973
13978
13980
13981
13982
13984
13985
13986
13987
13988
13989
13990
13991
13992
13997
14000
14002
14003
14004
14005
14008
14010
14011
14014
14015
14021
14022
14023
14024
14026
14027
14028
14029
14033
14034
14037
14038
14039
14040
14042
14044
14047
14048
14049
14054
14055
14056
14059
14064
14065
14066
14068
14072
14073
14075
14077
14079
14080
14081
14083
14084
14085
14086
14087
14091
14092
14093
14094
14095
14096
14097
14098
14099
14100
14101
14102
14103
14106
14109
14112
14113
14114
14116
14118
14119
14121
14122
14124
14125
14127
14128
14131
14526
14138
14139
14140
14141
14142
14145
14146
14148
14150
14151
14152
14155
14158
14159
14160
14161
14163
14165
14166
14168
14172
14173
14174
14178
14179
14181
14184
14185
14186
14187
14188
14189
14191
14194
14196
14197
14198
14199
14200
14201
14206
14207
14209
14210
14211
14212
14213
14222
14223
14227
14229
14231
14235
14236
14237
14239
14240
14242
14244
14246
14247
14248
14250
14252
14253
14255
14256
14257
14258
14260
14261
14262
14264
14539
14265
14266
14267
14269
14270
14271
14275
14277
14278
14282
14283
14285
14286
14287
14290
14293
14294
14295
14296
14298
14300
14301
14302
14303
14304
14305
14306
14307
14308
14309
14310
14311
14313
14316
14317
14318
14320
14321
14322
14326
14328
14330
14331
14332
14333
14335
14336
14337
14339
14341
14347
14350
14351
14357
14358
14364
14365
14367
14368
14370
14371
14372
14375
14377
14378
14380
14381
14383
14386
14388
14390
14392
14400
14401
14402
14403
14404
14405
14408
14410
14413
14416
14418
14420
14421
14423
14424
14425
14426
14427
14431
14433
14434
14435
14437
14444
14446
14448
14449
14450
14452
14453
14454
14456
14458
14461
14462
14465
14466
14469
14471
14472
14479
14480
14485
14491
14492
14494
14495
14498
14500
14504
14505
14507
14509
14513
14516
14517
14518
14519
14520
14521
14522
14523
14527
14528
14530
14532
14533
14534
14535
14536
14538
14540
14541
14542
14543
14544
14545
14548
14550
14551
14552
14553
14554
14556
14562
14565
14567
14568
14570
14572
14573
14578
14582
14585
14586
14588
14589
14592
14593
14594
14595
14596
14597
14598
14600
14602
14603
14604
14605
14606
14607
14608
14609
14610
14611
14613
14614
14616
14617
14618
14619
14620
14621
14623
14624
14626
14627
14629
14630
14631
14632
14633
14635
14637
14639
14640
14641
14643
14644
14645
14648
14649
14652
14653
14654
14655
14658
14659
14660
14661
14662
14664
14665
14668
14670
14671
14673
14675
14676
14678
14679
14680
14681
14682
14683
14684
14685
14686
14687
14688
14689
14690
14691
14693
14694
14696
14697
14698
14699
14701
14702
14704
14706
14708
14709
14711
14712
14713
15321
14715
14717
14718
14720
14722
14723
14724
14725
14726
14728
14729
14730
14731
14732
14733
14735
14737
14738
14739
14741
14742
14744
14746
14747
14748
14752
14753
14756
14758
14759
14760
14761
14763
14764
14765
14766
14768
14769
14772
14773
14774
14775
14777
14778
14780
14783
14784
14785
14786
14789
14791
14792
14793
14794
14795
14796
14797
14798
14800
14802
14803
14900
14804
14805
14806
14807
14809
14810
14811
14815
14818
14820
14821
14822
14825
14826
14827
14831
14832
14833
14835
14836
14837
14839
14840
14843
14848
14849
14851
14913
14852
14853
14864
14866
14867
14868
14872
14875
14878
14880
14881
14882
14883
14884
14885
14886
14887
14888
14889
14890
14892
14893
14894
14895
14897
14898
14899
14901
14902
14903
14904
14905
14906
14910
14917
14919
14921
14922
14923
14924
14927
14929
14930
14933
14935
14939
14941
14942
14944
14946
14947
14949
14958
14960
14964
14966
14967
14968
14970
14971
14972
14973
14975
14976
14977
14978
14980
14981
14982
14983
14985
14987
14988
14997
14995
14996
15000
15001
15003
15004
15006
15009
15010
15013
15014
15016
15017
15019
15020
15025
15028
15029
15030
15032
15035
15036
15037
15038
15039
15040
15042
15043
15046
15047
15049
15050
15051
15052
15053
15054
15055
15057
15058
15059
15061
15062
15063
15067
15071
15073
15074
15075
15076
15077
15078
15079
15080
15081
15082
15083
15086
15089
15091
15093
15094
15095
15096
15097
15098
15099
15100
15101
15104
15105
15106
15107
15110
15112
15114
15115
15116
15120
15122
15124
15125
15130
15133
15136
15137
15138
15139
15143
15144
15147
15153
15156
15159
15160
15161
15162
15163
15165
15167
15168
15169
15170
15171
15173
15174
15175
15176
15177
15178
15181
15183
15184
15186
15188
15189
15191
15192
15195
15197
15198
15199
15202
15203
15205
15206
15208
15209
15213
15217
15218
15221
15222
15223
15224
15225
15226
15227
15228
15230
15231
15232
15233
15235
15236
15237
15239
15242
15243
15244
15245
15246
15247
15250
15251
15252
15253
15254
15259
15260
15261
15262
15265
15266
15267
15268
15270
15271
15272
15273
15275
15276
15277
15279
15280
15281
15282
15283
15284
15285
15286
15290
15292
15294
15295
15296
15297
15298
15299
15300
15301
15302
15303
15304
15305
15307
15308
15309
15311
15312
15313
15314
15315
15316
15317
15319
15320
15322
15323
15324
15325
15326
15327
15328
15329
15331
15332
15333
15334
15336
15337
15338
15339
15340
15341
15342
15343
15344
15345
15346
15347
15348
15349
15350
15351
15352
15353
15354
15355
15357
15358
15359
15360
15361
15362
15363
15364
15365
15366
15368
15369
15370
15371
15372
15374
15375
15376
15378
15379
15380
15381
15382
15383
15384
15385
15386
15387
15388
15390
15391
15392
15393
15395
15396
15398
15400
15401
15402
15403
15404
15405
15406
15407
15408
15409
15410
15411
15412
15413
15415
15417
15419
15420
15422
15423
15424
15425
15426
15427
15430
15431
15432
15433
15434
15435
15436
15437
15439
15440
15441
15442
15443
15444
15447
15448
15449
15450
15452
15453
15455
15456
15457
15458
15459
15460
15461
15463
15466
15467
15468
15469
15470
15471
15475
15476
15477
15478
15479
15480
15481
15482
15483
15485
15486
15487
15488
15489
15490
15491
15492
15493
15494
15495
15496
15497
15498
15499
15500
15501
15502
15503
15504
15505
15506
15508
15509
15510
15512
15513
15515
15516
15517
15521
15522
15523
15524
15525
15526
15527
15528
15529
15531
15532
15533
15534
15535
15536
15537
15538
15539
15543
15544
15545
15546
15547
15551
15552
15553
15554
15556
15557
15558
15559
15560
15562
15563
15564
15565
15566
15567
15568
15570
15571
15572
15575
15576
15577
15578
15579
15580
15581
15582
15583
15585
15586
15587
15589
15590
15592
15593
15595
15596
15597
15599
15600
15601
15602
15604
15605
15606
15607
15608
15610
15611
15613
15614
15615
15616
15617
15618
15621
15622
15623
15624
15625
15626
15627
15628
15629
15631
15633
15635
15636
15637
15638
15639
15640
15641
15643
15644
15645
15646
15648
15649
15651
15652
15654
15655
15656
15657
15658
15660
15661
15663
15664
15666
15667
15669
15670
15672
15673
15676
15677
15678
15679
15682
15685
15687
15689
15691
15692
15693
15695
15696
15697
15698
15700
15701
15702
15703
15705
15706
15707
15708
15709
15710
15711
15713
15714
15716
15719
15720
15721
15723
15725
15727
15730
15731
15732
15733
15735
15737
15738
15739
15740
15741
15742
15745
15746
15749
15750
15751
15752
15753
15755
15756
15757
15759
15760
15761
15763
15764
15765
15766
15767
15768
15769
15770
15771
15772
15773
15774
15775
15776
15777
15779
15781
15782
15784
15785
15786
15788
15790
15791
15792
15797
15800
15801
15802
15804
15805
15806
15807
15809
15810
15812
15814
15817
15818
15819
15821
15823
15824
15825
15826
15828
15829
15830
15831
15832
15833
15834
15835
15836
15837
15839
15840
15841
15842
15843
15844
15845
15847
15850
15851
15853
15854
15855
15856
15858
15859
15860
15864
15865
15868
15869
15872
15874
15875
15876
15878
15881
15882
15883
15884
15886
15887
15888
15889
15890
15891
15893
15894
15895
15896
15897
15898
15899
15900
15901
15902
15903
15904
15905
15906
15907
15908
15909
15911
15913
15914
15915
15918
15919
15920
15924
15925
15927
15928
15929
15930
15931
15933
15934
15935
15936
15938
15940
15941
15944
15945
15946
15947
15950
15952
15953
15955
15957
15959
15963
15965
15966
15967
15968
15969
15970
15971
15972
15973
15976
15978
15979
15980
15981
15982
15983
15984
15985
15986
15987
15988
15989
15990
15992
15994
15995
15996
15997
15998
16000
16003
16006
16007
16008
16009
16010
16011
16014
16015
16016
16018
16019
16021
16022
16025
16027
16030
16031
16034
16035
16036
16039
16040
16041
16042
16044
16045
16048
16049
16051
16052
16053
16054
16056
16057
16061
16062
16063
16064
16066
16067
16069
16070
16071
16072
16075
16076
16077
16082
16083
16084
16086
16087
16089
16092
16093
16094
16095
16096
16099
16100
16101
16102
16103
16104
16106
16107
16111
16113
16114
16115
16116
16117
16118
16120
16121
16123
16124
16125
16126
16127
16128
16130
16131
16132
16136
16138
16139
16141
16142
16144
16145
16146
16148
16156
16159
16161
16164
16165
16167
16366
16169
16170
16171
16172
16173
16176
16177
16179
16180
16181
16185
16187
16190
16192
16194
16197
16198
16199
16200
16201
16203
16206
16208
16209
16212
16213
16214
16216
16219
16222
16225
16228
16231
16235
16236
16237
16245
16252
16253
16256
16258
16261
16262
16263
16268
16272
16276
16277
16280
16283
16285
16286
16294
16295
16296
16297
16299
16300
16306
16307
16310
16314
16317
16318
16320
16321
16325
16328
16331
16332
16334
16337
16338
16347
16350
16351
16353
16354
16356
16361
16365
16369
16370
16374
16375
16376
16378
16382
16385
16386
16392
16394
16395
16396
16400
16401
16402
16405
16406
16408
16417
16418
16419
16422
16423
16424
16427
16429
16433
16437
16439
16440
16447
16454
16455
16461
16462
16463
16466
16467
16470
16472
16478
16481
16484
16491
16496
16499
16500
16501
16502
16503
16504
16508
16513
16514
16520
16524
16526
16529
16532
16542
16550
16557
16558
16559
16561
16567
16568
16571
16575
16576
16581
16583
16584
16585
16587
16592
16594
16598
16601
16602
16604
16607
16610
16611
16612
16614
16616
16619
16623
16626
16627
16628
16630
16631
16632
16633
16636
16638
16639
16640
16643
16646
16648
16653
16655
16656
16657
16659
16660
16664
16665
16667
16668
16670
16671
16672
16675
16676
16677
16680
16681
16682
16684
16685
16686
16687
16689
16690
16691
16693
16694
16696
16701
16704
16705
16708
16710
16711
16713
16714
16716
16718
16722
16723
16725
16729
16730
16732
16733
16735
16738
16739
16740
16741
16743
16782
16837
16839
16840
16843
16844
16845
16846
16848
16855
16858
16859
16861
16862
16866
16871
16874
16876
16877
16879
16881
16883
16889
16890
16892
16893
16895
16896
16902
16903
16907
16908
16909
16914
16915
