2
3
5
6
97
3796
1118
8
11
2826
12
13
17
16
18
19
25
26
29
31
1379
613
5296
434
11107
4757
2456
381
1054
1151
33
2545
10175
38
44
45
3111
11978
1255
50
46
9977
13667
51
59
62
63
2194
3931
65
66
69
70
72
73
74
6899
76
79
274
3223
80
89
91
92
95
96
374
98
99
100
104
101
5416
2098
2165
6936
14462
102
1218
103
15937
1410
919
105
109
110
8302
111
432
6850
11266
112
16030
113
115
116
117
6785
120
121
126
131
133
134
136
139
140
1287
143
158
2477
161
162
13600
306
596
168
170
171
172
173
6086
6214
6125
6254
6285
6452
6132
6234
6207
6300
6302
6239
174
176
771
180
181
195
200
201
209
210
211
9546
3947
13296
12500
215
216
376
3913
217
4565
218
219
223
226
11056
7768
8003
227
3564
228
232
235
11235
236
237
1558
241
242
246
6260
249
250
7640
251
252
253
255
4603
260
360
9099
3693
5748
1204
265
266
267
7722
4585
7986
6213
268
272
273
276
286
13642
14684
12554
288
289
290
2003
298
299
389
5159
10606
1235
4040
345
6363
16968
301
708
302
303
7089
305
9763
444
9439
307
308
309
16997
316
317
327
336
338
341
342
348
351
17474
361
9808
16007
1143
10714
11580
369
1361
377
382
384
385
387
388
393
394
402
405
2160
9565
407
409
410
414
7199
415
453
654
862
416
417
420
423
424
747
9098
425
430
428
429
12864
13069
8973
1938
2927
11811
431
1981
433
435
436
437
442
443
15987
445
446
449
10420
15545
451
452
454
456
11483
16261
463
466
476
477
478
479
484
9962
485
488
490
491
492
494
495
497
498
501
672
502
504
6659
508
511
514
517
522
529
530
531
544
550
15484
580
585
595
3685
970
2095
3954
7642
12125
603
604
605
606
609
612
617
621
622
624
625
626
628
9859
11414
9167
631
636
637
638
5845
658
660
680
689
691
700
3371
707
1729
4806
2055
10140
1023
718
719
723
1937
1494
736
746
2409
748
756
760
16224
770
774
776
777
779
782
13956
8863
6999
783
803
809
813
820
824
829
834
839
842
844
849
850
856
8769
9955
1074
9402
10570
860
861
6888
868
870
4286
877
880
881
882
884
886
2242
898
916
917
6628
918
6126
921
929
937
940
946
968
969
948
1046
7835
959
961
963
13987
11178
9655
8494
981
984
985
5232
4846
986
12257
988
991
11425
996
12722
1014
1016
1017
1021
8546
3735
2527
4521
15613
1027
1032
1033
1034
1035
1036
1037
1038
1039
16078
8158
1041
1060
1279
5503
1066
1072
1073
1077
1855
1078
1081
1082
1083
1090
1094
8146
12180
2166
1095
1096
1468
1102
1105
1106
3297
1107
4534
1109
5725
1112
1113
1114
1115
1122
1124
1125
1126
1127
16984
6262
1139
1140
6283
6039
1142
4030
1145
1152
1153
1156
1159
1161
1162
7442
1163
11523
1320
2445
2926
1173
1176
1177
1181
1188
1194
1198
1203
1207
4740
2517
5625
1212
4183
1217
10630
10611
1272
1229
4778
4366
11184
11385
1244
1245
1252
1253
1258
1269
1273
1280
4590
16100
9834
1453
14895
1552
11581
1398
12213
1285
1286
1288
1292
1307
1312
1314
1315
1316
16461
1319
1886
1325
1332
1334
1339
1340
1346
1375
1350
1352
1355
1356
9669
1360
1362
8071
10392
14365
14508
15556
14667
2911
17019
2685
1369
9391
16048
16530
1756
1371
1867
1373
14043
1378
1380
1381
1387
1395
1396
1402
12863
1405
1409
1414
1415
1418
1423
1424
1768
1425
1428
1429
1433
1435
1441
1444
1451
5581
1456
1465
1467
2498
5284
1474
1476
1480
1482
1483
1485
1488
1489
1493
1495
4608
1496
1497
1499
1500
1502
1504
1506
1507
1511
1513
1515
1516
1523
1526
1530
1535
1538
1539
1543
4732
1544
1545
1549
1550
1551
4325
1553
1555
1560
1566
1570
1571
1576
1577
1578
17924
1591
1592
1595
15026
1596
1598
1602
1604
1608
1609
1618
1619
1625
1630
1635
1639
1641
1643
1648
1652
1654
1656
1661
1663
1665
1666
1667
1669
5608
1671
1674
1675
1680
5615
1681
1682
10986
1688
1690
1696
1697
1698
1699
1704
1705
15497
1707
15196
1709
5209
1711
5788
1719
12911
1720
1722
1725
1732
1733
1734
1737
17450
11804
1738
1751
1753
16227
15822
1758
1759
1769
14219
12932
1770
4043
1772
1774
1776
1780
1786
1789
1791
1794
1795
1803
1806
1807
1812
1816
1817
5125
1824
12198
1831
1834
1838
1839
1844
4239
1846
1847
1852
1854
1865
1866
1870
8572
1872
1876
1878
1882
1883
1884
6017
1885
1888
1893
1895
1898
1899
1900
1901
1902
1905
1914
1915
1921
1923
1927
1933
2955
1942
1945
1949
6593
1966
2256
1969
1970
1972
13310
1973
1974
1977
1978
1979
1980
5815
3374
11239
3829
1983
1984
1985
1988
1989
1990
1991
1993
1994
2082
1995
1999
2000
2004
2005
2012
2014
2015
2016
2019
16409
2024
2025
2027
2028
2029
5105
2032
2033
2037
2042
2048
2052
2061
2070
16408
16322
4947
2079
11426
5866
2080
2081
2085
2091
2094
2099
5022
2110
2111
2114
2116
2117
2118
2126
2135
2136
2138
2140
2146
2150
2151
2153
2155
2156
2157
2158
16424
2178
2179
2183
17699
2188
2190
2193
7010
3986
3998
2198
2400
2626
17099
17143
2200
12377
2210
4037
2212
2215
2218
5969
2219
2223
2224
5299
2228
2229
2231
2233
2240
2243
5905
2247
2252
2267
2269
2270
2286
2290
2442
2292
2298
2301
2451
2302
2303
2322
5789
2325
5779
2328
17096
7422
2349
2351
15951
2374
15442
5910
7452
2380
2399
15212
2402
2403
2404
2406
2412
2457
2413
2417
2418
12455
2421
2423
2433
2439
2441
10015
2448
14481
2454
2459
7018
2464
2473
2474
2475
2479
2485
2489
2491
2492
2493
2496
2502
2507
2510
2512
2514
17247
2518
2519
2526
4417
2533
2542
2544
13559
2548
2552
2558
2560
11033
2562
2573
2576
2581
2582
2594
2598
2608
2614
2618
15239
15153
9434
2624
2630
2636
2654
2679
2684
8376
2686
2696
2700
3274
2703
2708
6023
2726
2727
9575
2728
2741
2750
2754
2756
2758
2759
2768
2771
2772
2779
2784
2793
2794
2795
2796
14730
2805
2816
2821
7671
2825
2832
2843
2844
2845
2856
2861
2863
5318
5899
5900
5934
2864
2873
8422
2876
2878
2879
2891
2892
2902
2907
7924
2913
2917
2921
2922
3862
2923
2928
2932
2934
2941
2944
2947
2987
2988
2997
2998
2999
3007
3010
3033
3035
10488
3041
3049
3058
3059
3067
3069
3070
3077
3082
3098
3112
3144
13000
3158
3160
3162
3165
3167
8477
3173
3182
12803
4107
7446
14487
12190
15141
9773
9394
16570
7230
3207
3208
3211
3214
3217
3218
3219
3221
3222
3227
5699
3231
3232
3237
3239
3240
3244
3246
3248
3249
3251
16936
3254
3258
3260
3262
3266
3267
3272
3273
3275
3276
3279
3280
7522
6165
3282
3283
3285
3286
3287
3289
3293
3294
3295
3298
3303
3305
3306
3308
3309
3310
3313
3316
3318
3320
3322
3325
3327
3336
3338
3339
3341
3342
3344
3349
3351
3352
3355
3363
3364
12349
3368
3373
3918
10964
3378
3381
3384
3385
4978
3386
3387
3404
3407
3412
3413
3414
3415
13131
3416
3418
3420
3421
3427
3428
3429
3430
3432
3433
3434
3436
3437
3438
3442
3447
3449
3454
3455
3457
3471
3473
3475
3477
3478
3479
3481
3482
3486
3487
3489
3493
9033
3497
3500
3502
3503
6742
3513
3516
3520
3524
3526
3527
3529
3531
3533
3539
3541
3542
3545
3547
3549
3550
3552
3555
3557
3560
3562
3563
3567
3568
3572
3573
3576
3577
3585
3586
3587
3588
3589
3602
3613
3619
3623
3626
3627
3630
3631
3632
3647
6757
3652
3653
4514
3654
3656
3662
3666
3668
3669
3684
3981
3690
12189
3694
3695
3701
3702
3705
3707
3711
3712
3713
3716
3718
3719
3723
3729
3730
3733
3734
3741
3746
3749
3751
7649
15106
5092
8901
15740
15019
6700
5181
7959
7476
5085
3753
3757
3765
3766
3767
6603
3774
3776
3778
3781
3785
3793
3803
3804
3805
3818
3823
16012
3839
3843
3845
3856
3860
11291
3866
3867
3868
3869
4925
3871
3874
3877
3880
3883
3884
3885
3886
3889
3892
3893
3894
3896
3904
3906
3908
3909
3915
3917
3921
3922
15232
3926
3929
3930
3934
3937
3940
3944
3946
3950
3951
3960
3963
3965
3972
3975
3976
9022
3977
3980
9326
3982
3992
3994
4003
4004
4005
4007
4008
4022
4026
4028
4029
4033
4035
9160
8377
9820
4042
18105
4044
4046
4047
4048
11632
4061
4064
4066
4069
4070
4072
4075
4077
14638
4083
4085
4087
4089
4090
4092
4094
4097
4099
4101
4102
4104
4105
4106
4108
4110
4114
4115
4117
4119
4120
4121
7063
4122
4124
11074
4126
4127
4128
4129
4130
4131
4133
4138
4140
4142
4146
4147
4148
4151
4153
4154
5927
4157
4158
11722
4162
4164
4170
4173
4174
4175
16847
4176
4177
4178
4180
4190
4192
4193
4197
4198
4199
4201
13068
4536
4202
4203
4205
4210
4211
4214
4220
4224
4225
4227
4229
4231
4233
4363
10589
12763
4237
4238
14395
7493
12506
4240
4245
4247
4251
4253
4257
4258
4262
4269
4270
4273
4274
4276
4280
4281
4283
4287
4288
4289
4290
4292
4293
4297
4298
4302
4305
4309
4311
4314
4315
4320
4321
4322
4348
4327
16663
4330
4331
4333
4336
6552
4337
4338
9643
4339
4340
4342
4344
6613
4345
4354
4358
4362
4365
4367
4369
4370
4371
4374
4375
4376
4377
4383
4387
4389
4391
4392
4393
4394
4404
4405
4406
4413
4408
4410
4412
4415
4420
4423
4424
4426
4432
4435
4436
4437
4445
4446
4449
4455
4457
4459
4463
4464
4465
4467
4477
4479
4480
4482
4483
4486
4488
4489
4490
4491
4495
4498
4499
4501
4504
4505
4509
4510
4515
4517
4518
4520
14117
9148
4524
4528
4529
4530
4533
4715
6726
4537
4538
4540
4542
4543
4545
4548
4549
4550
4557
7412
7851
7797
4558
4564
4568
4569
4570
4575
4576
4577
4578
4579
7812
7951
7960
8598
6680
7708
5957
7971
6386
6705
6848
6465
7885
6225
6231
6703
6500
5362
6519
7930
6398
4587
4599
4602
4609
4613
4615
4617
4618
4620
4625
4628
10631
4630
4631
4634
4636
4646
4651
4653
4656
4659
4660
4662
4663
4667
4668
4669
4672
4675
4676
4678
4680
4681
4682
4685
4687
4688
4691
4692
4693
4697
4698
4700
4702
4703
12021
4704
4705
4706
4708
4713
4714
16247
4716
4717
4719
4721
7311
4723
4725
4731
9767
10664
4767
4737
4738
4742
4743
4745
4746
4748
4750
4751
4752
4755
4758
4759
4760
4762
4764
4766
4768
4769
4774
4775
4777
4782
4783
4784
4785
4787
4791
4792
4794
4795
4800
14553
4801
4804
4808
4811
4815
4818
4821
4822
12998
4826
4829
4830
4831
4834
4835
4839
4841
4842
4843
4844
4845
4847
4850
4851
4852
15422
4853
4854
4855
4856
4857
4858
4860
4861
4866
4871
4872
4873
4875
4876
4879
4880
4881
4883
4885
4887
4890
4894
4895
4897
4900
4901
4902
4903
4904
4905
6362
4909
16017
4911
4919
4922
4923
4924
4928
4935
4937
4938
4939
4940
4944
4948
4949
4950
4953
9056
4961
4962
4965
4966
4968
4970
4977
4979
4981
4980
8940
12237
12845
4983
4985
4988
4996
4998
5000
5002
5003
5007
5009
5013
5017
5020
7076
5024
5025
5029
5030
5031
8015
5038
5042
5044
5049
5050
5051
5150
5055
5057
5058
5060
5065
5067
5069
5078
8690
13916
5086
5087
5089
5093
5101
5102
5104
5123
5124
5126
5134
5136
5137
5138
5139
5143
5145
5146
10253
5152
5157
5163
5173
5175
5188
5190
5197
5202
5204
5206
5207
15882
5210
5212
5223
8139
5226
5228
5233
5234
5235
5238
5239
5246
13703
5484
5250
5252
5253
5255
15437
5259
5262
5263
5269
5273
5274
5278
5279
5282
5283
5287
5288
5289
5291
5364
5297
5298
5302
5303
5306
5312
5569
5323
5327
5336
5450
5337
5340
5345
11252
5346
5347
5361
6601
5365
5367
5368
5369
5371
10675
5376
5379
5386
6399
5397
5405
5409
5413
5417
5418
5430
5431
5443
5448
5452
5453
5461
5462
5476
5481
5487
5489
5492
5494
5499
5500
5502
5506
5507
5508
5514
5515
5516
5517
5518
5521
5523
5524
5526
5537
5538
5539
9897
5545
5553
5567
12278
5579
5580
5587
5590
5591
5597
5602
5607
5609
5617
5620
5622
5626
5629
5631
5634
5635
5638
5641
5642
5643
5646
5650
5653
5654
5657
5658
7993
5659
7736
5660
5662
5665
5666
5667
5669
5670
5673
5675
8387
5677
13706
9275
5679
5686
5687
5690
5691
5695
5696
5700
6790
5701
5705
5708
5709
5713
5716
5717
5718
5719
5720
5723
5724
7765
5726
5729
5730
5734
6812
5737
5738
5739
5740
5745
5746
5747
5750
5751
8297
5755
5758
5759
5764
5765
5766
5768
5769
5775
12392
13732
5783
11402
5787
5792
5795
5797
5799
5801
5804
5805
5807
5808
5809
6117
5812
5813
5814
5817
5819
5820
5824
5826
5829
5830
5833
5836
5837
5838
5844
6504
6071
5848
5849
5852
6167
5853
5856
5858
5859
5862
5863
5864
8039
5865
5868
5869
5872
5873
17191
5875
5877
5878
5879
5880
5881
5884
5891
5892
5894
5895
5897
5920
5901
5904
11683
13739
10435
5908
5914
5915
5916
5917
12814
5923
5924
5925
5928
5930
5933
6627
5936
5940
5942
7831
5948
5949
5952
5953
5954
5960
5963
5966
5976
5978
5980
5981
5985
5986
5988
5994
6873
13277
5995
5996
5998
6000
6009
6010
6754
6022
13507
6024
6028
6029
6032
6034
6038
6040
6041
6043
6046
12601
6048
6049
6050
6051
6052
6053
6056
6058
12247
6059
6062
6065
6067
6068
6069
6070
6073
6077
6078
6079
6083
6087
6090
6091
6097
6098
7084
6099
6102
6103
6104
6105
6106
6109
6116
8455
8332
8397
7054
9498
6119
6122
6123
6124
6127
6129
6130
6131
7845
6133
6134
6137
6140
6145
6146
6149
6151
6152
6153
6154
6156
6157
6159
6162
6164
6166
6168
6170
6174
6175
6176
6179
9672
6181
6184
6187
6188
6191
6192
6194
6196
6199
16306
7599
6201
6202
6203
6206
6851
6810
6209
6211
10386
10620
10938
6216
6217
6219
6220
6222
6223
6224
6229
6232
6233
7837
6236
6237
6238
6241
6243
6244
6245
6247
6250
6251
6252
6255
6256
14582
6258
6261
6266
6271
6272
6273
6274
6277
6280
6281
6282
6290
6294
6296
6301
6306
6307
6311
6312
6313
6315
6316
6317
6319
6320
6325
6327
6330
6331
6337
6338
6340
6342
6343
6345
6347
6349
6350
6351
6352
6353
6356
6360
6431
6365
6366
6368
6370
6372
6374
6375
6376
6377
6378
6379
6382
6387
6389
6392
17061
14281
11036
6395
6397
6400
6405
6406
6407
6410
6414
6415
6416
6419
6421
6422
7910
6423
6425
6426
8358
6430
6433
6435
6438
6442
6444
6446
6449
6451
6456
6457
6461
6462
6463
10181
6468
6471
6474
6477
6480
6481
6483
8772
6486
6489
6492
6495
6499
6502
6503
15510
12569
15130
12977
6506
6509
6511
6517
6518
6520
6521
6524
6525
6526
6529
6531
6534
6535
6538
6539
6544
6546
6551
6553
6555
6556
6562
6564
6568
6569
6572
6575
6579
6580
6582
6585
6589
6596
6600
6602
6604
10991
6608
6656
6617
6618
6619
6620
6624
6625
8002
11942
6889
6629
6631
6633
6634
6635
6638
6640
6641
6643
6647
6649
6654
6657
6661
6662
6664
6669
6682
6683
6688
6690
6691
6692
6695
6702
6706
6711
6712
6714
6715
6720
7771
6728
6730
6734
14640
6740
6741
6744
6745
6746
6749
6751
6752
10324
6755
6756
6759
6761
6762
6773
6774
6775
6779
6780
6781
6782
6783
6784
6786
6789
6791
6792
6797
6798
8518
6801
6805
6806
6809
6811
10874
6814
6815
7579
6816
6819
6822
6825
6828
6831
6832
6835
6837
6840
6847
6852
6855
6859
6862
6875
6878
6882
6883
6885
15785
6890
6891
6895
6898
6900
6901
6902
6903
6906
6908
6909
6910
6911
6918
6921
6924
6928
6929
6932
6933
6934
6939
7967
6940
6941
6942
8612
8520
7735
8012
8469
6943
6944
6945
6946
6947
6948
6950
6951
6952
6954
6955
6960
6961
6962
6969
6970
6971
6972
6974
6975
6977
6979
7881
6985
6986
6987
6989
6995
6998
7005
7006
7011
7024
7028
7029
7033
7044
7047
7048
7053
7056
7061
11394
7068
7069
7073
16360
7075
7080
7081
7086
7093
9875
7095
7096
7098
7100
7105
7110
7111
7112
7115
7117
7118
7121
7123
7124
7126
7127
7129
7131
12720
7132
7134
7137
7138
7139
7142
7143
7145
7147
7148
7150
7151
7152
7153
7154
7155
7157
7161
7164
7166
7168
7169
7173
7177
7185
7187
7190
7191
7192
7193
7202
7203
7204
7205
7530
7206
7208
7209
7214
7225
7228
7233
7235
7238
7239
7240
7244
7250
7253
7255
7258
7259
7262
7264
7265
7268
7271
7276
7278
7279
7287
7288
7289
7290
7294
7297
7300
7305
7308
7309
7310
7313
7314
7319
7320
7321
7330
7331
12949
7332
7336
7337
7339
7340
7342
7345
7347
7349
7351
7357
7378
7381
7383
7386
7389
7392
7393
7396
7398
7400
7401
7403
7406
7407
7409
12086
7415
7416
7417
7420
7421
16588
7447
7426
7432
7433
7434
7435
7441
7443
7444
7445
9840
7449
7451
7457
7461
7466
7468
7471
7473
7479
7482
7490
7491
7492
9559
7511
7515
7517
7518
7521
7523
7525
7527
7528
7529
7532
7535
7537
7538
7539
7541
7545
7546
7547
11779
7549
7550
7554
7555
7559
7562
7563
7564
7567
7568
7569
7570
7572
7575
7576
7577
7580
7582
7587
7588
7590
7592
7597
7598
7600
7603
7604
7605
7606
7609
7611
7612
7614
7615
7617
7618
7627
7630
7632
7636
7637
7639
15644
7641
11360
8383
7644
7650
7651
7653
7655
7656
7658
7660
7663
7665
7666
7672
7679
7680
7687
7690
7694
7697
7699
7700
7705
7707
7712
7714
7724
7728
7729
7732
7733
8741
7741
7742
7743
7749
7834
7752
7753
7758
7759
7760
7761
7763
7764
7767
17186
7769
7776
7777
7778
7779
7780
7782
7783
7788
7794
7841
7798
7801
7803
7804
7807
9194
7814
7816
7818
7820
7826
7830
7833
7838
7839
7842
7848
7850
7853
7854
7856
7857
7860
7861
7866
7869
7871
7873
7874
7875
7877
7878
7879
7880
7882
7883
7887
8974
7888
7889
7891
7893
7896
7897
7976
7898
7899
7907
7908
11324
11143
7912
7915
11286
7926
7927
7933
7937
7938
7939
7940
7941
7942
7943
7944
11317
7946
7950
7955
7957
7958
7964
7968
7969
7970
7978
7980
7981
7984
7987
7989
7990
7994
8000
10954
15651
8004
8009
8011
8013
8014
8021
8022
8024
8025
8026
8029
8031
8033
8034
8035
8036
8041
8042
8043
8044
8045
8046
8047
8049
8051
8052
8053
8960
8055
10870
8057
8060
8061
8062
8064
8066
8067
8068
8070
8073
8075
8077
8081
8082
8083
8084
8085
8086
8088
8090
8091
8093
8094
8097
8098
8101
8102
8105
8106
8107
8108
8112
8114
8115
8122
8133
8135
8136
8140
8141
8148
8150
8151
8152
8157
8159
8161
8162
8163
8164
8165
8166
8171
8172
8173
8179
8184
8185
8186
8187
8191
8192
8193
8196
8197
8198
8201
8202
8203
8206
8211
8212
9370
8214
8215
8217
8220
8221
8222
8224
8225
8228
8231
8235
8236
8237
8241
8242
8243
8246
8247
8248
8249
8250
8254
8256
16715
15701
8257
8260
8261
8269
8271
8273
8275
8277
8278
8281
8283
8284
8287
8289
8290
8291
8294
8295
8298
8300
8304
8307
8311
8312
8320
8321
8324
8325
8334
8337
8338
8341
8344
8345
8347
8348
8354
8357
8400
8359
8361
8363
8368
8369
8373
8378
8380
8428
8384
8385
8389
8393
8395
8398
8399
8403
8404
8407
8411
8414
8415
8417
8418
8426
8429
8430
8433
8441
8442
8444
8446
8450
8452
8454
8458
8459
8460
8473
8480
8482
8483
8484
8485
8487
8489
8490
8492
8493
9390
9349
8495
8496
8497
8499
8500
8501
8502
8503
8504
8505
8506
8508
8509
8510
8511
8512
8514
8515
8516
8517
8519
12576
9315
8522
8523
8526
8527
8528
8529
8530
8531
8533
8534
8535
8536
8537
8539
8540
8542
9061
8543
8547
8548
8556
8557
8558
8559
8560
8561
8562
8563
8564
8565
8566
8567
8569
8587
8573
8578
8579
8580
8588
8590
8592
8594
8595
8596
8600
8601
8602
8603
8604
8605
8606
8607
8608
8610
8613
8614
8617
8619
8620
8621
8623
8624
8626
8627
8628
8629
8631
8633
8635
8638
8639
8641
8643
8645
8646
8647
8648
8651
8652
8654
8656
8659
8660
8661
8663
8664
8667
8668
8670
8671
8675
8677
8679
8680
8684
8685
8686
13975
13116
8689
8691
8692
8694
8695
8696
8697
8698
8699
8700
8701
8704
8705
8707
13089
10587
12638
8708
8710
8711
8713
8715
8716
8719
8720
8723
8724
8725
8727
8728
8729
8731
8732
8733
8735
8739
8740
8744
8746
8748
8749
8751
8753
8754
8755
8757
8759
8760
8761
8762
8763
8764
8766
8767
8768
8771
8773
8774
8777
8779
8780
8784
8785
8787
8793
8796
8797
8798
8799
8805
8806
8807
8814
8816
8820
8821
8822
8825
8830
8831
8833
8834
8842
8843
8844
8846
8850
8851
8858
8859
8864
8865
8867
8868
8869
8870
8872
8874
8875
8876
8877
8879
8880
8881
8882
8883
13804
8884
8888
8889
8890
8891
8892
8893
8898
8902
8904
8907
8908
8909
8932
8910
8913
8914
8915
8916
8917
8918
8919
8921
8922
8923
8924
8930
8931
8936
8937
8938
8939
8943
8945
8946
8947
16648
8948
8950
8954
8957
8959
8961
8962
8966
8968
8969
8971
8972
8975
8998
8983
8984
8986
8988
12382
8991
8992
8994
8996
8997
9001
9012
9014
9016
9018
9019
9020
9021
9348
9023
9025
9027
9029
9030
9031
9032
9036
9037
9038
9039
9040
9041
9044
9050
9051
9055
9057
9062
9070
9071
13704
9072
9074
9075
9077
9079
9081
9082
9085
9086
9087
9091
9092
9093
9094
9102
9107
9112
9113
9116
9118
9119
9121
9123
9125
9127
9132
9133
9137
9138
9153
9143
9144
9145
9146
9150
9151
9152
9155
9156
12834
9161
12883
12799
9162
9166
9174
9176
9177
9180
9184
9185
9192
9193
9196
9199
9200
9201
9204
9206
9210
9211
9212
9213
9216
9223
9224
9226
9228
9230
9231
9233
9234
9235
9243
9244
9245
9246
9248
9249
9251
9252
9253
9255
9256
9257
9259
9260
14178
9261
9263
9264
9265
9267
9270
9272
9274
9276
9279
9282
9285
9286
9288
9290
9291
9294
13429
9295
9297
9299
9300
9301
9306
9308
9309
9312
9313
9314
9316
9317
9318
9319
13447
9320
9321
9322
9324
9325
11027
10217
9329
9331
9333
9334
9336
9338
9340
9342
9344
9350
9351
9354
9355
9356
9357
9358
9360
9365
9367
9369
9388
9371
9372
9373
9374
9376
9378
9383
9385
9389
13278
9392
9395
9396
9397
9747
9398
9399
9400
9403
9404
9405
9406
9409
9410
9413
9414
9416
9418
9420
9421
9422
11605
9423
9424
9425
9426
9427
9430
9431
9432
9435
9436
9438
9440
9441
9443
9444
9445
9446
9667
12141
9447
9448
9449
9451
9453
9454
9455
9457
9458
9460
16182
9461
9462
9463
9464
9465
9466
9467
9469
9470
9472
9473
9474
9475
9476
9477
9480
9481
9482
14575
9484
9485
9486
9489
9491
9494
9499
9500
9501
9502
9504
9505
9508
9509
9510
9511
9512
9513
9514
9516
9517
9518
9520
9522
9523
9526
9529
9531
9532
9533
9534
9535
9536
9539
9542
9543
9544
9545
9547
9548
9549
9551
9553
9554
9556
9558
9561
9562
11044
9563
9564
9566
9567
9570
9572
9573
9574
9576
9577
9579
9582
9584
9586
9587
9588
9589
9590
9591
9592
9593
9595
9596
9597
9598
9599
9602
9603
9605
9607
9608
9609
9613
9614
9618
9620
9622
9623
9624
9625
9626
9628
9629
9630
9631
9633
9634
9636
9637
9639
9640
9641
9642
9645
9646
9647
9651
9653
9654
9656
9657
9658
9660
9661
9662
9666
9668
9670
9673
9674
9675
9677
9678
9680
9683
9685
9686
9688
9690
9691
16989
9693
9695
9697
9698
9700
9701
9702
9705
9706
9707
9710
9719
9721
9722
9723
9726
9727
9728
9729
9731
9734
9735
9736
9737
9741
15243
11028
9742
9743
9744
9748
9752
9753
9754
9761
9762
9765
9766
9768
9770
9771
9772
9775
9776
9777
9778
9781
9783
9784
9785
9786
9788
9790
9791
9792
9794
9799
9800
9803
9807
9810
9811
9812
9813
9814
9815
9817
9818
9821
9822
9823
9826
9827
9828
9829
9830
9831
9832
9833
16724
16733
17438
9837
9838
9839
9841
9842
9843
9844
9851
9853
14594
9854
9855
9858
9860
9863
9865
9868
9870
9873
9874
9876
9879
9883
9884
9886
9887
9889
9890
9891
9892
9895
9898
9900
9901
9902
9904
9905
9906
9908
9909
9910
9911
9912
9913
9914
10339
9917
9919
9922
9923
9924
9925
9926
9927
9928
9929
9930
9931
9932
9938
9939
9940
9941
9942
9944
9946
9949
9950
9952
9953
9954
10915
9956
9960
9963
9964
9965
9966
9970
9972
9973
9974
9975
9976
9979
9980
9981
9982
9983
9988
9989
9990
9991
9992
9993
9994
9996
9997
9998
10002
10003
10004
10006
10009
10010
10012
10013
10014
10017
10018
10019
10022
10025
10028
10029
10032
10033
10034
10035
10036
10037
10038
10039
10040
10041
10042
10044
10045
10047
10048
10051
10052
10054
10055
10056
10058
10059
10060
10061
10062
10063
10065
10066
10067
10068
10069
10070
10072
10073
10075
10077
10078
10079
10080
10081
10082
10084
10085
10086
10087
10088
10090
10180
10091
10092
10094
10097
10098
10275
10099
10101
10102
10103
10104
10105
10108
10109
10110
10113
10115
10116
10120
10122
10123
10124
10125
10126
10129
10130
10131
10132
10137
10139
10141
10142
10143
10144
10146
10149
10150
10151
10154
10156
10157
10158
10161
10164
10166
10167
10168
10169
10172
10173
10176
10178
10182
10185
10186
10187
10188
10190
10191
10192
10193
10195
10200
10202
10203
10204
10207
10208
10209
10211
10213
10215
10218
10219
10221
10222
10223
10224
10226
10230
10233
10236
10237
10238
10240
10241
10242
10244
10245
10246
10247
10249
10250
10252
10255
10257
10259
10260
10262
15609
10263
10266
10268
10269
10270
10271
10273
10274
13654
10277
10279
10280
12933
10283
10288
10289
10290
10292
10293
10297
10298
10300
10302
10305
10306
10307
10311
10312
10313
10314
10316
10318
10319
10320
10325
10326
10328
10329
10330
10331
10333
10334
10335
10336
10338
10340
10341
10343
10345
10347
10348
10353
10355
10357
10358
10363
10365
10366
10367
10371
10372
10373
10375
10376
10379
10382
10388
10389
10390
10398
10400
10402
10403
10404
10406
10408
10410
10411
10412
10417
10419
10422
10423
10426
10430
10432
10438
10439
10440
10441
10443
10445
10451
10452
10454
10455
10458
10459
10461
10462
10463
10466
10472
10473
10475
10476
10478
10479
10482
10486
10491
10493
10494
10495
10496
10497
10498
10499
10502
10506
10508
10511
10512
10513
10514
10515
10516
10517
10519
10520
10521
10522
10523
10525
10526
10527
10528
10529
10530
10531
10534
10535
10541
10542
10543
10545
10546
10547
10548
10549
10550
10552
10553
10554
10555
10559
10561
10563
10564
10565
10566
10567
10571
10572
10574
10575
10576
10578
10581
10583
10584
12543
10585
10586
10588
10590
10591
10594
10597
10602
10604
10608
10610
10612
10614
10615
10616
10619
10621
10622
10624
10628
10629
10634
10637
10639
10641
10642
10643
10644
10646
10647
10648
10649
10650
10655
10657
10658
10662
10663
10666
10667
10668
10670
10672
10674
10677
10679
10680
10682
10687
10691
10695
10696
10698
10699
10700
10701
10703
10706
10707
10711
10712
10713
10715
10716
10717
10718
10719
10723
10724
10725
10730
10731
10732
10733
10734
10736
10737
10740
10741
10742
10744
10745
10746
10749
10750
10753
10754
10755
10757
10758
10759
10760
10771
10772
10773
10777
10778
10779
10782
10783
10784
10785
10788
10789
10791
10792
10795
10798
10799
10800
10801
10803
10804
10805
10806
10809
10810
10814
10815
10819
10821
10822
10824
10825
10826
10827
10828
10829
10830
10833
10835
10837
10839
10842
10844
10846
10847
10849
10850
10851
10852
10853
10854
10855
10857
12682
10861
10863
10864
10865
10867
10868
10871
10872
10876
10877
10878
10879
10880
10881
11014
10882
10883
10884
10888
10890
10894
10895
10896
10897
10900
10901
10903
10904
10906
10908
10909
10910
10911
10912
10914
10916
10917
10920
10922
10925
10928
10929
10930
10931
10932
10933
10936
10943
10944
10945
10946
10948
10950
10951
10958
10961
10963
10968
10969
10979
10970
10971
10973
10975
10977
10980
10985
11092
12759
10988
10989
10990
11694
10993
10994
10997
10998
11000
11001
11002
11003
11004
11005
11009
11012
11015
11016
11017
11019
11020
11545
11021
11024
11025
12547
11032
11034
11035
11038
11040
11042
11043
11046
11048
11049
11050
11051
11053
11055
11057
11059
11060
11062
11063
11065
11066
11068
11069
11072
11073
11075
11076
11077
11079
11082
11083
11088
11091
11093
11095
11097
11098
11099
11100
11101
11106
11108
11111
11113
11114
11115
11116
11119
11122
11123
11124
11125
11126
11128
11129
11131
11132
11134
11135
11136
11138
11139
11140
11144
11145
11146
11147
11149
11150
11151
11152
11154
11157
11158
11160
11164
11166
11167
11168
11169
11170
11171
11173
11174
11175
11177
11179
11180
11181
11183
11185
11186
11188
11190
11192
11193
11197
11202
11205
11206
11208
11209
11211
11212
11213
11214
11215
11217
11218
11220
11221
11224
11225
11226
11227
11228
11230
11231
11234
11236
11237
11238
11241
11242
11243
11244
11249
11254
11256
11257
11259
11261
11262
11264
11265
11267
11268
11270
11271
11272
11273
11274
11275
11276
11278
11280
11282
11283
11284
11285
11289
11290
11292
11293
11295
11296
11299
11300
11301
11302
11303
11304
11308
11309
11311
11312
11313
11314
11316
11318
11320
11322
11325
11326
11327
11328
11330
11331
11332
11333
11334
11335
11337
11338
11339
11340
11341
11343
11344
11345
11346
11348
11349
11350
11352
11356
11357
11361
11362
11363
11365
11367
11369
11371
11373
11374
11379
11380
11381
11382
11383
15878
11386
11390
11393
11397
11398
11400
11404
11408
11409
11410
11411
11412
11413
11557
11415
11416
11417
11418
11420
11422
11423
11424
11427
11428
11429
11430
11431
11432
11433
11435
11437
11439
11440
11441
11442
11443
11445
11446
11447
11448
11449
11451
11454
11455
11456
11457
11458
11461
11467
11469
11470
11471
11473
11474
11475
11477
12869
11478
11479
11484
11485
11486
13514
11487
11489
11490
11493
11494
11496
11498
11500
11974
11502
11503
11505
11509
11510
11511
11512
11514
11515
11517
11520
11524
11525
11526
11527
11531
11532
11533
11535
11537
11538
11539
11541
11543
11544
11546
11547
11548
11552
11553
11555
11556
11559
11560
11562
11563
11564
11567
11570
11571
11572
11573
11576
11577
11579
11582
11585
11587
11588
11590
11593
11595
11597
11598
11602
11604
13925
11607
11610
11611
11614
11615
11616
11617
11618
11620
11622
11626
11628
11629
15349
11630
11633
11634
11635
11638
11642
11643
11646
11647
11649
11653
11659
11660
11662
11665
11666
13829
11667
11669
11670
11673
11674
11675
11676
11677
11679
11680
11682
11684
11687
11689
11690
11693
11695
11698
11699
11700
11701
11702
11705
12165
11707
11711
11714
11715
11716
11717
11718
11721
11723
11724
11725
11727
11729
11731
11732
11733
11735
11738
11739
11741
11742
11743
11744
11749
11750
11751
11754
15731
11755
11756
11757
11759
11760
11761
11763
11765
11766
11767
11768
11769
11771
11774
11775
11777
11778
11781
11782
11783
11785
11786
11787
11788
11790
11791
11794
11795
11800
11802
11803
11805
11812
11813
11814
11816
11817
11818
11820
11822
11823
11827
11830
11832
11833
11834
11835
11836
11837
11838
11840
11841
11844
11845
11846
11847
11850
11851
11853
11854
11855
11857
11861
11864
11865
11870
11871
11872
11873
11874
11878
11881
11882
11884
11888
11889
11891
11893
11894
11895
11896
11897
11898
11899
11900
11904
12216
11905
11906
11910
11912
11913
11915
11917
11920
11921
11922
11923
11924
11926
11927
12220
11930
11931
11932
11933
11935
11937
11938
11939
11940
11944
11945
11947
11949
11950
11951
11952
11953
11955
11956
11957
11961
11962
11963
11964
11965
11966
11967
11970
11971
13579
11975
11976
11977
14740
11979
11980
11981
11986
11988
11989
11992
11994
11995
11996
11997
11998
12000
12001
12003
12004
12011
12012
12013
12015
12016
12017
12020
12024
12029
12030
12035
12037
12038
12039
12042
12045
12046
12047
12048
12049
12051
12054
12055
12057
12060
12062
12065
12066
12070
12072
12073
12076
12079
12081
12082
12083
12084
12085
12087
12088
12089
12090
12091
12092
12093
12096
12097
12099
12101
12121
12102
12103
12104
12107
12108
12110
12112
12113
13329
12114
12115
12119
12120
12123
12126
12127
12129
12131
12132
12134
12135
12136
14389
12139
12142
12143
12144
12145
12146
12147
12150
12151
12152
12155
12157
12158
12159
12160
12161
12162
12163
14852
12592
12164
12167
12168
12169
12172
12174
12175
12176
12179
12181
12182
12184
12185
12195
12200
12201
12202
12203
12204
12208
12209
12210
12211
12214
12215
12218
12219
12222
12223
12224
12232
12233
12236
12482
12239
12240
12241
12248
12251
12252
12254
12256
12258
12261
12265
12266
12267
12269
12270
12271
12274
12275
12276
12277
12279
12280
12282
12283
12284
12285
12286
12288
12289
12292
12293
12296
12298
12301
12302
12303
12304
12305
12307
12309
12310
12311
12312
12315
12316
12317
12318
12321
12322
12323
12326
12328
12329
12330
12332
12333
12334
12335
12336
12337
12341
12344
12345
12346
12347
12351
12353
12354
12358
12359
12360
12361
12364
12365
12366
12371
12372
12373
12374
12375
12379
12381
12383
12384
12385
12388
12390
12391
12393
12394
12396
12398
12400
12401
12403
12404
12406
12407
12408
12409
12410
12411
12412
12413
12416
12418
12419
12420
12421
12425
12426
12427
12429
12430
12433
12435
12436
12438
12439
12441
12442
12443
12445
12446
12447
12448
12449
12450
12453
12454
12458
12459
12461
12462
12463
12464
12466
12469
12472
12473
12476
12477
12479
12480
12484
12485
12486
12488
12491
12492
12493
12494
12495
12499
12501
12502
12504
12505
12509
12511
12512
12513
12515
12517
12518
12520
12521
12522
12524
12525
12526
12527
12528
12529
12530
12531
12533
12534
12537
12538
12539
12540
12542
12544
16203
12551
12552
12555
12556
12561
12562
12563
12565
12566
12570
12575
12577
12579
12581
12582
12583
12584
12585
12586
12588
12589
12590
12591
12593
12595
12596
12597
12599
12600
12604
12606
12609
12610
12611
12612
12656
12613
12614
12615
12616
12619
12622
12623
12627
12628
12629
12640
12641
12642
12643
12645
12647
12648
12649
12651
12653
12654
12655
12657
12658
12660
12666
12669
12670
12671
12672
12673
12674
12677
12678
12681
12683
12684
12685
12686
12687
12689
12690
12691
12692
12693
12694
12695
12696
12697
12698
12700
12702
12703
12704
12705
12706
12707
12708
12710
12711
12712
12713
12714
12717
12785
12718
12719
12721
12723
12724
12725
12727
17787
12728
12729
12731
12732
12734
12735
12736
12740
12742
12743
12745
12746
12747
12750
12751
12752
12754
12755
12756
12757
12758
12760
12762
12766
12767
12769
12770
12771
12772
12773
12774
12775
12776
12777
12778
12781
12782
12783
12787
12788
12790
12791
12793
12794
12795
12796
12797
12800
12801
16010
12804
12805
12806
12807
12808
12811
12812
12813
12816
12818
12819
12820
12821
12823
12826
12828
12829
12831
12832
12833
12835
12836
12838
12840
12842
12843
12844
12846
12849
12850
12854
12855
12856
12859
12860
12862
12866
12868
12871
12872
12873
12874
12876
12880
12881
12882
12884
12886
12887
12888
12889
12891
12892
12897
12898
12899
12900
12902
12903
12904
12905
12907
12910
12913
12914
12916
12918
12919
12920
12921
12922
12923
12924
12925
12926
12927
12928
12929
12930
12931
12934
12935
12936
12938
12941
12943
12944
12947
12948
12950
12951
12952
12953
12955
12956
12958
12959
12960
12962
12963
12964
12966
12967
12968
12970
12971
12973
12974
12975
12978
12980
12981
12982
12983
12984
12985
12986
12989
12990
12991
12992
12993
12994
12996
12997
12999
13003
13004
13006
13007
13008
13009
13011
13012
13659
13015
13017
13018
13019
13020
13021
13022
13023
13024
13025
13027
13028
13029
13031
13032
13033
13034
13035
13039
13040
13043
13044
13045
13046
13050
13051
13052
13053
13054
13055
13056
13059
13060
13063
13064
13065
13066
13067
13072
13073
13075
13076
13077
13078
13079
13080
13081
13083
13084
13085
13087
13091
13093
13096
13097
13098
13100
13102
13105
13106
13109
13111
13112
13113
13115
13117
13120
13124
13125
13126
13127
13128
13130
13132
13133
13136
13137
13139
13142
13143
13144
13145
13146
13147
15241
13148
13149
13150
13151
13152
13153
13154
13156
13159
13160
13162
13164
13167
13168
13169
13171
13172
13173
13174
13175
13176
13177
13179
13180
13181
13184
13185
13186
13187
13188
13192
13193
13194
13197
13198
13199
13202
13203
13204
13207
13208
13209
13210
13212
13214
13215
13217
13218
13220
13221
13222
13223
13225
13226
13231
13232
13233
13234
13237
13238
13242
13244
13245
13246
13247
13249
13252
13254
13255
13256
13257
13258
13259
13260
13261
13262
13266
13268
13269
13270
13271
13272
13273
13274
13275
13276
13279
13281
13282
13283
13284
13285
13287
13292
13293
13298
13299
13300
13301
13302
13304
13305
13308
13311
13312
13313
13314
13316
13317
13319
13322
13325
13326
13328
13330
13331
13332
13333
13334
13335
13338
13339
13341
13343
13346
13347
13348
13355
13356
13357
13359
13360
13362
13363
13368
13371
13372
13373
13374
13375
13378
13379
13380
13381
13383
13384
13385
13386
13387
13388
13389
13390
13393
13394
13395
13397
13399
13402
13403
13404
13405
13406
13409
13410
13411
13412
13414
13415
13416
13418
13419
13423
13425
13427
13428
13430
13432
13435
13436
13437
13438
13440
13441
13442
13443
15142
13445
13446
13449
13451
13452
13455
13457
13459
13460
13462
13463
13464
13466
13467
13470
13471
13473
13474
13475
13476
13478
13483
13485
13488
13492
13493
13494
13497
13499
13502
13503
13504
13511
13512
13517
13518
13519
13520
13524
13525
13527
13530
13532
13539
13540
13541
13543
13544
13547
13548
13552
13553
13556
13557
13558
13560
13564
13566
13567
13568
13570
13571
13575
13576
13580
13581
13585
13587
13597
13598
13599
13601
13603
13605
13606
13607
13609
13610
13616
13618
13619
13620
13621
13623
13624
13627
13628
13631
13632
13635
13637
13638
13639
13641
13835
13644
13645
13646
13648
13649
13650
13651
13653
13655
13656
13657
13661
13662
13663
13665
13666
13668
13670
13671
13681
13682
13683
13686
13692
13696
13697
13698
13700
13705
13707
13708
13709
13710
13711
13712
13713
13715
13718
13720
13726
13728
13729
13733
13736
13737
13740
13741
13745
13746
13748
13749
13750
13751
13752
13754
13755
13758
13761
13762
13763
13764
13766
13767
13768
13770
13771
13773
13776
13777
13778
13780
13782
13783
13786
13789
13790
13794
13795
13796
13798
13799
13800
13801
13802
13803
15704
13805
13808
13809
13811
13812
13814
13817
13820
13822
13824
13825
13827
13828
13831
13832
13833
13836
13837
13838
13839
13841
13844
13845
13846
13847
13849
13850
13851
13852
13854
13858
13859
13861
13862
13863
13866
13867
13870
13872
13874
13875
13878
13879
13881
13882
13883
13885
13886
13887
13890
13892
13893
13894
13895
13896
13897
13899
13900
13902
13903
13904
13906
13907
13908
13914
13917
13919
13920
13921
13923
13924
13926
13927
13928
13929
13930
13931
13932
13933
13934
13935
13936
13937
13938
13939
13940
13942
13944
13946
13948
13949
13952
13953
13955
13957
13958
13959
13962
13963
13964
13966
13970
13972
13973
13979
13980
13982
14440
13988
13990
13991
13993
13994
13995
13996
13998
13999
14002
14003
14004
14008
14009
14010
14015
14016
14021
14023
14024
14027
14028
14029
14031
14033
14034
14038
14039
14040
14041
14042
14046
14052
14053
14054
14055
14058
14060
14061
14062
14063
14064
14065
14070
14072
17281
14073
14075
14079
14083
14085
14086
14087
14088
14092
14094
14096
14097
14099
14101
14105
14108
14113
14115
14116
14118
14119
14120
14121
14122
14124
14127
14128
14131
14132
14133
14135
14140
14142
14143
14144
14146
14150
14152
14154
14155
14157
14159
14160
14162
14165
14168
14169
14171
14172
14174
14179
14180
14181
14182
14184
14185
14186
14187
14188
14193
14198
14200
15040
14201
14203
15295
14206
14207
14208
14209
14210
14213
14214
14215
14217
14218
14220
14221
14222
14223
14224
14225
14227
14229
14231
14233
14234
14235
14236
14241
14243
14244
14247
14252
14254
14257
14261
14262
14263
14264
14266
14267
14268
14271
14272
14274
14278
14285
14286
14288
14290
14293
14295
14296
14842
14297
14300
14301
14302
14304
14306
14307
14308
14310
14312
14313
14314
14315
14318
14319
14320
14321
14323
14324
14327
14329
14330
14336
14339
14340
14341
14344
14345
16995
14347
14348
14350
14351
14353
14358
14360
14361
14363
14366
14367
14369
14371
14374
14375
14376
14379
14380
14384
14386
14393
14396
14398
14402
14405
14406
14408
14409
14410
14411
14412
14413
14414
14415
14416
14418
14422
14423
14424
14426
14430
14431
14432
14434
14436
14438
14439
14443
14444
14445
14446
14449
14450
14452
14454
14458
14459
14460
14461
14463
14464
14465
14466
14470
14473
14474
14475
14476
14477
14478
14479
14497
16054
14485
14486
14488
14493
14494
14495
14496
14498
14499
14503
14504
14505
14506
14507
14510
14517
14520
14521
14522
14523
14524
14526
14528
14530
14531
14533
14534
14536
14537
14538
14540
14541
14543
14545
14546
14548
14549
14551
14552
14554
14555
14556
14557
14558
14560
14561
14562
14564
14568
14569
14570
14573
14574
14576
14577
14578
14579
14580
14586
14587
14589
14590
14591
14593
14595
14598
14599
14600
14602
17381
17382
14605
14606
14607
14610
14611
14613
14614
14615
14616
14619
14621
14623
14626
14628
14630
14632
14635
14636
14639
14642
14643
14644
14650
14651
14652
14653
14655
14656
14657
14661
14662
14663
14664
14665
14666
14668
14669
14670
14672
14674
14675
14677
14678
14679
14680
14681
14685
14686
14691
14692
14693
14695
14696
14697
14698
17245
14699
14700
14701
14702
14704
14705
14706
14708
14709
14710
14711
14712
14713
14716
14717
14719
14722
14724
14725
14726
14729
14731
14732
18061
14733
14734
14735
14736
14737
14738
14741
14742
14743
14746
14747
14748
14752
14753
14754
14758
14761
14764
14766
14768
14769
14772
14775
14777
15333
14783
14784
14786
14787
14788
14789
14790
14791
14795
14799
14800
14801
14802
14803
14804
14805
14807
14808
14809
14811
14812
14813
14816
14817
14819
14820
14821
14822
14823
14825
14827
14830
14834
14835
14836
14837
14838
14839
14841
14843
14844
14846
14847
14848
14849
14850
14851
14859
14860
14864
14867
14868
14871
14874
14875
14876
14877
14880
14881
14882
14883
14889
14894
14897
14898
14900
14902
14903
15290
14904
14905
14907
14908
14909
14910
14911
14912
14914
14915
14916
14918
14919
14921
14926
14928
14930
14931
14932
14933
14934
14937
14939
14940
14941
14943
14944
14946
14947
14948
14950
14953
14956
14957
14958
14959
14961
14963
14965
14968
14969
14973
14974
14977
14979
14980
14982
14983
14985
14988
14991
14992
14994
14998
15002
15003
15007
15012
15014
15016
15018
15521
15846
15022
15023
15025
15028
15030
15031
15035
15037
15039
15042
15043
15047
15049
15050
15051
15053
15054
15057
15059
15061
15062
15064
15068
15071
15073
15074
15075
15077
15078
15080
15084
15086
15088
15089
15090
15091
15092
15097
15098
15099
15102
15103
15104
15107
15109
15114
15115
15116
15118
15119
15121
15122
15123
15124
15128
15132
15136
15138
15139
15140
15143
15145
15147
15148
15151
15154
15155
15156
15157
15158
15159
15161
15162
15166
15167
15169
15171
15173
15174
15175
15177
15182
15183
15184
15187
15189
15190
15191
15193
15195
15440
15197
15200
15202
15203
15206
15208
15214
15215
15217
15218
15221
15222
15223
15227
15228
15229
15230
15420
15233
15235
15236
15237
15277
15238
15240
15245
15246
15248
15249
15254
15255
15258
15259
15260
15262
15263
15265
15267
15268
15271
15272
15273
15276
15278
15281
15283
15286
15288
15289
15293
15294
15299
15302
15304
15307
15308
15309
15310
15311
15312
15316
15317
15318
15319
15321
15322
15325
15327
15332
15328
15329
15335
15336
15337
15339
15340
15353
15354
15359
15360
15361
15363
15364
15365
15366
15369
15370
15372
15373
15377
15378
15381
15386
15388
15389
15390
15391
15393
15394
15395
15396
15398
15399
15403
15404
15407
15408
15410
15412
15413
15416
15418
15419
15423
15424
15425
15426
15427
15428
15430
15434
15435
15438
15439
15441
15443
15444
15446
15448
15453
15454
15455
15456
15461
15462
15466
15468
15469
15471
15684
15472
15473
15474
15476
15477
15478
15480
15482
15483
15485
15487
15488
15489
15490
15491
15493
15494
15496
15498
15500
15501
15502
15505
15506
15508
15511
15514
15515
15516
15519
15523
15524
15525
15528
15530
15531
15532
15533
15534
15538
15539
15540
15544
15548
15552
15553
15554
15555
15558
15559
15562
15563
15564
15570
15574
15575
17084
15576
15579
15581
15585
15588
15589
15591
15592
15594
15595
15596
15598
15602
15603
15604
15605
15607
15612
15614
15616
15619
15621
15625
15626
15632
15633
15636
15637
15639
15640
15641
15642
15643
15645
15648
15649
15652
15653
15654
15656
15661
15662
15665
15666
15667
15671
15672
15676
15679
15681
15685
15686
15688
15689
15691
15692
15693
15694
15695
15696
15697
15698
15699
15703
15705
15707
15708
15710
15715
15716
15720
15721
15722
15723
15724
15726
15729
15730
15732
15733
15735
15736
15737
15742
15744
15746
15748
15749
15750
15753
15754
15755
15756
15758
15763
15766
15768
15769
15770
15771
15772
15775
15776
15777
15778
15780
15781
15783
16120
15786
15788
15789
15790
15791
15792
15793
15794
15795
15797
15798
15799
15800
15801
15802
15804
15805
15809
15811
15812
15814
15815
15816
15821
15823
15824
15826
15827
15828
15830
15831
15832
15833
15836
15838
15840
15841
15843
15844
15847
15848
15850
15851
15852
15854
15855
15856
15857
15858
15859
15860
15861
15865
15869
15873
15875
15877
15881
15883
15884
15885
15886
15890
15891
15892
15893
15895
15896
15899
15902
15905
15906
15914
15915
15919
15921
15922
15925
15927
15931
15933
15934
15935
15936
15941
15944
15946
15947
15950
15954
15958
15961
15962
15964
15965
15968
15970
15972
15975
15976
15977
15981
16601
15983
15984
15985
15986
15988
15989
15990
15991
15993
15994
15997
15998
15999
16000
16002
16004
16006
16013
16014
16015
17642
17503
16018
16021
16024
16026
16027
16028
16029
16032
16034
16035
16036
16038
16041
16045
16046
16047
16050
16051
16055
16056
16060
16061
16062
16064
16065
16067
16068
16074
16075
16076
16079
16081
16083
16085
16088
16089
16090
16091
16093
16095
16097
16098
16103
16105
16108
16109
16111
16113
16114
16115
16116
16117
16122
16124
16125
16126
16127
16128
16129
16130
16131
16132
16133
16134
16135
16136
16137
16138
16139
16140
16141
16142
16143
16144
16145
16146
16147
16148
16149
16150
16151
16152
16153
16154
16155
16159
16161
16163
16165
16168
16169
16170
16171
16173
16174
16175
16177
16178
16181
16184
16185
16186
16189
16191
16193
16194
16195
16196
16197
16198
16199
16201
16207
16208
16210
16211
16212
16213
16214
16215
16217
16219
16223
16225
16226
16229
16230
16231
16232
16233
16234
16239
16242
16245
16246
16301
16248
16250
16252
16254
16256
16258
16262
16263
16264
16265
16267
16269
16270
16271
16272
16274
16276
16277
16278
16279
16280
16281
16282
16283
16284
16285
16289
16290
16291
16295
16296
16298
16299
16300
16302
16303
16304
16305
16308
16309
16310
16312
16315
16318
16324
16325
16326
16332
16333
16336
16339
16344
16349
16350
16352
16353
16354
16355
16356
16358
16359
16361
16362
16365
16367
16368
16370
16371
16378
16381
16382
16383
16384
16386
16388
16389
16390
16392
16394
16396
16397
16398
16399
16400
16401
16403
16404
16405
16406
16407
16410
16412
16414
16418
16421
16422
16423
16427
16429
16431
16432
16433
16434
16435
16436
16437
16438
16439
16441
16443
16445
16446
16450
16454
16456
16457
16459
16462
16463
16464
16466
16467
16468
16472
16474
16476
16477
16478
16480
16485
16486
16487
16488
16489
16491
16493
16494
16495
16498
16500
16501
16502
16504
16506
16508
16509
16511
16515
16516
16517
16518
16524
16527
16529
16532
16535
16537
16538
16539
16540
16541
16542
16548
16549
16551
16552
16556
16557
16559
16561
16563
16564
16565
16568
16637
16571
16572
16574
16576
16577
16578
17613
16580
16581
16582
16584
16586
16589
16590
16591
16592
16594
16596
16597
16599
16600
16616
16602
16603
16605
16607
16608
16610
16612
16613
16615
16619
16620
16621
16623
16624
16626
16627
16628
16633
16634
16640
16644
16646
16647
16650
16653
16654
16655
16657
16658
16659
16661
16662
16664
16666
16669
16670
16672
16674
16675
16676
16678
16679
16680
16681
16682
16683
16684
16687
16688
16689
16691
16692
16697
16698
16700
16701
16702
16704
16705
16706
16707
16708
16709
16710
16711
16713
16714
16718
16723
16726
16732
16735
16736
16740
16741
16743
16745
16747
16748
16749
16753
16761
16762
16764
16765
16768
16773
16775
16777
16778
16779
16780
16781
16785
16787
16788
16789
16790
16791
16792
16793
16795
16796
16797
16800
16804
16806
16808
16811
16812
16813
16814
16816
16818
16820
16821
16822
16823
16824
16827
16829
16832
16833
16835
16837
16838
16841
16844
16845
16850
16851
16852
16854
16855
16856
16857
16859
16860
16862
16863
16864
16865
16866
16873
16874
16875
16876
16880
16884
16885
16886
16890
16894
16895
16896
16897
16901
16902
16904
16905
16906
16907
16908
16911
16912
16913
16918
16921
16922
16923
16928
16929
16930
16931
16933
16937
16940
16941
16942
16946
16948
16950
16951
16952
16953
16954
16955
16956
16961
16964
16966
16967
16969
16970
16971
16973
16975
16976
16977
16978
16979
16980
16981
16983
16985
16987
16990
16991
16993
16994
16998
17000
17001
17002
17003
17005
17006
17009
17010
17011
17012
17014
17015
17016
17017
17018
17020
17021
17022
17023
17025
17026
17027
17029
17030
17032
17036
17037
17038
17039
17040
17041
17042
17043
17044
17045
17046
17047
17049
17050
17051
17052
17053
17058
17059
17060
17063
17065
17066
17067
17069
17071
17072
17073
17074
17075
17076
17077
17080
17081
17082
17083
17087
17088
17089
17090
17091
17092
17097
17101
17102
17103
17104
17105
17107
17108
17109
17110
17111
17112
17113
17114
17115
17116
17117
17118
17120
17122
17124
17125
17275
17126
17127
17128
17129
17130
17131
17132
17133
17136
17137
17138
17140
17141
17142
17144
17145
17146
17151
17152
17154
17155
17156
17157
17158
17160
17161
17164
17165
17166
17168
17169
17172
17174
17176
17179
17180
17181
17182
17183
17184
17185
17187
17188
17190
17192
17193
17194
17196
17197
17199
17200
17201
17202
17203
17204
17205
17206
17208
17209
17210
17211
17212
17214
17215
17342
17217
17220
17221
17222
17223
17225
17227
17228
17229
17230
17231
17234
17235
17237
17238
17239
17240
17241
17243
17244
17248
17250
17251
17252
17253
17254
17255
17257
17258
17259
17261
17263
17265
17266
17268
17269
17270
17271
17272
17273
17274
17277
17279
17280
17282
17283
17284
17288
17289
17290
17291
17293
17294
17295
17301
17302
17303
17304
17305
17306
17307
17308
17310
17314
17315
17316
17317
17318
17319
17320
17322
17323
17324
17325
17326
17327
17329
17333
17335
17337
17338
17340
17345
17346
17347
17348
17349
17352
17353
17354
17355
17357
17358
17359
17360
17361
17362
17363
17364
17365
17366
17368
17369
17370
17371
17372
17374
17376
17378
17379
17383
17384
17385
17386
17387
17388
17395
17399
17400
17401
17402
17403
17406
17408
17409
17410
17411
17412
17413
17414
17416
17417
17419
17421
17422
17423
17425
17427
17429
17430
17431
17432
17433
17434
17435
17436
17437
17439
17440
17441
17442
17443
17444
17446
17451
17452
17453
17454
17456
17458
17459
17460
17461
17462
17464
17465
17466
17467
17468
17470
17472
17473
17475
17476
17477
17478
17479
17481
17482
17483
17484
17486
17487
17488
17491
17492
17493
17494
17495
17496
17498
17499
17502
17505
17507
17508
17509
17510
17512
17514
17515
17519
17521
17523
17525
17528
17530
17532
17534
17535
17536
17539
17541
17545
17547
17549
17552
17554
17555
17556
17557
17559
17560
17561
17564
17567
17570
17572
17574
17575
17577
17578
17580
17581
17585
17587
17588
17589
17592
17593
17594
17597
17598
17600
17601
17602
17605
17606
17609
17611
17612
17614
17615
17616
17617
17618
17619
17620
17621
17622
17623
17624
17625
17626
17627
17628
17631
17632
17634
17635
17636
17827
17638
17641
17643
17644
17646
17648
17652
17653
17658
17661
17663
17664
17665
17666
17667
17671
17676
17678
17679
17680
17684
17685
17686
17687
17688
17689
17691
17692
17697
17698
17700
17702
17703
17704
17705
17707
17709
17710
17712
17714
17715
17716
17717
17718
17719
17720
17721
17722
17723
17724
17725
17726
17728
17729
17731
17733
17734
17737
17738
17740
17741
17743
17744
17745
17747
17748
17749
17750
17751
17752
17753
17754
17755
17756
17757
17758
17760
17761
17763
17764
17765
17766
17767
17768
17769
17770
17771
17773
17774
17775
17776
17777
17779
17780
17783
17784
17786
17788
17789
17790
17791
17792
17794
17795
17796
17797
17798
17800
17801
17802
17803
17804
17805
17807
17809
17810
17811
17813
17814
17818
17820
17821
17822
17823
17824
17826
17829
17830
17831
17833
17834
17835
17837
17838
17840
17842
17843
17845
17846
17848
17853
17857
17858
17859
17860
17861
17863
17864
17865
17866
17868
17870
17871
17872
17873
17874
17875
17876
17877
17879
17880
17882
17888
17891
17892
17893
17894
17895
17896
17897
17899
17901
17902
17904
17907
17908
17909
17910
17911
17912
17913
17914
17915
17916
17918
17919
17921
17923
17931
17933
17934
17937
17939
17944
17946
17948
17949
17950
17951
17954
17955
17956
17958
17960
17962
17963
17964
17967
17968
17970
17971
17972
17974
17975
17976
17983
17984
17986
17987
17988
17989
17990
17991
17993
17994
17995
17996
17999
18000
18003
18004
18005
18007
18009
18010
18012
18013
18014
18015
18016
18019
18021
18023
18024
18025
18027
18030
18031
18033
18036
18037
18039
18040
18042
18043
18044
18045
18048
18050
18051
18052
18053
18054
18057
18059
18060
18063
18064
18065
18066
18067
18069
18070
18071
18072
18073
18076
18077
18078
18079
18082
18083
18087
18090
18092
18093
18094
18096
18097
18102
18103
18104
18107
18108
18110
18111
18113
18115
18116
18118
18119
18120
18121
18122
18123
18125
18130
18131
18134
18136
18137
18141
18142
18143
18145
18147
18149
18152
18153
18154
18155
18157
18158
18160
18162
18166
18168
18170
18172
18173
18174
18176
18178
18185
18187
18188
18189
18190
18191
18192
18193
18197
18199
18201
18203
18204
18205
18206
18208
18209
18210
18213
18214
18215
18217
18218
18219
18220
18222
18223
18225
18226
18229
18232
18233
18234
18237
18238
18239
18240
18241
18242
18243
18244
18245
18247
18248
18250
18251
18253
18254
18255
18256
18257
18259
18260
18261
18262
18263
18264
18267
18268
18271
18274
18275
18277
18279
18281
18282
18283
18285
18287
18288
18291
18292
18293
18294
18296
18298
18300
18301
18302
18304
18305
18306
18307
18312
18313
18314
18315
18317
18320
18321
18324
18325
18330
18328
18329
18332
18338
18339
18341
18343
18344
18345
18346
18347
18348
18349
18350
18351
18352
18353
18354
18356
18357
18358
18359
18360
18361
18362
18363
18365
18366
18367
18372
18373
18376
18378
18379
18381
18383
18390
18394
18395
18396
