0
1
519
43
590
975
535
3038
8967
1706
4952
3292
3997
4
2663
3278
1519
14352
1108
9142
24
1211
2143
7
1590
3592
7913
206
4373
2262
8409
18075
1727
9
10
1548
85
14
15
3361
1992
14059
2129
4149
280
53
20
21
22
177
83
6645
6694
57
23
311
27
28
8138
15578
30
10776
297
32
34
35
36
1336
7299
37
39
40
41
42
47
48
49
3396
1620
156
52
54
55
11655
56
643
473
5939
5334
58
1492
60
64
129
61
2889
67
128
3603
68
806
9387
686
8951
5689
3615
71
148
1851
75
591
77
78
81
233
763
1740
373
82
84
1842
239
86
1028
87
326
88
90
904
6428
93
94
3528
3935
106
107
108
331
945
114
118
119
122
123
12675
292
1321
175
6066
155
124
764
3005
125
127
3744
4109
2804
2470
130
132
474
135
137
138
141
142
144
145
146
8669
1726
147
149
892
150
151
152
153
4054
154
199
157
159
160
163
164
165
166
167
169
6227
755
3911
2967
2040
2682
178
179
1600
4892
1741
182
183
184
185
186
187
270
188
5672
3259
189
190
191
542
192
193
194
196
197
198
2125
202
1610
203
204
205
1403
1317
207
208
212
213
6696
214
220
221
222
224
6528
597
225
229
460
230
231
234
4329
3319
4399
2089
238
240
243
244
245
247
248
254
256
257
258
259
261
262
263
392
461
527
4724
568
347
264
269
320
5827
15314
819
271
275
277
278
279
9222
7815
4936
9195
7608
15924
455
281
1728
282
283
7589
284
285
287
291
709
3783
521
8010
1070
5395
6388
7982
9049
13318
293
294
1359
295
296
300
304
310
5249
312
313
17264
314
315
318
319
6427
647
321
1518
322
323
324
325
328
329
330
332
333
1621
2414
334
335
3383
337
583
3795
958
339
340
343
344
346
349
350
7682
1443
12715
1123
352
353
354
355
5375
356
357
358
359
362
363
364
365
366
3738
367
368
370
371
372
7503
375
378
379
380
11251
4350
383
641
386
390
391
8143
7464
395
396
4425
397
398
399
3106
3799
3556
7843
10983
400
401
4112
403
406
16959
404
408
411
412
413
418
419
950
421
422
426
1959
12154
427
438
439
440
441
675
457
447
448
450
4068
3270
458
459
2144
5444
462
6381
464
465
467
468
469
2036
470
4959
471
472
15773
475
480
481
1757
482
483
1341
486
1613
487
489
493
496
499
2799
500
773
503
505
815
6907
10429
506
4052
2622
507
509
510
10774
512
513
515
516
518
520
6082
1434
523
7046
2293
2074
2271
524
525
526
1714
528
532
533
534
536
537
538
539
540
541
12264
543
545
546
547
548
549
551
9337
552
553
554
555
556
2318
557
558
559
560
561
562
563
564
565
566
567
8552
569
570
571
572
4864
5619
573
574
575
576
577
578
579
1874
581
582
584
3472
2963
10360
586
587
588
10005
589
592
593
594
598
599
600
601
602
607
608
610
3425
1049
845
1197
4562
4474
4473
611
614
615
616
618
619
620
1805
623
627
629
3050
1819
630
632
5018
5019
633
634
635
639
640
2872
642
644
645
931
646
648
649
650
651
652
653
655
656
657
659
661
662
663
664
665
666
667
668
3704
669
670
12387
983
671
673
674
1646
676
677
678
679
681
682
683
2358
684
685
2227
687
1859
1271
688
690
692
693
694
695
696
697
698
699
1448
701
702
703
704
705
12299
706
710
711
712
713
714
715
716
717
720
721
5831
4139
5012
1463
722
724
725
726
727
6298
728
10836
729
730
731
732
733
734
735
737
738
739
740
741
742
743
744
745
749
750
751
752
753
754
5698
757
5850
758
759
761
762
7303
873
8840
765
766
767
768
769
5767
772
775
778
780
781
784
785
786
5082
787
788
1531
789
790
791
792
793
794
795
796
797
798
1503
799
800
801
3598
802
804
805
2072
10425
807
808
810
811
812
814
4612
1575
3971
4388
4189
816
817
818
821
822
823
825
826
827
828
830
831
832
833
835
836
837
838
840
841
843
1196
846
847
848
851
11934
2563
852
9819
1406
853
4397
854
910
13545
855
7710
857
858
859
863
864
3521
1796
4718
5014
865
866
867
869
871
872
9353
6412
8855
874
2381
875
876
878
2008
879
883
885
887
888
889
1798
890
891
11436
893
894
895
3784
896
897
899
900
901
3604
902
903
5322
2595
3410
905
906
907
908
909
911
912
913
914
915
920
922
923
956
924
925
926
927
928
930
932
933
1510
1370
934
935
936
938
939
941
942
943
3979
944
1612
947
949
951
952
953
954
955
957
18177
1452
4031
960
9984
962
964
965
7085
966
967
1572
971
972
973
974
976
977
978
979
980
982
7808
987
989
990
992
993
994
995
13026
11880
1660
997
998
999
9948
1000
1001
1002
1003
1004
1005
1006
1007
1008
1009
1010
1011
1012
1013
1363
1015
1018
1019
1020
1022
1024
4136
1025
1026
3768
3769
1029
1030
1031
1040
1042
1043
1044
1045
1047
1048
3801
3255
1050
1051
1052
1053
1055
1056
1057
1058
1059
1061
1062
1063
1064
1065
1067
1068
1069
1071
1075
5551
1076
3761
1079
1080
1084
1835
1085
1086
1087
2058
4666
1088
1089
1091
1092
1093
1097
1098
1099
1100
1101
1103
1104
1110
1111
1116
4648
4779
3468
1117
1119
1120
1121
1419
1128
1129
1130
1131
1132
1133
1134
1135
1678
1136
1137
1138
1141
1144
1146
1147
1148
1149
1150
3714
1154
1155
1157
1158
1160
1164
1165
1166
1167
1168
1169
1170
1171
1172
1174
1175
1178
1179
1180
1182
1183
1184
1185
1186
1187
1189
1190
4695
1191
1192
1193
1195
1199
1200
1201
1202
1205
1206
1208
1209
1210
1213
1214
1215
1216
1219
1220
3708
1221
1222
1223
1224
1225
1226
1227
1228
1230
1231
1232
5530
1233
1234
1236
2565
1246
1237
1238
1239
1240
1241
1242
1243
1368
1247
1248
1249
1250
1251
1254
1256
1257
1259
2010
8322
1260
1261
1262
1263
1264
1265
1266
1267
1268
1270
1274
1275
1276
1277
1278
1281
1282
1283
14492
1284
1289
1290
1291
1293
3090
1294
1295
1296
1297
1298
1299
1300
1708
1301
1302
1326
1303
1344
7645
7662
1304
1305
1306
14612
1308
1309
1310
1311
1313
1318
1322
1323
1324
1327
1328
1329
1330
1331
1333
1335
1337
1338
1342
1343
1345
1347
1348
1349
1351
1353
1354
1357
1358
17098
1364
1365
1366
5359
1367
1372
1374
1376
1377
1382
1383
4447
1384
1385
1386
1388
3939
10026
1389
1390
9750
1391
1392
1393
3394
7695
1394
1397
1399
1400
1401
1404
16395
1407
1408
1411
1412
1413
1416
1417
4182
1420
1421
1422
1426
1427
1430
1431
1432
1436
1437
1438
1439
10282
1440
1442
1445
1446
1447
3236
9894
12225
11080
1449
1450
2937
1454
1455
1457
1458
1459
6963
1460
1461
1462
14265
1464
1466
1469
1470
1471
1472
1473
1475
4605
1477
1478
1479
1481
1484
1486
1487
1490
1491
4734
1498
1501
1505
1508
1509
1512
1514
1517
9571
1520
1521
1522
1524
1525
1527
1528
1529
1532
1533
9665
3277
16366
3844
9305
7263
1632
1534
1536
1537
1540
1541
1542
1546
3923
2589
1547
1554
4206
1556
1557
1559
1561
1562
3688
1563
1564
13224
1565
1567
1568
1569
1573
1574
1579
1580
1581
1582
1583
1764
1700
1584
3163
16102
1897
5742
9171
6393
7610
10683
1917
1585
1586
1587
1588
1589
1593
4018
1594
1597
1599
1601
1603
1605
1606
1607
4560
1611
1614
1615
1616
1617
1622
1623
2982
1624
1626
1627
1628
1629
1631
1668
2460
1633
1634
4025
1636
1637
1638
1640
1642
1644
1645
1647
1649
1650
1651
1653
1655
1657
1658
1659
6276
1662
16374
1664
7629
1670
1672
1673
1676
1677
3978
2851
1679
1683
1684
1685
1686
1687
1689
1691
1692
1693
1694
1695
1701
1723
1702
1703
8244
10953
1710
1712
1713
1715
1716
1717
2837
1718
1721
1724
2777
1730
1731
1735
1736
1739
7504
1742
1743
7021
1744
1745
6177
1746
1747
1748
1749
1750
1752
1754
1755
11370
1760
1761
1762
1763
1765
1766
1767
1771
1773
1775
1777
1778
1779
5574
1781
1782
1783
1784
1785
6590
1787
1788
1790
1792
1793
1797
1799
1800
1801
1802
1804
1808
1809
1810
1811
1813
1814
16049
1815
1818
1822
1820
1821
1890
2045
2049
1823
1825
1826
1827
1828
1829
1830
1832
1833
1836
1837
1840
1841
3235
4060
1843
1845
1848
1849
1850
3739
1853
1856
1857
1858
2646
14333
2134
1860
1861
1862
12074
5965
11773
1863
1864
1868
1869
1871
1873
1875
3102
1877
1879
1880
1881
1887
1889
2038
1891
1892
1894
1896
1903
4282
1904
1906
1907
1908
1909
1910
1911
1912
1913
1916
1918
1919
1920
15527
1922
1924
1925
1926
1928
1929
1930
1931
1932
1934
1935
1936
1939
1940
1975
1941
1943
1944
1946
2564
1947
4886
1948
1950
1951
1952
1953
1954
1955
1956
1957
1958
1960
1961
1962
1963
1964
1965
1967
1968
1971
1976
1982
1986
1987
1996
14971
3190
1997
1998
2001
2002
2006
2007
2979
2009
2011
2013
2017
2018
2020
2021
2022
2023
2026
2030
2031
2034
2035
2039
2041
2043
2044
12071
11651
16575
2046
2047
2050
2051
2053
2054
2056
2057
2248
2059
2060
2062
2063
2064
2065
2066
5967
2067
2068
2069
2071
2073
2077
2075
2076
2078
2083
2084
2086
2087
2088
3660
2090
2092
2093
2096
2097
2100
2101
2102
2204
2103
2104
2105
2106
2107
2108
2109
2112
2113
2115
2119
2120
2121
2122
2123
2124
2127
2128
2130
2131
2132
2133
2137
8818
2139
2141
2142
2145
2147
3066
2148
2149
2152
2154
2159
2161
2162
2163
2164
2167
2168
2169
2170
7353
2171
2172
2173
3426
2174
4684
2175
2176
2177
2180
2181
2182
2184
2185
2186
2187
2189
2191
2192
2195
2196
2197
2199
2201
2202
2203
2205
2206
2207
2208
2209
2211
4629
2213
2214
2216
2217
2220
2221
2222
2225
2226
6092
2230
2232
2234
2235
2236
2237
2238
2239
2241
2244
8743
7000
2245
2246
2249
2250
2251
2253
2254
2255
2257
4561
2258
2259
2260
2261
2263
2264
2265
2370
2266
2268
2272
2273
2274
2275
2276
2277
2278
2279
2280
2281
2369
2282
2283
2284
2285
2287
2288
2289
2291
2294
2295
2296
2297
2299
2300
2304
2305
2306
2307
2308
2309
2310
2311
2312
2313
2314
2315
2316
2317
2319
2320
2321
2323
2324
2326
2327
2329
2330
2331
2332
2333
2334
2335
2336
2337
2338
2339
2340
2341
2342
2343
2344
2345
14559
2346
2347
2348
2350
2352
2353
2354
2355
2356
2357
2359
2360
2361
2362
2363
2364
2365
2366
2367
2368
2371
2372
2373
2375
2376
11120
2377
2378
2379
2382
2383
2384
2385
2386
2387
2388
2389
2390
2391
3822
2392
2393
2394
2395
2396
2397
2398
2401
2405
2407
2408
2410
2411
2415
2416
2419
2420
2422
2424
2425
2426
2427
2428
2429
2430
2431
2432
2434
2435
2436
2437
2438
2440
9109
2443
2444
2446
2447
5186
2449
2450
2452
2453
2455
2458
8475
2461
2462
2463
2465
2466
2467
2468
2469
2471
2472
2476
2478
2480
2481
2482
2483
2484
2486
2487
2488
10374
4907
5944
2490
2494
2495
2497
2801
2499
2500
2501
2503
2504
2505
2506
2508
2509
2511
2513
2515
2516
2520
2521
2522
2523
2524
2525
2528
2529
2530
2531
2532
2534
2535
2536
2537
2538
2539
2540
2541
2543
2546
2547
2549
2550
2551
2553
2554
2555
2556
2557
2559
2561
2566
2567
2568
2569
2570
2571
2572
2574
2575
2577
2578
2579
2580
2583
2584
2585
2586
2587
2588
2590
2591
2592
2593
2596
2597
2599
2600
2601
2602
2603
2604
2605
2606
2607
2609
2610
2611
2612
2613
2615
2616
2617
3599
2619
2620
2621
2623
2625
2627
2628
2629
2631
2632
2633
2634
2635
2637
2638
2639
2640
2641
6318
2642
2643
2644
2645
2647
2648
2649
2650
5063
2651
2724
2652
2653
2655
2656
2657
2658
2659
2660
2661
2662
2664
2665
2666
2667
2668
2669
2670
2671
2672
2673
2674
2675
2676
2677
2678
2680
2681
2683
2687
2688
2689
2690
2691
2692
2693
2694
2695
2697
2698
7001
2699
2701
2702
2704
2705
2706
2707
2709
2710
2711
2712
2713
10286
2714
2855
2715
2716
2717
2718
2719
2720
2721
2722
12188
2723
2725
2729
2730
2731
2732
2733
2734
2735
2736
2737
2738
2739
2740
2742
2743
2744
2745
4674
2746
2747
2748
2749
9671
2751
2752
2753
2755
2757
2760
2761
2762
2763
2764
2765
2766
2767
2769
2770
2773
2774
2775
2776
2778
2780
2781
2782
2783
2785
2786
2787
2788
2789
2790
2791
2792
2797
2798
2800
2802
2803
2806
2807
2808
2809
2810
2811
2812
2813
2814
2815
2817
2818
5577
2819
2820
5743
2822
2823
2824
2827
2828
2829
2830
2831
2833
2834
2835
2836
2838
2839
2840
2841
2842
2846
2847
2848
2849
2850
2852
2853
2854
6699
2857
2858
2859
2860
2862
2865
2866
2867
2868
2869
2870
2871
9617
10660
2874
2875
2877
2880
2881
2882
2883
2884
2885
2886
2887
2888
2890
2893
2894
2895
2896
2897
2898
2899
2900
2901
2903
2904
2905
2906
2908
2909
2910
2912
14429
2914
2915
2916
2918
2919
2920
2924
2925
2929
2930
2931
2933
2935
2936
2938
2939
2940
2942
2943
2945
2946
2948
9165
2949
2950
2951
2952
2953
2954
2956
5645
2957
2958
2959
2960
2961
2962
2964
2965
2966
2968
2969
2970
2971
2972
2973
2974
2975
2976
2977
4143
2978
2980
2981
2983
2984
2985
2986
2989
2990
2991
2992
2993
2994
2995
2996
3000
3001
3002
3003
3004
7071
3006
3008
3009
3011
3012
3013
3014
3015
3016
3017
3018
3019
3020
3021
3022
3023
3024
3025
3026
3027
3028
3029
3030
3031
3032
3034
3036
3037
3039
3040
3042
4607
3043
3044
3045
3046
3047
3048
3051
3052
3053
3054
3055
3056
3057
3060
3061
3062
3063
3064
3065
7210
3068
3071
3072
3073
3074
3075
3076
3078
3079
3080
3081
3083
3084
3085
3086
3087
3088
3089
3091
3092
3093
3094
3095
3096
3097
3099
3100
3101
3103
3104
3105
3107
3108
3109
3110
3113
3114
3115
3116
3117
3118
3119
3120
3121
3122
3123
5989
3124
3125
3126
3127
11078
3128
3129
3130
3131
3132
4212
3133
3134
3135
3136
3137
3138
3139
3140
3141
3142
3143
3145
3146
3147
3148
3149
3150
3151
3152
3153
3154
3155
3156
3157
3159
3161
3164
3166
3168
3169
3170
3171
3172
3174
3175
3176
3177
3178
3179
3180
3181
3183
3184
10539
10397
9846
3185
3186
3187
3188
3189
3191
3192
3193
3194
11789
3195
3196
3197
3198
3199
3200
3201
3202
3203
3204
3205
3206
3209
3210
3212
3213
3215
3216
3365
3220
3224
3225
3226
3228
3229
3230
3233
3234
10787
13291
3238
3241
3242
3243
3245
3247
3250
3252
3253
3256
3257
3261
3263
3264
3265
3268
3269
3271
3281
3284
3288
3290
3291
3296
3299
3300
3301
3302
3304
3307
3311
3312
3314
3315
8280
3317
3321
3323
3324
3326
3328
3329
3330
3331
3332
3333
4874
3334
3335
3337
3340
3343
3345
3346
3347
3348
3350
3353
3354
3356
3357
3358
3359
3360
3362
3366
3367
3369
3370
3372
3375
3376
3377
3379
3380
3382
3388
3389
3390
3391
3392
3393
3395
3397
3398
3399
3400
3401
3402
3403
3405
3406
3408
3409
3411
3499
3417
3419
3422
3423
3424
5100
3431
3435
3439
3440
3441
3443
3444
3445
3446
8118
3448
3450
3451
3452
3453
3456
3458
3459
3460
3461
3462
3463
3464
3465
3466
3467
3469
3470
3474
3476
3480
3483
9635
3484
3485
3488
3490
3491
3492
3494
3495
3496
3498
3501
3504
3505
3506
3507
3508
3509
3510
13118
3511
3512
3514
3515
3517
3518
3519
3522
3523
3525
3530
3532
3534
3535
3536
3537
3538
3540
3543
3544
3546
3548
3551
3553
3554
3993
3558
3559
3561
3565
3566
3569
3570
7770
3571
14878
7167
3574
3575
3578
3579
3580
3881
3581
3582
3583
3584
3590
3591
3593
3594
3595
3596
3597
3600
3601
3605
3606
3607
3608
3609
3610
3611
3612
3614
3616
3617
3618
3620
3621
3622
3624
3625
3628
3629
3633
3634
3635
3636
3637
3638
3639
3640
3641
3642
3643
3644
3645
3646
3648
3649
3650
6849
4422
3651
3655
3657
3658
3659
3661
3837
3663
3664
3665
3667
3670
3671
3672
3673
3674
3675
3676
3677
3678
3679
3680
3681
3682
3683
3686
3687
11521
3689
3691
3692
3696
3697
3698
3699
3700
9130
3703
3706
6136
3709
3710
3715
3717
3720
3721
3722
3724
3725
3726
3727
3728
3731
3732
3736
3737
16887
3740
3742
3743
6548
3745
3747
3748
3750
3752
3754
16843
3755
3756
3758
3759
3760
3762
3763
3764
3770
3771
3772
3773
3775
3777
3779
3780
3782
3786
3787
3788
3789
3790
3791
3792
3794
3797
4594
3798
3800
3802
3806
3807
3808
3809
11196
3810
3811
3812
3813
3814
3815
3816
4359
3817
3819
3820
3821
3824
3825
3826
3827
3828
3830
3831
3832
3833
3834
3835
3836
3838
3840
3841
3842
15352
3846
3847
3848
3849
3850
3851
3852
3853
3854
3855
3857
3858
3859
3861
3863
3864
3865
3870
4364
3872
3873
3875
3876
3878
3879
3882
7811
4863
3887
3888
3890
3891
3895
3897
3898
3899
3900
3901
3902
3903
3905
3907
3910
5307
3912
3914
3916
3919
3920
13943
3924
3925
3927
3928
3932
3933
3936
3938
3941
3942
3943
3945
3948
3949
3952
3953
3955
3956
3957
3958
3959
3961
3962
3964
3966
3967
3968
3969
3970
3973
3974
3983
3984
3985
5752
3987
3988
3989
3990
3991
3995
3996
10580
3999
4000
4001
4002
4006
4009
4010
4011
4012
4013
4014
4015
4016
4017
4019
4020
4021
4023
4024
7074
4027
4032
4034
4036
8465
4038
4039
7719
4041
4045
4049
4050
4051
4053
4055
4056
4057
4058
4059
4062
4063
4065
4067
13104
4071
4073
4074
4076
4078
4079
4080
4081
4082
4084
4086
4088
4091
4093
4095
4096
4098
4100
4103
4111
4113
4116
4118
4123
4125
4132
4134
4135
4137
4141
4144
4145
4150
4152
4155
4156
4159
4160
4161
4163
4165
4166
4167
4168
4169
4171
4172
4179
4181
4184
4185
4186
4187
4188
4191
4194
4195
4196
4200
4204
4207
10214
11288
4208
4209
4213
4215
4216
8920
16546
9787
13061
4217
4218
13005
4219
4221
4222
12061
4223
4226
4228
4230
4232
4234
4235
4236
4241
4242
4243
4244
4246
4248
4249
4250
4252
4254
4255
4256
4259
4260
4261
4263
4264
4265
4266
4267
4268
4271
4272
4275
4277
4278
4279
4294
4284
4285
4291
4295
4296
4299
4300
4301
4303
4304
4306
4307
4308
4310
4312
4313
4316
4317
4318
4319
4323
4324
4326
4328
4332
4334
4335
4341
4343
4346
4347
4349
4351
4352
4353
4355
4356
4357
4360
4361
4728
4368
4372
4378
4379
4380
4381
4382
4384
4385
4386
4390
4395
4396
4398
4400
4401
4402
4403
9583
4407
4409
4411
4414
4416
4418
4419
4421
4427
4428
4429
4430
4431
4433
4434
4438
4439
4440
4441
4442
4443
4444
4448
4450
4451
4452
4453
4454
4456
4458
4460
4461
4462
4466
4468
4469
4470
4471
4472
4475
4476
4478
4481
4484
4485
4487
4492
4493
4494
4496
4497
4500
4502
4503
4506
4507
4508
4511
4512
4513
4516
4519
4522
4523
4525
4526
4527
4531
4532
4535
4539
4541
4544
4546
7222
4547
4551
4552
4553
4554
4555
4556
4559
4563
4566
4567
9937
4571
4572
4573
4574
4580
4581
4582
4583
4584
4586
4588
4589
4591
4592
4593
12630
4595
4596
4597
4598
4600
4601
4604
4606
4610
4611
4614
4616
4619
4621
4622
4623
4624
4626
4627
4632
4633
4635
4637
4638
4639
4640
4641
4642
4643
4644
4645
5179
4647
4649
4650
4652
4654
4655
4657
4658
4661
4664
4665
4670
4671
4673
4677
4679
4683
4686
4689
4690
4694
4696
5479
4699
4701
4707
4709
4710
4711
4712
4720
4722
4726
4727
4729
4730
4733
4735
4736
4739
4741
4744
4747
4749
4753
4754
4756
4761
4763
4765
4770
4771
4772
4773
4776
4780
4781
4786
4788
4789
4790
4793
4796
4797
4798
4799
4802
4803
4805
7703
4807
4809
4810
4812
4813
4814
4816
4817
4819
4820
4823
4824
4825
4827
4828
4832
4833
4836
4837
4838
4840
4848
4849
4859
4862
4865
4867
4868
4869
4870
4877
8468
4878
4882
4884
4888
4889
4891
4893
4896
4898
4899
4906
4908
4910
4912
4913
4914
4915
4916
4917
4918
4920
4921
4926
4927
4929
4930
4931
4932
4933
4934
4941
4942
4943
4945
4946
4951
4954
4955
4956
4957
4958
4960
6867
4963
4964
4967
4969
4971
4972
4973
4974
4975
4976
4982
4984
4986
4987
4989
4990
4991
4992
4993
4994
4995
4997
4999
5001
5004
5005
5006
5008
5010
5011
5015
5016
5021
5023
5026
5027
5028
5032
5033
5034
5035
5036
5037
5039
5040
5041
5043
5045
5046
5047
5048
5052
5053
5054
5056
5059
5061
5062
5064
5066
5068
5070
5071
16492
6198
5072
5073
5074
5075
5076
5077
5079
5080
5081
5083
5084
5088
5090
5091
5094
5095
5096
5097
5098
5099
5103
5106
5107
5108
5109
5110
5111
5112
5113
5114
5115
5116
5117
5118
5119
5120
5121
5122
5127
5128
5129
5130
5131
5132
5133
5135
5140
5141
7036
5142
5144
5147
5148
16825
8900
5149
5151
5153
5154
5155
5156
5158
5160
5161
5162
5164
5165
5166
5167
5168
5169
5170
5171
5172
5174
5176
5177
5178
5180
5182
5183
5184
5185
5187
5189
5191
5192
5193
5194
5195
5196
5198
5199
5200
5201
5203
5205
5208
5211
5213
9947
5214
5215
5216
5217
5218
5219
5220
5221
5222
5224
5225
5227
5229
5230
5231
18081
5236
5237
5240
5241
5242
5243
5244
5245
5247
5248
5251
5254
5256
5257
5258
5260
5261
5264
5265
5266
5267
5268
5270
5271
5272
5275
5276
5277
5280
5281
5285
5286
5290
5292
5293
5294
5295
5300
5301
5304
5305
5308
5309
5310
5311
5313
5314
5315
5316
5317
5319
5320
5321
5324
5325
5326
5328
5329
5330
5331
5332
5333
5335
5338
5339
5341
5342
5343
5344
5348
5349
5350
5351
5352
5353
5354
5355
5356
5357
5358
7004
5360
5363
5366
5370
5372
5373
5374
7500
8978
5377
5447
5378
5380
5381
5382
5383
5384
5385
5387
5388
5389
5390
5391
5392
5393
5394
5396
5398
5399
5400
13986
5401
5402
5403
5404
5406
5407
5408
5410
5411
5412
5414
5415
5419
5420
5421
5422
5423
5424
5425
5426
5427
5428
5429
5432
5433
5434
5435
5436
5437
5438
5439
5440
5441
5442
5445
5446
5449
5451
5454
5455
5456
5457
5458
5459
5460
5463
5464
5465
5466
5467
5468
5469
5470
5471
5472
5473
5474
5475
5477
5478
5480
5482
5483
5485
5486
5488
5490
5491
5493
5495
5496
5497
5498
5501
5504
5505
5509
5510
5511
5512
5513
5519
5520
5522
5525
5527
5528
5529
17501
5531
5532
5533
5534
5535
5536
5540
5541
5542
5543
5544
5546
5547
5548
5549
5550
5552
5554
5555
5556
5557
5558
5559
5560
5561
5562
5563
5564
5565
5566
5568
5570
5571
5572
5573
5575
5576
5578
5582
5583
5584
5585
5586
5588
5589
5592
5593
5594
5595
5596
5598
5599
5600
5601
5603
5604
5605
5606
5610
5611
5612
5613
5614
5616
5618
5621
5623
5624
5627
5628
5630
5632
5633
5636
5637
5639
5640
5644
5647
5648
5649
5651
5652
5655
5656
5661
5663
5664
5668
5671
5674
5676
5678
5680
5681
5682
5683
5684
5685
5688
10396
5692
5693
5694
5697
5702
5703
5704
5706
5707
5710
5711
5712
5714
5715
5721
5722
5727
5728
5731
5732
5733
5735
5736
5741
5744
5749
5753
5754
5756
5757
5760
5761
5762
5763
5770
5771
5772
5773
8747
5774
5776
6570
5777
5778
5780
5781
5782
5784
5785
5786
5790
5791
5793
5794
5796
5798
5800
5802
5803
5806
5810
5811
5816
5818
5821
5822
5823
5825
5828
5832
5834
5835
5839
5840
5841
5842
5843
5846
5847
5851
5854
5855
5857
5860
5861
5867
5870
5871
5874
5876
5882
5883
7565
5885
5886
5887
5888
5889
5890
5893
5896
5898
5902
5903
5906
5907
5909
5911
5912
5913
5918
5919
5921
5922
5926
5929
5931
5932
5935
5937
5938
5941
5943
5945
5946
5947
5950
5951
5955
5956
5958
5959
5961
5962
5964
5968
5970
5971
5972
5973
5974
5975
5977
5979
5982
5983
5984
5987
5990
5991
5992
5993
14068
5997
5999
6001
6002
6003
6004
6005
6006
6007
6008
6011
6012
6013
6014
6015
6016
6018
6019
6020
6021
6025
6026
6027
6030
6031
6033
6035
6036
6037
6042
6044
6045
6047
6054
6055
6057
6060
6061
6063
6064
6072
6074
6075
6076
6080
6081
6084
6085
6088
6089
6093
6094
6095
6096
6100
8252
6101
6107
6108
6110
6111
6112
6113
6114
6115
6118
6120
6121
6128
6135
6138
6139
6141
6142
6143
6144
6147
6148
6150
6155
6158
6160
6161
6163
6169
6171
6172
6186
6173
6178
6180
6182
6183
6185
6189
6190
6193
6195
6197
6200
6204
6205
6208
6210
6212
6215
6218
6221
6226
7419
6228
6230
6235
6240
6242
6246
6248
6249
6253
6257
6259
6263
6264
6265
6267
6268
6269
6270
6275
6278
6279
6284
6286
6287
6288
6289
6291
6292
6293
6295
6297
6299
6303
6304
6305
6308
6309
6310
6314
6321
6322
6323
6324
6326
6328
6329
6332
6333
6334
6335
6336
6339
12701
6341
6344
6346
6348
6354
6355
6357
6358
6359
6361
6364
6367
6369
6371
6373
6380
6383
6384
6385
6390
6391
6394
6396
6401
6402
6403
6404
6408
6409
6411
6413
6417
6418
6420
6424
6429
6432
6434
6436
6437
6439
6440
7551
6441
6443
6445
6447
6448
6450
6453
6454
6455
6458
6459
6460
6464
6466
6467
6469
6470
6472
6473
6475
6476
6478
6479
6482
6484
6485
6487
6488
6490
6491
6493
6494
6496
6497
6498
7211
6501
6505
6507
6508
6510
6512
6513
6514
6515
6516
6522
6523
6527
9227
6530
6532
6533
6536
6537
6540
6541
6542
6543
6545
6547
6549
6550
6554
6557
6558
6559
6560
6561
6563
6565
6566
6567
6571
6573
6574
6576
6577
6578
6581
6583
6584
6586
6587
6588
8360
6591
6592
6594
6595
6597
6598
6599
6605
6606
6607
6609
6610
6611
6612
6614
6615
6616
6621
6622
6623
6626
6630
12343
6632
6636
6637
6639
6642
6644
6646
15323
6648
6650
6651
6652
6653
6655
6658
6660
6663
6665
6666
6667
6668
6670
6671
6672
6673
6674
6675
6676
6677
6678
6679
6681
6684
6685
6686
6687
6689
6693
6697
6698
6701
6704
6760
6707
6708
6709
6710
6713
6716
6717
6718
6719
6721
6722
6723
6724
6725
6727
6729
6731
6732
6733
6735
6736
6737
6738
6739
7585
6743
6747
6748
6750
6753
6758
8265
6763
6764
6765
6766
6767
6768
6769
6770
6771
6772
6776
6777
6778
6787
6788
6793
6794
6795
6796
6799
6800
6802
6803
6804
6807
6808
6813
8240
6817
6818
6820
6821
6823
6824
6826
6827
6829
6830
6833
6834
6836
6838
6839
6841
6842
6843
6844
6845
6846
6853
6854
6856
6857
6858
6860
6861
6863
6864
6870
6865
6866
6868
6869
6871
6872
6874
6876
6877
6879
6880
6881
6884
6886
6887
6892
6893
6894
6896
6897
6904
6905
6912
6913
6914
6915
6916
6917
6919
6920
6922
6923
6925
6926
6927
6930
6931
6935
6937
6938
6949
6953
6956
6957
6958
6959
6964
6965
6966
6967
6968
6973
6976
6978
6980
6981
6982
6983
6984
9283
6988
6990
6991
6992
11450
6993
6994
6996
6997
12350
7002
7003
7007
7008
7009
7012
7013
7014
7015
7016
7017
7019
7020
7022
7023
7025
7026
7027
7030
7031
7032
7034
7035
7037
7038
7039
7040
7041
7042
7043
7045
7049
7050
7051
7120
7052
7055
7057
7058
7059
7060
7062
7064
7065
7066
7067
7070
7072
7077
7078
7079
7082
7083
8977
8127
7087
7088
7090
7091
7092
7094
7097
7099
7101
7102
7103
7104
7106
7107
7108
7109
7113
7114
7116
7119
7122
7125
7128
7130
7133
7135
7136
7140
7141
7144
7146
7149
7156
7158
7159
7160
7162
7163
7165
7170
7171
7172
7174
7175
7176
7178
7179
7180
7181
7182
7183
7184
7283
7186
7188
7189
7194
7195
7196
7197
7198
7200
7201
7207
7212
7213
7215
7216
7217
7218
7219
7220
7221
7223
7224
7226
7227
7229
7231
7232
7234
7236
7237
7241
7242
7243
7245
7246
7247
7248
7249
7251
7252
7254
7256
7257
7260
7261
15069
7266
7267
7269
7270
7272
7273
7274
7275
7277
7280
7281
7282
9715
7284
7285
7286
7291
7292
7293
7295
7296
7298
7301
7302
7304
7306
7307
7312
7315
7316
7317
7318
7322
7323
7324
7325
7326
7327
7328
7329
7333
7334
7335
7338
7341
7343
7344
7346
7348
7350
7352
7354
7355
7356
7358
7359
7360
7361
7362
7363
7364
7365
7366
7367
7368
7369
7370
7371
7372
7373
7374
7375
7376
7377
7379
7380
7382
7384
7385
7387
7388
7390
7391
7394
7395
7397
7399
7402
7404
7405
7408
7410
7411
9849
7413
7414
7418
7423
7424
7425
7427
7428
7429
7430
7431
7436
7437
7438
7439
7440
7448
7450
7453
7454
7455
7456
7458
7459
7460
7462
7463
7465
7467
7469
7470
7472
7474
7475
7477
7478
7480
7481
7483
7484
7485
7486
7487
7488
7489
7494
7495
7496
7497
7498
7499
7501
7502
7505
7506
7507
7508
7509
7510
7512
7513
7514
7516
7519
7520
7524
7526
7531
7533
7534
7536
7540
7542
7543
7544
7548
7552
7553
7556
7557
7558
7560
7561
7566
7571
7573
7574
7578
7581
7583
7584
7586
7591
7593
7654
7594
7595
7596
7601
7602
7607
7613
7616
7619
7620
7621
7622
7623
7624
7625
7626
7628
7631
7633
7634
7635
7638
7643
7646
7647
7648
7652
7657
7659
7661
7664
7667
7668
7669
7670
7673
7674
7675
7676
7677
7678
7681
7683
7684
7685
7686
7688
7689
7691
7692
7693
7696
7698
7701
7702
7704
7706
7709
7711
7713
7715
7716
7717
7718
7720
7721
7723
7725
7726
7727
7730
7731
7734
7737
7738
7739
7740
7744
7745
7746
7747
7748
7750
7751
7754
7789
7755
7756
7757
7762
7766
7772
7773
7774
7775
7781
7784
7785
7786
7787
7790
7791
7792
8226
7793
7795
7796
7799
7800
7802
7805
7806
7809
7810
7813
7817
7819
7821
7822
7823
7824
7825
7827
7828
7829
7832
7836
7840
7844
7846
7847
7849
7852
7855
7858
7859
7862
7863
7864
10708
7865
7867
7868
8020
7870
7872
7876
7884
7886
7890
7892
7894
7895
7900
7901
7902
7903
7904
7905
7906
7909
7911
7914
7916
7917
7918
7919
7920
7921
7922
7923
7925
7928
7929
7931
7932
7934
7935
7936
7945
7947
7948
7949
7952
7953
7954
7956
7961
7962
7963
7965
7966
7972
7973
7974
7975
7977
7979
7983
7985
7988
7991
7992
7995
7996
7997
7998
7999
8672
8001
8005
8006
8007
8008
8016
8017
8018
8019
8023
8027
8028
8030
8032
8037
8038
8040
8048
8050
8054
8056
8058
8059
8063
8065
8069
8072
8074
8076
8078
8079
8080
8087
8089
8092
8095
8096
8099
8100
8103
8104
8109
8110
8111
8113
8116
8117
8119
8120
8121
8123
8124
8125
8126
8128
8129
8130
8131
8132
8134
8137
8142
8144
8145
8147
8149
8153
8154
8155
8156
8160
8167
8168
8169
8170
8174
8175
8176
12431
8177
8178
8180
8181
8182
8183
8188
8189
8190
8194
8195
8199
8200
8204
8205
8207
8208
8209
8210
8213
8216
8218
14771
8219
8223
8227
8229
8230
8232
8233
8234
8238
8239
8245
8251
8253
8255
8258
8259
8262
8263
8264
8266
8267
8268
8270
8272
8274
8276
8279
8282
8285
8286
8288
8292
8293
8296
8299
8301
8303
8305
8306
8308
8309
8310
8313
8314
8315
8316
8317
8318
8319
8323
8326
8327
8328
8329
8330
8331
8333
8335
8336
8339
8340
8342
8343
8346
8349
8350
8351
8352
8353
8355
8356
8362
8364
8365
8366
8367
8370
8371
8372
8374
8375
8379
8381
8382
8386
8388
8390
8391
8392
8394
8396
8439
8401
8402
8405
8406
8408
8410
8412
8413
8416
8419
8420
8421
8423
8424
8425
8427
8431
8432
8434
8435
8436
8437
8438
8440
8443
8445
8447
8448
8449
8451
8453
8456
8457
8461
8462
8463
8464
11720
9936
8466
8467
8470
8471
8472
8474
8476
8478
8479
8481
8486
8488
8491
8498
8507
8513
8521
10232
8524
8525
8532
8538
8541
8544
8545
8549
8550
8551
8553
8554
8555
8568
8570
8571
8574
8575
8576
8577
8581
8582
8583
8584
8585
8586
8589
8591
8593
8597
8599
8609
8611
8615
8616
8618
8622
8625
8630
8632
8634
8636
8637
8640
8642
8644
8649
8650
8653
8655
8657
8658
8662
8665
8666
8673
8674
8676
8678
8681
8682
8683
8687
8688
8693
8702
8703
8706
8709
8712
8714
8717
8718
8721
8722
8726
8730
8734
8736
8737
8738
8742
8745
8750
8752
8756
8758
8765
8770
8775
8776
8778
8781
8782
8783
8786
8788
15586
8789
8790
8791
8792
8794
8795
8800
8801
8802
8803
8804
8808
8809
8810
8811
8812
8813
8815
8817
8819
8823
8824
8826
8827
8828
8829
8832
8835
9725
8836
8837
8838
8839
8841
8845
8847
8848
8849
8852
8853
8854
8856
8857
8860
8861
8862
8866
8871
15149
8873
8878
8885
8886
8887
8894
8895
8896
8897
8899
8903
8905
8906
8911
8912
8925
8926
8927
8928
8929
8933
8934
8935
8941
8942
8944
8949
12173
8952
8953
8955
8956
8958
8963
8964
8965
8970
8976
8979
8980
8981
8982
8985
8987
12624
8989
8990
8993
8995
8999
9000
9002
9003
9004
9005
9006
9007
9008
9009
11207
9010
9011
9013
9015
9017
9024
9026
9028
9034
9035
9042
9043
9045
9046
9047
9048
9052
9053
9054
9058
9059
9060
9063
9064
9065
9066
9067
9068
9069
9073
9076
9078
9080
9083
9084
9088
9089
9090
9095
9096
9097
9100
9101
9103
9104
9105
9106
9108
9110
9111
11606
9114
9115
9117
9120
9122
9124
9126
9128
9129
9131
9134
9135
9136
9139
9140
9141
9147
9149
9957
9154
9157
9158
9159
9163
9164
9168
9169
9170
9172
9173
9175
9178
9179
9181
9182
9183
9186
9187
9188
9189
9190
9191
9197
9198
9202
9203
9205
9207
9208
9209
9214
9215
9217
9218
9219
9220
9221
9225
9229
9232
9236
9237
9238
9239
9240
9241
9242
9247
9250
9254
9258
9262
9266
9268
9269
10640
9271
9273
9277
9278
9280
9281
9284
9287
9289
9292
9293
9296
9298
9302
9303
9304
9307
9310
9311
9323
9327
9328
9330
9332
9335
9339
9341
9343
9345
9346
9347
9352
10544
9359
9361
9362
9363
9364
9366
9368
9375
9377
9379
9380
9381
9382
9384
9386
9393
9401
9407
9408
9411
9412
9415
9417
9419
9428
12128
9429
9433
9437
9442
9478
9450
9452
9456
9459
9468
9471
9479
9483
9487
9488
9490
9492
9493
9495
9496
9497
9503
9506
9507
9515
9519
9521
9524
9525
14457
9527
9528
9530
9537
9538
9540
9541
9550
9552
9555
14770
9557
9560
9568
9569
9578
9580
9581
9585
9594
9600
9601
9604
9606
9610
9611
9612
9615
9616
14018
9619
9621
9627
9632
9638
9644
9648
9649
9650
9652
9659
9663
9664
9676
9679
9681
9682
9684
9687
9689
9692
9694
9696
9699
9703
9704
9708
9709
9711
9712
9713
9714
9716
9717
9718
9720
9774
9724
9730
9732
9733
9738
9739
9740
9745
9746
9749
9751
9755
9756
9757
9758
9759
9760
9764
9769
9779
9780
9782
9789
9793
9795
9796
9797
9798
9801
9802
9804
9805
9806
9809
9816
9824
13593
9825
9835
9836
9845
9847
9848
11704
9850
9852
9856
9857
9861
9862
9864
11661
9866
9867
9869
9871
9872
9877
9878
9880
9881
9882
9885
9888
9893
9896
9899
9903
9907
9915
9916
9918
9920
9921
9933
9934
9935
9943
9945
9951
9958
9959
9961
9967
9968
9969
9971
9978
9985
9986
9987
9995
9999
10000
10001
10007
10008
10011
10016
10020
10021
10023
10024
10027
10030
10031
10043
10046
10049
10050
10053
10057
10064
10071
10074
10076
10083
10089
10093
10095
10096
10100
10106
10107
10111
10112
13690
10114
10117
12639
10118
10119
10121
10127
10128
10133
10134
10135
10136
10138
10145
10147
10148
10152
10153
10155
10159
10160
10162
10265
10163
10165
10170
10171
10174
10177
10179
10183
10184
10189
10194
10196
10197
10198
10199
10201
10205
10206
10210
10212
10216
10220
10225
10227
10228
10229
10231
10234
10235
10239
10243
10248
10251
10254
10256
10258
10261
10264
10267
10272
10276
10278
10281
10284
10285
10287
10291
10294
10295
10296
10299
10301
10303
10304
10308
10309
10310
10315
10317
10321
10322
10323
10327
10332
10337
10342
10344
10346
10349
10350
10351
10352
10354
10356
10359
10361
10362
10364
10368
10369
10370
10377
10378
10380
10381
10383
10384
10385
10387
10391
10393
10394
10395
10399
10401
10405
10407
10409
10413
10414
10415
10416
10418
10421
10424
10427
10428
10431
10433
10434
10436
10437
10442
10444
10446
10447
10448
10449
10450
10453
10456
10457
10460
10464
13848
10465
10467
10468
10469
10470
10471
10474
10477
10480
10481
10483
10484
10485
10487
10489
10490
10492
10500
10501
10503
10504
10505
10507
10509
10510
10518
10524
10532
10533
10536
10537
10538
10540
10551
10556
10557
10558
12217
10560
10562
10568
10569
10573
10577
10579
10582
10592
10593
10595
10596
10598
10599
10600
10601
10603
10605
10607
10609
10613
10617
10618
10623
10625
10626
10627
10632
10633
10635
10636
10638
10856
10645
10651
10652
11549
10653
10654
10767
10656
10659
10661
10665
10669
10671
10673
10676
10678
10681
10684
10685
10686
10688
10689
10690
10692
10693
10694
10697
10702
10704
10705
10709
10710
10720
10721
10722
10726
10727
10728
10729
10735
10738
10739
10743
10747
10748
10751
10752
10756
10761
10762
10763
10764
10765
10766
10768
10769
10770
10775
15348
10780
10781
10786
10790
10793
10794
10796
10797
10802
10807
10808
10811
10812
10813
10816
10817
10818
10820
10823
10831
10832
10834
10838
10840
10841
10843
10845
10848
10858
10859
10860
10862
10866
10869
10873
10875
10885
10886
10887
10889
10891
10892
10893
10898
10899
10902
10905
10907
10913
10918
10919
10921
10923
10924
10926
10927
10934
10935
10937
10939
10940
10941
10942
10947
10949
10952
17637
10955
10956
10957
10959
10960
10962
10965
10966
10967
10972
10974
10976
10978
10981
10982
10984
10987
10992
10995
10996
10999
11006
11007
11008
11010
11011
11013
11018
11022
11023
11026
11029
11030
11031
11037
11039
11041
11045
11047
11052
11054
11058
11061
11064
11067
11070
11071
11081
11084
11085
11086
11087
11089
11090
11094
11096
11102
11103
11104
11105
11109
11110
11112
11117
11118
11121
11127
11130
11133
11137
11141
11142
11148
11153
11155
11156
11159
11161
11162
11163
11165
11172
11176
11182
11187
11189
11191
11194
11195
11198
11199
11200
11201
11203
11204
11210
11216
11219
11222
11223
11229
11232
11233
11240
11245
11246
11247
11248
11250
11253
11255
11258
11260
11263
11269
11277
11279
11281
11287
11294
11297
11298
11305
11306
11307
11310
11315
11319
11321
11323
11329
11336
11342
11347
11351
11353
11354
11355
11358
11359
11364
11366
11368
11372
11375
11376
11377
11378
11384
11387
11388
11389
11391
11392
11395
11396
11399
11401
11403
11405
11406
11407
11419
11421
11434
11438
11444
11452
11453
11459
11460
11462
11463
11464
11465
11466
11468
11472
11476
11480
11481
11482
11488
11648
11491
11492
11495
11497
11499
11501
11504
11506
11507
11508
11513
11516
11518
11519
11522
11528
11529
11530
11534
11536
11540
11542
11550
11551
11554
11558
11561
11565
11566
11568
11569
11574
11575
11578
11583
11584
11586
11589
11591
13391
11592
11594
11596
11599
11600
11770
11601
11603
11608
11609
11612
11613
11619
11621
11623
11624
11625
11627
11631
11636
11637
11639
11640
11641
11644
11645
11650
11652
11654
11656
11657
11658
11663
11664
11668
11671
11672
11678
11681
11685
11686
11688
11691
11692
11696
11697
11703
11706
11708
11709
11710
11712
11713
11719
11726
11728
11730
11734
11736
11737
11740
11745
11746
11821
11747
11748
11752
11753
11758
11762
14870
11764
11772
11776
11780
11784
11792
11793
11796
11797
11798
11799
11801
11806
11807
11808
11809
11810
11815
11819
11824
11825
11826
11828
11829
11831
11839
11842
11843
11848
11849
11852
11856
11858
11859
11860
11862
11863
11866
11867
11868
11869
11875
11876
11877
11879
11883
11885
11886
11887
11890
11892
11901
11902
11903
11907
11908
11909
11911
11914
11916
11918
11919
11925
11928
11929
11936
11941
11943
11946
11948
11954
11958
11959
11960
11968
11969
11972
11973
11982
11983
11984
11985
11987
11990
11991
11993
11999
12002
12005
12006
12007
15383
12008
12009
12010
12014
12018
12019
12022
12023
12025
12026
12027
12028
12031
12032
12033
12034
12036
12040
12041
12043
12044
12050
12052
12053
12056
12058
12059
12063
12064
12067
12068
12069
14123
12075
12077
12078
12080
12094
12095
12098
12100
12105
12106
12109
12111
12116
12117
12118
12122
12124
12130
12133
12137
12138
12140
12148
12149
12153
12156
12166
12170
12171
12177
12178
12183
12186
12187
12191
12192
12193
12194
12196
12197
12199
12205
12206
12207
12212
12221
12226
12227
12228
12229
12230
12231
12234
12235
12238
12242
12243
12244
12245
12246
12249
12250
12253
12255
12259
12260
12262
12263
12268
12272
12273
12281
12287
12290
12291
12294
12295
12297
12300
12306
12308
12313
12314
12319
12320
12324
12325
12327
12331
12338
12339
12340
12342
12348
12352
12355
12356
12357
12362
12363
12367
12368
12369
12370
12376
12378
12380
12386
12389
12395
12397
12399
12402
12405
12414
12415
14515
12417
12422
12423
12424
12428
12432
12434
12437
12440
12444
12451
12452
12456
12457
12460
12465
12467
12468
12470
12471
12474
12475
12478
12481
12483
12487
12489
12490
12496
12497
12498
12503
12507
12508
12510
12514
12516
12519
12523
12532
12535
12536
12541
12545
12546
12548
12549
12550
12553
12557
12558
12559
12560
12564
12567
12568
12571
12572
12573
12574
12578
12580
12587
12594
12598
12602
12603
12605
12607
12608
12617
12618
12620
12621
12625
12626
12631
12632
12633
12634
12635
12636
12637
12644
12646
12650
12652
12659
12661
12662
12663
12664
12665
12667
12668
12676
12679
12680
12688
12699
12709
12716
12726
12730
12733
12737
12738
12739
12741
12744
12748
12749
12753
12761
12764
12765
12768
12779
12780
12784
12786
12789
12792
12798
12802
12809
12810
12815
12817
12822
12824
12825
12827
12830
12837
12839
12841
12847
12848
12851
12852
12853
12857
12858
12861
12865
12867
12870
12875
12877
12878
12879
12885
12890
12893
12894
12895
12896
12901
12906
12908
12909
12912
12915
12917
12937
12939
12940
12942
12945
12946
12954
12957
12961
12965
12969
12972
12976
12979
12987
12988
12995
13001
13002
13010
13013
13014
13016
13030
13036
13037
13038
13041
13042
13047
13048
13049
13057
13058
13062
13070
13071
13074
13082
13086
13088
13090
13092
13094
13095
13099
13101
13103
13107
13108
13110
13114
13119
13121
13122
13123
13129
13134
13135
13138
13140
13141
13155
13157
13158
13161
13163
13165
13166
13170
13178
13182
13183
13189
13190
13191
13195
13196
13200
13201
14138
13205
13206
13211
13213
13216
13219
13227
13228
13229
13230
13235
13236
13239
13240
13241
13243
13248
13250
13251
13253
13263
13264
13265
13267
13280
13286
13288
13289
13290
13294
13295
13297
13303
13306
13307
13309
13315
13320
13321
13323
13324
13327
13336
13337
13340
13342
13344
13345
13349
13350
13351
13352
13353
13354
13358
13361
13364
13365
13366
13367
13369
13370
13376
13377
13382
13392
13396
13398
13400
13401
13407
13408
13413
13417
13420
13421
13422
13424
13426
13431
13433
13434
13439
13444
13448
13450
13453
13454
13456
13458
13461
13465
13468
13469
13472
13477
13479
13480
13481
13482
13495
13484
13486
13487
13489
13490
13491
13496
13498
13500
13501
14006
13505
13506
13508
13509
13510
13513
13515
13516
13521
13522
13523
13526
13528
13529
13531
13533
13534
13535
13536
13537
13538
13542
13546
13549
13550
13551
13554
13555
13561
13562
13563
13565
13569
13572
13573
13574
13577
13578
13582
13583
13584
13586
13588
13589
13590
13591
13592
13594
13595
13596
13602
13604
13608
13611
13612
13613
13614
13615
13617
13622
13625
13626
13629
13630
13633
13634
13636
13640
13643
13647
13652
13658
13660
13664
13669
13672
13673
13674
13675
13676
13677
13678
13679
13680
13684
13685
13687
13688
13689
13691
13693
13694
13695
13699
13701
13702
13714
13716
13717
13719
13721
13722
13723
13724
13725
13727
13730
13731
13734
13735
13738
13742
13743
13744
13747
13753
13756
13757
13759
13760
13765
13769
13772
13774
13775
13779
13781
13784
13785
13787
13788
13791
13792
13793
13797
13806
13807
13810
13813
13815
13816
13818
13819
13821
13823
13826
13830
13834
13840
13842
13843
13853
13855
13856
13857
13860
13864
13865
13868
13869
16871
13871
13873
13876
13877
13880
13884
13888
13889
13891
13898
13901
13905
13909
13910
13911
13912
13913
13915
13918
13922
13941
13945
13947
13950
13951
13954
13960
13961
13965
13967
14153
13968
13969
13971
13974
13976
13977
16123
13978
13981
13983
13984
13985
13989
13992
13997
14000
14001
14005
14007
14011
14012
14013
14014
14017
14362
14019
14020
14022
14025
14026
14030
14032
14035
14036
14037
14044
14045
14047
14048
14049
14050
14051
14056
14057
14066
14067
14069
14071
14074
14076
14077
14078
14080
14081
14082
14084
14089
14090
14091
14093
14095
14098
14100
14102
14103
14104
14106
14107
14109
14110
14111
14112
14114
14125
14126
14129
14130
14134
14136
14137
14139
14141
14145
14147
14148
14149
14151
14156
14158
14161
14163
14164
14166
14167
14170
14173
14175
14176
14177
14183
14189
14190
14191
14192
14194
14195
14196
14197
14199
14202
14204
14205
14211
14212
14216
14226
14228
14230
14232
14237
14238
14239
14240
14242
14245
14246
14248
14249
14250
14251
14253
14255
14256
14258
14259
14260
14269
14270
14273
14275
14276
14277
14279
14280
14282
14283
14284
14287
14289
14291
14292
14294
14298
14299
14303
14305
14309
14311
14316
14317
14322
14325
14326
14328
14331
14332
14334
14335
14337
14338
14342
14343
14346
14349
14354
14355
14356
14357
14359
14364
14368
14370
14372
14373
14377
14378
14381
14382
14383
14385
14387
14388
14390
14391
14392
14394
14397
14399
15357
14400
14401
14403
14404
14407
14417
14419
14420
14421
14425
14427
14428
14433
14435
14437
14441
14442
14447
14448
14451
14453
14455
14456
14467
14468
14469
14471
14472
14480
14482
14483
14484
14489
14490
14491
14500
14501
14502
14509
14511
14512
14513
14514
14516
14518
14519
14525
14527
14529
14532
14535
14539
14542
14544
14547
14550
14563
14565
14566
14567
14571
14572
14581
14583
14584
14585
14588
14592
14596
14597
14601
14603
14604
14608
14609
14617
14618
14620
14622
14624
14625
14627
14629
14631
14633
14634
14637
14641
14645
14646
14647
14648
14649
14654
14658
14659
14660
14671
14673
14676
14682
14683
14687
14688
14689
14690
14694
14703
14707
14714
14715
14718
14720
14721
14723
14727
14728
14739
14744
14745
14749
14750
14751
14755
14756
14757
14759
14760
14762
14763
14765
14767
14773
14774
14776
14778
14779
14780
14781
14782
14785
14792
14793
14794
14796
14797
14798
14806
14810
14814
14815
14818
14824
14826
14828
14829
14831
14832
14833
14840
14845
14853
14854
14855
14856
14857
14858
14861
14862
14863
14865
14866
14869
14872
14873
14879
14884
14885
14886
14887
14888
14890
14891
14892
14893
14896
14899
14901
14906
14913
14917
14920
14922
14923
15041
14924
14925
14927
14929
14935
14936
14938
14942
14945
14949
14951
14952
14954
14955
14960
14962
14964
14966
14967
14970
14972
14975
14976
14978
14981
14984
14986
14987
14989
14990
14993
14995
14996
14997
14999
15000
15001
15004
15005
15006
15008
15009
15010
15011
15013
15015
15017
15020
15021
15024
15027
15029
15032
15033
15034
15036
15038
15044
15045
15046
15048
15052
15055
15056
15058
15060
15063
15065
15066
15067
15070
15072
15076
15079
15081
15082
15083
15085
15087
15093
15094
15095
15096
15100
15101
15105
15108
15110
15111
15112
15113
15117
15120
15125
15126
15127
15129
15131
15133
15134
15135
15137
15144
15146
15150
15152
15160
15163
15164
15165
15168
15170
15172
15176
15178
15179
15180
15181
15185
15186
15188
15192
15194
15198
15199
15201
15204
15205
15207
15209
15210
15211
15213
15216
15219
15220
15224
15225
15226
15231
15234
15242
15244
15247
15250
15251
15252
15253
15256
15257
15261
15264
15266
15269
15270
15274
15275
15279
15280
15282
15284
15285
15287
15291
15292
15296
15297
15298
15300
15301
15303
15305
16425
15306
15313
15315
15320
15324
15326
15330
15331
15334
15338
15341
15342
15343
15344
15345
15346
15347
15350
15351
15355
15356
15358
15362
15367
15368
15371
15374
15375
15376
15379
15380
15382
15384
15385
15387
15392
15397
15400
15401
15402
15405
15406
15409
15411
15414
15415
15417
15421
15429
15431
15432
15433
15436
15445
15447
15449
15450
15451
15452
15457
15458
15459
15460
15463
15464
15465
15467
15470
15475
15479
15481
15486
15492
15495
15499
15503
15504
15507
15509
15512
15513
15517
15518
15520
15522
15526
15529
15535
15536
15537
15541
15542
15543
15546
15547
15549
15550
15551
15557
15560
15561
15565
15566
15567
15568
15569
15571
15572
15573
15577
15580
15582
15583
15584
15712
15587
15590
15593
15597
15599
15600
15601
15606
15608
15610
15611
15615
15617
15618
15620
15622
15623
15624
15627
15628
15629
15630
15631
15634
15635
15638
15646
15647
15650
15655
15657
15658
15659
15660
15663
15664
15668
15669
15670
15673
15674
15675
15677
15678
15680
15682
15683
15687
15690
15700
15702
15706
15709
15711
15713
15714
15717
15718
15719
15725
15727
15728
15734
15738
15739
15741
15743
15745
15747
15751
15752
15757
15759
15760
15761
15762
15764
15765
15767
15774
15779
15782
15784
15787
15796
15803
15806
15807
15808
15810
15813
15817
15818
15819
15820
15825
15829
15834
15835
15837
15839
15842
15845
15849
15853
15862
15863
15864
15866
15867
15868
15870
15871
15872
15874
15876
15879
15880
15887
15888
15889
15894
15897
15898
15900
15901
15903
15904
15907
15908
15909
15910
15911
15912
15913
15916
15917
15918
15920
15923
15926
15928
15929
15930
15932
15938
15939
15940
15942
15943
15945
15948
15949
15952
15953
15955
15956
15957
15959
15960
15963
15966
15967
15969
15971
15973
15974
15978
15979
15980
15982
15992
15995
15996
16001
16003
16005
16008
16009
16011
16016
16019
16020
16022
16023
16025
16031
16033
16037
16039
16040
16042
16043
16044
16052
16053
16057
16058
16059
16063
16066
16069
16070
16071
16072
16073
16077
16080
16082
16084
16086
16087
16092
16094
16096
16099
16101
16104
16106
16107
16110
16112
16118
16119
16121
16156
16157
16158
16160
16162
16164
16166
16167
16172
16176
16179
16180
16183
16187
16188
16190
16192
16200
16202
16204
16205
16206
16209
16652
16216
16218
16220
16221
16222
16228
16235
16236
16237
16238
16240
16241
16243
16244
16249
16251
16253
16255
16257
16259
16260
16266
16268
16273
16275
16286
16287
16288
16292
16293
16294
16297
16307
16311
16313
16314
16316
16317
16319
16320
16321
16323
16327
16328
16329
16330
16331
16334
16335
16337
16338
16340
16341
16342
16343
16345
16346
16347
16348
16351
16357
16363
16364
16369
16372
16373
16375
16376
16377
16379
16380
16385
16387
16391
16393
16402
16411
16413
16415
16416
16417
16419
16420
16426
16428
16430
16440
16442
16444
16447
16448
16449
16451
16452
16453
16455
16458
16460
16465
16469
16470
16471
16473
16475
16479
16481
16482
16483
16484
16490
16496
16497
16499
16503
16505
16507
16510
16512
16513
16514
16519
16520
16521
16522
16523
16525
16526
16528
16531
16533
16534
16536
16543
16544
16545
16547
16550
16553
16554
16555
16558
16560
16562
16566
16567
16569
16573
16579
16583
16585
16587
16593
16595
16598
16604
16606
16609
16611
16982
16614
16617
16618
16622
16625
16629
16630
16631
16632
16635
16636
16638
16639
16641
16642
16643
16645
16649
16651
16656
16660
16665
16667
16668
16671
16673
16677
16685
16686
16690
16693
16694
16695
16696
16699
16703
16712
16716
16717
16719
16720
16721
16722
16725
16727
16728
16729
16730
16731
16734
16737
16738
16739
16742
16744
16746
16750
16751
16752
16754
16755
16756
16757
16758
16759
16760
16763
16766
16767
16769
16770
16771
16772
16774
16776
16782
16783
16784
16786
16794
16798
16799
16801
16802
16803
16805
16807
16809
16810
16815
16817
16819
16826
16828
16830
16831
16834
16836
16839
16840
16842
16846
16848
16849
16853
16858
16861
16867
16868
16869
16870
16872
16877
16878
16879
16881
16882
16883
16888
16889
16891
16892
16893
16898
16899
16900
16903
16909
16910
16914
16915
16916
16917
16919
16920
16924
16925
16926
16927
16932
16934
16935
16938
16939
16943
16944
16945
16947
16949
16957
16958
16960
16962
16963
16965
16972
16974
16986
16988
16992
16996
16999
17004
17007
17008
17013
17024
17028
17031
17033
17034
17035
17048
17054
17055
17056
17057
17062
17064
17068
17070
17078
17079
17085
17086
17093
17094
17095
17100
17106
17119
17121
17123
17134
17135
17139
17147
17148
17149
17150
17153
17159
17162
17163
17167
17170
17171
17173
17175
17177
17178
17189
17195
17198
17207
17213
17216
17218
17219
17224
17226
17232
17233
17236
17242
17246
17249
17256
17260
17262
17267
17276
17278
17285
17286
17287
17292
17296
17297
17298
17299
17300
17309
17311
17312
17313
17321
17328
17330
17331
17332
17334
17336
17339
17341
17343
17344
17350
17351
17356
17367
17373
17375
17377
17380
17389
17390
17391
17392
17393
17394
17396
17397
17398
17404
17405
17407
17415
17418
17420
17424
17426
17428
17445
17447
17448
17449
17455
17457
17591
17463
17469
17471
17480
17485
17489
17490
17497
17500
17504
17506
17511
17513
17516
17517
17518
17520
17522
17524
17526
17527
17529
17531
17533
17537
17538
17540
17542
17543
17544
17546
17548
17550
17551
17553
17558
17562
17563
17565
17566
17568
17569
17571
17573
17576
17579
17582
17583
17584
17586
17590
17595
17596
17599
17603
17604
17607
17608
17610
17629
17630
17633
17639
17640
17645
17647
17649
17650
17651
17654
17655
17656
17657
17659
17660
17662
17668
17669
17670
17672
17673
17674
17675
17677
17681
17682
17683
17690
17693
17694
17695
17696
17701
17706
17708
17711
17713
17727
17730
17732
17735
17736
17739
17742
17746
17759
17762
17772
17778
17781
17782
17785
17793
17799
17806
17808
17812
17815
17816
17817
17819
17825
17828
17832
17836
17839
17841
17844
17847
17849
17850
17851
17852
17854
17855
17856
17862
17867
17869
17878
17881
17883
17884
17885
17886
17887
17889
17890
17898
17900
17903
17905
17906
17917
17920
17922
17925
17926
17927
17928
17929
17930
17932
17935
17936
17938
17940
17941
17942
17943
17945
17947
17952
17953
17957
17959
17961
17965
17966
17969
17973
17977
17978
17979
17980
17981
17982
17985
17992
17997
17998
18001
18002
18006
18008
18011
18017
18018
18020
18022
18026
18028
18029
18032
18034
18035
18038
18041
18046
18047
18049
18055
18056
18058
18062
18068
18074
18080
18084
18085
18086
18088
18089
18091
18095
18098
18099
18100
18101
18106
18109
18112
18114
18117
18124
18126
18127
18128
18129
18132
18133
18135
18138
18139
18140
18144
18146
18148
18150
18151
18156
18159
18161
18163
18164
18165
18167
18169
18171
18175
18179
18180
18181
18182
18183
18184
18186
18194
18195
18196
18198
18200
18202
18207
18211
18212
18216
18221
18224
18227
18228
18230
18231
18235
18236
18246
18249
18252
18258
18265
18266
18269
18270
18272
18273
18276
18278
18280
18284
18286
18289
18290
18295
18297
18299
18303
18308
18309
18310
18311
18316
18318
18319
18322
18323
18326
18327
18331
18333
18334
18335
18336
18337
18340
18342
18355
18364
18368
18369
18370
18371
18374
18375
18377
18380
18382
18384
18385
18386
18387
18388
18389
18391
18392
18393
18397
