2594
7
8
9223
9
1669
118
9455
15
2596
2745
18281
25
26
71
216
57
56
7625
588
60
61
1689
63
64
5444
16328
2025
1251
2436
5341
13227
24749
103
6974
4624
2969
117
1879
9997
1907
4820
726
20318
119
120
23632
150
3179
167
7849
16779
3278
623
469
214
25015
7305
15577
1903
24319
176
2592
4418
3396
17958
13895
1097
17419
461
2926
205
25393
6819
2773
25990
1562
1786
17694
10060
11594
861
188
189
2587
5309
754
190
191
1129
5029
2633
7201
22475
1860
28359
6379
7916
6863
17169
14546
3449
18104
3767
14971
1788
1778
7127
213
7317
227
480
228
242
245
2861
251
252
24386
267
22033
276
8381
6577
277
11822
280
281
282
1800
283
289
290
291
817
7879
22001
2013
308
2664
314
316
3270
319
320
346
368
344
334
4890
336
11829
338
340
341
342
17032
2841
1837
7859
5812
23228
1342
2117
16592
10972
6893
2161
2547
4470
17481
13967
14160
17406
364
1091
27119
1115
25426
376
377
907
383
2944
2673
502
2875
384
1842
390
433
11252
14461
396
684
9329
402
17417
405
406
2345
13008
26807
409
411
7221
416
21693
424
425
431
432
1566
444
460
468
3716
22760
4028
470
479
13087
488
489
490
3717
491
3671
10488
501
554
5144
17561
9339
503
3264
8550
8232
9433
504
507
508
6786
511
523
7838
529
530
2609
532
534
535
538
543
544
2797
552
553
13330
555
557
12933
561
27161
2757
574
587
3815
594
596
3648
4694
3730
622
13232
11061
19336
1036
30610
30109
16133
3138
7250
23636
23263
25963
5366
19833
20987
8319
624
10377
5260
4499
2196
4246
4375
6168
7331
9258
3634
4406
6852
1974
5194
3286
4351
644
14367
646
906
14969
651
652
6589
655
659
667
3178
670
676
713
23857
716
2850
4521
22328
827
1092
839
22729
12578
21107
16233
722
1523
723
724
3388
740
741
4137
749
4297
750
13915
12525
753
776
777
10123
799
18293
803
804
809
810
3011
816
8034
10018
17927
818
6006
860
862
873
897
8969
2694
4651
1881
924
925
926
927
931
944
3155
1775
8243
1981
949
3295
970
980
981
990
1004
11850
28227
6222
1561
9340
14559
998
1000
1248
21829
21671
4396
1002
1006
8418
9545
24056
1021
1033
1044
1047
1048
1054
9000
1060
1068
1070
22422
1119
1074
7306
1419
1075
2187
2734
1081
3508
8510
16418
14609
9067
2820
1096
1109
1110
1111
26101
1114
28339
1123
1126
7033
1127
1128
5379
27525
4687
23215
1130
1135
1151
21571
21524
8245
15580
1171
14944
1184
1185
12273
3754
14458
10759
13707
2076
10791
2868
5834
2637
8912
1745
1900
1190
4259
5354
6161
12637
1198
1204
1216
1229
11243
1233
7588
13255
1244
2259
1250
1264
2854
8499
2650
2130
4712
2164
1278
5430
1293
1295
1304
4623
1308
8735
1314
1320
1323
1324
1329
1330
2474
4046
1908
2970
1343
1344
1820
1345
1346
1794
10431
1349
4449
1350
14075
1352
1353
1357
1359
2465
5838
5071
9113
2780
2198
1366
15736
1396
1397
1398
1413
1416
1418
7960
7816
10803
22070
5322
12511
23394
1911
2939
1420
1422
1428
1429
1430
1431
1432
1433
1435
1439
1440
1443
1445
14063
3510
1447
1448
1449
1592
1513
1463
1487
1464
1458
1460
8375
7544
1450
1452
1453
15198
9127
2572
26542
14142
12023
26454
14311
10874
1456
1457
17186
16963
17188
16840
13324
17229
2768
17138
6717
17055
17502
24303
1466
1472
1478
1488
2531
6470
1492
1496
1499
1510
1519
1522
1524
1537
3345
1538
2028
1541
1555
1556
1559
2769
8093
1565
10094
1906
1584
1585
1586
1590
1591
1600
1601
1604
1607
1613
15942
5771
20760
1614
1620
1621
1623
1626
1637
7554
7813
7882
8212
14409
1653
1658
4069
6904
1668
1670
1672
1673
1674
14089
2515
1675
1676
1677
16169
1678
2660
1680
1681
9725
1682
1683
1684
2005
1685
1686
1687
21093
1688
1690
1693
1695
1696
1698
1699
1700
1701
1702
2184
1704
3889
1705
1706
1708
1709
1710
1711
1712
1713
1714
1715
9692
1716
1717
1718
1719
1720
1721
1722
2032
1723
1724
1725
1726
1727
1728
1729
1730
1731
1732
1734
1735
1737
3782
1738
1739
1740
1741
1742
1743
1744
1746
1865
1747
1748
5485
1749
1753
1754
4663
1756
1757
1758
1759
1760
1761
1762
1763
1764
1765
1766
1767
1768
1770
1771
1772
1773
1774
1776
1777
1779
4688
7071
1781
1782
1785
13914
1787
1789
1790
1791
1792
1793
1795
1796
2185
1798
2113
1799
10818
19663
7908
1801
1802
1803
1805
1806
1807
5318
11411
1808
1809
1810
1811
1812
1813
2064
1814
1815
1816
1817
1818
1821
1824
1825
1826
1827
1828
1829
1830
1831
1832
1833
1834
1835
1836
1838
1839
1840
1841
1843
1845
7086
1846
1847
3386
26685
6854
3794
1848
1849
1850
1851
1853
13415
1854
14483
5422
1855
1856
1857
1858
1861
1863
1864
1866
1867
1868
1869
1870
1872
1873
1874
1875
1876
1877
1880
1882
1884
1885
1887
1889
1890
1892
1893
1894
3257
1895
1898
1899
1901
1902
1905
1909
1910
1912
1913
1914
1915
1916
1917
1918
1919
1920
1921
1923
1924
1925
1926
1929
1930
1931
1932
1933
1934
1935
1936
1937
1938
10104
6134
1939
1940
5075
1941
1942
1943
1945
1947
1948
1949
2121
1951
1952
1955
1957
1958
1959
2273
3132
1960
1961
1962
1964
1965
1966
1967
1969
1970
1971
1973
4095
1975
1978
1979
1980
1982
26024
1984
1985
1986
1987
4465
1988
2296
1989
1990
1992
1993
2746
1995
1997
1998
2000
2002
2003
2004
12634
2007
2008
16453
3430
2009
2010
2011
2012
2014
7753
2015
19975
2016
2017
2018
2019
2021
2022
2024
2026
2027
2029
2030
2031
4837
2033
7165
16759
2034
2035
2036
2037
2038
2039
2040
2041
8472
2043
2044
2045
11423
2046
2048
2049
2050
2053
2054
2055
2056
2058
2059
2062
2063
2065
2066
2067
2068
8885
2069
2070
9365
19497
2071
2072
2074
2075
3018
4958
7173
2077
8514
3557
2126
10783
2078
2079
2080
2081
2082
2083
16887
2084
2085
2086
2087
2088
2090
2091
2092
2093
2094
2095
2097
2098
2101
2102
2103
2104
2105
2107
2108
2109
2110
2111
2112
2114
2115
3244
13268
9285
2119
2120
2122
2123
2124
2125
2127
2128
2129
2131
3387
2132
2134
2135
2136
2137
22232
19379
2138
2139
6624
9355
2141
2145
2146
2147
2148
2149
2150
2151
2718
2152
2153
2155
2156
2157
2158
2160
16259
2162
2165
2167
2786
2168
2169
2173
2174
2177
2179
2180
2181
2182
2183
3503
4913
2188
10489
2189
2190
2191
5993
2192
2193
2194
7911
2195
2197
7378
5299
2199
2200
2202
2203
2205
2206
2209
2210
2211
2212
2213
25399
2214
2217
2218
2220
2221
2222
2223
2224
22863
2225
2228
2229
2230
2231
2232
2233
2238
2239
2240
2242
7805
2244
2245
2246
2247
2248
2249
2250
2252
2254
2256
2257
2258
2260
2261
2262
2265
2268
2269
2272
2274
2275
2276
2277
2280
12390
2283
2285
2286
17437
2288
2289
2291
2292
2293
2294
2297
2298
2299
2300
2301
2302
2303
2305
2306
2312
2314
2316
2317
2318
2319
2321
2322
2323
2324
6927
2325
2326
2327
2329
2332
2336
2337
2338
2339
2340
2342
2344
24474
19323
2367
2347
2348
18403
3214
2349
11480
2350
2352
2353
2354
2356
2357
2361
2362
2363
2368
2369
2370
2371
2372
2373
2374
2375
2376
2377
2378
2379
2380
2381
3360
2385
2386
2387
2388
2389
2390
2395
2396
2397
2398
2399
2401
11667
4184
4185
2402
2404
2405
2406
2407
2408
2410
2411
2412
2413
2418
2419
2420
2423
2424
2425
2426
2427
2429
2431
2432
2433
2434
2435
2440
2442
2443
2444
2445
2446
2447
2448
2450
2451
2453
2454
2456
2457
2458
2459
2460
2461
2462
2464
4544
2466
2467
2468
2469
2473
2475
2476
2477
2478
2479
2482
2484
2485
2487
2488
2491
2496
2497
2499
2500
2506
8386
2507
2508
2509
2512
2514
2516
2517
2518
2520
2522
2523
2524
2525
2526
2527
2528
2530
8124
2532
2533
2535
2539
2541
2542
2543
9626
2544
2545
2546
2549
2550
2553
2554
2555
2557
2558
2560
2561
2562
2565
2566
2568
2570
2571
17207
13978
2573
2575
2576
2581
2582
2584
2585
2586
2588
2589
2590
2593
14388
2598
2602
2603
2606
2607
2608
2610
2613
2614
2616
2617
2619
2620
2621
2624
2626
2627
2628
3464
2629
2631
2632
2634
2635
2641
21600
21905
2645
3531
2646
2647
2648
2649
5584
7891
2652
2654
2659
2661
2663
2670
2671
2672
2674
2675
3747
16724
16852
5822
18879
2676
2677
2680
2681
2682
2684
5324
2686
2687
2688
2689
2690
2695
2697
2699
2700
2701
2702
2703
2704
2705
2706
2707
2708
4236
2710
2711
2712
2713
2715
2716
2717
2719
2720
2721
2722
2724
2725
2729
2735
2736
2739
2740
2741
2742
2743
2744
2747
2748
2749
2750
2751
2752
2753
2754
2755
2756
2758
2759
2760
2762
2763
2764
2765
2766
2767
15958
17559
4679
4664
4990
2770
2771
11800
2775
2779
5291
2781
2782
2783
10994
2784
2785
2787
2788
2789
2790
2792
2793
2795
2796
2798
2799
2800
2801
2802
4208
2803
2804
2806
2807
2808
2809
2810
2811
2812
2813
2814
2815
2816
2817
2818
2819
2821
2822
2823
2824
2825
2827
2828
2829
2830
2831
2833
2834
2835
2836
2838
23634
15125
12569
2842
2845
2846
2848
2849
2852
2853
5867
4353
7142
7887
10840
2857
2858
2859
2862
2863
2864
2865
2866
2867
4897
2869
2870
2871
2874
2876
2877
2878
2879
2880
2881
2882
2883
5435
2884
2885
2886
2887
2890
2891
13377
29733
2892
2893
2900
2901
2902
2903
2904
2905
2906
2907
2908
2909
2910
2912
2913
2914
2916
2918
2920
2923
2924
11136
10178
7595
15154
2927
2930
2932
2934
2936
2938
2940
2941
2945
2946
2947
2950
2951
2952
2953
2954
2955
2958
2959
2960
2961
2962
2963
2964
2965
2966
2967
2968
3230
2971
2972
2973
2974
2975
2976
2977
2978
2979
2980
2981
2982
2983
2984
2985
2986
2987
2988
2989
2990
2991
2992
2993
2996
2999
3001
12792
3002
3004
3007
3008
3009
3012
3015
3016
3017
5285
17866
13198
7367
3023
3024
3025
3026
3028
4942
3031
3033
3034
3035
3036
3039
3040
3041
3042
3043
3045
3046
3047
3049
3299
3050
3051
3053
3054
3055
3057
3058
3059
3060
3064
4952
3068
3069
3070
3071
3076
3078
3080
3081
3082
3083
3084
3086
3089
3090
3092
3093
3096
3097
3101
3102
3106
3107
3108
3110
3111
3114
3115
3118
3119
3125
11200
3126
3128
3129
3130
3133
3136
29901
19522
5766
3139
3140
3141
3143
3144
3146
3152
3154
6415
5456
3922
3157
3159
3160
3161
3163
3164
3166
3169
3170
3171
3173
3174
3176
3181
3182
3183
3184
3187
3188
3189
3190
3195
3196
3197
3198
3199
3200
3201
5413
7981
3205
3208
3209
3210
10844
3215
3216
3218
3222
3223
3224
3225
3226
3229
7146
12333
4854
3231
3234
3235
3236
3238
3239
3240
10533
3241
3243
21331
3245
3247
3249
3250
3251
3254
3255
3256
3258
3263
4907
3265
3266
3267
3268
3269
3271
3273
3277
3280
3282
3285
3287
3288
3289
3290
3293
3294
3296
3297
3298
3300
3301
3302
3304
3305
3306
3307
3308
27060
10005
3309
3310
3313
3314
3315
3316
3319
3322
3323
3324
3329
3331
3334
10460
3335
3336
3337
3338
3339
3340
4194
3342
3344
13743
3346
3348
5256
3349
3350
3351
3356
3357
3358
6954
3361
3364
3365
3367
3370
3371
3373
3375
3377
3378
3382
3384
3392
6280
3393
3394
3397
3398
3400
3402
3407
3410
3411
3414
3415
3416
3417
3457
3418
14895
3419
3420
3421
3422
3423
3424
3425
3428
3429
3431
5108
3432
3434
3435
3438
16753
3439
3440
3442
3443
3444
3445
3446
3447
3450
3451
3453
6678
3454
3459
3461
3462
3463
12822
22118
3466
3467
3468
3470
3471
3472
3481
3483
3484
3485
3486
4342
3491
3492
3494
3495
3497
3500
3501
3502
3504
3506
3507
7785
17886
3511
3512
3515
3516
3518
3519
3521
3524
3527
3530
11215
3532
3533
3534
3535
3536
3537
3539
3542
3544
3547
3548
3549
3551
3553
3554
3555
4617
3559
3560
3562
3567
3568
3569
3576
3577
3579
3580
3582
3583
3584
3585
3587
3589
3590
3591
3592
3594
3596
3597
3598
3600
3601
3604
3605
3606
3607
3608
3609
3610
3611
4723
20400
5950
3612
3615
3616
3617
3619
8364
3621
3622
3625
3626
3628
3629
3630
3633
18153
3636
3639
3645
3646
3647
4359
3650
3651
3654
3659
3662
10851
29324
17293
3663
3666
3667
5135
3673
3674
3683
3685
3687
3688
3691
3696
3697
3698
3699
3700
3704
3707
3710
3711
3715
3718
3719
3720
10762
17719
13849
3723
3725
3727
3728
3731
3733
3736
3739
8919
3741
3742
3743
3744
15408
3745
13888
3746
3750
3751
3752
3753
3795
13337
3755
3757
3760
3762
3764
3768
3773
3774
3780
3783
3785
3786
3791
3793
3797
3799
3800
3801
3803
3804
3805
3806
3808
3811
3812
3813
3814
3820
3826
3828
3830
3835
3838
3842
3843
10234
3845
3846
3848
6237
3849
3854
3856
3858
3859
3862
3863
3864
3865
3870
3876
3879
3880
3886
8527
3887
3969
3942
6502
5355
5490
3890
3891
3893
9853
3894
3897
3901
3905
3908
3909
3918
3921
3923
3924
3925
3926
3927
10423
3929
3931
3932
3934
3935
3937
3938
5326
3940
3945
3947
3948
17882
3952
3953
3954
3955
3956
3959
3961
3962
18483
8993
3966
3967
3968
3970
3971
3973
3974
3975
3976
3977
3981
3983
3985
3986
3990
3991
3998
4000
4001
4233
4002
4004
4005
4007
4010
23384
4011
4013
4015
9306
4021
4022
4027
4029
4031
4033
4034
11694
4035
4036
4039
4040
4041
4042
4043
6998
4047
4049
4050
4051
4054
6321
4055
4056
4057
4058
4059
4061
4065
4066
4067
4068
4788
4070
4075
4078
4082
4083
4084
4085
4088
4089
4090
4091
4094
4467
4097
4098
4099
4100
4103
4104
4106
4109
4114
4115
4116
4118
4119
4120
4121
4122
4123
4124
4125
8594
4126
4127
4128
4132
4133
4135
4138
4656
4140
4145
4147
4148
4149
4150
7432
4153
4155
12192
4159
4161
4162
20531
11603
4164
4166
4169
4170
4172
4173
4177
4178
4181
4182
4183
4187
4189
4190
15464
14070
4191
4192
4196
4198
4199
4201
17860
4202
4203
4204
4207
4212
4213
4214
4215
4216
7591
4220
7406
4223
4224
4225
4226
4227
4230
12902
5255
4232
5025
5288
4340
4238
4245
10825
4249
4254
4255
4256
10372
4258
12713
8383
4260
4265
4266
4268
4269
4271
4275
11220
4276
4277
4280
4283
7928
4289
14415
4291
4293
4294
4295
4296
4300
4302
4304
4305
4309
13670
4310
4507
4311
4314
4316
4317
4318
4319
4330
4320
4323
4324
4328
4329
4333
4334
4409
4336
4337
4338
9552
4341
4344
4345
4346
4348
4352
5674
4356
4357
4358
4360
4361
5111
4366
4369
4371
4374
8452
4378
4380
4382
4383
4384
4385
4386
4390
4392
4395
4397
4398
4400
4403
4407
4412
4413
4414
4416
4417
4420
4422
4426
4432
4439
4440
4441
4445
4448
4452
14596
4456
4458
4463
4464
4466
4468
4469
4471
4474
4475
4476
4478
4480
4482
4483
4484
4485
4486
4487
4488
4489
4491
4494
4495
13672
4496
4497
4498
4500
4501
4503
4504
4506
4513
4516
4517
4520
4523
4524
4525
4530
4532
4536
4538
4539
4546
4541
5668
4542
4543
7485
4917
4545
4549
4551
4552
4553
4557
4558
4559
4561
4563
4564
26050
4566
4567
4569
4572
4574
4575
4576
4578
4580
4582
9414
5558
4583
4584
4587
4589
4590
4591
4592
4593
4595
4596
4597
4600
4604
4606
4607
4608
4609
4610
4611
4615
4616
4618
4619
4620
4621
4625
4626
4628
4629
4630
4631
4632
4634
4635
4637
4639
4640
4641
4642
4644
4647
4648
6592
28018
4653
7475
5983
4665
4667
4668
4669
4670
4672
4673
4674
4675
4678
4680
4681
4684
4686
6591
4690
4691
4695
4696
4697
4698
4699
4701
4702
4703
4704
4705
4706
4707
4710
4711
4714
4715
7650
4716
4717
4720
4721
4725
4727
4731
7026
4732
4734
4736
4738
4740
4741
4742
4743
4745
6472
4747
4751
4753
4754
4755
4757
4758
4760
4762
4763
4766
4767
4771
4774
4775
13478
4778
4779
4780
7232
4782
4786
4787
4792
4795
4796
4798
4799
4800
4803
4804
4806
4807
4809
4814
4817
4818
4825
4826
4831
4833
4834
4835
4838
4839
4841
4842
4843
4847
4850
4851
4852
11718
4855
4857
4860
4861
4864
4866
4867
4869
4871
4873
4874
13520
4875
4877
4882
4883
4886
4887
4891
4895
4896
4899
6793
4900
4901
4902
4903
4904
4905
4908
4909
4912
4914
4915
4916
5270
4919
4920
4924
4925
4931
18865
4932
4933
4934
4935
4937
17492
17470
4945
4948
4949
4950
4951
7284
4954
4955
4957
14584
4959
6373
4960
4961
4962
4963
4967
4968
7537
4969
4973
4974
4976
4977
4979
4981
4983
4984
4986
4987
4989
4991
4993
4994
4995
4998
4999
5001
5003
5004
5006
5007
5008
5866
5009
5010
5011
5013
5016
5017
5018
5020
5021
5023
5024
5026
5028
5031
5032
9633
10946
9386
5033
5036
5037
5038
5040
5042
5043
5045
5047
5048
5050
5052
5053
5056
5057
5058
5059
5060
5061
5063
5064
5066
5067
7369
5068
22381
5072
5073
5074
5076
15884
5077
5078
5079
5081
5083
5085
5086
5088
5089
5091
5092
5094
5097
5099
5102
5103
5105
5107
5110
5113
5114
5115
5116
5117
5119
5120
5122
5123
5125
5127
5129
5131
5133
5134
5138
5140
5141
5146
5147
5149
5153
17584
18157
18452
17940
5154
5156
5157
5158
5160
5161
15105
5162
5165
5166
12349
5622
5167
5168
5170
5171
5172
5176
5177
5180
5181
5182
5184
5185
5186
5187
5188
5189
5191
5192
5193
5196
5197
5198
5199
20867
5203
5204
5205
5207
5209
5210
5214
5215
5218
5222
5223
5224
5225
5226
5227
5231
5233
5234
5235
5237
5259
15995
5261
5262
5263
5265
5268
5269
19465
5271
5274
5275
5277
5282
5283
5286
16688
5289
5290
5292
5294
5298
5300
5303
5304
5306
5307
5311
5312
5313
5314
5315
5316
5317
5319
9303
5323
5325
15619
11769
5328
6908
5335
5340
15558
18410
12664
5346
7265
5347
5348
5350
15956
5351
5352
13047
5360
5361
5362
5365
5367
5368
5369
5370
5373
5374
5375
5376
5377
6953
5378
5380
5381
5382
5384
5385
5387
5390
5391
5394
7547
5398
5399
5401
5402
5407
5408
5410
5412
5414
5416
5417
5418
5420
5423
5424
5425
5429
5432
5436
5438
5439
5441
5443
5448
5450
28113
5454
5608
5457
5460
5461
5463
5464
5466
5467
5468
5469
13551
18545
5470
5472
5476
5478
5480
5482
5483
5484
5486
5487
5489
6143
5491
5492
5494
5495
5500
23438
5501
5504
5506
5508
5509
5510
5511
5512
5514
5515
5516
5519
5520
5524
5526
5527
5531
5532
5533
5535
5536
5538
5539
21978
5540
5541
5543
5544
5547
5550
5551
5556
5560
5563
5564
5567
20956
5593
5594
5598
5600
5601
5602
5603
5606
26848
28353
5609
5612
5613
5616
5618
5623
5625
5627
5631
5634
5637
5641
5643
5651
22799
5654
5655
5656
5657
5660
5661
5662
5663
5666
5672
5677
5678
5679
5684
5685
5687
5688
5690
5693
5694
5698
5701
5702
5703
5705
5727
5728
5730
5731
5733
5734
5743
5744
5745
5746
5747
5751
5752
5754
5757
5758
5760
5761
5762
5763
5764
5765
5767
5770
7499
10884
7685
22943
5772
5773
5776
5778
7039
5779
5782
5783
5784
5788
5789
5792
5793
5796
5798
5806
5807
5808
5809
23473
5814
5815
5817
5820
5821
5823
7013
5827
5829
5831
5832
5833
5835
5836
5837
10361
5840
5841
5845
5847
5848
5849
5850
5851
5856
5860
5861
5862
6941
5864
7171
5868
5870
5871
5875
5896
5899
5900
5901
5904
5907
5909
5913
5914
5915
5916
5918
5920
5922
5923
5924
5926
5928
5929
5930
5931
5932
5934
5937
5938
5939
5941
5943
5944
5951
5952
5954
5955
5956
5962
5964
5965
5966
5967
5968
5969
5974
5975
5979
5980
5986
5987
5988
5990
5991
5992
5994
5996
5998
6286
12215
6001
6002
6004
6005
6007
6008
6009
6010
6011
6013
6014
6015
6018
6019
6020
6023
6025
6041
6042
6043
6046
6050
6436
12270
6053
6055
6056
6057
6058
6060
6061
6062
6063
6066
6069
6071
6073
6074
6076
6077
6079
6082
8575
6083
6084
6085
6086
6087
6088
6089
6091
6095
6097
6098
6099
6101
6102
6103
6104
6105
6107
6109
6112
6113
6114
9088
6115
7053
6118
6119
6124
6125
6126
6128
8934
6129
6131
6132
6133
6138
6139
6140
6142
6145
6146
6147
6148
6149
6152
6153
6158
6160
6162
6164
6165
6166
6188
6189
6190
6191
6194
6195
6198
6200
6202
6203
6205
6207
6208
6209
6210
6211
6212
6213
6214
6215
6216
6217
6221
6223
6225
6229
6231
6232
6233
6234
6235
6238
6240
6242
6243
6245
6246
6247
6248
6249
6251
6253
6254
6255
6256
6258
6259
6261
6265
6266
6267
6268
6269
6270
6272
6273
6274
6276
6277
6278
6283
6285
14786
6287
6289
6290
6292
6293
6294
6295
6296
6297
6298
6300
15321
6323
6325
17581
6327
6328
6330
6331
6332
6333
6335
6337
6338
6343
6345
6346
6347
6348
6349
6350
6351
6353
6355
6356
6357
6358
6360
6361
6362
6364
6366
6367
6371
6372
13718
17723
6375
6376
6377
6378
6381
6382
6385
6386
6387
6388
6389
6390
6394
6395
6396
6398
6399
6404
6405
6406
6408
6409
6411
6412
8192
6416
6418
6419
6420
6422
6427
6428
6429
6430
6431
6435
6438
6439
6440
6441
6442
6443
6445
6447
6448
6449
6450
6451
6452
6454
6455
6459
16680
16681
18521
6460
6462
6463
6465
6466
6467
6468
16393
6474
6476
6477
6478
6480
6483
19518
6485
6486
6487
6490
6491
6493
6495
6496
6497
6499
6500
6504
6506
6507
6508
6509
6510
6511
6513
6518
6519
6520
6521
6522
6524
6525
6526
6527
6529
6532
6533
6536
6537
6538
6539
6540
6541
6544
6545
6546
6547
14933
6549
6550
6552
6553
6554
6556
6558
6559
6561
6562
6563
6566
6567
6569
6570
6571
6574
6578
6579
6581
6582
6583
9803
6584
6587
6588
6593
6594
6597
6598
6600
6601
6602
6604
6605
6609
6612
6613
6614
6616
6617
6618
6619
6620
6621
6622
6623
6625
6626
6627
6628
6629
6630
6632
6633
6635
6637
6638
6641
6643
6644
6648
6649
6650
6653
6657
6658
6660
6661
6662
6663
6665
6667
6668
6671
6673
6674
6677
6679
19484
6682
6688
6689
6693
6694
6695
23618
6697
6702
6704
6705
6707
6708
6710
6712
6713
6714
6715
6716
17379
17574
17431
17591
6718
6719
6721
6723
6724
6725
6727
6728
6729
6731
6733
6736
6737
6738
6739
6741
6743
6931
6745
6748
6749
6750
6751
6752
6753
6755
6758
6760
6761
6762
6763
6764
6766
22167
6769
6770
6772
6773
6776
6779
6780
6781
6782
6784
6785
6787
6789
6790
6792
6795
6796
6801
6802
6803
6805
6807
6809
6810
6812
6815
6816
6817
6818
21511
6820
6822
6824
6828
6829
6830
6832
6835
6836
6838
6839
6841
6844
6845
6847
6849
9272
9214
6850
6851
6853
23943
6856
6857
6858
15385
20890
6865
6867
6868
6872
6873
6875
6877
6879
6880
6881
6883
6884
6886
6888
6892
6896
6898
6900
6901
6902
6903
7863
6909
6911
6912
6914
6916
6919
6920
6921
6923
6924
6925
6926
6929
6930
6933
6934
6936
6937
6938
6943
6944
6946
6949
6950
6951
6952
10479
6956
6959
6962
6963
6965
6966
6967
6968
6969
6971
6973
6978
6980
6983
6984
6985
6986
6987
6990
6991
10089
11461
6992
6994
6995
6996
7000
7001
7002
7004
7005
7007
7008
7009
7014
7017
7018
7019
7022
7025
7027
7028
7029
7032
7034
7036
7037
7038
7040
7043
7046
7049
8588
7050
7051
7052
7054
7055
7056
7057
7058
7062
7063
7065
7066
7067
7068
7069
7070
7074
7076
7077
7080
7081
7083
7087
7089
7090
7091
7094
7095
7097
7101
7103
7105
7106
7107
7108
7109
7110
7111
7112
7113
7115
7116
7118
7120
7123
7124
7126
7129
7131
7132
7133
7134
7135
7137
7138
7140
7143
7144
7145
7147
7148
7149
24281
7150
7151
7152
7155
7159
7161
7162
7163
7164
7166
7167
10339
17557
7169
7170
7172
7175
7176
7178
7179
7180
7183
7184
7185
7186
7189
7191
7193
7194
7195
7196
7197
7198
7202
7204
7205
7206
7207
7208
7210
7211
7216
7217
7218
7220
7223
7225
13210
7229
7230
7231
7233
7234
7235
7238
7242
7245
7246
7247
7248
7251
7254
7255
7258
7259
7261
7263
16266
7264
7267
7269
7270
7271
7272
7273
7278
7282
7283
7285
7288
7290
7292
7294
7296
7300
7301
7302
7303
7304
22177
7307
7308
7309
9526
7310
7311
7313
7316
7321
7322
7324
7325
7326
7327
7332
7333
7335
7336
7337
17452
16839
7340
7341
7342
7343
7346
7347
7348
7349
7354
7357
7359
7361
30213
7362
7363
7364
7365
7366
7368
7371
7372
7373
7375
7376
7377
7379
7381
7382
7385
7386
7387
7389
7390
7394
7396
7397
7398
7399
7400
7401
7403
7405
7407
7410
7411
7412
7413
7415
7417
7419
7421
7422
7423
7424
7425
7428
7431
7433
7435
7436
7438
7439
7440
7441
7442
7443
7444
7447
7450
7451
7452
7453
7454
7456
7457
7458
7461
7463
7464
7465
7469
7473
7474
10278
12133
7476
7477
7478
7479
7480
7481
7484
7486
7487
7488
30694
7492
7493
7494
8075
7496
7497
25057
7498
7500
7501
7504
7505
7507
7508
7509
7511
7513
7514
7515
7517
7518
7519
7521
24729
8241
7522
7525
7526
7531
7532
7533
7534
7538
7542
7548
7551
7552
7555
7558
7560
7564
7568
8583
7569
7570
7573
7574
7575
7576
7577
7578
7579
7580
7581
7583
7584
7586
7589
7590
7592
7593
7594
7597
7598
7602
7603
7607
7611
7612
7614
7616
7617
7619
7620
7623
7624
7628
7629
7630
7631
8091
7635
7637
7638
7640
7641
7642
7643
7644
7645
7647
7648
7649
7651
7652
7654
7655
7657
7658
7659
7660
7661
7663
7664
7668
7669
7671
7672
7673
7678
7679
7680
7681
7682
7686
7687
7688
7689
7691
7692
7695
7697
7698
7699
7700
7701
7702
7703
7704
7707
7708
7712
7717
7718
7719
7721
7722
7725
7728
7730
7731
7733
7734
7735
7736
7737
7739
7740
7741
7742
7743
7745
7747
7750
7751
7752
7756
7757
7758
7759
7763
7764
7765
7766
7768
7769
7771
7773
7774
7775
7780
7781
9774
7782
7787
7788
7790
7791
16774
7792
7793
7794
7795
7796
7797
7798
7800
7802
7804
7806
7808
7809
7810
7811
7812
7815
7817
7818
7819
7820
7822
7823
7825
7828
7830
7833
7835
7837
7841
7845
7847
7848
7850
7852
7856
7857
7858
7861
7864
7867
7869
7872
7874
14569
7875
7877
7883
7884
7886
7888
7889
7890
7893
7894
7896
7897
7899
7900
7901
7902
7903
7904
7905
7906
7907
7909
7910
7914
7921
7922
7925
7926
7929
7930
7931
7934
7935
7936
7938
7939
7941
7942
7944
7946
7947
7951
7952
7954
7955
7956
7957
7958
7959
7962
7963
7967
7969
7972
7974
7975
7978
7979
7980
7983
7984
7985
7987
7989
7991
7994
7995
7999
8001
8002
8003
8004
8005
8006
8007
11047
8009
8011
20378
8012
9347
8015
8019
8249
8021
8022
8023
8026
8027
8443
8028
8030
8032
8035
8036
8037
8040
8041
8044
8045
8046
8047
8048
8050
8051
8052
8053
8056
8059
8061
8062
8063
8064
8067
8068
8072
8073
8074
8076
8077
8078
8080
8081
8082
8084
8088
8090
8092
8095
8100
8103
8109
8110
8112
8113
8114
8115
8116
8117
8119
8121
8122
8123
9374
8129
8132
8133
8136
8138
8139
8141
8142
8143
8144
8145
8146
8148
8149
8154
8155
8156
8158
8160
8161
8162
8163
8165
8167
8168
8169
8170
8172
8173
8174
8175
8176
8177
8178
8181
8184
8185
8186
8187
23413
8189
8191
8193
8194
8199
8200
8201
8202
8204
8205
8206
8208
8209
8210
8211
8213
8214
8215
8216
8217
8218
8219
8220
8221
8222
8223
8224
8225
8226
8227
8228
8230
8233
8234
8235
8236
8238
8242
10198
26530
26492
26413
26414
8246
8248
8250
8251
8252
8253
8257
8258
8259
8260
8263
8264
8268
8269
8270
8273
8274
8278
8281
8282
8283
8284
8287
8288
8290
8292
8293
8295
8299
8300
8301
8303
8305
8306
8307
8308
8310
8311
8312
8313
8316
8318
23871
8320
8323
8324
8325
8326
8327
8329
8331
8332
8333
27024
8334
8337
8338
8342
8343
8344
8346
8347
8350
8351
8353
8354
8356
8359
8360
8361
8362
8363
8366
8370
8371
8372
8373
8374
19074
17413
8394
8377
8378
8379
8380
11724
8384
8387
8391
8392
8396
8397
8398
8399
8400
8401
8403
8405
8406
8407
8413
8414
8415
8416
8425
23418
8426
8428
8429
8435
8436
8437
8442
8444
8445
8446
8447
8448
23999
8451
8453
8454
8460
8461
8463
8465
8467
8469
8470
8471
8474
8476
8480
8481
8482
8483
8484
8490
8491
8492
8494
8497
8500
8506
8507
8737
8508
8509
8511
8512
8513
8515
8517
8518
8519
8528
8529
8530
8534
8535
8536
8540
8542
8543
8544
8546
8548
8549
8553
8556
8557
8558
8559
8560
8561
8562
8565
8567
8568
8569
8571
8572
8573
8576
8578
8579
9092
8585
24543
8590
8591
8592
8593
8598
8600
8601
8603
8604
8608
8609
8612
8614
8615
8617
8618
8619
15896
8623
8624
8625
8626
8629
8630
8633
8634
8637
8638
8640
8645
8646
8650
8651
8653
8654
8656
8657
8658
8661
8664
8665
8668
8669
8671
8673
8674
8676
8678
8679
8680
8683
8687
8688
8689
8690
8691
8693
8694
8695
8696
8699
8701
8705
8710
8711
8714
8715
8716
8717
8722
8724
8725
8728
8729
8730
8731
8733
8734
8738
8739
8740
8743
8744
8745
8749
8750
8751
8752
8753
8754
8755
8756
8757
8758
8759
8765
8766
8767
8768
8769
8772
8773
8774
8775
8776
8780
8783
8785
8786
8787
8788
8790
8793
8795
8797
8799
8801
8802
8804
8805
8806
8809
8810
8812
8814
8817
8819
8821
8822
8823
8828
8829
8831
8832
8833
8834
8835
8838
8840
8841
8842
8953
8843
8844
8845
8849
8854
8856
8858
8859
8861
8862
8865
8866
8867
8868
8873
8874
8875
8879
8880
8881
12488
8883
8884
8886
8887
8891
8895
8896
21361
8897
8898
8899
8900
8901
8902
8903
8906
8907
12134
8908
8909
8910
8913
8915
8916
8917
8921
8922
8926
8927
8928
8930
8933
11004
8935
8937
8940
8941
8945
9884
8946
8947
8948
8949
8951
10468
8952
8954
8955
9562
8957
8958
8961
12478
8963
8965
8966
8970
8971
8973
8974
8976
8978
8979
8980
8983
8987
8988
8990
8992
8995
8997
8998
8999
9001
9004
9008
9011
9012
9014
9015
9016
9017
9018
9020
9022
9023
9025
9026
9027
9028
9029
9030
9032
9033
9034
9035
9036
9037
9040
9043
9045
9046
9047
9048
9049
9050
9051
16242
9053
9054
9060
9061
9063
9064
9065
9066
22471
9578
9069
9070
9074
9076
9077
9078
9079
9080
9086
15778
9087
9089
25528
9090
9091
9093
9095
9096
9097
9098
9099
9100
9102
9103
9104
9105
9107
9108
9110
9112
9114
9116
9120
9121
9122
9123
9124
9125
9126
11932
9128
9129
9134
9136
9137
9138
9139
9141
9142
9143
9146
9150
9152
9156
9157
9158
9159
9161
9163
9164
9167
9169
9172
9173
9177
9179
9180
9181
9185
9186
9188
9191
9192
9195
9196
9197
9198
9199
9201
9203
9205
9208
9210
9211
9215
9216
9218
9220
9222
9225
9226
9227
9228
9230
9233
9234
9236
9237
9238
9240
9241
9243
9253
9254
9255
9256
9257
9259
9260
9261
9263
9267
9268
9270
9274
9275
9277
9279
9280
9281
9284
9287
9289
9291
9294
9295
9296
9300
9301
9302
9304
9309
9311
9314
9316
9317
23488
9319
9320
9321
9322
9323
9324
9325
9326
9327
9407
9334
24538
9337
9338
9341
9342
9343
9344
9345
9346
9348
9350
9353
9356
9358
9359
9360
9361
9362
9363
9364
9367
9368
9369
9370
9371
9372
9373
12465
9375
9376
9377
9378
9380
9381
9384
9385
9387
9388
9389
9390
9391
19791
9392
9393
9395
9398
9404
9405
9406
9409
9410
9411
9413
9415
9416
9417
9419
9420
9421
9423
9424
9425
9426
9428
9432
9434
9435
9437
9438
9440
9441
9443
9444
9445
9446
9449
9450
9451
9452
9453
9456
9458
9459
9461
9466
9468
9469
9470
9477
9478
9479
9482
9484
9485
9488
9490
9491
9492
9493
9494
9495
9496
9497
9498
9499
9500
9501
9503
9505
9508
9509
9510
9511
9512
9513
9514
9515
9517
9518
9520
9521
9522
9527
9528
9531
9532
9533
9534
9538
9539
9540
9541
9543
9546
9547
9549
9550
9551
9555
9556
9557
9558
9564
23011
9569
9571
9573
9575
9576
9577
9581
9582
9583
9584
9586
9587
9590
9592
9595
9596
9597
9598
9601
9602
9604
9608
9610
9611
9612
9613
9617
9619
9622
9623
9624
9625
9627
9630
9631
9632
9634
9637
9639
9640
9641
9644
9645
9647
9649
9650
9651
9652
9653
9654
9655
9656
9657
9658
9659
9660
9661
9662
9665
9668
9671
9672
9674
9678
9681
9685
9688
9690
9691
9694
9695
9698
9700
9702
9703
9704
9705
9706
9707
9708
9709
9710
9712
9713
9716
9717
9718
9719
9720
9723
9727
9728
10336
9730
9731
9732
9733
9734
9737
9738
9739
9740
9741
9743
9744
9747
9748
9749
9750
9753
9756
9759
9760
9762
9764
9767
9768
9773
9776
9778
9784
9785
9786
9789
9790
9792
9793
9795
9797
9798
9801
9802
14804
9805
9806
9807
9808
9809
9811
9812
9813
9814
9816
9817
9819
9821
9822
9824
9833
9835
9836
9837
9842
9843
9845
9846
9847
9848
9850
9851
9852
9854
9855
9857
9859
9860
9861
9863
9864
9865
9866
9871
9873
9874
9875
9876
9877
9878
9879
9882
9885
9886
9887
9890
9891
9892
9893
9894
9895
9901
9902
9905
9908
9910
9914
9916
9917
9918
9919
9920
9921
9922
9923
9924
9925
9928
9929
9933
9936
9937
9944
9947
9949
9950
9952
9953
9957
10940
9958
9959
9963
9964
20678
17516
9965
9967
9968
9969
9970
9971
9972
9973
9974
9975
9976
9978
9982
9983
9985
9986
9987
9989
9990
11452
9991
9992
9993
9995
9996
19808
9998
9999
10000
10001
10004
10009
10010
10011
10012
10014
10015
10016
10017
10019
10020
10021
10025
10026
10027
10030
10031
10032
10033
10034
10035
10036
10037
10038
10042
10043
10044
10049
10050
10051
10056
10058
10059
10061
10066
10067
10069
10070
10071
10074
10075
10077
10078
10080
10082
10083
10084
10085
10087
10088
18517
10090
10092
10093
10098
10101
10103
10107
10108
10109
10112
10113
10114
10115
10118
10119
10121
10125
10128
10129
10131
10132
10134
10135
10136
10137
10140
10141
10142
10145
10147
10148
10149
10150
10151
10152
10153
10155
10157
10158
10159
10160
10163
10164
10166
10168
10170
10175
10176
10177
15918
10179
10182
10184
10186
10187
10188
10189
10190
10191
10192
12455
10193
10194
10196
10197
10202
10204
10205
10206
10208
10209
10214
10217
10218
10219
10225
10227
10228
10230
10231
16558
10232
10233
13299
10236
10238
10240
10241
10243
10245
10246
10247
10248
10249
10250
10253
10254
10255
10257
10258
17520
10261
10263
10264
10271
10273
10274
10281
10286
10287
10288
10290
12027
11213
10293
10296
10301
10302
10307
10308
10310
10311
10312
10313
10314
10316
10317
10319
10320
10322
10324
10325
10326
10327
10329
10331
10332
10333
10334
11011
10337
10338
10340
10345
10350
10356
10357
10358
10359
10363
10366
10367
10368
10369
10373
10376
10378
10380
10382
10383
10387
10388
10389
10390
10391
10392
10393
10394
10395
10397
10398
10399
10400
10402
10404
10405
10406
10408
10409
10410
10412
10416
10417
10419
10420
10421
10422
10427
10428
10434
10435
10437
10439
10440
10441
10442
10443
10444
10445
10446
10448
10450
10451
10453
10454
10456
10461
10464
10467
10470
10471
10472
10473
10475
10476
10480
10483
10484
10485
10486
10487
10493
10494
10497
10498
10500
10501
10503
10504
10505
10507
10509
10511
10512
10513
10514
10516
10518
10525
10526
10528
10529
10530
10782
10531
10535
10536
10539
10541
10542
10543
10545
13750
10548
10550
10551
10554
10555
10556
10559
10560
10561
10562
10564
10565
10566
10567
10568
10570
10572
10573
10575
10578
10579
10580
10582
10584
10586
10587
10589
10590
26992
10592
10593
10596
10597
10598
10600
10601
10602
10603
10605
10607
10608
10609
10610
10612
10613
10614
20750
10618
10619
10622
10624
10628
10629
10630
10631
10633
10634
10635
10636
10639
10641
10643
10644
10645
10647
10651
10653
10656
10658
10660
10662
10663
10666
10669
10670
10671
10672
10674
10676
10677
10678
10679
10680
10681
10683
10684
10685
10686
10689
10690
10693
10694
10695
10696
10697
10698
10699
10705
10709
10711
10712
10713
10714
10715
10720
10721
10722
10723
10725
10726
11674
10728
10730
10734
10735
10736
10737
10738
10739
10740
10741
10742
10743
10746
10750
10751
10754
10756
10757
10761
10763
10764
10765
10767
10768
10769
10774
10775
10777
10778
10779
10780
10781
10784
10787
10793
10794
10796
10799
10800
10804
10806
10808
10809
10811
10814
10816
10817
10819
17579
10821
10822
10823
10824
10828
10829
10831
10832
10833
10836
10839
10841
10842
16871
10848
10852
10853
10858
10860
10861
10862
10864
10866
10867
10871
10872
10873
27396
10875
10876
10878
10880
10883
10885
10890
10891
10892
10893
10894
10896
10898
10901
10902
10903
10904
10905
10906
10907
10909
10910
19302
10911
10913
10914
10915
10917
10918
10925
10927
10928
11025
10932
10933
10934
10936
10937
10944
10945
12211
10948
10949
10950
10951
10952
10953
10961
10964
10966
10968
10969
10973
10975
10976
10979
10980
10981
10982
10983
10984
10992
10993
10995
10996
10998
10999
11002
11006
11009
11012
11013
11015
11017
11018
11021
11022
11024
11026
11028
11029
11030
11032
11034
11035
11036
11037
11039
11041
11042
11044
11046
11050
11053
11054
11058
11059
11063
11066
11068
11069
11070
11072
11075
11076
24637
11081
11082
11083
11084
11085
11086
11087
11088
11089
11092
11093
11094
11096
11097
11098
11099
11100
11102
11104
11107
11109
11110
11111
11115
11116
11121
11122
11125
11131
11132
11135
11138
11143
11144
11146
11148
11149
11150
11153
11154
11155
11156
11157
11158
11159
11161
11162
11163
11164
11166
11167
11169
11170
11173
11175
11176
11178
11179
11181
11182
11184
11185
11188
11191
11192
11194
11195
11197
11198
11199
11201
11203
11204
11205
11206
11207
11208
11209
11210
11211
11217
11218
11219
11222
11224
11226
11227
11230
11231
11232
11233
11234
11236
11237
11238
11239
11240
11245
11246
11249
11250
12576
11253
11255
11257
11261
11264
11265
11266
11268
11270
11271
11272
11274
11276
11278
11280
11281
12325
11282
11284
11290
11291
11296
11297
11299
11300
11301
11308
11309
11310
11311
11312
11313
11314
11315
11316
11317
11318
11319
11320
11321
11322
11323
11324
11326
11327
11328
11331
11332
11333
11334
11335
11337
11338
11341
11348
11349
11352
11355
11357
11360
11364
11365
11366
11367
11368
11369
11370
11371
11372
11373
11374
11375
11376
11377
11378
11379
11380
11381
11382
11383
11384
11385
11386
11387
11388
11390
11391
11392
11393
11394
11395
11396
11397
11398
11399
11400
11401
11402
11403
11404
11405
11406
11407
11408
11409
11410
11412
11413
11414
11415
11416
11417
11418
11419
11420
11421
11422
22649
11424
11425
11426
11427
11430
11433
11434
11435
11437
11438
11439
11440
11441
11442
11448
11449
11450
11451
11453
11455
11456
11457
11459
11460
17514
17303
18772
16343
12858
11463
11465
11469
11471
11472
11473
11477
11478
11482
11483
11484
11485
11486
11488
11491
11492
11499
11501
11504
11507
11512
11515
11516
11517
11519
11520
11521
11522
11524
11525
11526
11528
11529
11530
11532
11534
11535
11536
11539
11540
11541
11542
11543
11548
11549
11551
11553
11554
11556
11557
11558
11559
11561
11562
11564
11565
11567
11569
11570
11572
11574
11576
11580
11582
11583
11584
11586
11587
11588
11590
11591
11592
11597
11598
11599
11600
11601
11602
11604
11605
11606
11607
11608
11609
11615
11616
11617
11620
11622
11623
11627
11631
11633
11634
11636
11637
11638
11641
11643
11644
11645
11647
11648
11651
11654
11657
11658
11659
11662
11663
11666
11668
11670
11671
11675
11677
11678
11679
11680
11681
11682
11684
11685
11688
11689
11690
11692
11693
11695
11699
11702
11703
11704
16278
11705
11707
11709
11711
11712
11714
11715
11716
11719
11721
11722
11723
11726
11727
11730
11731
11733
11735
11739
11742
11745
11746
11748
11749
11755
11759
11760
11761
11763
11765
11766
11767
11768
16445
11770
11777
11778
11779
11780
11781
11783
11785
11787
11789
11790
11791
11792
11793
11795
11796
11797
11804
11805
11806
11807
11809
11810
11812
11814
11817
11818
11820
11821
11824
11825
11826
11827
11828
11909
17612
11830
11831
11832
11834
11839
11841
11842
11843
11844
11846
11847
11848
11849
11852
11853
11856
11858
11864
11865
11867
11868
11871
11873
11874
11875
11876
11878
27887
11880
11881
11882
11883
13763
13860
11885
11886
11887
11888
11889
11890
11891
11892
11894
11895
11899
11900
11901
11903
11905
11906
11908
11910
11911
11912
11917
11918
11919
11922
11923
11927
11929
11930
11933
11934
11937
11938
11939
11943
11950
11954
24011
11955
11956
11957
11959
11960
11961
11962
11963
11967
11968
11969
11972
11974
11975
11977
11978
11979
11981
11983
11984
11987
11988
11990
24016
11992
11994
11995
11996
11997
11998
12004
12006
12007
12008
12009
12010
12012
12013
12014
12015
12016
12022
12024
12025
12028
12030
12033
12035
12036
12039
12043
12045
12047
12049
12051
12052
12053
12054
12058
12061
12062
12063
12066
12068
12069
12070
12072
12073
12075
12076
12077
12078
12080
12081
12083
12086
12091
12093
12095
12096
12097
12098
12099
12101
12102
12105
12106
12108
12109
12110
12112
12113
12114
12115
12118
12121
12122
12123
12125
12126
12127
12130
12131
12132
12136
12137
12138
12139
12140
12141
12142
12143
12144
12145
12147
12148
12149
12152
12153
12154
12155
12156
12160
12161
12163
12165
12168
12169
12171
12172
12173
12174
12175
12176
12177
12178
12179
12183
12184
12261
12185
12186
12187
12188
12190
12191
12194
12195
12198
12200
12201
12203
12204
12206
12213
12214
12216
12217
12218
12219
12221
12223
12224
12227
12229
12230
12231
12232
12234
12235
12238
12239
12240
12241
12243
12245
12248
12249
12250
12251
12254
12256
12257
12258
12259
12260
12262
12265
12266
12272
15609
12274
12276
12278
12279
12280
12281
12282
12283
12284
12286
12287
12288
12289
12290
12292
12294
12295
12296
12297
12298
12300
12304
12306
12309
12311
12312
12313
12315
12317
12318
12320
12321
12324
12327
12331
12335
12336
12340
12342
12343
12344
12345
12346
12348
12350
12353
12354
12357
12358
12359
12361
12363
12366
12367
13366
12369
12371
12372
12373
12374
12375
12377
12378
12379
12380
12381
12386
12387
12388
12389
12392
12393
12395
12396
12397
12398
12399
12400
12402
12403
12405
12408
12410
12414
12415
14469
12416
12417
12419
12420
12421
12423
12427
12431
12433
12434
12438
12444
12447
12450
12456
12457
12459
12460
12466
12467
12469
12473
12477
12479
12480
12481
12482
12486
12487
12489
12490
12491
12492
12493
12497
12500
12501
12502
12503
12507
12510
12515
12516
12519
12520
12521
12523
12526
12528
12529
12530
12531
12532
12533
12534
12535
12536
12538
12541
12543
12545
12546
12549
12553
12554
12556
12557
12558
12559
12560
12561
12562
12563
12566
12567
12568
12571
12573
12577
12579
12580
12581
12584
12585
12587
12588
12589
12592
18509
12594
14185
12595
12597
12600
12601
12603
12610
12611
12612
12613
12614
12616
12617
12618
12622
12623
12625
12626
12627
12628
12629
12631
12632
12633
12638
12639
12640
12641
12644
12645
12648
12650
12652
12656
12658
12659
16701
12660
12662
12665
12666
12667
12668
12671
12676
12677
12678
12680
12684
12688
12690
12691
12692
12694
12697
12698
12700
12702
12741
12703
12705
12706
12707
12708
12710
12715
12716
12717
12718
12726
12727
12731
12733
12735
12737
12740
12742
12746
12748
12750
12751
12752
12753
17556
12755
12756
12757
12760
12761
12772
12776
12777
12779
12780
12785
12788
12790
12794
12795
12798
12802
12803
12804
12805
12806
12807
12808
12810
12811
12812
12813
12814
12815
12819
12820
12821
17178
12823
12825
12826
12828
12829
12830
12832
12833
12843
12844
12846
12847
12848
12849
12855
18063
12859
12861
12863
12864
12865
12866
12867
12869
12873
12875
12876
12879
12880
12881
12886
12887
12888
12890
12892
12895
12897
12900
12903
12907
12908
12909
12910
12912
12913
12918
12919
12922
12923
12926
12927
12929
12931
12932
12934
12936
12938
12942
12943
12944
12948
12949
12950
12953
12959
12960
12965
12967
12970
12971
12972
12973
12974
12975
12978
12979
12983
12984
12985
12986
12990
12992
12993
12996
12998
13000
13003
13004
13009
13010
13016
13017
13018
13020
13021
13022
13029
13030
13031
13033
13036
13037
13040
13043
13046
13049
13050
13054
13055
13056
13057
13063
13068
13069
13070
13071
13072
13074
13075
13077
13078
13079
13081
13389
13083
13086
13091
13092
13093
13097
13098
13099
13100
13102
13104
13105
13106
13107
13108
13109
13110
13112
13113
13115
13119
13120
13121
13130
13131
13132
13134
13136
13137
13141
13143
13145
13149
13151
13152
13154
13155
13161
13162
13166
13167
13168
13169
13170
13171
13172
19869
13173
13175
13177
13179
13180
13181
13183
13186
13187
13188
13189
13191
13192
13193
13197
13200
13201
13202
13203
13204
13208
13209
13211
13213
13215
13216
13218
13219
13221
13224
13226
13229
13231
30332
19145
13233
13234
13235
13236
13237
13239
13240
13241
13242
13243
13244
13245
13246
13248
13249
13250
13252
13253
13256
13258
13259
13261
13262
22009
13265
13266
13269
13271
13272
13274
13279
13281
13282
13283
13288
13289
13291
13295
13296
13298
22241
13300
13301
13302
13305
13310
13311
13312
13315
13316
13318
13319
13320
13321
13322
13323
13325
13326
13328
13332
13335
13336
13338
13341
13342
13345
13347
13348
13349
13350
13351
13354
13355
13358
13359
13361
13362
13368
13369
13370
13373
13374
13375
13376
24110
13379
13380
13381
13383
13385
13386
13387
13390
13392
13393
13395
13396
13400
13401
13405
13406
13409
13411
13413
13414
13416
13417
13418
13419
13420
13421
13422
13424
13426
13428
13429
13430
13432
13433
13435
13437
13439
13445
13449
13450
13451
13453
13454
13455
13456
13458
13459
13461
13464
13466
13467
13469
13470
15790
14494
13471
13472
13473
13474
13475
13476
13477
13480
13483
13484
13486
13487
13489
13490
13493
13495
13497
13500
13502
13504
13505
13506
13507
13508
13509
13511
13513
13516
13518
13519
13521
13897
13522
13523
13524
13525
13526
13527
13528
13532
13533
13535
13536
13537
13544
13545
13546
13547
13550
13553
13555
13556
13557
13558
13561
13562
13563
13566
13567
13568
13571
13572
13573
13574
13577
13578
13579
13580
21027
13581
13582
13583
13585
13589
13590
13592
13594
13595
13596
13597
13598
13599
13601
13603
13606
13607
13608
13609
13611
13612
13613
13614
13616
13622
13623
13625
13626
13627
13628
13629
13634
13637
13638
13640
13642
13645
13647
13648
13649
13650
13654
13655
13657
13658
13660
13664
13665
13666
13667
13668
13675
21230
13677
13678
22440
13679
13680
13683
13686
13687
13688
13691
13692
13693
13694
17232
13695
13697
13698
13701
13703
13704
22448
13708
13709
13710
13711
13712
13713
13715
13717
13719
13721
13723
13724
13725
13726
13727
13728
13732
13733
13734
13741
13744
13745
20237
13752
13754
13755
13758
13759
13762
13766
13767
13768
13770
13771
13775
13776
13777
13779
13780
13781
13785
13786
13788
13789
13790
13792
13796
13797
13798
13802
13806
13809
13811
13814
13815
13818
13819
13824
13826
13827
13829
13830
13832
13837
13838
13840
13844
13846
13847
13848
13857
13858
13861
13865
13868
13870
13872
13873
13874
13875
13878
13879
13881
13882
13883
13885
13887
13894
13958
13896
13902
13904
13907
13910
13913
13918
13920
13923
13924
13939
13942
13943
27313
13947
13948
13950
13953
13954
13955
13956
13962
13963
13965
13966
16703
14583
17698
17783
13970
13972
13975
13976
13979
13980
13983
14624
13984
13985
13986
13987
13989
13990
13991
13992
13993
13994
13997
13998
14000
14001
30344
14002
14004
14005
14006
14007
14009
14012
14013
14017
14023
14028
14031
14032
14037
14039
14040
14043
14044
14051
14053
14060
14065
14066
14068
14069
14071
14074
31035
14077
14078
14080
14086
14090
14092
14093
14094
14095
14100
14101
14102
14104
14105
14108
14113
14116
14117
14120
14122
14123
14124
14125
14130
14133
14135
14136
14137
14139
14141
14143
14145
14150
14151
14152
14155
14156
14157
14159
17675
17696
17577
17735
17583
16953
17483
17625
17487
17515
17645
17904
17521
17657
17402
14163
14164
14166
14168
14169
14170
14171
14172
14178
14179
14182
14184
14187
14190
14192
14194
14196
14197
14199
14202
14203
14207
14212
14217
14219
14221
14222
14223
14224
14225
14226
14230
14231
14232
14235
14237
14239
14240
14243
14248
14251
14252
14253
23028
14259
14260
14262
14263
14267
14269
14272
14278
14279
14281
14283
14284
14286
14292
14297
14300
14301
14302
14304
14305
14307
14309
14310
14313
14314
14315
14316
14317
14318
14319
14322
14324
14325
14326
14328
14330
14331
14335
14337
14339
14340
14341
14344
14347
14348
14351
14355
14356
14358
14361
14363
14368
14370
14372
14373
14374
14375
14377
14379
14380
14381
14382
14383
14384
14385
14387
14389
14391
14392
14394
14395
14397
14399
14400
14402
14403
14404
14405
14406
14408
14410
14411
14412
14413
14414
14417
14418
14425
14426
14427
14428
14431
14432
14433
14434
14436
14437
14439
14441
14443
14445
14446
14447
14449
14450
14453
14454
14456
14460
15181
15281
14462
14464
14465
14466
14467
14470
14477
14479
14480
14481
14482
14484
14486
14487
14489
14490
14491
14492
15456
14495
14496
14498
14500
14502
14503
14504
14506
14509
14510
14512
14514
14515
14516
14517
14520
14521
14522
14524
14525
14529
14531
14533
14536
14538
14539
14540
14542
14544
14545
14548
14549
14550
14551
14554
14556
14561
14562
14563
14567
14568
14570
14571
14572
14574
14575
14578
14579
14581
14586
14588
14589
14591
14593
14598
14599
14602
26827
16167
14613
14614
14615
14616
14618
14620
14621
14622
14626
14627
14631
14634
14637
14638
14640
14642
14643
14644
14646
14649
14650
14651
14652
14653
14656
14659
14660
14661
14662
14663
14665
14666
14667
14668
14669
14670
14672
14674
14675
14677
14681
14682
14683
14686
14688
14689
14692
14699
14700
14701
14703
14706
14707
14709
14710
14712
14714
14715
14717
14718
14720
14721
14722
14723
14724
14725
14726
14727
14729
14731
14733
14735
14737
14738
14743
14745
14746
14747
14748
14749
14751
14752
14753
14754
14755
14759
14760
14765
14766
14767
15092
14770
14771
14772
14774
14777
14781
14782
14784
14787
14788
14789
14790
14791
14793
14795
14796
14797
14799
14800
14806
14810
14811
14812
14813
14815
14816
14818
14820
14823
14824
14825
14826
14827
14830
14832
14833
14834
14838
14839
14841
14842
14844
14846
14847
14848
14853
14854
14855
14856
14857
14858
14859
14861
14863
14864
14865
14866
14867
14868
14869
14870
14871
14873
14874
14875
14877
14878
14879
14881
14882
14884
14886
14887
14890
14891
14893
14894
14896
14897
14898
14901
14902
14904
14905
14907
14908
14911
14912
14914
14915
14919
14920
14921
14922
14923
14924
14925
14926
14930
14931
14934
14935
14938
14939
14940
14942
14945
14946
14947
14949
14950
14951
14954
14955
14956
14957
14959
14960
14961
14962
14963
14966
14968
14970
14972
14973
14974
14975
14976
14977
14978
14979
14983
14984
14985
14987
14989
14990
14992
14993
14994
14997
14999
15000
15001
15002
15003
15007
15008
15009
15011
15013
15014
15015
15017
15018
15019
15022
15023
15027
15028
15029
15033
15036
15041
15044
15045
15047
15049
15050
16764
15052
15054
15056
15057
15059
15061
15062
15064
15065
15071
15072
15073
15074
15075
15076
15077
15079
15080
15081
15082
15083
15085
15089
15090
15158
15093
15094
15096
15097
15098
15100
15101
15102
15103
15104
15110
15112
15115
15117
15120
15121
15122
15123
15124
15126
15308
15128
15130
15131
15133
15134
15135
15137
15138
15140
15141
15144
15146
15149
15150
15155
15157
15159
15161
15162
15163
15165
15166
15167
15169
15170
15171
15173
15174
15177
15178
15180
15183
15184
15185
15188
15193
15194
15195
15197
21386
15200
16708
15203
15207
15209
15210
15211
15212
15213
15215
15216
15217
15224
15225
15226
15228
15230
15235
15236
15238
15240
15242
15312
15243
15246
15248
15251
15252
15253
15255
15257
15258
15260
15263
15266
22127
15269
15272
15273
15284
15289
22522
15290
15291
15295
15297
15298
15299
15300
15303
15304
15305
15306
15307
16788
15316
15318
15319
15320
15322
15324
15325
15327
15328
15330
15331
15337
15340
15342
15380
15343
15345
15347
15348
15350
15351
15353
15356
15357
15358
26894
15360
15366
15369
15371
15372
15377
15378
15381
15383
15384
15387
15388
15393
19670
15399
15405
15406
15407
15415
15420
15421
15422
15423
15426
15431
15434
15439
15440
15441
15443
15447
15448
15449
15452
15463
15779
15467
15470
15472
15474
15478
15483
15488
15492
15494
15498
15499
15500
15501
15507
15508
15510
15511
15513
15515
15516
15517
15519
15524
15528
15529
15531
15534
15538
15543
15546
15547
15554
15555
15556
15557
15559
15563
15566
15571
15574
15579
15583
15585
15587
15591
15599
15602
22013
15607
15608
15612
15614
15617
15620
15624
15625
15626
15628
15629
15631
15640
15641
15644
15647
15651
15652
15653
15654
15655
15835
15656
15657
15662
15664
15665
15666
15668
15669
15670
15673
15678
15684
15686
15688
15689
15690
15693
15694
15696
15699
15700
22300
15701
15703
15704
15708
15710
15712
15716
15717
15720
15723
15724
15727
15730
15732
15734
15737
15738
15743
21301
15745
15746
15747
15749
15750
15752
15754
15755
15756
15757
15759
15760
15761
15762
15763
15765
15766
15768
15771
15772
15777
15781
16274
15782
15784
15786
15788
15791
15792
15793
15795
15796
15799
15802
15803
15808
15813
15814
15815
15818
15819
15821
15822
15827
15828
15831
15833
15834
15836
15839
15840
15842
15845
15848
15851
15852
15853
15854
15855
15856
15858
20381
15861
15864
15865
15867
15869
15871
15874
15875
15877
15878
15879
15880
15885
15886
15889
15890
15893
15895
15897
15898
15901
15904
15907
15910
15913
15914
15915
15920
15921
15924
15925
15927
15928
15930
15931
15934
15935
15937
15939
15940
15941
15944
15946
15947
15949
15950
15954
15955
15959
15962
15965
15966
15967
15970
15971
15972
15973
15974
15978
15980
15982
15983
15986
15987
15988
15989
15990
15991
15994
15998
16000
16001
16007
28464
23923
16008
16009
16012
16014
16015
16016
16017
16018
16019
16022
16024
16025
16031
16035
16045
16050
16055
16057
16059
16061
16062
16063
16069
16074
16079
16081
16086
16087
16090
16093
16095
16098
16099
16103
16104
16105
16106
16110
16118
23853
16120
16122
27607
16123
16124
16126
16128
16502
16134
16135
16138
16139
16140
16141
16142
16143
16149
16153
16155
16157
16158
16161
16162
16166
16171
16175
16180
16186
16187
16188
16190
16195
16201
16202
16206
16207
16208
16210
16211
16213
16214
16215
16216
16218
16223
16225
16226
16228
16230
16232
16235
16237
16238
16240
16241
16243
16244
16245
16246
16248
16256
16261
16262
16267
16271
16272
16273
16276
16282
16284
16287
16289
16299
16300
16302
16308
16312
16321
16323
16324
16330
16332
16336
16337
16339
16341
16346
17597
16351
16352
16356
16357
16358
16363
16369
16372
16676
16374
17573
16375
16376
16377
16379
16384
16385
16387
16389
16390
16395
16398
16401
16403
16405
16408
16409
16412
16415
16417
16420
16422
16423
16425
16427
16428
16430
16432
17736
16433
16434
16435
16436
16437
16439
16442
16443
16446
16448
16449
16451
16452
16455
16467
16468
24823
16476
16477
16481
16482
16483
16484
16503
16504
16510
16513
16515
16517
16518
16519
16520
16521
16524
16525
16526
16530
16534
16535
16536
16537
16540
16542
16548
16551
16553
16554
16557
16559
16560
16561
16563
16574
16581
16582
16583
16584
16587
16588
16589
16593
16595
16598
16599
16603
16606
16608
16610
16611
16615
18820
19106
19197
16616
16617
16619
16620
16621
16622
16626
16627
16630
16632
21974
16634
16644
16646
16648
16649
16651
16653
16655
16656
16660
16664
16669
16670
16672
16678
16679
16687
16695
16698
16699
16700
16711
16712
16713
16718
17314
16719
16726
16727
16728
16730
16731
16738
16739
16740
16741
16743
16744
16750
16752
17220
17158
16754
16755
16757
16760
16763
16765
16767
16770
16772
16773
16775
16777
16780
16781
16782
16784
16786
16787
16789
16791
16794
16795
16796
16798
16802
16803
16804
30106
16809
16810
16811
16815
16816
16817
16818
16832
16834
16835
16837
16841
16842
16843
16845
16848
16850
16853
16854
16857
16858
16862
16867
16869
16870
16873
16875
16882
16884
16886
16888
16889
16890
16894
23286
16900
16911
16912
16916
16919
16920
16922
16930
16932
16933
16934
16939
16940
16942
16947
16948
16950
16951
16956
16960
16961
16962
16964
16968
16970
16971
16972
16974
16981
16982
16988
16989
16992
16993
16996
16997
16998
17000
17001
17002
17004
17006
17008
17009
17010
17013
17020
17021
17022
17024
17026
17028
17029
17030
17031
17033
17036
17037
17040
17043
17044
17045
17046
17048
17050
17053
17054
17057
17062
17063
17068
17074
17082
17088
17090
17091
26378
17093
17095
17096
17100
17101
17102
17103
17105
17108
17110
17115
17116
17117
17118
17119
17128
17129
17130
17133
17135
17141
17142
17143
17146
17147
17150
17151
17154
17155
17157
17159
17160
17161
17165
17168
17174
17175
17176
17177
17181
17183
17185
17187
17189
17196
17199
17201
17204
17206
17208
17210
17211
17213
17215
17217
17218
17221
17222
17227
17231
17235
17236
17237
17242
17243
17246
17247
17248
17252
17253
17254
17256
17257
17258
17262
17263
17266
17269
17270
17272
17274
17276
17279
17280
17284
17287
17290
17294
17297
17298
17300
17301
17304
17308
17309
17312
17313
17315
17318
17319
17325
17326
17329
17330
17331
17336
17338
17343
17346
17348
17350
17356
17358
17363
17364
17365
17367
17368
17369
17370
17371
17372
17373
17377
17378
17380
17384
17396
17398
17399
17400
17405
22831
19363
17711
22838
22842
18242
18400
17407
17409
17410
17414
17418
17421
17422
17424
17426
17428
17436
17438
18918
17440
17444
17445
17446
17448
17449
17453
17454
17455
17456
17458
17460
17461
17462
17465
17468
17471
17472
17473
17474
17480
17484
17489
17491
17497
17500
17505
17506
17509
17512
17928
27451
17517
17523
17524
17527
17531
17533
17541
17542
17543
17545
17546
17547
17550
17553
17554
17555
17925
18075
17558
17566
17567
17569
17570
17580
17582
17585
17586
17587
17588
17592
17593
17599
17600
17608
17611
17614
17617
17619
17620
17622
17627
17629
17632
17633
17637
17641
17643
17646
17647
17648
17650
17653
17658
17659
17660
17661
17664
17669
17670
17671
17673
17676
17677
17678
17679
17681
17682
17684
17686
17687
17689
17692
17693
17697
17699
17706
17712
17713
18391
17720
17724
17725
17726
17731
17734
17737
17738
17739
17740
17747
17748
17751
17754
17759
17760
17765
17768
17769
17770
17774
18066
17775
17777
17778
17780
17782
17784
17785
17786
17787
17788
17789
17791
17793
17794
17800
17801
17803
17804
17809
17812
17813
17817
17818
17819
17822
17823
17825
17828
17830
17831
17833
17834
17835
17836
17839
17840
17841
17842
17845
17848
17849
17851
17852
17853
17857
17858
17859
17862
17863
17867
17869
17870
17872
17873
17874
17875
17877
17879
17881
17884
17885
17887
17888
17889
17891
17892
17893
17894
17896
17897
17899
17901
17903
17905
17906
17908
17915
17916
17917
17918
17920
17921
17930
17933
17934
17935
17939
17942
17946
17947
17948
17951
17953
17954
17955
17959
17964
17967
17971
17973
17974
17975
18999
17976
17977
17984
17990
17994
17997
18001
18002
18005
18008
18010
18013
18014
18015
18016
18019
18022
18023
18025
18030
18031
18041
18046
18047
18050
18054
18055
18057
18059
18062
18064
18067
18068
18069
18071
18073
18077
18079
18080
18081
18082
18084
18085
18089
18093
18097
26942
18099
18100
18102
18105
18109
18111
18112
18114
18116
18119
18124
18127
18130
18132
18137
18138
18140
18145
18146
18149
18151
18164
18168
18170
18889
18172
18173
18174
18178
18180
18183
18185
18187
18188
18193
18198
18205
18208
18211
18213
18214
18217
18219
18225
18226
18227
18231
18233
18236
18237
18238
18292
18241
18246
18252
18253
18254
18255
18257
18258
18260
18261
18264
18267
18269
18270
18271
18272
18273
18275
18276
18278
18283
18284
18285
18287
18288
18290
18294
18299
18300
18302
18305
18308
18309
18312
18314
18315
18316
18317
18318
18319
18321
18322
18323
18324
18326
18329
18331
18332
18334
18336
18339
18341
18342
18343
18344
18356
18359
18360
18368
18373
18377
18378
18380
18381
18382
18387
18395
18396
18399
18404
18407
26412
18412
18413
18422
18424
18425
21716
18426
18427
18429
18430
18432
18435
18436
18437
18439
18440
18447
18449
18455
18459
18460
18461
18462
18464
18467
18468
18469
18476
18481
18482
18484
18488
18490
18495
18496
18497
23664
18504
18505
18506
26809
18508
18516
18524
18527
18530
18532
18537
18540
18542
18546
18551
18553
18556
18558
18561
18564
18565
18566
18569
18570
18574
18576
18577
18579
18580
18585
18586
18593
18597
18598
18602
18604
18607
18608
18609
18611
18612
18613
18620
18623
18625
18626
18634
18635
18637
18638
18639
18640
18641
18642
18645
18646
18654
18656
18657
18666
18669
18673
18678
18684
18687
18696
18697
18698
18699
18700
18704
18705
18706
18710
18714
18716
18717
18719
18723
18725
18728
18730
18734
18744
18745
18747
18750
18751
18754
18755
18761
23053
18767
18770
18771
18774
18776
18779
18786
18787
18789
18794
18797
18800
18801
18803
18804
18805
18806
18807
18811
18812
18816
18819
18822
18829
18833
18834
18836
18837
18838
18841
18845
18849
18851
18853
18855
18863
19621
21721
18869
18871
18874
18877
18878
18882
18883
18885
18887
18888
18890
18891
18892
18893
18897
18900
18909
18917
18922
18923
18924
18925
18933
18934
18939
18941
18947
18948
18949
18950
18952
18953
18956
18957
18959
18960
18961
18963
18971
18974
18976
18978
18979
18981
18989
18993
18995
18997
19000
19001
23996
19002
19004
19008
19010
19012
19014
19018
19020
19021
19022
19024
19028
19037
19039
19040
19042
19053
19056
19059
19063
19081
19083
19084
19086
19088
19094
19095
19097
19098
19100
19102
19103
19105
19111
19112
19116
19117
19120
19122
19123
21800
19125
19128
19129
19131
19136
19146
19149
19156
19163
19165
19167
19170
19171
19173
19175
19177
19182
19186
19187
19190
19192
19199
19200
19201
19207
19209
19213
19214
19217
19218
19220
19221
19223
19231
19232
19238
19242
19246
19250
19253
19254
19255
19257
19260
19267
19268
19271
19277
19278
19280
19284
19287
19291
19296
19299
19306
19308
19309
19314
19316
19317
19320
19325
19326
19328
19330
19332
19334
19353
19335
19337
19338
19342
19343
19344
19347
19350
19354
19355
19358
19369
19372
19373
19385
19387
19392
19394
19396
19397
19399
19401
19409
19415
19416
19424
19425
19429
19431
19437
19440
19441
19442
19443
19444
19445
19447
19448
19450
19453
19456
19458
19462
19464
30632
19467
19468
19470
19474
19475
19477
19483
30877
19486
19490
19491
19492
19493
19495
19501
19512
19516
19521
19526
19527
19530
19531
19532
19533
19536
19545
19548
19549
19552
19553
22099
19555
19558
19560
19562
19565
19570
19573
19574
19575
19579
19582
19587
19588
19591
19597
19598
19601
19602
19604
19615
19616
19619
19620
19622
19623
19629
19632
19636
19638
19645
19648
19649
19650
19657
19659
19660
19661
19662
19664
19665
19666
19667
19669
19673
19675
19678
19679
19681
19682
19684
19689
19691
19694
19699
19700
19702
19703
19706
19708
19709
19714
19719
19721
19724
19732
19736
19738
19741
19743
19745
19747
19750
19753
19759
19760
19761
19771
19779
19784
26670
19789
19790
19793
19801
19803
19804
19811
19812
19815
19819
19822
19824
19826
19828
19829
19831
19832
19836
19839
19840
19841
19842
19844
19849
19855
19858
19860
19861
19863
19864
19867
19870
19875
19877
19878
19879
19885
19887
19888
19889
19895
19898
19899
19901
19909
19916
19920
19922
19925
19928
19930
19931
19932
19934
22139
24149
24150
19937
19940
19944
19946
19951
19952
19953
19955
19956
19959
19960
19961
19962
19964
19966
19968
19972
19973
19974
19976
19978
19980
19982
19984
19985
19986
19987
20005
20007
20010
20012
20018
20019
20022
20027
20032
20036
20037
20038
20044
20045
20046
20050
20055
20057
20058
20060
20061
20063
20064
20667
20066
20071
20072
20074
20077
20078
20081
20082
20083
20085
20086
20087
20089
20090
20093
20095
20096
20098
23668
20100
20101
20105
20108
20110
20113
20117
20120
20122
20125
20126
20129
20130
20132
20133
20134
20135
20138
20139
20141
20144
20145
20146
20150
20151
20152
20153
20155
20156
20157
20159
20163
20164
20166
21514
20167
20168
20169
20174
20178
20179
20180
20181
20182
20184
20186
20188
20190
20191
20194
20196
20197
20198
20199
20201
20202
20203
20210
20211
20212
20213
20214
20216
20217
20218
20223
20229
20230
20231
20233
20234
20235
20236
20240
20242
20247
20249
20632
20253
20256
20263
20268
20269
20275
20276
20279
20280
20283
20284
20290
20295
20305
20306
20308
20311
20313
20316
20319
20322
20327
20328
20329
28333
20332
20333
20335
20336
20338
20342
20605
20346
20348
20353
20354
20356
20359
20360
20361
20363
20364
20366
20367
20369
20372
20377
20382
20383
20386
20387
20391
20392
20393
20399
20401
20402
20405
20406
20407
20408
20409
20411
20412
20413
20414
20415
20416
20424
20430
20432
20436
20441
20442
20447
20448
20450
20457
20461
20466
20468
20470
20471
20472
20473
20476
20479
20481
20487
20491
20496
20497
20498
20499
20502
20503
20505
20511
20514
20518
20520
20522
20525
20528
20533
20535
20537
20539
20542
20545
20552
20553
26379
20555
20559
20560
20561
20562
20564
20567
20571
20574
20577
20580
20582
20585
20586
20587
20593
20597
20598
20599
20602
20603
20606
20607
20610
20611
20613
20614
20615
20620
20629
20630
20633
20636
20643
20644
20651
20657
20659
20663
20666
20670
20671
20672
20674
20679
20685
20686
20687
20689
20693
20694
20695
20696
20697
20700
20702
20704
20708
20709
20712
20713
20717
20719
20720
20722
20723
20725
20729
20730
20734
20735
20737
20738
20742
20745
20746
20753
20754
20758
20765
20767
20768
20771
20774
20777
20778
20779
20783
20785
20788
20789
20793
20794
20796
20804
20808
20810
20811
20813
20815
20816
20817
20819
20821
20825
20838
20841
20842
20844
20849
20850
20852
20860
20861
20863
20864
20877
20879
20881
20883
20884
20885
20888
20891
20894
20895
20897
20898
20900
20905
20907
20908
20912
20915
20916
20919
20920
20921
20922
20924
20925
27884
20927
20932
20935
20936
20937
20939
20941
20944
20946
20947
20948
20949
20954
20955
20957
20960
20961
20962
24429
20965
20970
20972
20974
20975
20977
20979
20982
20984
20985
20988
20991
20994
20995
20997
21000
21001
21002
21005
21006
21007
21008
21009
21010
21011
21013
21015
21018
21019
21021
21022
21023
21025
21031
21033
21035
21037
21038
21039
21041
21047
21050
21055
21062
21066
21071
21072
21073
21075
21077
21085
21088
21092
21094
21095
21096
21104
21105
21106
21108
21109
21111
21112
21113
21114
21116
21118
21125
21133
21140
21141
21144
21145
22125
21147
21149
21150
21155
21159
21161
21164
21165
21166
21172
21173
21174
21176
21177
21178
21180
21181
21184
21185
21186
21187
21190
21191
21192
21196
21203
21206
21211
21212
21215
21218
21219
21220
21228
21231
21232
21233
21234
21235
21238
21245
21246
21247
21253
21256
21258
21259
21261
21263
21265
21266
21267
21272
21273
21277
21280
21287
21289
21291
21292
21303
21305
21312
21314
21316
21317
21318
21322
21323
21330
23320
21333
21338
21342
21343
21346
21347
21350
21351
21353
21355
21356
21369
21372
21376
21379
21380
21382
21384
21385
21391
21392
21393
21397
21398
21400
21401
21402
21406
21407
21413
21414
22020
21415
21426
21430
21432
21436
21437
21439
21440
21442
21448
21450
21451
21461
21463
21468
21471
21475
21476
21477
21478
21479
21485
21488
21489
21494
21498
21499
21509
21512
21519
21521
21522
21525
21529
21532
21533
21534
21535
21539
21540
21541
21542
21551
21559
21560
21563
21565
21566
21568
21572
21574
21576
21577
21581
21593
21596
21597
21599
21602
21610
21612
21613
21615
21617
21618
21619
21622
21623
21626
21629
21630
21632
21635
21636
21639
21643
23882
21648
21650
21652
21659
21673
21676
21677
21678
21685
21687
21688
22518
21689
21691
21692
21790
21694
21696
21700
21707
21708
21709
21713
21714
21715
21719
21722
21729
21731
21733
21736
21738
21739
21742
21745
21763
21772
21774
21785
21786
21787
21789
21793
21796
21798
21802
21806
21807
21808
21813
21814
21815
21818
21819
21823
21824
21826
21828
24177
22638
21830
21831
21833
21835
21837
21839
21840
21841
21842
21844
21845
21846
21847
21856
21857
21859
21862
21864
21866
21867
21869
21871
21876
21880
21883
21884
21885
21888
21889
21892
21895
21896
21897
21899
21901
21902
21903
21907
21910
21911
21913
21915
21916
21921
21922
21923
21924
21931
21932
26545
21934
21935
21936
21941
21943
21948
21956
21958
21960
21961
21962
21965
21973
21976
21979
21980
21981
21983
21984
21985
21987
21989
21990
21994
21995
22000
22002
22003
22004
22005
22008
22011
22012
22015
22016
22017
22021
22031
22034
22037
22042
22045
22049
22051
22052
22057
22058
22060
22063
22065
22066
22068
22069
22071
22075
22080
22082
22083
22086
22087
22089
22090
22092
22095
22096
28509
22097
22098
22100
22102
22106
22107
22108
22109
22110
22111
22112
22113
22114
22116
22117
22122
22123
22128
22129
22131
22134
22135
22136
22137
22138
22141
22143
22145
22146
22149
22150
22151
22153
22154
22156
22159
22160
22161
22163
22164
22165
22166
22168
22171
22172
22175
22176
22179
26322
22180
22182
22184
22187
22188
22189
22195
22198
22199
22207
22208
22209
22210
22211
22212
22214
22219
22222
22223
22230
22231
25101
28407
22233
25026
22234
22236
22237
22238
22240
22242
22247
22250
22252
22253
22255
22260
22262
22265
22272
22273
22274
22276
22277
22279
22285
22286
22290
22291
22292
22295
22296
22297
22299
22303
22305
22306
22307
22308
22311
22313
22314
22315
22317
22319
22320
22321
22322
22323
22326
22327
22329
22330
22334
22335
22336
22338
22341
22342
22343
22346
22347
22350
22351
22353
22354
22356
22360
22363
22364
22366
22367
22370
22372
22375
22376
22377
22378
22379
22382
22384
22386
22388
22389
22390
22391
22392
22393
22394
22398
22399
22400
22402
22403
22404
22409
22411
22414
22416
22417
22418
22420
22421
22423
22426
22428
22430
22431
22432
22433
22434
22436
22439
22441
22442
22443
22444
22445
22446
22447
22449
22450
22451
22452
22453
22454
22455
22457
22458
22459
22463
22464
22467
22469
22470
22476
22477
22481
22483
22485
22486
22489
22496
22501
22503
22504
22506
22508
22511
22512
22515
22517
22519
22523
22526
22527
22529
22533
22534
24816
22541
22543
22544
22547
22552
22554
22556
22557
22558
22562
22563
22565
22567
22571
22574
22577
22578
22587
22593
22594
22596
22597
22607
22615
22622
22623
22624
22628
22630
22642
22643
22647
22648
22654
22657
22658
22660
22661
22662
22667
22668
22683
22687
22697
22704
22705
22708
22709
22710
22713
22721
22722
24876
24023
22730
22731
22734
22750
22751
22752
22753
22754
22755
22756
22757
22758
22759
22761
22766
22778
22782
22786
22787
22788
22789
22790
22793
22794
22798
22801
22804
22805
22809
22810
22814
22820
22824
22826
22828
22829
22834
22836
22837
22843
22844
22845
22847
22848
22849
22850
22851
22854
22855
22856
22858
22859
22861
22862
27392
22865
22866
22872
22874
22875
22876
22877
22881
22882
22885
22887
22888
22891
22892
22899
22900
22901
22906
22910
22912
22913
22915
22916
22919
22923
22929
22932
22933
22934
22942
22944
22948
22952
22954
22956
22958
22960
22962
22964
22975
22977
22984
22986
22987
22994
22995
22996
22998
23002
23003
23005
23009
23012
23013
23015
23019
23023
23027
23032
23033
23037
23040
23043
23045
23052
23055
23056
23059
23065
23067
23072
23078
23079
23081
23084
23088
23091
23092
23097
23100
23107
23108
23110
23111
23113
23114
23117
23118
23119
23120
23122
23126
23131
23132
23134
23135
23136
23140
23141
23142
23143
23144
23147
23148
23150
23152
23154
23158
23159
23161
23162
23167
23169
23174
23179
23180
23186
23189
23190
23191
23195
23196
23201
23202
23204
23206
23209
23212
23219
23220
23224
23230
23231
23232
23233
23237
23238
23239
23240
23242
23243
23245
23246
23252
23253
23255
27185
23256
23258
23259
23260
23262
23265
23268
23269
23272
23277
23280
23281
23290
23291
23292
23296
23302
23305
23306
23309
23310
23311
23312
23313
23314
23317
23318
23322
23325
23326
23331
23335
23338
23339
23343
23344
23345
23350
23351
23356
23357
23358
23360
23369
23381
23382
23389
23390
23393
23396
23397
23404
23410
23412
23417
26188
23420
23421
23422
23423
23426
23430
23431
23433
23435
23436
23441
23442
23449
23451
23452
23454
23455
23458
23459
23461
23468
23469
23470
23472
23475
23476
23479
23481
23482
23486
23489
23490
23493
23495
23501
23507
23513
23514
23516
23518
23522
23530
23536
23538
23540
23553
23557
23558
23560
23561
23563
23564
23565
23566
23569
23571
23572
23573
23575
23579
23582
23583
23586
23588
23590
23592
23594
23596
23597
23599
23600
23603
23607
23608
23611
23612
23614
23616
23621
23624
23626
23627
23629
23630
23631
25176
23635
23639
23643
23644
23647
23651
23655
23661
23663
23665
23667
23669
23672
23675
23676
23677
23679
23681
23682
23684
23698
23700
23712
23717
23729
23735
23741
23743
23744
23745
23746
23749
23751
23757
23761
23763
23765
23768
23769
23771
23776
23777
23779
23780
23781
23786
23789
23792
23798
23799
23800
23804
23808
23810
23817
23823
23826
23827
23828
23830
23832
23834
23835
23837
23840
23844
23845
23847
23848
23850
23854
23855
23858
24930
23859
23860
23864
23865
23866
23867
23869
23870
23872
23873
23874
23880
23881
23885
23890
23891
23893
23898
23901
23902
23914
23915
23916
23917
23920
23921
23924
23925
23926
23929
23936
23938
23947
23948
23949
23951
23952
23956
23957
23959
23960
23961
23962
23963
23964
23965
23967
23968
23969
23970
23973
23975
23979
23980
23981
23984
23985
23987
23990
23995
23998
24001
24003
24004
24005
24008
24018
24019
24021
24027
24028
24037
24042
24043
24044
24054
24055
24065
24067
24071
24073
24080
24081
24092
25125
24093
24095
24096
24099
24100
24101
24104
24109
24111
24113
24123
24124
24127
24128
24131
24132
24134
24135
24136
24137
24140
24143
24146
24151
24154
24156
24158
24160
24167
24168
24174
24175
24178
24181
24182
24183
24184
24188
24190
24192
24194
24196
24197
24205
24207
24215
24217
24221
24225
24230
24233
24234
24240
24242
24245
24246
24248
24251
24253
24254
24257
24262
24266
24267
24270
24271
24280
25604
24282
24285
24291
24294
24295
24296
24298
24304
24305
24306
24307
24308
24313
24315
24317
24324
24328
24329
24330
24332
24334
24335
24336
24342
24343
24348
24350
24353
24354
24355
24356
24362
24367
24369
24370
24375
24377
24378
24380
24382
24383
24384
24385
24387
24388
24391
24394
24395
24396
24397
24399
24400
24401
24404
24406
24408
24409
24411
24414
24419
24420
24422
24423
24424
24425
24426
24427
24428
24430
24433
24435
24437
24439
24442
24443
24445
24446
24447
24448
24449
24451
24452
24453
24456
24459
24462
24463
24464
24465
24468
24470
24472
24473
24475
24476
24477
24479
24482
24484
24485
24486
24487
24488
24491
24492
24495
24496
24497
24498
24499
24500
24503
24509
24512
24513
24515
24518
24522
24525
24526
24527
24532
24534
24536
24539
24544
24545
24547
24548
24549
24550
24551
24552
24555
24556
24557
24558
24559
24560
24561
24562
24563
24564
24566
24567
24568
24569
24570
24572
24573
24574
24575
24576
24577
24578
24579
24580
24581
24582
24583
24584
24946
24585
24586
24587
24588
24589
24590
24591
24592
24593
24594
24596
24597
24598
24599
24601
24602
24603
24604
24606
24607
24609
24610
24611
24613
24614
24615
24616
24617
24618
24619
24620
24621
24622
24623
24624
24625
24626
24627
24628
24629
24630
24631
24632
24633
24634
24635
24636
24638
24639
24640
24641
24642
24643
24644
24645
24646
24647
24649
24650
24651
24652
24653
24654
24655
24656
24657
24658
24659
24660
24661
24662
24663
24664
24665
24666
24667
24668
24669
24670
24671
24672
24673
24674
24675
24676
24677
24678
24679
24680
24681
24682
24683
24684
24685
24686
24687
24688
24689
24690
24692
24694
24695
24696
24697
24698
24699
24700
24701
24702
24703
24704
24705
24706
24707
24708
24709
24710
24711
24712
24713
24714
24716
24717
24718
24719
24720
24721
24722
24723
24724
24725
24726
24727
24728
24730
24731
24732
24733
24734
24735
24736
24737
24738
24739
24740
24741
24742
24743
24744
24745
24746
24748
24750
24751
24752
24753
24754
24757
24759
24760
24763
24764
24765
24766
24767
24768
24769
24770
24771
24772
24773
24774
24775
24776
24777
24778
24779
24780
24781
24783
24784
24785
24786
24787
24788
24789
24790
24791
24792
24793
24795
24796
24797
24798
24799
24801
24802
24803
24804
24805
24806
24807
24808
24809
24810
24811
24812
24813
24814
24815
24817
24818
24820
24821
24822
24824
24825
24826
24827
24828
24829
24830
24832
24833
24834
24835
24836
24837
24838
24839
24840
24841
24842
24843
24844
24846
24847
24848
24849
24850
24851
24852
24853
24854
24855
24856
24857
24858
24859
24860
24861
24862
24864
24865
24866
24867
24868
24870
24871
24872
24873
24874
24875
24877
24878
24879
24880
24881
24882
24883
24884
24885
24886
24887
24888
24890
24891
24892
24893
24894
24896
24897
24898
24899
24901
24902
24903
24904
24905
24906
24907
24908
24909
24910
24911
24912
24913
24914
24915
24916
24917
24918
24919
24920
24921
24922
24923
24924
24925
24926
24927
24928
24929
24932
24934
24935
24936
24937
24938
24939
24940
24941
24942
24943
24944
24945
24947
24948
24949
24950
24951
24952
24953
24954
24955
24956
24957
24959
24960
24961
24962
24963
24964
24965
24966
24967
24968
24969
24971
24973
24974
24975
24976
24977
24978
24979
24980
24981
24983
24984
24985
24986
24987
24988
24989
24990
24991
24992
24995
24996
24997
24998
24999
25000
25001
25002
25003
25004
25005
25006
25007
25008
25009
25010
25012
25013
25014
25016
25018
25019
25020
25021
25022
25023
25024
25025
25027
25028
25029
25030
25031
25032
25033
25034
25035
25036
25037
25039
25040
25041
25042
25045
25046
25048
25049
25050
25051
25052
25054
25055
25056
25058
25059
25060
25061
25062
25063
25064
25065
25066
25067
25068
25069
25071
25072
25073
25074
25075
25076
25077
25078
25080
25081
25083
25084
25085
25086
25087
25088
25089
25090
25091
25092
25093
25094
25095
25096
25097
25099
25100
25102
25103
25104
25105
25106
25107
25108
25109
25110
25112
25114
25115
25116
25117
25118
25119
25120
25121
25122
25123
25126
25127
25128
25129
25130
25131
25133
25135
25136
25137
25138
25139
25140
25141
25143
25144
25146
25148
25149
25150
25151
25152
25153
25154
25155
25156
25157
25158
25159
25160
25161
25162
25163
25164
25166
25167
25168
25169
25171
25174
25175
25178
25179
25180
25181
25183
25184
25185
25186
25187
25188
25189
25190
25191
25193
25194
25195
25196
25197
25198
25199
25200
25201
25202
25203
25204
25205
25206
25207
25208
25209
25210
25211
25212
25214
25215
25216
25217
25218
25219
25220
25221
25222
25223
25224
25226
25227
25228
25230
25232
25233
25234
25236
25237
25240
25241
25242
25243
25244
25245
25246
25248
25249
25251
25252
25253
25254
25255
25256
25257
25258
25260
25261
25262
25263
25264
25266
25267
25268
25269
25270
25271
25272
25273
25274
25276
25277
25279
25280
25281
25282
25283
25284
25285
25286
25287
25288
25290
25291
25292
25293
25294
25297
25299
25300
25301
25302
25304
25305
25306
25307
25308
25309
25311
25312
25314
25315
25317
25318
25321
25322
25323
25324
25325
25326
25328
25329
25330
25331
25333
25334
25335
25336
25337
25338
25339
25340
25342
25343
25345
25346
25348
25349
25351
25352
25353
25355
25356
25359
25360
25361
25363
25364
25365
25366
25367
25368
25369
25370
25373
25374
25375
25376
25378
25380
25381
25382
25383
25384
25385
25386
25387
25388
25389
25391
25392
25394
25397
25398
25400
25401
25402
25404
25407
25408
25409
25410
25411
25412
25413
25414
25415
25416
25417
25418
25419
25420
25421
25422
25423
25424
25425
25427
25428
25429
25430
25431
25432
25433
25434
25435
25436
25437
25438
25439
25440
25441
25442
25443
25444
25445
25446
25447
25448
25449
25450
25452
25453
25454
25456
25458
25459
25460
25462
25463
25464
25466
25467
25468
25469
25470
25471
25473
25474
25476
25477
25480
25481
25482
25483
25484
25486
25487
25488
25489
25490
25491
25492
25493
25494
25495
25496
25497
25499
25501
25502
25504
25505
25506
25508
25511
25512
25514
25515
25516
25517
25518
25519
25520
25521
25522
25523
25525
25526
25527
25529
25530
25531
25534
25535
25536
25537
25538
25540
25542
25543
25544
25545
25546
25549
25550
25551
25553
25555
25556
25557
25559
25564
25565
25567
25568
25569
25570
25571
25572
25573
25574
25575
25576
25577
25579
25581
25582
25583
25585
25586
25587
25589
25590
25591
25592
25593
25596
25597
25598
25599
25601
25603
25605
25606
25607
25608
25609
25611
25612
25613
25614
25615
25617
25618
25619
25620
25622
25623
25624
25625
25626
25627
25628
25630
25633
25634
25637
25639
25640
25641
25642
25643
25644
25645
25647
25648
25649
25650
25651
25652
25653
25654
25655
25658
25659
25661
25662
25663
25664
25665
25666
25667
25670
25671
25672
25674
25675
25677
25679
25681
25684
25686
25687
25688
25689
25690
25691
25693
25695
25696
25697
25699
25700
25701
25703
25704
25706
25707
25708
25709
25710
25711
25712
25713
25715
25716
25717
25718
25720
25721
25722
25723
25724
25726
25728
25730
25732
25733
25734
25735
25737
25743
25745
25747
25749
25751
25752
25753
25758
25766
25767
25768
25769
25772
25774
25777
25778
25780
25781
25782
25783
25786
25787
25789
25792
25793
25796
25797
25800
25801
25802
25805
25806
25808
25812
25814
25817
25818
25819
25824
25829
25831
25832
25834
25835
25836
29418
25838
25839
25840
25842
25846
25847
25849
25852
25853
25854
25855
25858
25860
25862
25864
25870
25871
25872
25873
25878
25880
25883
25885
25887
25888
25889
25891
25892
25894
25896
25899
25901
25905
25906
25908
25911
25912
25913
25914
25915
25916
25917
25919
25920
25924
25926
25927
25928
25929
25930
25931
25932
25935
25936
25938
25940
25941
25943
25945
25950
25952
25953
25955
25956
25959
25960
25962
25965
25966
25967
25969
25971
25974
25978
25981
25985
25986
25987
25989
25991
25993
25994
25999
26003
26004
26005
26006
26007
26008
26009
26012
26015
26017
26019
26020
26021
26022
26023
26025
26026
26027
26029
26031
26032
26033
26034
26035
26036
26038
26039
26043
26044
26045
26046
26047
26048
26049
26051
26052
26053
26054
26055
26060
26061
26062
26065
26067
26069
26070
26071
26074
26075
26076
26079
26082
26083
26084
26085
26087
26088
26089
26091
26092
26093
26097
26098
26102
26103
26106
26111
26112
26117
26119
26122
26124
26127
26129
26130
26132
26133
26134
26136
26138
26140
26142
26148
26149
26153
26154
26155
26157
26158
26161
26162
26166
26168
26169
26171
26176
26177
26178
26179
26180
26181
26183
26184
26185
26187
26190
26192
26193
26194
26197
26198
26199
26200
26201
26204
26205
26206
26207
26208
26210
26211
26213
26214
26215
26219
26221
26224
26225
26226
26227
26230
26231
26232
26233
26234
26235
26238
26239
26240
26241
26242
26244
26245
26246
26248
26250
26254
26255
26256
26261
26263
26264
26265
26266
26267
26268
26271
26272
26274
26277
26278
26279
26280
26285
26286
26287
26288
26290
26291
26293
26294
26296
26299
26301
26302
26307
26308
26309
26312
26313
26316
26320
26325
26326
26329
26330
26331
26332
26333
26334
26335
26339
26341
26342
26345
26346
26348
26351
26352
26354
26358
26359
26360
26363
26365
26366
26372
26375
26380
26381
26382
26383
26385
26386
26389
26392
26393
26395
26397
26399
26400
26401
26403
26405
26406
26407
26408
26410
26418
26419
26420
26421
26422
26425
26427
26428
26430
26431
26437
26438
26443
26444
26446
26453
26458
26460
26461
26463
26464
26465
26467
26471
26475
26480
26481
26482
26484
26486
26493
26495
26496
26498
26503
26507
26511
26513
26514
26515
26516
26519
26520
26525
26526
26527
26528
26529
26531
26534
26536
26537
26541
26544
26548
26551
26554
26557
26559
26560
26574
26585
26587
26588
26593
26594
26596
26598
26602
26605
26611
26612
26613
26615
26616
26617
26628
26629
26631
26637
26639
26640
26651
26652
26656
26657
26658
26659
26665
26669
26671
26672
26675
26677
26680
26686
26688
26689
26690
26691
26692
26696
26699
26704
26705
26708
26710
26711
26713
26716
26717
26718
26719
26721
26722
26723
26724
26727
26728
26731
26733
26734
26735
26736
26737
26740
26741
26743
26747
26754
26757
26758
26759
26761
26762
26763
26765
26767
26768
26769
26770
26771
26772
26773
26774
26775
26778
26779
26780
26781
26784
26785
26789
26790
26791
26792
26793
26794
26795
26797
26800
26801
26803
26810
26812
26814
26815
26818
26820
26821
26823
26824
26826
26832
26839
26840
26841
26843
26844
26845
26850
26852
26854
26857
26859
26862
26864
26865
26870
26877
26886
26887
26889
26899
26900
26901
26902
26906
26910
26912
26914
26919
26923
26928
26930
26931
26933
26936
26939
26940
26949
26950
26958
26959
26963
26964
26967
26968
26972
26973
26974
26976
26980
26981
26983
26987
26988
26991
26995
27000
27003
27008
27019
27020
27022
27025
27031
27032
27036
27037
27044
27045
27048
27051
27756
27052
27053
27059
27062
27063
27064
27066
27068
27069
27070
27071
27072
27077
27078
27079
27080
27081
27082
27084
27086
27088
27089
27092
27094
27095
27096
27097
27110
27111
27112
27114
27115
27120
27121
27122
27125
27129
27130
27133
27136
27141
27146
27147
27149
27150
27151
27152
27154
27155
27156
27157
27162
27164
27165
27169
27170
27172
27173
27177
27179
27180
27181
27182
27183
27186
27187
27191
27192
27193
27194
27195
27196
27197
27199
27200
27201
27202
27203
27204
27205
27207
27213
27214
27216
27220
27221
27226
27230
27234
27236
27237
27238
27239
27240
27243
27244
27247
27248
27250
27251
27252
27253
27254
27257
27258
27261
27262
27264
27268
27269
27271
27275
27280
27281
27282
27283
27285
27288
27290
27293
27297
27301
27302
27306
27307
27308
27312
27314
27315
27316
27317
27318
27319
27321
27324
27325
27327
27328
27330
27331
27332
27333
27334
27335
27336
27338
27339
27340
27342
27343
27345
27346
27347
27348
27352
27355
27357
27358
27361
27363
27365
27366
27367
27368
27369
27371
27372
27373
27374
27376
27378
27379
27381
27382
27383
27385
27390
27391
27393
27394
27395
27397
27398
27399
27400
27401
27402
27403
27404
27407
27408
27410
27411
27412
27413
27415
27416
27417
27419
27423
27424
27425
27428
27431
27432
27433
27435
27436
27437
27438
27439
27443
27444
27446
27448
27449
27452
27453
27454
27456
27458
27460
27461
27462
27463
27467
27468
27470
27472
27473
27476
27478
27480
27481
27483
27485
27486
27487
27488
27490
27491
27492
27493
27494
27495
27496
27497
27498
27499
27500
27501
27503
27505
27506
27507
27511
27514
27515
27518
27519
27520
27521
27522
27523
27526
27527
27528
27529
27531
27532
27533
27534
27535
27536
27539
27540
27541
27542
27544
27545
27547
27548
27549
27550
27551
27553
27554
27559
27560
27563
27566
27568
27569
27570
27571
27573
27574
27576
27577
27581
27582
27584
27586
27587
27589
27590
27591
27592
27595
27597
27600
27601
27602
27603
27605
27609
27611
27612
27614
27616
27617
27619
27620
27621
27623
27624
27625
27629
27630
27632
27633
27634
27635
27636
27637
27641
27643
27646
27647
27650
27651
27653
27655
27657
27658
27659
27662
27663
27664
27665
27666
27667
27669
27670
27674
27676
27677
27678
27679
27680
27681
27682
27683
27684
27685
27687
27688
27689
27690
27691
27693
27694
27695
27697
27698
27699
27700
27702
27703
27705
27706
27707
27708
27709
27710
27713
27714
27715
27716
27717
27718
27720
27721
27722
27724
27729
27730
27731
27732
27733
27734
27739
27743
27746
27748
27749
27751
27754
27755
27757
27758
27759
27769
27772
27773
27775
27776
27777
27779
27780
27781
27784
27786
27788
27789
27790
27791
27792
27795
27796
27797
27801
27804
27805
27806
27807
27809
27813
27814
27815
27818
27819
27822
27823
27826
27827
27835
27837
27838
27839
27840
27841
27844
27845
27846
27847
27848
27849
27852
27854
27856
27858
27860
27861
27863
27864
27865
27869
27871
27872
27873
27874
27876
27878
27879
27881
27882
27883
27886
27891
27893
27894
27948
27896
27898
27901
27903
27904
27906
27908
27909
27911
27912
27913
27918
27920
27921
27923
27924
27925
27929
27930
27931
27935
27936
27937
27938
27940
27942
27943
27944
27945
27946
27949
27956
27958
27959
27963
27964
27965
27966
27967
27969
27971
27977
27980
27981
27982
27983
27984
27985
27986
27988
27989
27990
27992
27993
27996
27998
28001
28002
28003
28005
28006
28009
28010
28011
28013
28014
28020
28024
28025
28031
28032
28033
28040
28041
28042
28043
28044
28046
28049
28051
28052
28053
28054
28055
28056
28058
28061
28062
28063
28064
28067
28071
28073
28076
28079
28081
28084
28086
28087
28090
28092
28098
28100
28103
28104
28105
28106
28107
28108
28110
28112
28114
28116
28120
28122
28126
28127
28128
28129
28131
28132
28133
28137
28138
28139
28140
28144
28146
28148
28149
28151
28153
28154
28156
28157
28158
28160
28161
28163
28164
28165
28168
28171
28174
28177
28180
28182
28183
28184
28186
28187
28195
28198
28199
28200
28201
28202
28204
28205
28209
28210
28211
28212
28218
28222
28223
28228
28230
28232
28235
28236
28237
28252
28255
28262
28264
28266
28267
28270
28276
28277
28283
28285
28286
28289
28292
28293
28297
28299
28300
28301
28302
28306
28307
28314
28318
28320
28321
28326
28327
28330
28332
28334
28337
28340
28341
28343
28344
28347
28348
28354
28357
28358
28363
28364
28367
28368
28371
28372
28373
28375
28378
28380
28388
28390
28392
28398
28400
28401
28405
28406
28409
28410
28412
28414
28417
28420
28423
28425
28426
28429
28430
28431
28433
28434
28435
28436
28440
28443
28445
28446
28448
28450
28452
28453
28455
28459
28462
28465
28466
28468
28469
28471
28473
28477
28479
28481
28482
28483
28484
28485
28490
28496
28497
28498
28500
28502
28507
28510
28512
28513
28517
28519
28520
28521
28522
28523
28524
28527
28530
28533
28540
28541
28547
28553
28555
28557
28559
28560
28561
28562
28571
28577
28578
28585
28588
28589
28598
28603
28604
28605
28607
28608
28609
28611
28612
28613
28618
28619
28622
28626
28627
28629
28630
28631
28633
28634
28637
28639
28640
28645
28646
28653
28655
28657
28663
28664
28668
28669
28671
28672
28673
28679
28681
28683
28686
28688
28703
28704
28706
28709
28710
28720
28721
28727
28732
28734
28737
28741
28743
28745
28747
28748
28749
28751
28752
28753
28755
28756
28761
28762
28764
28765
28767
28774
28775
28776
28779
28780
28781
28790
28791
28794
28795
28796
28797
28798
28799
28800
28803
28806
28807
28808
28810
28818
28820
28823
28825
28827
28832
28838
28840
28842
28843
28844
28846
28848
28854
28855
28856
28857
28858
28859
28860
28861
28862
28867
28869
28870
28871
28872
28875
28881
28882
28884
28885
28886
28888
28893
28894
28895
28899
28901
28902
28904
28906
28907
28908
28909
28911
28914
28921
28924
28925
28935
28936
28937
28938
28940
28943
28944
28945
28946
28948
28952
28955
28956
28960
28961
28962
28963
28965
28968
28972
28973
28977
28978
28979
28981
28982
28983
28986
28987
28990
28991
28993
28994
28997
28998
29001
29007
29010
29015
29016
29025
29030
29032
29043
29044
29051
29052
29060
29066
29072
29074
29075
29091
29092
29093
29094
29096
29098
29099
29101
29102
29103
29104
29105
29106
29107
29108
29110
29111
29113
29115
29117
29119
29120
29127
29129
29130
29131
29132
29133
29134
29141
29144
29148
29150
29153
29154
29157
29158
29160
29162
29163
29164
29165
29167
29169
29170
29173
29175
29176
29177
29179
29183
29186
29187
29188
29190
29193
29194
29195
29197
29199
29203
29206
29212
29213
29215
29218
29219
29221
29223
29226
29227
29234
29236
29238
29243
29245
29246
29253
29255
29259
29260
29262
29266
29267
29274
29276
29277
29287
29289
29294
29302
29306
29313
29318
29322
29323
29326
29329
29332
29337
29338
29340
29341
29342
29343
29344
29348
29350
29351
29355
29356
29357
29358
29364
29366
29371
29376
29377
29381
29384
29385
29389
29393
29396
29398
29399
29400
29408
29415
29417
29421
29424
29427
29428
29429
29432
29433
29434
29435
29436
29440
29442
29445
29446
29450
29451
29452
29457
29459
29460
29464
29467
29468
29473
29474
29475
29476
29479
29483
29484
29485
29489
29490
29495
29496
29499
29500
29501
29502
29503
29510
29520
29523
29527
29540
29545
29546
29547
29550
29551
29558
29562
29565
29566
29572
29574
29575
29581
29583
29587
29588
29589
29592
29598
29599
29601
29603
29607
29608
29612
29616
29617
29618
29624
29626
29629
29631
29632
29634
29637
29651
29652
29653
29654
29655
29656
29668
29674
29676
29677
29679
29685
29689
29691
29692
29694
29697
29698
29700
29702
29704
29705
29707
29710
29713
29717
29722
29726
29732
29735
29736
29741
29748
29753
29755
29758
29759
29763
29764
29771
29772
29784
29789
29800
29803
29807
29815
29818
29822
29823
29825
29826
29829
29840
29841
29842
29845
29847
29848
29849
29850
29856
29857
29860
29861
29868
29869
29870
29871
29873
29880
29882
29883
29884
29886
29887
29888
29889
29891
29896
29903
29906
29907
29910
29918
29921
29928
29929
29932
29934
29935
29945
29946
29947
29948
29952
29953
29954
29960
29962
29963
29964
29965
29966
29972
29978
30505
29988
29989
29994
29996
29997
30003
30014
30015
30017
30020
30022
30026
30027
30030
30035
30038
30039
30040
30041
30045
30049
30050
30051
30053
30054
30055
30057
30058
30063
30065
30069
30077
30080
30082
30085
30092
30093
30095
30096
30097
30102
30107
30108
30111
30112
30114
30116
30118
30120
30122
30124
30126
30129
30132
30133
30138
30139
30140
30145
30150
30155
30164
30166
30167
30171
30173
30175
30176
30180
30182
30188
30189
30191
30195
30196
30204
30208
30211
30214
30220
30221
30226
30227
30236
30239
30247
30249
30253
30254
30256
30259
30260
30262
30270
30271
30277
30278
30284
30291
30298
30299
30300
30302
30313
30314
30316
30320
30321
30331
30334
30335
30336
30338
30341
30342
30395
30345
30347
30350
30351
30360
30365
30367
30370
30371
30372
30377
30379
30381
30382
30383
30388
30391
30394
30400
30404
30408
30410
30413
30418
30419
30421
30433
30434
30440
30441
30442
30451
30454
30462
30467
30468
30469
30470
30478
30483
30485
30489
30490
30499
30501
30504
30508
30509
30516
30518
30519
30520
30522
30523
30527
30529
30531
30534
30538
30539
30541
30542
30543
30544
30545
30547
30550
30551
30553
30555
30557
30559
30565
30568
30569
30571
30574
30576
30579
30583
30585
30589
30596
30597
30598
30601
30605
30607
30608
30609
30612
30615
30617
30618
30621
30623
30626
30629
30630
30633
30634
30635
30639
30642
30644
30645
30647
30656
30659
30660
30673
30676
30679
30682
30683
30686
30689
30695
30696
30699
30700
30701
30703
30708
30710
30711
30713
30715
30716
30717
30720
30721
30726
30731
30737
30741
30743
30746
30747
30749
30757
30759
30761
30765
30768
30771
30774
30795
30797
30799
30800
30805
30814
30815
30822
30823
30826
30827
30830
30839
30843
30852
30855
30857
30859
30863
30870
30876
30881
30882
30883
30884
30893
30894
30896
30897
30899
30901
30902
30904
30905
30907
30908
30911
30912
30913
30916
30958
30963
30973
30979
30992
31005
31011
31039
31045
31046
31054
31055
31056
31060
31063
31070
31072
31074
31075
31076
31082
31085
31089
31091
31096
31097
31100
31107
31110
31111
31119
31120
31131
31133
31141
31149
31157
31158
31165
31168
31175
31180
31188
31196
31198
