10
11
24
260
1254
23
2209
3467
4012
1614
1704
6346
245
188
31
67
45
3445
375
53
54
66
75
76
77
79
4371
292
81
197
204
84
2704
85
1309
90
101
105
109
114
115
116
1613
119
120
121
122
123
131
133
137
140
1852
141
142
145
146
149
158
160
162
181
182
3825
186
187
198
200
201
3980
205
206
5852
208
214
223
224
232
3594
254
591
234
239
241
244
246
250
247
1356
248
249
251
252
253
255
256
259
261
262
263
267
272
275
277
280
281
2731
282
283
286
287
290
295
5337
297
298
302
306
308
312
619
313
314
324
325
326
327
331
333
1277
336
337
347
348
350
351
352
353
358
362
1957
370
373
374
372
376
377
4171
378
379
385
399
400
5163
405
5124
407
408
412
416
417
418
421
423
424
430
431
1906
433
435
441
454
456
458
462
465
466
2853
470
474
480
483
484
487
493
496
1201
498
3914
499
500
502
506
507
510
513
517
524
527
2177
537
540
542
547
549
551
2977
3191
727
552
1191
554
555
560
564
571
573
577
579
586
588
589
590
622
594
595
598
602
605
2850
2973
607
608
1170
610
611
612
613
931
625
627
630
631
4543
632
637
1958
638
639
642
646
647
648
649
650
651
653
654
656
657
661
662
663
666
668
5872
2525
672
674
1569
5096
757
4957
675
677
678
679
680
682
683
685
687
688
690
691
3938
693
694
696
698
699
700
702
703
704
706
707
710
712
713
714
715
718
722
726
2400
4033
4437
1945
728
730
731
733
736
737
738
741
742
1030
743
746
747
748
749
754
3077
758
759
3378
760
762
765
766
767
768
770
771
772
774
809
775
776
777
780
783
787
788
790
792
794
796
798
799
800
804
807
811
813
814
815
816
818
821
824
825
827
2639
829
835
836
838
839
843
845
851
852
853
854
856
858
859
860
862
867
869
875
876
883
888
890
892
898
901
902
906
907
909
912
913
916
917
921
923
4956
5030
927
932
945
2027
947
948
3389
954
961
974
978
979
996
998
1001
1004
1007
1012
1014
1016
1018
1019
1021
1022
1023
1028
1031
1032
1039
1044
1045
1046
1047
1150
1048
1049
1055
1056
1210
1057
1058
1060
1064
1065
2753
1068
1071
1073
1074
1076
1077
1080
1859
1159
1083
1084
1086
1087
1088
1093
3545
1095
1097
1098
1099
1102
1104
1106
1107
1109
1110
1120
1121
1123
1124
1126
1127
1128
1130
1134
1136
1137
1138
1139
1142
1145
1146
1148
1149
3861
1151
1155
1156
1157
1801
1160
1163
3406
1168
1171
1173
1174
1177
1179
1181
1183
1186
1188
1189
1190
1192
1195
1198
1200
1202
1206
1207
1208
1213
1224
1226
1227
1228
1230
1234
1235
1237
1240
1241
1246
1248
1251
1252
1253
1255
1257
1263
7049
1265
1268
1270
1271
1276
1278
1283
1284
1286
1290
1294
1295
1296
1299
1301
1302
1303
1305
1306
1307
1308
1311
1312
1319
1320
1321
1323
1324
1325
1326
1327
1328
1329
1330
1333
1334
1336
1338
1339
1342
1343
1345
1346
1349
1352
1476
1357
1359
1366
1367
1369
1374
1376
1377
1382
1383
1384
1390
1392
1393
1394
1398
1399
1402
1406
4059
1412
1414
1417
1418
1421
1423
1427
1428
1429
1430
1433
1434
1436
1439
1440
1441
1442
1443
1444
1445
1447
1448
1449
1453
1454
1455
1457
1458
1459
1461
1464
1465
1466
1467
1468
1469
1470
1471
1472
1479
5249
1481
1483
1484
1485
1486
1488
1491
1492
1493
1494
1498
1500
4311
1501
1503
1504
1506
1507
1508
1512
1513
1516
1517
1519
1521
1523
1524
1526
1529
1530
1531
1534
1535
1536
1539
1540
1541
1542
1544
1545
1546
1547
1548
1549
1550
1552
1556
1557
1560
1561
1562
1563
1564
1565
1566
1568
1570
1571
1573
1574
1575
1576
1578
1580
1581
1582
1583
1586
1589
1590
1592
1593
1597
1601
1603
1605
1606
1609
1611
1616
1618
1620
1621
1623
7011
1629
1631
1632
4204
1635
1636
1639
1641
2835
1644
1646
1647
1648
1650
1651
1652
1654
1655
1660
1661
1667
1668
1669
1670
1671
1673
1674
1675
1679
1681
1682
1683
1686
1689
1690
1692
1693
1694
1695
1696
1698
1699
1703
1706
1710
1711
1712
1713
1716
1720
1723
1726
1727
1728
1734
1736
1741
1744
1747
1748
1749
1752
1753
1754
1756
1758
1762
1765
1766
1767
1770
1771
1772
1774
1779
1782
1783
1787
1788
1790
1792
1793
1796
1797
1928
1802
1803
1809
1810
1814
1816
1817
1823
1826
1832
1833
1834
1839
1844
1849
1850
1851
1854
1855
1860
1862
1864
1865
1868
1869
1872
1875
1877
1879
1882
1886
1887
1889
1890
1891
1893
1895
1896
1897
1899
1900
1901
1903
3738
1911
1915
1916
1918
1921
1922
1923
1924
1925
1926
1927
1929
1930
1936
1937
1940
1943
1944
1946
1948
1955
1956
1959
1961
1962
1965
1966
1970
1973
1974
1975
1976
1978
1984
1985
1987
1989
1990
1991
1994
1995
1996
1997
1998
2000
2004
2006
2007
2008
2009
2010
2013
2017
2018
2019
6879
2023
2024
2028
2030
2031
2032
7680
2036
2037
2041
2042
2043
2044
2045
2047
2050
2051
2052
2053
2055
2056
2057
2058
2062
2067
2068
2071
2072
2073
2074
2076
2077
2078
2079
2080
2081
2084
2085
2086
2088
2089
2090
2091
2093
2095
2100
3192
2102
2103
2105
2106
2107
2110
2112
2113
2115
2119
2120
2121
2122
2127
2128
2130
2131
2132
2133
2136
2138
2140
2143
2144
2145
2146
2147
2148
2150
2151
2152
2154
2156
2161
2165
2166
2167
2168
2170
2171
2173
2174
2175
2181
2184
2186
2189
2193
5187
2194
2198
2201
2202
2203
2204
2205
2206
2207
2211
2215
2220
2221
2223
2224
2228
2232
2237
2241
2242
2243
2246
2247
2249
2250
2251
2253
2255
2256
2258
2259
2260
2261
2262
2263
2975
2266
2267
2268
2269
2270
2271
2390
2282
2284
2285
2286
2290
2291
2293
2296
2298
2302
2303
2308
2311
2315
2318
2319
2320
2322
2323
2329
2337
2339
2341
2343
2346
2350
2355
2361
2362
2363
2364
3009
2366
2369
2371
2374
2377
2379
2383
2386
2388
2391
2392
2393
2395
2399
2401
2403
2405
2406
2409
2411
2819
2412
2415
2419
2420
2421
2423
2424
2425
2426
2427
2430
2431
2433
2439
2440
2441
2442
2449
2450
2453
2455
2457
2460
2467
2468
2469
2470
2472
2473
2476
2477
2478
2480
2965
2484
2485
2486
2488
2489
2491
2493
3820
3806
2495
2496
2497
2501
2505
2510
2515
2516
2517
2519
2523
2530
2531
2533
2534
2535
2539
2540
2546
2554
2555
2561
2556
2558
2560
2562
2563
5656
2564
2565
2567
2573
2575
2576
2577
2578
2579
2580
2581
2585
2586
2587
2588
2590
2593
2594
4963
2595
2597
2598
2600
2604
2606
2613
2615
2617
2619
2621
2625
2626
2627
2628
2630
2631
2633
2637
2638
2649
2650
2656
2661
2662
2664
2665
2671
2674
2676
2678
2681
2685
2687
2688
2689
2690
2691
2696
3020
2698
2701
2702
2868
2707
2708
3843
2709
2711
2712
2713
2714
2715
2716
2718
2719
2720
2723
2724
2725
2727
2729
2733
2735
2736
2737
2739
2740
2741
2742
2744
2745
2746
2747
2748
2749
2750
2752
5148
2756
2757
2760
2768
2769
2770
2771
2773
2780
2781
2782
2783
2784
2785
2789
2791
2792
2794
2796
2797
2798
2799
2801
2802
2803
2804
2808
2809
2810
2812
2813
2814
4792
2816
2818
2820
2821
2822
2824
2825
2830
5775
5314
2836
2837
2838
2839
2842
2843
2847
2848
2849
2852
2857
2859
2862
2867
2872
2873
3632
2875
2876
2877
2878
2881
2883
2885
2887
2888
2890
2891
2894
2897
2898
2900
2902
2904
2906
2907
2908
2909
2912
2914
2932
2935
2938
2939
2940
2941
2943
2951
2952
2953
2955
2956
2958
2964
2966
2968
2971
2974
2981
2990
2991
2992
2993
2994
2998
2999
3000
3001
3002
3003
3004
3010
3016
3019
3023
3024
3025
3028
3030
3035
3039
3040
3042
3045
3046
3054
3057
3058
3060
3064
3066
3068
3070
3073
3074
3075
3079
3081
3082
3084
3085
3087
3089
3093
3094
3097
3105
3106
3107
3108
3109
3110
3111
3112
3114
3118
3121
3122
3123
3124
3126
3127
3129
3130
7558
3131
3133
3134
3135
3138
3139
3141
3144
3145
3146
3147
3149
3150
3153
3154
3158
3162
3164
3165
3167
3170
3173
3176
3178
3179
3180
3182
3183
3184
3190
3193
3195
3196
3199
3200
3201
3204
3206
3207
3209
3219
3220
3222
3223
3224
3225
3226
3227
3229
3231
3238
3241
3242
3248
3250
3252
3253
3254
3255
3258
3260
3262
3265
3267
3270
3271
3276
3280
3281
3282
3283
3287
3288
3383
3289
3291
3292
3296
3297
3302
3303
3304
3305
3306
3307
3308
3310
3312
3313
3315
3317
3321
3322
3323
3325
3326
3333
3334
3335
3336
3338
3339
3340
3341
3343
3877
3345
3347
3353
3354
3355
3356
3360
3363
3364
3366
3367
3368
3370
3372
3373
3374
3377
3379
3386
3390
3391
3393
3394
3397
3398
3402
3403
3405
3408
3409
3410
3417
3419
3421
3425
3426
3427
3428
3429
3430
3432
3434
3435
3437
3438
3440
5188
3441
3442
3444
3446
3449
3450
3451
3452
3454
3456
3458
3460
3463
3464
3465
3466
3469
3470
3471
3472
3474
3476
3477
3478
3479
3480
3481
3482
3483
3484
3487
3488
3489
3490
3491
3492
3493
3495
3497
3499
3503
3504
3506
3508
3511
3512
3513
3514
3515
3520
3521
3524
3527
3529
3530
3532
6150
3533
3534
3535
3536
3538
3542
3543
3546
3547
3548
3549
3550
3551
3552
3553
3554
3556
3558
3560
3561
3562
3565
3566
3567
3570
3572
3574
3576
3577
3578
3579
3582
3583
3587
3592
3596
3599
3604
3605
3750
3606
3607
3608
3609
3610
3611
3613
3616
3617
3618
3619
3620
3621
3626
3627
3630
3633
3634
3635
3652
3636
3637
3641
3642
3643
3644
3645
3647
3648
3649
3650
3653
3654
3655
3656
3657
3658
3659
3660
3661
3662
3665
3668
3671
3673
3676
3677
3680
3681
3682
3685
3687
3689
3690
3691
3692
3694
3695
3696
3699
3778
3700
3702
3704
3706
3708
3709
3710
3711
3716
3720
3723
3724
3725
6138
3728
3731
3733
3734
3735
3736
3737
3739
3741
3742
3745
3751
3758
3763
3770
3772
3773
3774
3782
3783
3784
4385
3789
3790
3791
3795
3796
3798
3799
3800
3801
3802
3804
3805
3807
3810
3812
3814
3815
3816
3817
3819
3821
3822
3823
3824
3826
3827
3828
3829
3830
3832
3833
3835
3836
3837
3839
3840
3842
3847
3848
3849
3850
3851
3852
3854
3857
3859
3860
4542
3863
3866
3869
3870
3874
3875
3876
3879
3880
3887
3888
3889
3891
3894
3895
3903
3908
3915
3916
3917
3919
3920
3923
3929
3935
5913
5565
3939
3940
3945
3947
3949
3951
3956
3958
3959
3960
3961
3962
3965
3966
3967
3970
3975
3977
3978
3979
3981
3983
4093
3984
3986
3987
3988
3989
3990
3992
3993
3994
3996
3999
4001
4004
4005
4007
4008
4009
4014
4016
4017
4021
4022
4024
4025
4026
4029
4030
4031
4034
4035
4039
4040
4041
4043
4044
4610
4047
4049
4050
4054
4058
6571
4062
4063
4064
4067
4068
4071
4073
4074
4077
4078
4079
4080
4081
4082
4083
4094
4095
4097
4100
4101
4102
4103
4106
4108
4109
4110
4111
4112
4114
4116
4117
4118
4120
4121
4123
4124
4125
4126
4130
4131
4135
4139
4140
4144
4145
4146
4147
4148
4150
4151
4152
4153
4154
4155
4158
4159
4160
4162
4163
4167
4169
4173
4175
4176
4177
4178
4179
4180
4182
4183
4185
4186
4188
4189
4192
4193
4195
4198
4199
4200
4202
4203
4207
4208
4209
4212
4215
4217
4219
4222
4223
4226
4228
4231
4233
4234
4237
4238
4239
4240
4241
4243
4244
4245
4246
4248
4252
4253
4254
4870
4255
4258
4260
4261
4263
4269
4270
4271
4272
4276
4278
4280
4290
4292
4293
4300
4302
4303
4305
4308
4309
4312
4314
4315
4317
4318
4322
4323
4324
4327
4328
4330
4331
4335
4345
4347
4349
4351
4352
4353
4355
4357
4362
4363
4364
4365
4368
4370
4372
4373
4374
4375
4376
4377
4378
4379
4380
4383
4384
4387
4388
4389
4390
4391
4392
4393
4394
4396
4397
4399
4400
4401
4402
4403
4404
4408
4409
4410
4411
4416
4422
4641
4423
4424
4426
4430
4431
4435
4436
4439
4445
4446
4475
4477
4482
4485
4492
4499
4501
4505
4509
4510
4515
4517
4518
4519
4523
4528
4530
4532
4533
4534
4538
4544
4545
4550
4551
4554
4556
4558
4563
4567
4569
4570
4577
4578
4580
4588
4589
4592
4594
4595
4602
4607
4609
4613
4624
4625
4630
4631
4632
4634
4637
4638
4642
4645
4653
4655
4657
4661
4662
4664
4665
4667
4668
4670
4671
4673
4674
4681
4682
4683
4684
4685
4686
4687
4688
4690
4693
4695
4697
4699
4700
4701
4702
4703
4707
4710
4713
4714
4715
4716
4721
4722
4727
4729
4730
4731
7631
4734
4735
4736
4743
4746
4749
4752
4758
4762
4766
4770
4771
4772
4773
4774
4775
4776
4779
4781
4782
4783
4785
4786
4787
4789
4790
4791
4793
4794
4795
4799
4800
4803
4806
4807
4808
4809
4810
4817
4818
4821
4824
4825
4829
4830
4835
4836
4837
4840
4842
4847
4848
4849
4850
4853
4854
4857
4859
4862
4865
4868
4871
4872
4874
4877
7466
4878
4880
4884
4886
4890
4892
4893
4896
4897
4899
4900
4902
4903
4904
4910
4914
4915
4920
4921
4922
4923
4925
4928
4929
4930
4935
4936
4939
4941
4942
4944
4945
4946
4947
4949
4951
4955
4958
5156
4959
4960
4962
4965
4966
4967
4968
4969
4970
4971
4972
4973
4974
4975
4976
4977
4978
4979
4980
4982
4983
4984
4985
4986
4988
4989
4990
4991
4992
4993
4994
4996
4997
5001
5002
5003
5006
5007
5009
5010
5012
5015
5016
5019
5021
5029
5031
5032
5035
5036
5037
5038
5041
5042
5043
5046
5047
5049
5050
5052
5053
5057
5058
5059
5060
5069
5070
5074
5076
5078
5080
5081
5083
5084
5085
5092
5093
5094
5097
5100
5104
5105
5106
5108
5112
5115
5117
5120
5121
5122
5123
5531
5126
5127
5129
5133
5134
5136
5137
5141
5145
5147
5152
5158
5159
5160
5161
5162
5166
5167
5172
5174
5176
5177
5178
5181
5185
5189
5191
5200
5201
5202
5205
5207
5210
5214
5217
5220
5221
5222
5223
5224
5228
5234
5235
5239
5241
5243
5244
5245
5248
5250
5251
5254
5255
5264
5266
5267
5268
5274
5275
5276
5277
5280
5282
5285
5289
5291
5292
5293
5295
5296
5958
5298
5299
5300
5302
5304
5306
5308
5309
5311
5313
5315
5316
5317
5325
5326
5329
5334
5344
5353
5359
5373
5374
5382
5383
5385
5386
5387
5388
5390
5391
5393
5395
5398
5401
5406
5407
5412
5413
5414
5415
5416
5418
5422
5427
5431
5435
5438
5439
5445
5446
5450
5455
5456
5461
5462
5464
5465
5466
5469
5473
5476
5478
5483
5485
5489
5491
5494
5498
5504
5510
5511
5513
5515
5517
5521
5522
5788
5528
5533
5538
5540
5546
5551
5552
5553
5555
5560
5562
5563
5568
5572
5574
5576
5577
5578
5579
5581
5588
5589
5590
5593
5595
5596
5600
5602
5605
5606
5618
5619
5622
5632
5637
5641
5642
5644
5648
5649
5652
5655
5659
5660
5662
5667
5670
5675
5676
5677
5690
5692
5705
5710
5714
5718
5719
5723
5728
5734
5736
5745
5752
5753
5763
5769
5770
5771
5773
5779
5781
5782
5784
5789
5793
5796
5799
5809
5811
5812
5815
5822
5826
5828
5829
5834
5836
5840
5843
5844
5847
5848
5849
5857
5858
5860
5863
5865
5869
5875
5877
5878
5880
5881
5883
5884
5886
5889
5890
5893
5894
5898
5899
5900
5905
5907
5908
5909
5910
5911
5912
5915
5917
5918
5921
5922
5924
5925
5928
5929
5932
5933
5935
5936
7311
5938
5939
5940
5941
5942
5944
5946
5947
5949
5951
5956
5957
5961
5962
5963
5964
5965
5966
5967
5971
5974
5975
5976
5977
5979
5980
5982
5983
5985
5986
5990
5993
5994
5996
5998
6001
6002
6007
6008
6011
6016
6017
6021
6022
6025
6030
6035
6040
6042
6043
6046
6048
6049
6050
6053
6055
6058
6059
6062
6063
6064
6066
6067
6068
6069
6070
6071
6072
6073
6074
6075
6077
6080
6082
6083
6084
6085
6086
6089
6091
6092
6093
6096
6099
6100
6101
6103
6104
6105
6106
6107
6110
6112
6113
6114
6117
6118
6119
6122
6124
6125
6126
6128
6131
6136
6137
6141
6144
6146
6148
6152
6155
6157
6159
6161
6162
6164
6165
6166
6167
6168
6171
6172
6173
6174
6175
6177
6179
6181
6183
6184
6185
6187
6189
6192
6194
6195
6196
6197
7950
6203
6229
6238
6249
7694
6259
6268
6269
6275
6277
6290
6291
6299
6301
6327
6330
6332
6335
6345
6349
6350
6351
6353
6355
6356
6357
6361
6362
6369
6370
6374
6376
6378
6380
6381
6385
6388
6392
6393
6395
6398
6404
6417
6418
6431
6433
6435
6442
6904
6447
6448
6451
6455
6460
6465
6469
6470
6473
6474
6476
6477
6478
6480
6481
6482
6483
6484
6485
6487
6488
6489
6491
6497
6498
6499
6500
6502
6503
6504
6505
6506
6507
6509
6511
6512
6513
6516
6517
6518
6519
6521
6522
6523
6524
6525
6529
6530
6531
6533
6534
6541
6542
6543
6544
6545
6546
6547
6548
6549
6550
6551
6552
6553
6554
6555
6556
6558
6561
6562
6563
6564
6565
6568
6569
6570
6573
6577
6581
6582
6583
6584
6585
6586
6587
6589
6591
6592
6594
6595
6596
6597
6600
6601
6602
6603
6604
6605
6606
6608
6609
6614
6615
6620
6621
6622
6625
6626
6628
6629
6632
6636
6640
6645
6649
6650
6651
6656
6659
6660
6661
6664
6665
6667
6668
6671
6673
6674
6677
6681
6686
6687
6688
6690
6693
6694
6697
6698
6701
6706
6707
6708
6717
6719
6720
6721
6722
6723
6726
6727
6728
6734
6735
6737
6741
6742
6743
6744
6745
6746
6747
6749
6750
6752
6754
6756
6762
6764
6765
6767
6768
6769
6770
6771
6772
6773
6774
6776
6777
6778
6779
6780
6784
6785
6786
6787
6788
6790
6791
6793
6794
6795
6797
6799
6800
6801
6803
6805
6806
6808
6809
6810
6811
6813
6814
6816
6817
6818
6820
6821
6822
6823
6824
6825
6826
6827
6830
6832
6833
6834
6837
6838
6839
6840
6841
6845
6846
6847
6848
6849
6850
6853
6855
6856
6859
6860
6861
6862
6863
6864
6868
6870
6871
6872
6873
6874
6877
6878
6880
6882
6884
6885
6887
6889
6891
6892
6893
6894
6895
6896
6901
6902
6903
6908
6911
6912
6914
6915
6918
6919
6923
6925
6926
6928
6929
6930
6932
6938
6941
6945
6948
6949
6952
6953
6954
6955
6958
6959
6960
6964
6965
6967
6968
6970
6971
6973
6974
6975
6976
6977
6981
6983
6986
6989
6990
6991
6992
6994
6995
6996
6997
6998
7000
7003
7004
7007
7008
7010
7016
7017
7019
7020
7021
7022
7023
7030
7031
7035
7036
7039
7042
7045
7047
7048
7051
7055
7056
7060
7062
7064
7068
7070
7072
7083
7085
7089
7090
7092
7097
7098
7100
7102
7111
7113
7114
7115
7117
7119
7120
7121
7122
7124
7126
7128
7129
7132
7133
7135
7136
7304
7390
7137
7138
7142
7147
7148
7149
7150
7151
7154
7155
7157
7158
7160
7162
7163
7164
7165
7167
7168
7169
7170
7171
7172
7173
7174
7176
7177
7178
7179
7180
7181
7182
7183
7184
7185
7186
7187
7188
7189
7190
7191
7193
7194
7195
7196
7197
7198
7199
7200
7201
7203
7204
7206
7207
7209
7210
7211
7214
7215
7216
7218
7219
7220
7222
7223
7224
7227
7228
7230
7231
7232
7233
7234
7235
7236
7237
7238
7240
7241
7242
7243
7244
7245
7246
7247
7248
7249
7250
7251
7252
7253
7254
7255
7256
7257
7258
7259
7260
7261
7262
7263
7264
7265
7267
7268
7269
7270
7271
7272
7273
7274
7275
7276
7277
7279
7280
7281
7283
7284
7286
7287
7288
7290
7291
7292
7293
7294
7295
7297
7298
7299
7300
7301
7302
7303
7305
7306
7307
7308
7309
7310
7312
7313
7314
7315
7316
7317
7318
7319
7320
7321
7322
7323
7324
7325
7326
7327
7328
7329
7330
7331
7332
7333
7334
7335
7336
7337
7338
7339
7340
7341
7342
7343
7344
7345
7346
7347
7348
7349
7351
7352
7353
7354
7355
7356
7357
7358
7359
7360
7361
7362
7363
7364
7365
7366
7367
7368
7369
7370
7371
7372
7373
7374
7375
7376
7377
7378
7379
7380
7381
7382
7383
7384
7386
7387
7389
7392
7393
7394
7395
7397
7398
7399
7400
7402
7403
7406
7407
7408
7409
7410
7411
7414
7415
7416
7418
7419
7421
7422
7423
7424
7425
7426
7428
7429
7430
7431
7432
7433
7434
7435
7436
7439
7441
7442
7443
7445
7446
7448
7450
7451
7452
7453
7527
7455
7456
7458
7460
7461
7462
7463
7464
7465
7468
7469
7470
7471
7474
7475
7476
7477
7479
7480
7481
7482
7483
7484
7488
7489
7490
7491
7492
7493
7496
7497
7498
7500
7501
7502
7503
7504
7505
7507
7508
7510
7511
7512
7513
7514
7516
7517
7518
7521
7523
7526
7529
7531
7532
7533
7534
7535
7536
7537
7538
7539
7540
7543
7545
7546
7547
7548
7549
7550
7551
7552
7553
7555
7556
7557
7561
7563
7564
7568
7569
7571
7573
7575
7577
7578
7579
7581
7582
7583
7584
7586
7588
7589
7590
7591
7592
7593
7594
7595
7596
7597
7598
7599
7600
7601
7602
7603
7604
7605
7606
7607
7608
7609
7610
7611
7612
7613
7614
7615
7616
7617
7618
7620
7621
7622
7623
7624
7625
7626
7627
7628
7747
7630
7632
7633
7634
7635
7636
7637
7638
7639
7640
7641
7642
7643
7644
7645
7646
7647
7648
7649
7650
7651
7652
7653
7654
7655
7656
7657
7658
7659
7660
7661
7662
7663
7664
7665
7666
7667
7668
7669
7670
7671
7672
7673
7674
7675
7676
7677
7678
7679
7681
7682
7683
7684
7685
7686
7687
7688
7689
7690
7691
7692
7693
7695
7696
7697
7698
7699
7700
7701
7702
7703
7705
7707
7708
7709
7710
7711
7712
7713
7714
7715
7716
7717
7719
7720
7721
7722
7723
7724
7725
7726
7727
7728
7729
7730
7731
7732
7733
7734
7735
7736
7737
7738
7739
7740
7742
7743
7744
7745
7748
7749
7750
7751
7752
7753
7754
7755
7756
7757
7758
7759
7760
7761
7762
7763
7764
7765
7766
7767
7768
7769
7770
7771
7772
7773
7774
7775
7776
7777
7778
7779
7780
7781
7782
7783
7784
7785
7786
7787
7788
7789
7790
7791
7792
7793
7794
7795
7797
7798
7799
7800
7801
7802
7803
7804
7805
7806
7807
7808
7809
7810
7811
7812
7813
7814
7815
7816
7818
7819
7820
7822
7823
7825
7826
7828
7830
7831
7832
7833
7834
7835
7836
7837
7838
7839
7840
7841
7842
7843
7844
7845
7846
7847
7883
7848
7849
7850
7851
7852
7853
7855
7856
7858
7859
7860
7861
7862
7863
7864
7865
7866
7867
7869
7870
7871
7872
7873
7874
7875
7876
7878
7879
7880
7881
7882
7884
7885
7886
7887
7888
7891
7893
7895
7896
7897
7899
7900
7903
7904
7905
7907
7908
7909
7910
7911
7912
7914
7916
7917
7918
7920
7922
7925
7926
7927
7928
7929
7930
7931
7933
7937
7938
7940
7941
7945
7946
7947
7948
7951
7952
7957
7961
7962
7964
7965
7966
7973
7974
7975
7977
7978
7979
7980
7981
7984
7985
7986
7987
7988
7989
7990
7991
7992
7993
7994
7995
7996
7997
7998
7999
8000
8002
8004
8005
8006
8007
8008
8009
8010
8011
8012
8013
8015
8016
8017
8020
8024
8025
8026
8028
8029
8030
8031
8035
8039
8042
8043
8046
8047
8049
8050
8052
8053
8054
8056
8057
8058
8059
8062
8063
