72
7
8
9
10
3558
17
29
28
3014
56
35
58
38
39
213
40
41
42
1303
9475
623
47
49
51
52
54
55
57
59
60
64
65
66
67
68
3448
127
863
69
70
71
73
76
136
95
96
97
99
106
107
112
113
116
121
122
123
126
128
130
134
137
896
7705
3515
138
139
165
140
141
142
145
146
147
149
150
151
159
162
163
8865
10732
10733
4915
11958
1687
11640
6681
166
169
170
175
179
180
4782
181
184
189
191
192
193
1977
194
195
196
197
1683
198
199
202
208
209
211
214
215
217
219
221
223
7377
814
10156
232
238
241
244
680
2697
818
245
638
256
309
318
320
321
334
340
341
11003
2806
343
351
352
353
381
387
391
392
10074
393
394
398
402
405
4566
408
415
419
421
422
423
424
427
430
3716
902
11183
3314
431
433
434
435
436
438
439
452
458
464
469
470
954
7860
481
482
1070
1063
483
5903
484
497
499
500
501
502
503
505
509
511
516
523
519
525
526
527
530
534
536
544
546
553
557
558
559
8704
7977
4349
562
570
573
576
601
578
584
585
586
587
833
588
592
594
596
597
2863
603
1212
605
610
614
629
634
636
637
640
1953
643
645
648
649
651
653
655
660
662
663
664
666
670
674
675
676
677
678
679
683
684
688
1337
8282
689
1258
699
707
712
718
7035
3597
721
730
731
733
734
735
736
741
6740
7740
1695
742
745
7340
746
748
750
753
754
755
770
771
774
784
787
788
794
796
799
800
802
807
7165
7847
820
830
831
837
838
840
841
853
854
856
865
868
869
870
874
879
882
883
885
890
898
899
900
901
903
905
908
7334
1688
958
910
911
916
920
921
2152
936
937
938
944
948
949
1194
3498
960
962
967
970
971
972
974
980
981
985
988
989
1001
1005
1006
1011
1013
1015
1016
1017
1023
1024
1027
1028
1029
1030
3673
1032
1033
1039
1040
1041
1042
1043
1050
1054
1057
5735
1151
1059
1060
1061
5302
1062
1186
1065
1069
1316
4975
5609
1653
1072
1073
1081
2055
1087
1096
1100
1114
1117
1119
1121
1122
1126
1128
1131
1132
1133
1139
1140
2917
5972
1141
1142
1146
1155
1159
1160
1161
1165
1169
1171
1173
1183
1187
6058
1191
1192
1193
4323
4786
1195
1198
1201
3973
5461
1202
1204
1205
1207
1211
1215
1219
1221
1223
1224
1225
1226
1232
1234
1236
1242
1243
1244
1247
1248
1253
1254
1257
8868
1264
10227
1265
1269
1270
1271
1274
1275
1276
1277
1279
1281
1282
1283
1285
1288
1289
1292
1296
1302
1306
1307
1308
1309
1311
1313
1315
1317
1437
1318
1319
1320
1321
1322
1328
1330
1333
1335
1336
1339
1340
1341
1342
1343
1345
1347
1350
1352
1353
1573
1354
1355
1358
1360
1362
1363
1365
3771
1367
1368
1370
1371
1373
1376
1377
1381
1383
1384
1385
1387
1389
1390
1391
1392
1393
1394
1395
1396
1397
1400
1402
1403
1408
1409
1410
1412
1416
1417
1419
1421
1423
1424
1425
1426
1427
1428
1429
1431
1434
1435
1438
1439
1440
1443
1444
1445
1446
1449
1452
1455
1457
1459
1460
1461
1462
1463
1467
1470
1471
1473
1474
1475
1478
1479
1480
1481
1483
1486
1491
1492
1493
1494
1495
1496
1499
1500
1501
1502
1504
1505
1507
1508
1509
1512
1514
1515
1518
3848
1519
1520
1523
1525
1527
1528
1531
1532
1533
1535
1537
3663
1538
1542
1544
1546
1547
1548
1550
1553
1556
1563
1564
1570
1571
1572
7208
2557
1576
1577
1580
1582
1586
1592
1594
1595
1596
1597
1599
1600
1601
1602
1603
1604
1605
1606
1607
1608
1609
1611
1612
1613
1614
1615
1616
1620
1621
1622
1624
1626
1628
1629
1631
1632
1633
1636
1637
1638
1639
1640
1643
1644
1645
1646
1647
1648
1649
1650
1651
1652
4059
1654
1656
1658
1659
1661
1663
1664
1665
1666
1668
1670
1671
1672
1673
1674
1677
1679
1680
1681
1682
1684
4678
6769
6285
2193
11700
6777
1692
1694
5589
1696
1700
1704
1706
1707
1708
1711
1712
1713
1715
1716
1717
1719
1720
1721
1724
1725
1727
1732
1733
1736
9768
1739
1742
1744
1746
1748
1752
1755
1759
1760
1762
2654
1763
1764
1768
1770
1772
1773
1774
1777
1783
1787
1789
1793
1796
1802
1805
1808
1809
1811
1813
2096
1819
1820
1821
1823
1824
1827
1828
1832
1835
1838
1842
1843
1844
1849
1856
1859
1860
1861
1863
1864
8516
1865
1866
1868
1869
1871
1873
1874
1875
1877
1878
1882
1883
1884
1889
1891
1892
1895
1897
1902
1904
1905
1907
1909
1910
1911
1913
1917
1918
1920
1923
1924
1925
1927
1930
1931
1932
1933
1934
1935
1938
1939
1940
1942
1943
1944
1945
1947
1948
1949
1952
1955
1957
5668
1958
1959
1960
1963
1964
4281
1966
1967
1968
450
3978
3458
7933
1969
1974
1975
1976
4293
2678
1978
1979
1981
1982
1984
1985
1988
1989
1991
1992
1993
1994
1999
2012
2020
2021
2025
2030
2032
2036
2040
2041
2043
2044
2045
2052
2056
2057
2066
2067
2069
2074
2078
2080
2081
2082
2083
2086
2087
2088
2091
2092
2094
2095
2100
2103
2104
2112
2116
2117
2130
2143
2145
2147
2151
2156
2158
2159
2169
2170
2171
2184
2189
2191
2196
2198
2200
2204
2208
2209
2210
2213
2214
2215
2216
2218
2220
2221
2223
2224
2225
2227
3220
2234
2237
2238
2239
2240
2241
2242
2245
2247
2249
2250
2251
2252
2253
2254
2258
2263
2264
2266
2269
2270
2278
2280
2281
2282
2284
2288
2289
2290
2291
2293
2294
2298
2299
4204
2302
2303
2304
2493
2307
2308
2310
2313
2314
2315
2316
2320
2321
2324
2326
2331
2334
2347
2348
8214
2354
2356
2359
3649
5169
2361
2364
2368
2369
2373
2376
2378
2384
2386
2388
2391
2393
2394
2395
2396
2398
2406
3015
2409
2410
2411
2417
2421
2422
2431
2432
2446
2447
2448
2460
2462
2467
2473
2476
2478
2482
2483
2487
2499
2502
2505
5807
2509
2513
2514
2515
4117
2517
2519
2523
2526
2530
2535
2537
2538
2540
2544
2545
2549
2550
2551
2552
2553
2555
2556
2561
2564
2565
2566
2572
2573
2575
2576
2578
2580
2581
2582
2583
2585
2587
2593
2594
2597
2599
2604
2605
2606
2607
2608
2609
2610
2612
2615
2621
2627
2629
2630
3424
7639
6939
2631
2632
2633
2634
2635
2636
2637
2640
2642
2644
2651
2652
2653
2655
2659
2661
2691
2668
2673
2676
2677
2679
2681
2684
2685
2687
2692
2694
2698
2699
2701
2702
2713
2717
2718
2719
2720
2728
2731
2733
2736
2737
2738
2739
2740
2743
2745
2746
2747
2748
2755
2756
2758
2760
2762
2763
2764
2766
2783
2787
2788
2790
2791
2797
2807
2808
9436
2816
2818
2825
2833
2834
2841
2844
2847
2851
2853
2855
8760
2865
2869
2872
2873
2877
2878
2879
2885
2888
2890
2894
2896
2899
2902
8248
2907
2910
2912
2915
2916
8305
8902
2923
2924
2929
2930
2933
2934
2937
2941
2943
2944
2948
2950
2952
2953
2955
2956
2957
2958
2959
2960
2961
2962
2963
2964
2966
2967
2969
2971
2972
2977
2978
2979
2980
2981
2982
2983
2984
2985
2986
2987
2989
2992
2993
2994
2995
2996
2997
2998
2999
3000
3001
3002
3003
3006
3007
3008
3009
3010
3012
3013
3016
3017
3019
3021
3022
3023
3024
3025
3026
3029
3030
3031
3032
3034
3035
3036
3037
3038
3040
3041
3043
3044
3046
3049
3050
3051
3052
3053
3054
3055
3056
3058
3060
3061
3062
3064
3065
3066
3067
3070
3071
3072
3073
3075
3079
3080
3082
3083
3086
3823
3087
3088
3089
3091
3092
3093
3095
3098
3099
3100
3103
3104
3105
3106
3108
3109
3111
3116
3117
3118
3121
3123
3124
3126
3129
3131
3132
3133
3134
3135
3137
3138
3144
3145
3148
3152
3153
3155
3156
3158
3160
3161
3162
3165
3166
3167
3169
3170
3171
3172
3174
3176
3177
3178
11976
3179
3181
3182
3183
3184
3185
3186
3188
3189
3190
3192
3194
3195
6595
3196
3197
3199
3201
3202
3203
3204
3205
3207
3208
3209
3210
3211
3212
3213
3214
3215
3216
3218
3219
3221
3222
3225
3228
3229
3230
3231
3232
3235
3239
3240
3241
3242
3243
3244
3246
3249
3250
3253
3254
3255
3256
3258
3259
3260
3262
3263
3264
3266
3268
3270
3271
3273
3274
4335
3275
3277
3279
3280
3281
3282
3283
3284
3285
3286
3287
3288
3289
3290
3293
3294
3295
3296
3297
3300
3301
3303
3304
3305
3309
3311
3349
3316
3317
3319
3323
3325
3326
3327
3330
3331
3333
3334
3335
3336
3337
3338
3339
3340
3343
3345
3346
3347
3348
3350
3354
3355
3357
3358
3359
3361
3362
3364
3366
3367
7151
3368
3369
3370
3371
3374
3376
3379
3380
3382
3384
3389
3390
3391
3394
3399
3402
3404
3406
3410
3413
3415
3417
3418
3426
3428
3433
3437
3438
3439
3440
3441
3443
3444
3445
3446
3450
3454
3456
3457
3460
3462
3466
3468
3469
3470
3471
3472
3473
3476
3477
3478
3479
3481
3482
3483
3485
3489
3490
3491
3492
3494
3495
3497
3500
3501
3502
3503
3508
3510
3512
3513
3516
3517
9122
3518
3522
3528
3530
3531
3533
3536
3537
3538
3539
3540
3551
3552
8363
8364
3556
3557
3559
3560
3561
3562
3565
3568
3570
3578
3581
3589
3590
3593
3596
3599
3602
3604
3605
3613
3615
3616
3617
3619
3620
3621
3623
3628
3629
3634
3635
3636
3640
3642
3647
11615
3648
3932
3650
3652
3654
4155
3656
3659
3662
3664
3666
3670
3671
3672
3675
3676
3678
3679
3680
3681
3682
3683
3684
3686
3688
3690
3691
3692
3694
3695
3696
3697
3698
3699
3701
3863
3702
3703
3705
3706
3707
3708
3709
3711
3712
3713
3714
3717
3718
3719
3720
3721
3723
3724
3725
3727
3728
3731
3732
3736
3737
3740
3741
3745
3746
3747
3748
3751
3752
3753
3754
3755
3756
3757
3760
8672
3761
3763
3765
3766
3769
3770
3774
3775
3776
3778
3779
3781
3782
3783
3784
3785
3786
3792
3794
3795
3796
3801
3805
3807
3808
3809
3812
3813
3817
3818
3819
3822
3824
3826
3827
3830
3833
4425
3835
3837
3841
3850
3853
3855
3856
3859
3861
3866
3869
3873
3874
3876
3877
3878
3880
3881
3882
3883
3886
3893
3897
3898
3900
3901
3909
3964
3910
3915
3917
3918
10848
3919
3923
3929
3931
3933
3937
3938
3940
3941
3942
3948
3949
3954
3959
3960
3963
3970
3971
3974
3977
7569
3988
3989
3990
3991
3995
3996
3998
4000
4001
4005
4006
4013
4018
4021
4028
4029
4032
4034
4051
4344
4063
4064
4065
4067
4076
4079
4082
4084
4085
4086
4087
4089
4090
4092
4096
4098
4101
4102
4104
4106
4107
7647
4109
4111
4113
4116
4120
4121
4122
4128
4129
4131
4132
4136
4138
4143
5679
4144
4145
4146
4148
4149
4157
4158
4160
4162
4163
4166
4168
4170
4175
4176
4177
4178
4179
4949
4186
4191
4193
4194
8703
4198
4199
4207
4208
4209
4210
4212
4213
4214
4216
4217
4219
4221
4222
4223
4229
4230
4234
4240
4241
4242
5611
4246
4248
4249
4250
4251
4254
4258
4259
4260
4261
4262
4263
4265
4785
4266
4267
4268
4269
4271
4278
4284
4288
4291
4294
4299
4302
4304
4308
4313
4314
4316
4318
4320
4321
4322
4325
4326
4330
4331
4332
4333
4334
4339
4342
4343
4350
4351
4352
4357
4358
4364
4365
4366
4370
4371
4378
4380
4381
4382
4383
4385
4391
4395
4396
4397
4399
4401
4403
4404
4408
4409
4413
4415
4416
4417
4419
4423
4424
4431
4433
4434
4435
4437
4438
4439
4444
4445
8770
4446
8176
4447
4449
4708
4450
4451
4452
4453
4457
4459
4460
4461
4463
4464
4465
4470
4471
4473
4474
4476
4478
4479
4480
4481
4482
4484
4487
4489
4490
4491
4492
4494
4497
4500
4501
4502
4503
4504
4516
4519
4522
4524
4525
4528
4530
4533
4535
4537
4539
4543
4544
4545
4546
4547
4550
4551
4552
4553
4557
4558
4563
4564
11628
4565
4567
4570
4571
4572
4606
4573
4574
4576
4579
4581
4582
4585
4590
4596
4598
4600
4601
4605
4608
4609
4613
4614
4615
4616
4619
4622
4625
4626
4627
4630
4633
4634
4638
4642
4643
4646
4647
4649
4650
4655
4657
4658
4659
4660
4664
4666
4669
4672
4679
4683
4684
4686
4687
4688
4689
4690
4691
4692
4693
4695
4696
4698
4699
4701
4702
4711
4712
4714
4715
4718
4723
11567
4729
4730
4731
4732
4735
4736
4738
4739
4740
4742
4743
4744
4745
4748
4752
4754
4756
4757
4758
4766
4768
4769
4773
4778
4779
4780
4781
4788
4793
4794
4796
4797
4798
4799
4800
4804
4805
4807
4808
4811
4813
4815
4819
4820
4824
4825
4827
4828
4830
4831
4837
4842
4843
4845
4848
4855
4857
4863
4866
4868
4870
4873
9992
4877
4878
4879
4880
4881
4882
4884
4886
4888
4889
4891
4894
4895
4896
4897
4900
4905
4907
4909
4916
4917
4919
4920
4923
4925
4926
4927
4930
4938
4939
4940
4941
4942
4944
4945
4946
4947
4955
4956
4957
4960
4963
4965
4967
4969
4970
4974
4977
4979
4980
4981
4983
4984
4985
4987
4988
4990
4992
4994
4995
4996
4997
4998
4999
5000
5001
5002
5004
5006
5007
5008
5009
5011
5012
5014
5016
5020
5021
5022
5023
5024
5025
5026
5027
5032
5033
5037
5038
5041
5043
5045
5047
5049
5050
5051
5055
5061
5062
5064
5065
5066
5068
5069
5071
5074
5077
8339
5078
5080
5081
5082
5084
5085
5087
5088
5091
5095
5097
5100
5101
5102
5107
5110
5111
5113
5114
5118
5119
5125
5127
5131
5134
5135
5137
5138
5139
5140
5141
5147
6895
5151
5152
5153
5157
5159
5160
5162
5165
5168
5171
5174
5175
5178
5179
5181
5182
5183
5186
5192
5198
5199
5200
5202
5205
5206
5208
5211
5213
5217
5220
5221
5224
5225
5226
5227
5228
5229
5230
5233
5234
5236
5237
5240
5241
5242
5245
5247
5248
5249
5250
5251
5253
5255
5256
5257
7555
5261
5262
5263
5264
5266
5267
5268
5272
5276
5278
5279
5280
5281
5287
5298
5299
5300
5301
5303
5306
5307
5309
5310
5311
5312
5315
5316
5318
5319
7212
5321
5324
5331
5336
5340
5348
5349
5350
5352
5355
5359
5361
5364
5369
5373
5377
5381
5388
5399
5402
5404
5406
5407
5412
5413
5414
5416
5419
5422
5423
5425
5427
5431
5434
5436
5438
5439
5441
5444
5448
5453
5460
9352
9393
5463
5465
5467
5471
5476
5478
5479
5488
5493
5495
5498
5509
5513
5517
5521
5523
5526
5538
5540
5542
5544
5552
5558
5559
5566
5574
5575
5579
5583
5584
5586
5588
10067
5590
5591
5595
5598
5599
5601
5603
5605
5607
5610
5612
5615
5618
5620
5624
5625
5628
5629
5631
5632
5634
5635
5637
5644
5645
5646
5647
5649
5650
5651
5652
5659
5666
5669
5670
5673
5674
5677
5681
5687
5689
5691
5693
5694
5695
5697
5698
5699
5703
5712
5718
5719
5722
5730
5736
5739
5740
5741
5745
5751
5755
5756
5759
5762
5763
5764
5767
5768
5770
5779
5783
5785
5789
5790
5791
5793
5794
5797
5803
5804
5806
5809
5810
5813
5814
5816
5817
5819
5821
5828
5829
5830
5832
5835
5836
5837
5842
5843
5845
5846
5848
5850
5853
5861
5863
5868
5869
5870
5871
5875
5876
6752
5881
5883
5884
5886
5890
5894
5896
5899
5901
5907
5908
5910
5912
5915
5919
5921
5922
5923
5924
5925
5926
5930
5931
5933
5934
7250
5935
5936
5939
5940
5943
5944
5945
5947
5948
5950
5951
5952
5955
5960
5961
5962
5963
5965
5967
5971
5977
5978
5982
5986
5987
5991
5992
5996
5998
6005
6008
6009
6013
6015
6018
6022
6038
6040
6041
6042
6046
6050
6052
6054
6055
6056
6418
6057
6062
6063
6066
6069
6070
6072
6073
6075
6077
6078
6080
6081
6084
6085
6086
6087
6088
6090
6091
6092
6093
6095
6097
8910
6101
6106
6111
6113
6119
6121
6126
6127
6128
6129
6133
6134
6135
6138
6140
6141
6142
6143
6145
6146
6147
6148
6150
6153
6154
6156
6157
6163
6164
6165
6170
6175
6177
6178
6179
6182
6185
6186
6187
6188
6189
6196
6199
6203
6204
6206
6207
6658
6209
6210
6211
6214
6215
6217
6219
6221
6222
6223
6227
6228
6229
6236
6237
6246
6247
6248
6249
6250
6256
6259
6261
6262
6266
6267
6274
6293
6294
6298
6301
6304
6309
6320
6321
6325
6328
6332
6333
6334
6335
6345
6350
6353
6359
6360
6362
6364
6365
6368
6372
6377
6383
6385
6387
6390
6392
6393
6395
6401
6402
6404
6405
6407
6408
6409
6410
6413
6415
6419
6421
6423
6424
6427
6430
6432
6436
6447
6452
6453
6460
6463
6467
6472
6473
6478
6480
6487
6488
6491
6494
6496
6499
6501
6502
6503
6509
6510
6512
6514
6516
6517
6518
6520
6521
6525
6526
6527
6529
6533
6534
6536
6538
6543
6545
6547
6548
6549
6554
6555
6565
6567
6568
6570
6572
6573
6574
6575
6576
6577
6578
6579
6580
6581
6584
6586
6587
6590
6591
6592
6594
6596
6597
6600
6601
6602
6603
6604
6606
6608
6609
6612
6613
6617
6618
6619
6624
6626
6627
6628
6629
6630
6631
6632
6633
6634
6635
6636
6637
6638
6639
6640
6641
6642
6643
6644
6645
6646
6647
6649
6650
6652
6653
6654
6656
6660
6661
6662
6663
6664
6666
6667
6668
6669
6672
6674
6678
6680
6682
6683
6684
6685
6688
6689
6690
6691
6694
6697
8103
6699
6700
6703
6704
6708
6709
6710
6711
6715
6716
6719
6721
6722
6723
6725
6726
6727
6728
6729
6730
6731
6733
6735
6738
6739
6743
6753
6755
6759
6760
6764
6765
6768
6770
6771
6772
6773
6774
6775
6778
6779
6782
6783
6784
6785
6786
6787
6788
6790
6791
6792
6794
6795
6796
6797
6799
6800
6801
6802
6803
6804
6806
6807
6808
6809
6810
6812
6813
6814
6815
6817
6819
6822
6823
6825
6826
6828
6829
6831
6832
6833
6834
6836
6837
6838
6839
6840
6841
6842
6849
6850
6851
6852
6854
6858
6859
6860
6861
6862
6863
6864
6865
6866
6868
6869
6873
6874
6879
6880
6881
6885
6890
6892
6894
6896
6899
6902
6903
6904
6905
6908
6909
6913
6914
6916
6917
6918
6919
6920
6923
6927
6928
6930
6931
6932
6938
6942
6943
6944
6947
6948
6951
6953
6958
6966
6968
6969
6973
6975
6977
6981
6982
6983
6984
6994
6998
6999
7000
7002
7005
7007
7010
7014
7018
7023
7025
7027
7030
7034
7038
7039
7042
7046
7048
7049
7051
7055
7056
7062
7064
7065
7067
7068
7070
7076
7078
7082
7084
7085
7086
7087
7088
7089
7091
7094
7096
7097
7104
7107
7109
7117
10311
7121
7123
7124
7125
7126
7127
7128
7133
7135
7139
7140
7142
7143
7145
7146
7152
7154
7157
7158
7160
7161
7162
7163
7164
7166
7167
7169
7170
7173
7174
7176
7178
7179
7180
7182
7184
7186
7187
7188
7189
7190
7193
7195
7201
7203
7210
7211
7214
8180
7216
7217
7218
7219
7225
7226
7227
7230
7234
7236
7239
7241
7248
7251
7252
7253
7259
7262
7264
7265
7268
7269
7270
7271
7274
8252
7276
7277
7278
7279
7280
7284
7286
7288
7291
7294
7296
7299
7302
7308
7311
7314
7315
7316
7317
7318
7323
7325
7328
7330
7331
7337
7338
7339
7342
7343
7346
7347
9637
7349
7350
7353
7355
7356
7357
7358
7359
7363
7364
7365
7366
7367
7368
7369
7371
7372
7374
7375
7376
7378
7380
7381
7382
7383
7384
7385
7391
7396
7397
7398
7399
7401
7403
7404
7405
7406
7408
7411
7412
7413
7415
7417
7418
7419
7422
7425
7426
7427
7428
7429
7431
7432
7435
7436
7437
7440
7443
7447
7448
7450
7452
7455
7458
7461
7462
7463
7464
7466
7467
7468
7469
7470
7473
7475
7477
7479
7480
7481
7483
7484
7486
7487
7488
7491
7493
7494
7496
7499
7501
7506
7508
7509
7510
7511
7512
7515
7516
7519
7522
7523
7526
7530
7532
7535
7536
7537
7538
7540
7541
7544
7545
7546
7550
7554
7556
7559
7561
7562
7565
7567
7570
7572
7577
7580
7581
7582
7585
7586
7588
7591
7595
7597
7599
7600
7604
7605
7607
7609
7611
7620
7621
7622
7625
7629
7632
7633
7635
7637
7638
7642
7644
7645
7648
7649
7650
7654
7656
7657
7658
7660
7661
7662
7663
7664
7665
7666
7668
7669
7670
7672
9750
7673
7675
7676
7678
7680
7681
7683
7686
7687
7688
7689
7694
7695
7696
7697
7698
7702
7704
7706
7707
7708
7709
7710
7711
7713
7714
7715
7723
7727
7728
7730
7731
7732
7733
7734
7735
7736
7737
7739
7742
7745
7746
7747
7748
7749
7751
7752
7754
7756
7757
7758
7759
7760
7762
7763
7764
7766
7767
7770
7771
7773
7776
7777
7779
7780
7781
7785
7786
7787
7788
7789
7791
7792
7793
7794
7797
7798
7799
7801
7802
7803
7804
7805
7806
7808
7811
7812
7813
7814
7816
7817
7818
7820
7824
7827
7828
7829
7830
7835
7837
7838
7839
7841
7842
7843
7844
7845
7848
7850
7851
7853
7854
7855
7856
7857
7859
7862
7863
7864
7866
7867
7868
7870
7871
7873
7874
7875
7877
7878
7879
7881
7882
7884
7886
7887
7889
7890
7892
7894
7895
7897
7899
7901
7902
7903
7904
7905
7906
7907
7908
7910
7911
7912
7913
7914
7917
7919
7920
7921
7922
7925
7931
7934
7936
7937
7939
7941
7950
7952
7956
7957
7958
7959
7960
7961
7963
7965
7966
7969
7970
7971
7972
7975
7976
7978
7980
7981
7983
8525
7986
7987
7988
7991
7992
7993
7995
7996
7997
7998
8001
8002
8005
8007
8008
8009
8010
8013
8014
8015
8017
8019
8020
8021
8024
8025
8026
8028
8031
8032
8034
8035
8036
8037
8038
8039
8040
8042
8044
8049
8056
8058
8591
8063
8064
8066
8067
8068
8073
8074
8076
8077
8078
8080
8081
8082
8083
8084
8086
8087
8089
8090
8091
8092
8093
8094
8096
8097
8099
8100
8101
8102
8426
8104
8105
8107
8108
8109
8110
8111
8113
8114
8115
8117
8118
8119
8120
8121
8122
8123
8125
8126
8127
8128
8130
8132
8133
8134
8135
8136
8137
8139
8140
8142
8143
8147
8148
8149
8150
8151
8152
8153
8154
8157
8160
8162
8163
8165
8166
8167
8168
8169
8170
8171
8173
8175
8177
8178
8179
8181
8184
8185
8187
8191
8192
8196
8197
8198
8199
8200
8202
8203
8206
8207
8209
8210
8213
8217
8218
8220
8221
8222
8223
8224
8225
8227
8228
8230
8232
8233
8234
8235
8236
8238
8240
10740
8241
8242
8245
8246
8247
8249
8250
8251
8253
8254
8255
8256
8257
8259
8260
8261
8263
8265
8266
8267
8268
8269
8270
8271
8272
8273
8274
8275
8276
8277
8278
8279
8280
8283
8284
8285
8286
8289
8290
8291
8293
8294
8295
8296
8297
8298
8299
8300
8301
8302
8303
8307
8309
8310
8311
8312
8313
8315
8316
8317
8318
8319
8320
8433
8321
8322
8323
8324
8327
8328
8329
8330
8331
8332
8333
8334
8336
8337
8338
8341
8342
8343
8344
8345
8346
8347
8348
8349
8350
8352
8353
8357
8358
8360
8361
8362
8400
8662
8366
8367
8368
8369
8373
8374
8375
8376
8379
8381
8382
8384
8386
8388
8389
8390
8391
8392
8393
8395
9079
8398
8399
8401
8403
8404
8405
8406
8410
8412
8413
8414
8416
8417
8425
8427
8428
8429
8431
8434
8435
8436
8437
8444
8445
8448
8449
8451
8452
8453
8454
8457
8459
8460
8461
8462
8463
8466
8469
8470
8471
8472
8474
8475
8476
8478
8479
8482
8483
8484
8486
8487
8490
8491
8492
8494
8496
8498
8499
8500
8502
8503
8507
8508
8509
8510
8511
8513
8518
8519
8522
8523
8524
8526
8530
8531
8532
8533
8535
8536
8537
8539
8540
8541
8542
8543
8549
8550
8551
8555
8558
8559
8560
8564
8568
8569
8570
8571
8575
8576
8577
8582
8583
8585
8587
8588
8592
8593
8596
8598
8601
8602
8604
8605
8607
8608
8609
8610
8613
8614
8616
8617
8618
8619
8620
8621
8625
8626
8627
8629
8631
8632
8633
8638
8640
8642
8643
8644
8645
8646
8648
8651
8652
8653
8656
8658
8659
8663
8664
8665
8666
8667
8668
8671
8673
8674
8675
8677
8678
8680
8682
8683
8684
8685
8689
8690
8692
8694
8696
8697
8699
8705
8706
8707
8708
8710
8711
8713
8714
8715
8716
8718
8719
8720
8721
8722
8723
8725
8726
8727
8735
8736
8737
8739
8740
8741
8742
8745
8747
8748
8749
8751
8752
8753
8754
8757
8761
8762
8763
8764
8766
8767
8768
8772
8773
8774
8775
8776
8779
8780
8781
8782
8784
8785
8786
8787
8788
8789
8791
8792
8793
8795
8796
8797
8798
8799
8800
8801
8802
8803
8804
8805
8806
8807
8809
8810
8811
8812
8814
8815
8816
8817
8818
8819
8820
8822
8824
8825
8826
8829
8830
8831
8832
8833
8834
8835
8836
8837
8838
8839
8840
8841
8842
8843
8845
8846
8847
8848
8849
8850
8851
8852
8853
8854
8855
8856
8858
8859
8860
8862
8863
8864
8866
8869
8871
8872
8873
8874
10323
8875
8876
8879
8880
8881
8882
8883
8885
8886
8887
8888
8889
8890
8892
8893
8895
8896
8897
8901
8903
8904
8906
8908
8911
8912
8913
8914
8915
8916
8917
8918
8919
8921
8922
8923
8924
8925
8926
8927
8928
8932
8933
8934
8935
8936
8937
8938
8939
8942
8943
8944
8945
8946
8947
8948
8949
8950
8951
8952
8953
8957
8959
8960
8962
8963
8964
8965
8966
8968
8969
8970
8971
8972
8973
8976
8977
8978
8979
8980
8982
8984
8985
8986
8987
8988
8990
8994
8995
8997
8999
9001
9004
9005
9006
9009
9013
9015
9018
9019
9021
9022
9023
9025
9026
9027
9029
9030
9031
9032
9033
9034
9038
9040
9041
9043
9045
9049
9050
9051
9052
9054
9055
9058
9059
9060
9061
9063
9065
9066
9068
9069
9070
9071
9072
9074
9075
9076
9077
9078
9080
9081
9084
9085
9087
9088
9089
9091
9092
9094
9095
9096
9097
9098
9099
9100
9102
9103
9105
9107
9108
9109
9110
9111
9113
9114
9115
9116
9117
9119
9120
9121
9123
9126
9131
9132
9133
9134
9135
9136
9137
9139
9142
9143
9144
9145
9148
9149
9150
9152
9154
9155
9156
9157
9158
9160
9161
9162
9163
9164
9165
9168
9170
9172
9173
9174
9175
9179
9181
9182
9184
9186
9188
9192
9193
9194
9195
9196
9197
9198
9201
9202
9204
9207
9211
9212
9213
9217
9218
9224
9227
9228
9230
9231
9232
9234
9235
9241
9243
9244
9246
9248
9249
9252
9253
9258
9259
9260
9261
9262
9264
9267
9268
9274
9278
9279
9282
9283
9284
9286
9290
9291
9292
9293
9294
9295
9296
9297
9298
9299
9300
9303
9438
9306
9308
9309
9310
9311
9314
9317
9319
9322
9323
9325
9326
9327
9328
9329
9331
9332
9334
9335
9337
9341
9343
9344
9345
9348
9350
9353
9355
9356
9357
9359
9360
9361
9362
9363
9365
9366
9368
9372
9373
9374
9375
9376
9377
9379
9385
9392
9394
9396
9398
9399
9400
9401
9402
9403
9404
9405
9406
9407
9408
9414
9415
9416
9417
9420
9421
9422
9424
9425
9426
9427
9428
9429
9430
9431
9432
9435
9437
9439
9440
9441
9442
9444
9449
9450
9451
9452
9454
9455
9456
9459
9460
9461
9462
9463
9465
9468
9469
9472
9474
9477
9480
9481
9482
9483
9484
9485
9486
9487
9488
9494
9495
9496
9497
9498
9501
9503
9504
9505
9506
9508
9510
9512
9516
9517
9520
9522
9525
9528
9529
9531
9532
9533
9534
9535
9537
9539
9540
9543
9544
9545
9547
9549
9550
9551
9552
9554
9555
9556
9557
9558
9559
9562
9564
9565
9566
9567
9568
9569
9570
9574
9576
9577
9578
9579
9581
9586
9587
9588
9590
9593
9594
9595
9596
9598
9602
9604
9606
9607
9608
9611
9612
9615
9617
9618
9622
9623
9625
9626
9627
9628
9631
9632
9634
9635
9638
9640
9641
9642
9643
9644
9645
9646
9647
9649
9651
9653
9654
9655
9656
9657
9659
9663
9665
9666
9667
9668
9669
9670
9672
9673
9674
9676
9677
9679
9680
9682
9684
9685
9687
9689
9691
9692
9693
9694
9696
9697
9698
9699
9702
9703
9704
9705
9706
9709
9710
9712
9716
9718
9719
9720
9721
9723
9724
9726
9727
9728
9729
9730
9732
9733
9734
9735
9736
9738
9739
9740
9742
9743
9744
9745
9746
9747
9748
9751
9753
9755
9756
9758
9760
9761
9762
9763
9764
9765
9766
9769
9770
9771
9773
9775
9776
9777
9779
9780
9783
9786
9787
9789
9791
9792
9793
9794
9796
9797
9798
9799
9800
9802
9803
9804
9805
9806
9808
9809
9811
9812
9813
9814
9815
9816
9818
9820
9821
9824
9825
9827
9828
9829
9830
9832
9833
9836
9837
9838
9839
9843
9844
9845
9846
9847
9848
9850
9852
9853
9854
9855
9857
9858
9860
9861
9862
9864
9866
9867
9868
9869
9871
9872
9875
9876
9877
9878
9880
9881
9882
9883
9885
9886
9888
9889
9890
9891
9896
9898
9899
9901
9902
9903
9904
9905
9906
9907
9908
9913
9915
9918
9919
9920
9921
9922
9923
9924
9925
9926
9927
9928
9929
9930
9933
9935
9937
9939
9942
9945
9946
9948
9949
9950
9951
9953
9954
9955
9956
9957
9959
9960
9961
9963
9966
9967
9970
9973
9974
9975
9978
9981
9982
9983
9985
9986
9987
9989
9990
9991
9994
9995
9996
9999
10000
10001
10004
10005
10006
10007
10010
10011
10012
10013
10014
10015
10017
10018
10020
10021
10023
10024
10025
10026
10027
10028
10030
10031
10032
10033
10034
10035
10038
10039
10040
10041
10043
10044
10045
10046
10047
10048
10049
10051
10052
10053
10054
10055
10057
10058
10061
10062
10064
10065
10066
10069
10070
10071
10073
10075
10077
10078
10080
10082
10083
10085
10086
10087
10088
10089
10090
10092
10093
10098
10099
10100
10101
10102
10103
10104
10106
10107
10108
10109
10111
10112
10113
10114
10115
10117
10118
10123
10124
10126
10127
10129
10130
10133
10134
10135
10136
10137
10138
10139
10141
10142
10143
10144
10145
10147
10148
10150
10151
10153
10154
10155
10158
10162
10163
10165
10166
10167
10168
10170
10171
10172
10173
10174
10175
10176
10178
10179
10181
10184
10187
10188
10190
10191
10192
10195
10196
10198
10199
10202
10204
10205
10207
10208
10209
10210
10211
10212
10213
10214
10215
10216
10218
10219
10221
10224
10228
10230
10234
10236
10237
10240
10244
10245
10246
10248
10249
10250
10251
10254
10255
10258
10259
10262
10267
10268
10269
10271
10272
10276
10277
10278
10279
10280
10281
10283
10286
10287
10289
10290
10291
10292
10294
10296
10297
10298
10300
10302
10306
10307
10310
10312
10313
10314
10315
10317
10319
10320
10322
10325
10326
10329
10332
10334
10335
10336
10338
10340
10341
10342
10343
10348
10349
10351
10352
10353
10354
10357
10358
10359
10360
10361
10365
10367
10368
10369
10370
10371
10372
10374
10376
10377
10380
10381
10382
10383
10386
10387
10388
10391
10393
10394
10395
10396
10397
10399
10400
10401
10402
10403
10409
10410
10411
10412
10414
10419
10420
10422
10428
10430
10431
10432
10434
10436
10437
10438
10439
10441
10443
10444
10445
10446
10448
10451
10456
10457
10459
10460
10462
10464
10466
10468
10470
10471
10476
10477
10478
10479
10480
10482
10483
10487
10488
10490
10498
10501
10502
10507
10509
10512
10513
10516
10517
10518
10519
10520
10528
10529
10530
10531
10533
10534
10536
10537
10539
10540
10542
10544
10550
10553
10554
10556
10558
10563
10564
10565
10566
10568
10570
10571
10575
10577
10584
10585
10587
10588
10590
10592
10593
10595
10599
10604
10605
10608
10611
10612
10614
10618
10621
10623
10624
10627
10630
10631
10632
10635
10638
10643
10644
10645
10658
10661
10664
10668
10669
10670
10671
10674
10677
10681
10682
10686
10688
10690
10691
10693
10696
10698
10701
10702
10703
10705
10708
10712
10713
10714
10715
10724
10726
10728
10730
10731
10735
10736
10737
10738
10742
10743
10744
10745
10747
10748
10749
10750
10751
10752
10753
10754
10755
10756
10757
10758
10759
10762
10763
10764
10765
10766
10767
10768
10773
10775
10778
10779
10781
10782
10783
10785
10786
10788
10792
10793
10795
10799
10800
10801
10804
10805
10807
10808
10810
10811
10812
10813
10818
10819
10820
10822
10823
10824
10825
10827
10828
10829
10830
10831
10833
10834
10835
10836
10838
10839
10842
10843
10844
10845
10846
10847
10849
10850
10851
10853
10855
10856
10858
10859
10860
10862
10863
10865
10866
10869
10873
10874
10875
10876
10878
10879
10881
10882
10883
10884
10887
10888
10889
10891
10893
10895
10897
10899
10900
10901
10902
10903
10904
10905
10906
10907
10910
10919
10923
10926
10933
10936
10939
10941
10944
10948
10950
10952
10965
10973
10979
10982
10985
11011
11012
11014
11015
11017
11018
11020
11021
11022
11024
11028
11029
11031
11041
11045
11496
11047
11049
11050
11051
11052
11053
11054
11057
11058
11061
11064
11066
11068
11070
11071
11073
11074
11076
11077
11078
11080
11081
11084
11085
11086
11089
11091
11094
11095
11098
11101
11102
11103
11104
11105
11106
11111
11112
11113
11115
11118
11122
11123
11124
11126
11128
11129
11130
11131
11132
11134
11135
11140
11141
11144
11152
11153
11156
11157
11159
11162
11164
11165
11166
11167
11168
11170
11172
11180
11187
11191
11192
11194
11204
11207
11208
11212
11213
11215
11216
11219
11221
11223
11224
11225
11227
11228
11229
11231
11232
11236
11238
11240
11241
11242
11243
11245
11246
11250
11253
11254
11260
11261
11262
11268
11270
11276
11277
11280
11281
11283
11288
11293
11297
11300
11303
11304
11305
11311
11314
11317
11322
11327
11328
11330
11333
11334
11337
11339
11342
11343
11345
11347
11349
11350
11353
11356
11357
11358
11361
11362
11365
11366
11368
11369
11370
11371
11375
11376
11379
11380
11381
11382
11383
11384
11386
11388
11390
11392
11393
11394
11397
11398
11400
11401
11403
11404
11406
11408
11409
11412
11413
11414
11415
11416
11417
11418
11419
11421
11426
11429
11432
11434
11435
11436
11438
11443
11444
11445
11446
11447
11449
11450
11452
11457
11461
11462
11463
11464
11465
11472
11473
11475
11479
11480
11481
11484
11486
11487
11488
11489
11490
11491
11492
11493
11494
11495
11502
11503
11505
11506
11507
11508
11509
11511
11512
11516
11518
11519
11521
11523
11525
11528
11530
11531
11533
11534
11535
11536
11537
11538
11547
11549
11550
11553
11554
11555
11557
11558
11561
11563
11565
11566
11568
11569
11570
11571
11572
11573
11574
11577
11578
11579
11580
11581
11583
11585
11586
11587
11589
11591
11592
11595
11596
11597
11599
11600
11603
11604
11605
11607
11609
11610
11611
11612
11613
11617
11618
11619
11620
11621
11623
11626
11629
11630
11631
11632
11634
11635
11636
11638
11639
11644
11646
11647
11648
11649
11653
11654
11655
11656
11658
11659
11660
11662
11663
11665
11667
11668
11670
11671
11673
11676
11677
11678
11680
11681
11683
11684
11685
11686
11687
11688
11691
11692
11693
11694
11695
11697
11698
11699
11701
11702
11703
11705
11707
11709
11710
11711
11712
11716
11718
11719
11720
11721
11722
11725
11726
11727
11728
11729
11730
11731
11734
11735
11736
11737
11738
11739
11746
11747
11748
11761
11767
11768
11769
11770
11772
11775
11776
11778
11781
11784
11787
11788
11789
11791
11792
11794
11795
11796
11797
11799
11800
11801
11804
11807
11809
11810
11817
11819
11821
11824
11825
11826
11828
11834
11838
11840
11842
11843
11845
11846
11847
11849
11853
11854
11858
11860
11864
11865
11867
11868
11872
11875
11876
11877
11878
11880
11883
11884
11885
11887
11888
11889
11890
11891
11892
11893
11894
11895
11897
11898
11899
11900
11901
11902
11903
11904
11905
11906
11908
11909
11910
11911
11913
11914
11915
11916
11917
11919
11920
11921
11923
11925
11926
11927
11928
11930
11931
11932
11934
11935
11938
11939
11940
11942
11943
11944
11945
11947
11948
11950
11951
11952
11954
11955
11957
11960
11962
11964
11966
11967
11969
11970
11972
11973
11974
11977
11978
11979
11980
11981
11982
11983
11984
11985
11986
11987
11989
11990
11991
11994
11996
11997
11999
12000
12001
12002
12004
12005
12007
12010
12011
12013
12014
12018
12019
12020
12024
12025
12026
12030
12032
12033
12035
12037
12039
12040
12050
12053
12054
12056
12060
12066
12071
12076
12078
12079
12082
12083
12086
12090
12092
12093
12097
12099
12100
12102
12104
12106
12111
12112
12113
12114
12119
12120
12121
12122
12123
12126
12127
12129
12130
12131
12132
12133
12134
12136
12137
12138
12139
12140
12151
12152
12153
12155
12157
12158
12160
12161
12164
12168
12170
12172
12173
12174
12179
12180
12181
12182
12184
12185
12189
12190
12192
12197
12199
12200
12202
12208
12209
12211
12213
12214
12215
12216
12217
12218
12221
12222
12225
12228
12229
12231
12232
12233
12234
12235
12236
12237
12244
12245
12246
12247
12249
12250
12252
12254
12256
12258
12259
12260
12261
12263
12265
12266
12269
12270
12274
12275
12276
12278
12280
12281
12283
12284
12295
12296
12298
12300
12301
12302
12304
12305
