0
10
1
2
3
4
5
25
26
29
6
11
12
13
15
16
17
18
878
19
21
23
24
418
30
178
31
32
33
34
35
36
37
38
39
40
44
41
45
47
101
48
51
52
54
55
56
58
59
61
64
65
66
67
68
241
69
70
71
72
73
74
75
76
77
344
249
78
1258
79
80
82
83
84
102
87
88
89
93
181
98
99
100
103
104
105
106
1026
159
107
114
115
310
117
118
124
128
132
133
134
136
138
139
140
141
143
152
153
155
156
157
163
170
171
173
174
177
185
1061
711
180
186
189
190
192
193
194
195
196
209
198
201
202
1002
206
207
208
210
211
212
213
216
217
219
220
414
222
553
223
225
228
231
232
850
233
234
235
236
239
240
242
2133
243
246
288
302
826
248
255
256
257
258
264
274
275
276
277
282
287
290
291
292
308
293
294
295
296
299
300
304
306
307
309
313
314
315
316
317
318
446
323
324
325
326
327
328
330
333
755
335
337
339
340
341
342
859
345
346
350
409
459
358
372
373
381
396
398
403
405
406
415
646
620
417
2145
2198
742
436
426
431
432
434
440
444
445
447
458
468
484
487
489
492
505
506
507
513
521
523
534
537
604
544
546
552
554
559
570
571
572
573
574
575
576
581
583
584
1237
588
589
1051
591
592
593
597
605
609
610
613
614
630
638
639
640
641
905
1787
648
651
653
657
659
660
665
669
670
671
672
676
677
1065
678
679
682
684
685
689
690
691
698
706
710
714
716
717
723
724
725
727
732
736
737
738
760
741
743
744
745
746
748
751
2187
757
763
764
765
769
776
782
789
790
793
814
816
819
820
822
824
828
830
833
839
848
851
853
854
855
856
857
1462
858
861
863
865
866
867
1869
870
871
872
885
886
889
890
891
892
894
896
898
899
901
902
909
910
911
1102
923
926
928
930
931
937
938
940
944
948
949
950
956
959
2398
963
964
966
967
1108
974
978
983
989
1001
1003
1004
1013
1014
1222
1311
1019
1027
1032
1036
1037
1040
1044
1047
1048
1050
1057
1058
1059
1060
1062
1063
1064
1066
1067
1070
1072
1121
1074
1075
1076
1077
1083
1087
1096
1097
1099
1103
1104
1115
1116
1120
1127
1148
1151
1157
1158
1161
1164
1165
1168
1170
1172
1177
1178
1180
1184
1186
1189
1191
1192
1196
1197
1198
1200
1201
1203
1204
1205
1210
1211
1212
1213
1214
1215
1216
1217
1219
1220
1221
1223
1228
1231
1234
1235
1236
2031
1238
1239
1240
1242
1243
1244
1247
1250
1251
1252
1256
1257
1259
1261
1262
1263
1265
1267
1270
1273
1274
1277
1278
1279
1280
1282
1284
1285
1286
1287
1288
1290
1292
1297
1298
1300
1301
1303
1304
1306
1308
1309
1377
1310
1313
1318
1319
1321
1796
1322
1323
1325
1326
1327
1328
1329
1330
1333
1334
1335
1336
1337
1338
1339
1341
1342
1343
1344
1345
1346
1348
1350
1351
1353
1354
1359
1360
1361
2339
1362
1364
1365
1366
1370
1372
1373
1375
1376
1379
1380
1382
1384
1389
1390
1391
1397
1399
1401
1402
1403
1408
1411
1412
1414
1415
1417
1418
1420
1421
1423
1425
1428
1427
1429
1440
1621
1441
1442
1444
1445
2248
1453
1454
1455
1456
1458
2002
1463
1466
1468
1471
1472
1473
1476
1745
1481
1482
1483
1484
1485
1487
1488
1489
1490
1493
1496
1499
1501
1502
1503
1504
1505
1506
1508
1510
1514
1515
1516
1518
1520
1521
1522
1523
1525
1527
1528
1529
1531
1532
2208
1533
1536
1537
1539
1541
1543
1545
973
1549
1550
1552
1555
1556
1557
1561
1564
1566
1570
1575
1576
1577
1939
1580
1581
1583
1584
1585
1586
1587
1588
1589
1593
1595
1596
1597
1598
1599
1602
1603
1889
1608
1610
1612
1615
1617
1618
1620
1626
1628
1630
1636
1637
1639
1640
1643
1645
1647
1649
1656
1658
1659
1660
1661
1663
1666
1667
1670
1674
1676
1681
1683
1685
1687
1689
1690
1692
1693
1694
1697
1699
1703
1704
1706
1711
1712
1714
1717
1722
1725
1727
1728
1729
1730
1734
1735
1736
1739
1743
1744
1747
1748
1749
1750
1751
1752
1753
1755
1756
1757
1758
1760
1763
1764
1767
1768
1770
1772
1773
1775
1776
1777
1995
1782
1784
1785
1786
1789
1790
1792
1795
1800
1801
1803
1804
1806
1807
1808
1811
1813
1814
1815
1818
1820
1821
1822
1823
1824
1829
1831
1832
1835
1836
1837
1839
1840
1841
1843
1844
1846
1849
1850
1852
1853
1856
1857
1858
1859
1860
1861
1862
1863
1865
1866
1867
1868
2469
1981
1870
1871
1872
1874
1875
1876
1877
1878
1879
1880
1881
1882
1884
1885
1888
1891
1892
2149
1893
1895
1896
1897
1898
1899
1901
1902
1903
1904
1905
1906
1907
1908
1910
1911
1913
1914
1915
1916
1917
1918
1919
1920
1921
1922
1924
1925
1926
1934
1936
1937
1940
1941
1943
1945
1946
1948
1949
1950
1953
1962
1963
1964
1966
1967
1970
1972
1973
1975
1976
1977
1980
1982
1984
1986
1987
1988
1992
1994
1997
1998
1999
2000
2330
2005
2006
2008
2009
2010
2014
2016
2018
2021
2022
2023
2025
2027
2029
2030
2033
2035
2036
2038
2039
2064
2041
2046
2047
2048
2050
2051
2054
2056
2057
2060
2061
2062
2063
2071
2073
2075
2077
2081
2087
2092
2093
2097
2099
2100
2101
2103
2105
2107
2108
2113
2117
2119
2120
2123
2127
2128
2129
2130
2132
2135
2136
2137
2138
2140
2141
2144
2148
2150
2151
2153
2155
2158
2159
2161
2345
2164
2165
2166
2168
2169
2174
2181
2176
2178
2179
2185
2186
2190
2193
2196
2197
2202
2207
2209
2210
2213
2215
2217
2218
2219
2220
2222
2224
2226
2228
2229
2232
2230
2377
2231
2235
2236
2239
2240
2241
2245
2246
2247
2257
2249
2251
2252
2253
2255
2256
2299
2263
2264
2265
2268
2269
2271
2272
2274
2277
2278
2280
2281
2282
2285
2286
2289
2290
2291
2292
2294
2295
2298
2300
2303
2304
2306
2307
2309
2310
2312
2313
2316
2317
2320
2321
2322
2324
2326
2327
2328
2329
2331
2332
2333
2334
2335
2336
2337
2338
2340
2343
2344
2346
2348
2349
2350
2353
2354
2355
2356
2357
2358
2359
2360
2363
2364
2366
2368
2371
2372
2373
2374
2375
2376
2378
2379
2380
2382
2383
2385
2386
2388
2390
2391
2393
2394
2395
2396
2397
2400
2401
2407
2408
2410
2411
2414
2415
2416
2417
2418
2420
2421
2422
2423
2424
2425
2426
2427
2428
2429
2430
2431
2432
2434
2436
2437
2440
2443
2444
2445
2447
2448
2449
2450
2453
2456
2457
2459
2460
2462
2463
2464
2465
2466
2467
2470
2471
2472
2473
2476
2477
2478
2479
2480
2482
2484
2485
2486
2487
2490
2491
2492
2493
2495
2498
2499
2500
2502
2503
2505
2506
2508
2509
2512
2513
2514
2515
2517
2518
2519
2520
2521
2522
2525
2527
2528
2529
2532
2776
2533
2534
2536
2540
2541
2543
2544
2549
2552
2553
2554
2555
2556
2558
2559
2560
2563
2564
2569
2570
2571
2573
2574
2576
2577
2578
2579
2581
2583
2584
2585
2587
2589
2592
2593
2596
2597
2601
2604
2605
2606
840
2608
2614
2616
2626
2627
2628
2630
2632
2633
2634
2635
2637
2638
2639
2642
2643
2645
2646
2649
2650
2651
2652
2653
2655
2656
2657
2659
2661
2662
2663
2665
2666
2668
2670
2674
2677
2678
2679
2680
2683
2684
2685
2686
2687
2688
2689
2690
2692
2693
2694
2697
2699
2701
2702
2703
2706
2707
2708
2709
2710
2712
2714
2715
2716
2717
2718
2719
2720
2722
2723
2724
2725
2726
2727
2728
2732
2734
2735
2736
2737
2738
2741
2742
2743
2745
2747
2748
2749
2751
2752
2756
2759
2762
2764
2765
2766
2767
2769
2770
2772
2773
2774
2775
2777
2779
2781
2787
2788
2790
2791
2800
2802
2803
2804
2805
2806
2807
2808
2810
2813
2814
2816
2817
2819
2820
2823
2824
2825
2826
2827
2829
