12
5
6
2921
2539
14
15
18
19
20
21
31
23
34
48
49
2011
50
54
58
59
63
85
86
954
482
1687
90
95
541
108
126
117
118
121
125
128
129
130
499
500
133
134
1378
142
143
162
163
164
181
182
198
200
206
214
216
217
218
235
231
247
219
223
224
227
230
236
238
239
241
242
1244
248
250
253
255
256
263
268
272
280
286
287
288
289
290
292
788
3309
2335
295
296
298
302
303
304
305
880
2590
306
308
311
314
316
319
320
1709
325
329
331
654
342
344
346
348
355
361
363
365
367
371
373
380
382
384
386
391
397
398
1625
403
5052
4788
3005
411
414
417
423
425
430
431
432
435
436
3476
440
442
998
1767
443
446
458
465
473
483
486
3933
1879
489
490
496
498
3733
504
534
505
511
513
518
519
524
525
530
538
540
545
546
547
550
551
559
560
561
565
567
568
569
573
574
575
577
578
580
583
586
588
743
590
594
599
605
618
629
1272
632
633
642
649
656
666
671
674
676
677
681
683
687
694
696
699
700
701
702
712
713
715
716
717
4611
725
726
737
740
742
746
748
749
750
2329
761
766
768
772
774
775
780
787
792
794
801
811
817
818
3525
819
820
822
825
826
827
828
829
830
835
842
844
848
849
850
854
856
857
859
867
868
871
862
874
879
883
886
887
891
894
897
898
899
913
914
1375
1255
916
918
919
920
928
930
932
937
938
1111
945
946
950
951
952
953
956
957
959
966
967
968
970
971
972
973
974
975
976
977
979
980
981
984
987
989
990
991
992
993
997
999
1000
1001
1747
1002
1010
1011
1012
1020
1015
1016
1040
1017
1018
1019
1022
1025
1033
1037
1041
1043
1052
1058
1059
1061
1062
1063
2836
1064
1065
1068
1069
1070
1071
1074
1076
1080
1082
1087
1089
1090
1091
1092
1100
1101
1102
1107
1109
1110
1113
1115
1116
1117
1118
1119
1125
1128
1129
1133
1136
1141
1143
1144
1148
1149
1151
1155
1156
1160
1161
1165
1166
1168
1172
1173
1175
1176
1177
1178
1182
1184
1185
1186
1188
1189
1194
1198
2563
1199
1473
1201
1204
1205
1706
1207
1210
1219
1220
1221
1223
1225
1228
1231
1239
1241
1242
3883
1248
1253
2387
1430
1258
2442
4132
2426
1259
1262
1267
1268
1271
1277
1284
1294
1300
1306
1308
1313
1314
1316
1317
1321
1326
1328
1334
1335
1344
1336
1343
1346
1349
1350
1357
1358
2326
2314
1361
1363
1366
1367
1526
1371
1373
1376
1377
1380
1382
1383
1384
1387
1389
1390
1392
1393
1394
1395
3839
1396
1398
1401
1402
1403
1404
1419
1423
1424
1426
1428
1432
1434
1435
1436
1437
1442
1443
1445
1447
1448
1449
1450
1452
1453
1454
1456
1457
5117
1458
1459
1460
1461
1463
1464
1465
1466
1468
1470
1472
1475
1476
1477
1478
1481
1483
1484
1486
1488
1492
1493
1494
1495
1496
1498
1499
1500
1502
1503
1504
1505
1510
1513
1514
1517
1521
1525
1530
1535
1549
1537
1540
1541
1542
1544
1548
2839
1550
1551
1554
1559
1560
1562
1563
1566
1567
1568
1569
1570
1571
1573
1574
1575
1576
1577
1579
3321
1580
1582
1583
1585
1587
1588
1589
1590
1592
1593
1594
1595
1600
1601
1603
1604
1607
1610
1613
1617
1620
1622
1624
1626
1629
1630
1636
1637
1638
1639
1641
1644
1645
1651
1657
4772
1662
1664
1667
1686
1689
1690
1691
1692
1693
1695
1698
1708
1710
1713
1714
1716
1718
1722
1728
1731
1732
1733
1735
1736
1737
1738
1740
1741
1743
2973
1745
1746
1748
1749
1760
1769
1770
1771
1772
1773
1775
1776
1777
1780
1781
1782
1783
1784
1785
1786
1787
1788
1789
3337
1790
1792
1794
1795
1797
1798
1799
1800
1801
1802
1803
1806
1807
1810
1811
1812
1813
1814
1815
1816
1817
1818
1819
1820
1821
1822
1823
1824
1825
1826
1827
1828
1830
1831
1832
1833
1834
1835
1836
1837
1841
1842
1843
1844
1845
1846
1848
1850
1852
1853
1854
1857
1858
1859
1860
1863
1864
1865
1866
1867
1868
1870
1871
1872
1877
1878
1880
1884
1885
1886
1888
1889
3123
1890
1891
1894
1895
1897
1899
1901
1903
1904
1906
1907
1908
1914
1920
1921
1923
1926
1927
1929
1930
1932
1933
2613
1937
1939
1942
1946
1948
1949
1950
1951
1953
1957
1958
1959
1960
1961
1964
2259
1965
1966
1968
1970
1972
1973
1974
1981
1994
1995
1998
2000
2002
2003
2007
2015
2024
2026
2031
2032
2037
2040
2044
2049
2050
2051
2053
2054
2055
2056
2057
2059
2061
2063
2066
2067
2068
2071
2073
2076
2077
2079
2080
2082
2083
2084
2085
2086
2087
2088
2089
2090
2091
2093
2095
2096
2098
2102
2106
2107
2108
2112
2113
2114
2116
2117
2118
2120
2121
2122
2123
2129
2133
2134
2143
2146
2147
2149
2152
2157
2162
2163
2166
2168
2171
2178
2179
2182
2183
2185
2188
2191
2193
2196
2197
2198
2199
2202
2203
2204
2205
2206
2209
2210
2213
2214
2220
2221
2222
2227
2228
2230
2231
2232
2237
2238
2241
2244
2245
2250
2251
2253
2256
2257
2261
2262
2264
2265
2267
2268
2269
2271
2272
2276
2277
2278
2280
2345
2282
2283
2285
2287
2288
2291
2295
2298
2300
2301
2303
2304
2307
2308
2309
2311
2318
2320
2325
2327
2328
2458
2331
2332
2333
2334
2340
2341
2342
2343
2344
4073
4567
2347
2348
2349
2350
2351
2355
2356
2358
2359
2360
2362
2363
2364
2365
2371
2372
2377
2378
2382
2383
2384
2385
2386
2389
2392
2394
2395
2396
2397
2398
2402
2406
2409
2410
2413
2414
2415
2416
3479
2418
2420
2422
2423
2424
2425
2427
2428
2430
2432
2433
2435
2436
2439
2440
2441
2501
2471
2453
2487
2443
2444
2445
2446
2448
2450
2452
2456
2460
2463
2465
2469
2466
2467
2474
2475
2479
2480
2482
2489
2491
2934
2492
2496
2500
2502
2503
2504
2506
2508
2509
2510
2511
2514
2515
2518
2519
2521
2522
2523
2526
2527
2528
2529
2531
2532
2533
2534
2536
2537
2538
2541
2542
2543
2544
2545
2546
2547
2548
2549
2550
2551
2552
2553
2555
2556
2557
2558
2559
2561
2562
2564
2565
2567
2568
2570
2571
2578
2579
2580
2581
2584
2588
2589
2591
2592
2593
2596
2597
2598
2599
2601
2603
2604
2606
2607
2617
2618
2619
2620
2621
2623
2624
2628
2629
2630
2634
2635
2636
2637
2639
2640
2642
2644
2646
2647
2651
2653
2656
2660
2665
2667
2668
2669
2670
2673
2674
2675
2677
2678
2681
2684
2688
2689
2690
2691
2693
2696
2697
2698
2699
2700
2702
2704
2707
2709
2710
2712
2713
2714
2716
2719
2720
2721
2722
2723
2724
2726
2727
2728
2729
2730
2731
2732
2734
2735
2737
2738
2739
2740
2742
2743
2744
2745
2746
2747
2748
2749
2751
2752
2755
2757
2758
2759
2760
2761
2762
2763
2764
2765
2766
2769
2771
2772
2774
2775
2776
2777
2778
2779
2781
2782
2786
2787
2789
2791
2792
2794
2795
2796
2797
2798
2799
2800
2801
2802
2803
2805
2806
2807
2808
2809
2810
2811
2812
2813
2814
2816
2817
2818
2819
2822
2823
2824
2825
2826
2827
2828
2829
2831
2833
2834
2835
2837
2841
2844
2845
2846
2849
2851
2853
2855
2858
2859
2860
2861
2863
2864
2865
2866
2867
2868
2869
2870
2872
2873
2874
2876
2877
2878
2880
2881
2882
2883
2884
2888
2889
2891
2892
2894
2895
2897
2898
2899
2900
2901
2903
2904
2906
2908
2909
2910
2911
2912
2915
2917
2918
2920
2922
2923
2924
2925
2927
2929
2930
2931
2933
2935
2936
2937
2938
2939
2940
2941
2942
2943
2944
2946
2947
2948
2949
2950
2952
2956
2957
2958
2960
2963
2965
2967
2969
2970
2971
2972
2978
2979
2984
2988
2989
2990
2991
2992
2996
2997
2998
2999
3000
3002
3003
3004
5057
3006
3007
3009
3010
3012
3013
3015
3016
3018
3019
3020
3021
3022
3023
3024
3025
3026
3027
3028
3031
3032
3035
3036
3038
3039
3040
3041
3042
3044
3045
3047
3048
3049
3050
3052
3053
3055
3056
3057
3059
3060
3063
3065
3066
3067
3070
3073
3075
3076
3079
3082
3084
3089
3090
3095
3096
3097
3098
3102
3103
3104
3105
3109
3110
3113
3114
3116
3117
3120
3121
3122
3124
3125
3127
3128
3130
3134
3135
3136
3138
3139
3140
3142
3143
3144
3145
3146
3147
3148
3149
3151
3152
3155
3158
3159
3160
3161
3163
3164
3166
3167
3168
3169
3170
3173
3174
3175
3176
3178
3182
3185
3186
3188
3190
3191
3197
3198
3199
3204
3206
3207
3209
3210
3216
3220
3225
3226
3228
3230
3236
3238
3242
3244
3245
3249
3250
3251
3252
3261
3262
3268
3269
3271
3272
3273
3283
3289
3294
3297
3300
3301
3302
3306
3308
3311
3312
3313
3314
3315
3316
3318
3327
3328
3329
3331
3332
3333
3336
3785
3338
3339
3341
3345
3346
3347
3349
3354
3355
3356
3357
3358
3359
3360
3361
3363
3364
3368
3369
3370
3371
3373
3376
3380
3381
3386
3387
3394
3396
3402
3404
3407
3408
3415
3417
3429
3430
3431
3432
3434
3446
3447
3463
3470
3471
3473
3477
3478
3480
3482
3485
3489
3494
3495
3498
3500
3504
3507
3511
3513
3517
3521
3526
3531
3532
3536
3539
3541
3542
3543
3545
3546
3549
3558
3559
3561
3564
3565
3566
3569
3570
3573
3574
3576
3578
3586
3591
3596
3597
3599
3603
3605
3606
3611
3617
3619
3634
3640
3641
3642
3647
3649
3651
3652
3653
3654
3655
3656
3660
3664
3667
3668
3672
3682
3686
3689
3690
3691
3692
3699
3713
3720
3721
3728
3734
3735
3738
3739
3746
3748
3754
3757
3763
3764
3768
3769
3779
3791
3802
3805
3806
3808
3809
3811
3812
3813
3814
3828
3830
3837
3838
3843
3866
3868
3874
3875
3879
3882
3889
3890
3891
3904
3907
3913
3914
3917
3919
3921
3923
3925
3926
3927
3929
3930
3931
3934
3936
3937
3939
3941
3943
3944
3945
3946
3952
3958
3959
3960
3961
3962
3964
3966
3968
3971
3972
3974
3976
3977
3980
3981
3982
3984
3989
3992
3993
3994
3995
3998
3999
4000
4001
4003
4006
4008
4009
4014
4015
4019
4030
4035
4040
4041
4047
4048
4049
4050
4053
4058
4065
4069
4071
4072
4075
4080
4082
4083
4086
4087
4089
4090
4097
4098
4100
4110
4111
4112
4114
4123
4124
4125
4127
4129
4130
4138
4143
4148
4150
4266
4157
4162
4167
4173
4176
4177
4181
4182
4198
4202
4203
4205
4206
4207
4209
4211
4214
4218
4220
4224
4225
4230
4232
4236
4237
4238
4241
4242
4243
4244
4245
4246
4249
4711
4250
4251
4255
4258
4262
4267
4269
4282
4287
4288
4289
4293
4295
4298
4304
4307
4309
4316
4317
4318
4320
4321
4322
4332
4334
4338
4339
4340
4342
4343
4344
4345
4347
4352
4354
4356
4357
4360
4365
4384
4389
4394
4396
4397
4398
4399
4400
4403
4407
4414
4419
4420
4422
4424
4425
4431
4434
4435
4445
4446
4447
4448
4451
4452
4453
4454
4455
4456
4457
4465
4466
4475
4478
4481
4483
4494
4496
4509
4499
4502
4507
4510
4512
4513
4515
4517
4518
4520
4522
4523
4526
4533
4534
4539
4540
4544
4547
4548
4551
4553
4555
4557
4558
4560
4561
4562
4563
4564
4565
4566
4568
4569
4573
4574
4575
4577
4578
4580
4581
4582
4583
4584
4585
4588
4591
4592
4594
4595
4597
4598
4602
4603
4604
4605
4606
4607
4608
4609
4610
4612
4614
4615
4616
4618
4619
4620
4621
4622
4623
4624
4625
4626
4627
4628
4629
4630
4631
4632
4633
4634
4635
4636
4637
4638
4639
4640
4641
4642
4643
4644
4645
4646
4647
4648
4649
4650
4651
4652
4653
4654
4655
4656
4657
4658
4659
4661
4662
4663
4665
4666
4667
4668
4669
4670
4671
4672
4673
4674
4675
4676
4678
4679
4680
4682
4683
4684
4685
4686
4687
4688
4690
4691
4693
4694
4695
4696
4697
4698
4699
4700
4701
4702
4703
4704
4705
4707
4708
4709
4710
4712
4713
4714
4715
4716
4717
4719
4720
4721
4722
4723
4724
4725
4726
4727
4728
4729
4730
4731
4732
4733
4734
4735
4736
4738
4739
4741
4743
4744
4745
4746
4747
4748
4749
4750
4752
4753
4754
4755
4756
4757
4758
4759
4760
4761
4762
4763
4764
4765
4766
4767
4768
4769
4770
4771
4773
4774
4775
4776
4777
4778
4780
4782
4784
4785
4786
4787
4789
4791
4792
4793
4794
4795
4796
4798
4799
4800
4801
4802
4803
4804
4805
4807
4808
4809
4811
4812
4813
4814
4815
4816
4817
4818
4819
4820
4821
4822
4823
4824
4825
4826
4827
4828
4829
4830
4831
4832
4833
4834
4835
4836
4838
4839
4840
4841
4842
4843
4844
4845
4846
4847
4848
4849
4850
4851
4852
4853
4854
4855
4856
4857
4858
4859
4860
4861
4862
4863
4864
4865
4866
4867
4868
4869
4870
4871
4872
4873
4874
4875
4876
4877
4878
4879
4880
4881
4882
4883
4884
4885
4886
4887
4888
4889
4890
4891
4892
4893
4894
4895
4896
4897
4898
4899
4900
4901
4902
4903
4904
4905
4906
4907
4908
4909
4910
4911
4912
4913
4914
4915
4916
4917
4918
4919
4920
4921
4922
4923
4924
4925
4926
4927
4928
4929
4930
4931
4932
4933
4934
4935
4936
4937
4938
4939
4940
4941
4942
4943
4944
4945
4946
4947
4948
4949
4950
4951
4952
4953
4954
4955
4956
4957
4958
4959
4960
4961
4962
4963
4964
4965
4966
4967
4968
4969
4970
4971
4973
4974
4975
4976
4977
4978
4979
4980
4981
4983
4984
4985
4986
4987
4988
4989
4990
4991
4992
4993
4994
4995
4996
4997
4998
4999
5000
5001
5002
5003
5004
5005
5006
5007
5008
5009
5010
5011
5012
5013
5014
5015
5016
5017
5018
5019
5020
5021
5022
5023
5024
5025
5026
5027
5028
5029
5030
5031
5032
5033
5034
5035
5036
5037
5038
5039
5040
5041
5042
5043
5044
5045
5046
5047
5048
5049
5050
5051
5054
5056
5058
5059
5060
5061
5063
5064
5065
5066
5067
5069
5070
5071
5072
5073
5074
5075
5076
5077
5078
5079
5080
5081
5082
5083
5084
5085
5086
5087
5089
5090
5091
5092
5093
5094
5095
5096
5097
5098
5099
5100
5101
5102
5103
5104
5105
5106
5107
5108
5109
5110
5111
5112
5113
5114
5115
5118
5119
5120
5121
5122
5123
5124
5125
5126
5127
5128
5129
5130
5131
5132
5133
5134
5135
5136
5137
5138
5139
5140
5141
5142
5143
5144
5145
5147
5148
5149
5150
5151
5154
5155
5156
5157
5158
5159
5160
5161
5162
5164
5165
5166
5167
5168
5169
5170
5171
5172
5175
5176
5177
5178
5179
5180
5181
5182
5183
5185
5186
5187
5189
5190
5191
5192
5193
5194
5195
5196
5197
5198
5200
5201
5202
5203
5204
5205
5206
5207
5208
5210
5211
5212
5213
5214
5215
5216
5217
5218
5219
5220
5221
5222
5223
5224
5225
5226
5227
5228
5229
5230
5231
5232
5233
5234
5235
5236
5237
5238
5239
5240
5241
5242
5243
5244
5245
5246
5247
5248
5249
5250
5251
5252
5253
5254
5255
5256
5257
5258
5259
5260
5261
5262
5263
5264
5265
5266
5267
5268
5269
5270
5271
5272
5273
5274
5275
5276
5277
5278
5279
5280
5281
5282
5283
5284
5285
5286
5287
5288
5289
5291
5292
5293
5294
5297
5298
5300
5301
5302
5303
5304
5305
5306
5307
5309
5310
5311
5312
5314
5315
5317
5318
5319
5320
5322
5323
5324
5325
5326
5327
5328
5329
5330
5331
5333
5334
5335
5337
5339
5340
5341
5342
5343
5344
5345
5346
5347
5348
5349
5350
5351
5353
5354
5355
5356
5357
5358
5360
5361
5362
5363
5364
5365
5366
5367
5368
5369
5370
5371
5372
5376
5379
5380
5383
