1701
629
1
2
3
180
5973
4
10
5
6
5220
5221
1286
422
6089
4938
658
3319
31
7
8
9
15
1345
1287
754
8362
732
8746
16
1737
42
17
54
18
19
20
71
22
23
24
7300
6054
1894
940
277
25
8457
28
29
30
34
36
147
37
205
72
858
41
45
46
7510
47
48
49
51
1291
5171
52
1415
55
6807
56
578
9985
62
63
68
64
66
69
815
70
1905
9339
217
75
76
77
78
79
80
92
81
82
85
385
3011
238
1107
5151
86
2073
113
89
90
665
91
1799
10641
1844
98
99
101
102
103
928
11305
11087
6384
4221
104
108
109
9778
110
111
112
114
115
116
9489
117
118
119
120
748
693
121
122
123
124
631
125
126
127
128
129
1599
130
131
132
133
134
135
136
137
5000
138
139
140
141
144
146
148
149
150
151
152
154
155
156
1084
158
159
161
162
11503
163
164
165
167
168
169
170
171
172
173
174
175
176
177
178
179
181
182
183
1358
184
185
186
187
192
193
194
195
196
197
198
199
200
201
1017
8279
9683
202
203
204
8616
1086
207
209
10632
214
216
6452
218
219
220
222
225
226
227
230
231
232
233
246
234
237
13314
239
240
241
243
244
245
571
248
249
7950
250
255
258
259
261
263
264
265
266
267
268
1067
1204
269
271
2084
5226
8054
622
272
273
10335
274
1320
275
276
278
279
282
283
286
287
288
289
290
5387
292
294
295
298
301
1552
302
308
309
583
8300
337
498
572
310
311
11270
314
318
319
320
1254
321
322
325
326
327
360
328
330
333
340
4499
347
354
1002
364
365
366
374
375
655
384
1250
394
396
402
403
404
405
406
407
410
415
417
419
11811
420
421
423
9512
424
839
425
1337
917
4183
426
431
432
433
434
437
439
440
441
7998
442
1815
443
444
446
447
448
449
8206
10712
452
454
458
459
460
1097
461
518
462
463
464
890
465
466
467
472
473
476
479
480
482
483
486
11823
487
490
10721
618
491
493
10034
499
500
8739
501
502
503
12714
510
512
515
517
545
521
522
523
526
527
528
530
535
538
539
10817
540
6557
542
543
544
6260
547
9504
550
551
553
1241
556
557
558
559
561
3998
564
565
567
569
5897
10362
570
7871
573
576
581
584
585
6321
586
591
592
603
606
607
608
610
614
617
619
620
623
624
626
628
637
630
640
642
644
648
650
651
654
656
657
2290
662
664
973
667
669
670
671
673
674
6876
676
677
678
681
682
684
8059
685
686
7840
690
5125
694
695
698
703
704
709
711
716
739
718
719
721
722
8701
723
724
725
726
727
729
1607
730
731
733
740
741
769
742
743
746
749
751
4866
752
753
755
758
760
763
764
768
770
9736
772
773
776
778
782
783
784
787
788
790
792
793
796
797
798
799
800
2142
801
802
805
804
9720
806
807
808
812
813
814
8445
817
818
819
820
821
823
824
825
826
10175
827
7284
830
832
836
840
841
843
847
849
850
851
852
854
10258
8924
855
856
859
862
865
12430
866
868
869
870
871
873
876
4827
2079
879
881
885
886
888
889
891
892
893
894
898
899
1450
900
901
5003
5677
1300
902
903
905
906
2895
907
908
912
913
10793
914
920
921
924
925
931
933
934
935
936
937
938
1194
941
1167
944
945
946
947
948
949
951
952
954
955
960
964
965
967
968
975
976
977
978
979
980
981
982
9060
983
988
1037
989
990
992
1003
995
998
1001
1004
1093
1006
1007
1008
1013
1014
6872
1018
1022
5237
1023
1024
1025
1030
1031
1033
1034
1041
1043
1044
1045
1046
1047
1049
1050
5094
1053
1055
1056
1057
1058
1059
1060
1061
1062
1064
1068
1071
1317
1662
1073
1074
1075
1076
1077
1079
5085
1080
1081
1082
1083
1092
1094
1095
1096
4199
1100
1102
1103
1104
1105
1106
1109
1110
1111
1113
1114
8458
1115
11643
1117
1119
1121
1122
1123
1124
6412
1125
1126
1127
1130
1131
1133
1134
9137
1136
1138
1140
1141
1143
1144
1145
1146
1148
1149
1150
1151
1154
1156
1157
1165
1166
1168
1169
1176
1177
1180
1181
1182
1186
1189
1192
1193
1195
1196
1198
6510
1200
1201
1202
1203
1205
1206
1207
6019
9644
1211
1213
1217
1220
1221
1222
1223
12568
1479
1226
1231
1235
1236
9770
1239
1240
1243
11824
1328
1245
1247
1249
1251
1253
1258
1259
1261
1262
1265
1266
1269
1272
1273
1274
13830
13831
1275
1277
1278
1282
4500
1289
1290
5041
7565
1294
1295
1296
1657
1299
1301
1302
1304
1306
1310
8324
1311
1312
1315
1318
1321
1322
1327
1545
1329
1331
1332
1334
6680
1344
1346
1348
1352
1353
1354
1357
1359
1361
1362
1365
1366
1367
1368
1369
1370
1373
1374
1375
1377
1378
1379
1380
1382
1383
1384
1975
5975
1385
1386
1388
1389
1390
1392
1393
1394
1395
1396
1397
1398
1399
1400
1404
1406
1408
1409
1410
1414
4350
1416
1417
1418
1419
1420
1421
1422
1424
1425
1426
1428
1429
1430
1431
1432
1433
1434
1436
1437
1438
1439
1440
1441
1443
8218
1444
1445
2126
1446
1447
1448
1449
1451
1452
1454
1455
1456
1458
1460
1461
1463
1464
1465
1466
1467
1469
1470
1471
1472
1473
1474
1475
1476
1480
1481
1482
1485
1486
1487
1490
1492
1494
1495
1497
1498
1499
1500
1501
1503
1505
1506
6871
1507
1508
1509
1510
1511
1513
5232
1515
4999
1516
1517
1519
1520
1521
1522
1523
1524
1526
1527
1530
1531
1532
1534
1536
1539
1543
1544
1546
1547
1548
1549
1550
1551
1763
1553
1556
1557
1559
1562
1563
1564
1565
1566
1568
1569
1572
1574
1577
1579
7023
1581
1582
1583
1584
1585
1586
1588
1590
1591
1593
1594
1595
1596
1597
1598
4377
1600
1603
1605
1606
1608
1609
1611
1612
1614
1615
1619
9312
1620
1624
5770
1626
1627
1629
1630
1632
1633
1634
1636
1638
1639
1640
1641
1642
1643
1644
11395
1645
1646
1647
1648
1649
1650
1651
1652
1655
1656
1658
1659
1661
1664
1665
1667
1668
1669
1673
1674
1675
1676
1677
11586
1678
1679
1680
1681
1682
1683
1685
1686
1687
1688
1689
6867
1690
1691
1692
1693
1694
1695
1696
1697
2394
1702
1703
2139
1705
1706
1707
1709
1710
1712
1713
1714
1716
1717
1718
1719
1722
1723
1725
1726
1727
1728
1730
1731
1732
1734
1735
1736
1738
1739
1740
1741
1742
13996
1743
1746
1747
1748
1749
1750
1751
1754
1755
1756
1757
1759
1760
1761
1762
1764
1765
1766
1767
7851
11086
1768
1769
1770
1771
1772
1773
1774
1776
1777
1778
1779
1780
1781
1782
1783
1784
1785
1786
1787
1788
1789
1790
1791
1792
1793
1794
1795
1796
1797
1800
1803
1804
1806
1807
1808
1809
1811
1812
1814
1819
1820
1821
1822
1825
1827
1831
1832
1833
1835
1836
1837
1838
1839
1840
1843
1848
1849
1854
1856
1859
1861
1864
1867
1868
1871
1872
1873
1874
1877
1878
1882
1885
1887
1888
1889
1893
1896
1897
1898
1899
1901
1904
1906
1907
1908
1909
1910
1911
1912
1915
1918
1919
1920
1921
1923
1924
1926
1928
1929
1930
1932
1933
1935
1937
1938
1942
1943
1944
1945
1947
1948
1949
1950
1951
1955
1956
1957
1959
1961
1962
1963
1964
1965
1966
1967
1968
1971
1974
1976
1978
1979
1980
1981
1982
1984
1985
1988
1989
1990
1991
1992
1994
1995
1996
1997
1998
1999
2000
2001
2002
2004
2005
2006
2007
2009
2010
2011
2012
2013
2014
2015
2016
2017
2018
2019
2020
2021
2022
3349
2026
2027
2028
2029
2032
2033
2034
7722
2035
2038
2039
2040
2042
2043
2044
2045
2046
2047
2048
2049
2050
2053
2054
10191
2055
2056
2057
2058
2059
2062
2063
2064
2067
2070
2071
2072
2074
2075
2076
2077
2078
2080
2082
2083
3283
2085
2086
2087
2088
2089
2090
2091
2092
2093
2095
2096
2097
2099
2100
2101
2103
2105
2106
2108
2111
2113
2117
2118
2119
2120
2122
2125
2127
2129
2130
2131
2132
2134
2136
2137
2138
2140
11397
2143
2144
2145
2147
2148
2150
2151
2152
2153
2156
2157
2158
2159
2209
2214
2215
4269
10449
2217
2219
2220
2221
2222
2224
2226
2228
2229
2230
2231
2232
2233
2234
6817
2236
2238
2240
2241
2243
2244
2246
2247
2249
2255
2256
2258
2264
2265
2266
2267
2269
2271
2272
2274
2276
2277
2278
2279
2282
2287
2289
2291
2294
2295
2298
2302
2308
2318
4328
2319
2325
2326
2327
2330
2333
2334
2340
2342
2343
2345
2348
2349
2356
2358
2363
2365
2380
2387
2391
2393
12411
4301
2395
2396
2399
2404
2407
2409
2415
2416
2417
2418
2428
2429
2434
2437
2447
2455
2479
2500
2518
2525
2526
2537
4277
4278
2550
2569
2583
8717
2594
2597
2624
2636
2639
2661
2696
2702
2713
2723
2744
2773
2816
2821
2825
2832
2846
2848
2856
2858
2869
2871
2872
2883
2884
2890
2923
2941
2966
2971
2980
2988
3017
3023
3035
3089
3137
3146
3148
3150
3151
3163
3168
3180
3188
3214
3235
3241
3246
3247
3251
3252
3257
9953
3258
3262
3271
3275
3281
3287
3294
3296
3301
3302
3304
3311
6227
3329
3331
3333
3338
3339
3351
3370
3381
3416
3427
3465
3470
3492
3518
3549
6368
3571
3602
3618
3627
3646
3661
3687
3691
3718
3721
3727
3743
3744
3759
3809
3812
3819
3823
3828
3829
3855
3871
3903
3922
3924
3925
3928
3943
3945
3948
3955
3961
3968
3972
3977
3983
3997
3999
4000
4010
4020
4027
4032
4034
4038
4051
4058
4094
4114
4129
4162
4164
4168
4169
4170
4173
4174
4175
4176
4177
4179
4180
4181
4185
6172
4187
4191
4195
4196
4197
6332
4200
4206
4212
4214
4217
9000
4222
4231
4233
4234
4236
4240
4241
4244
4246
4247
4249
4250
4254
4259
4263
4271
4273
4282
4284
4288
4289
4290
4291
4302
4305
4308
4309
4310
4314
4317
4318
4322
4323
4324
4326
4327
4332
4334
4337
4344
4345
4346
4349
4351
4353
4354
4360
4367
4369
4370
4375
4376
4378
4381
4386
4388
4389
4390
4396
4397
4401
4407
4408
4409
4410
4416
4417
4423
4424
4427
4429
4431
4435
4437
4438
4439
4442
4444
4446
4451
4456
4457
4462
4465
4467
4470
4473
4474
4475
4476
4477
4480
4481
4483
4484
4485
4487
4490
4491
4492
4493
4494
4495
4498
6342
4501
4503
4504
4505
4510
4511
4513
4514
4520
4523
4525
4532
4534
4536
4537
4540
4543
4544
4545
4649
4548
4549
4550
4552
4554
4555
4556
4557
4562
4564
4565
4567
4568
4569
4571
4573
4575
4578
4582
4585
4586
4590
4591
4594
4595
4598
4599
4602
4603
4604
4606
4607
4608
4609
4611
4612
4614
4615
4616
4617
4618
4620
4621
4622
4623
4624
4625
4626
4627
4628
4629
4630
4633
4634
4635
4638
4639
4640
4641
4642
4643
4644
4647
4650
4651
4654
4658
4659
4660
4662
4663
4666
4667
4668
4671
4677
6643
4678
4679
4680
4681
4683
4684
4685
4686
4688
4689
4691
4694
4695
4697
4698
4699
4700
4701
4703
4704
4706
4708
5140
4709
4711
4713
4714
4716
4719
4720
4721
4723
4725
4727
4730
4734
4736
6166
4737
4738
4741
4742
4743
4744
4745
4746
4747
4750
4753
4754
12513
4756
4757
4758
4760
4761
4763
4765
4766
4767
4771
4772
4774
4775
4779
4780
4781
4783
4785
4786
4787
7974
4788
4789
13294
4790
4791
4792
4793
13191
4794
4795
4796
4798
4799
4800
4801
4802
4804
4805
4806
4808
4809
4810
4811
4812
4813
4814
4816
4817
4818
4819
4820
11031
4823
4824
4825
4826
9649
11957
4828
4833
4834
9268
4835
4836
4837
4841
4844
4850
4852
4853
4854
4858
4862
4864
4865
4867
4874
4877
4878
4881
4882
4883
4885
4886
4887
4888
4889
4893
4896
4900
4902
4903
4906
4910
4911
4912
4913
4914
4915
4917
4918
4919
4920
4922
4923
4924
4925
4926
4927
4928
4929
4930
4933
4934
4935
4937
4939
4941
4942
4943
4944
11380
4945
4946
4947
4949
4950
4951
4953
4954
13192
4956
4957
4958
4959
4961
4962
4963
4964
4968
4969
4970
4971
4973
4974
4976
4977
4979
4980
4981
4982
4983
4984
4986
4988
4989
4990
4991
4992
4996
4997
5002
6670
10933
5004
5006
5008
5009
5010
5012
5015
5017
5018
10346
5019
12522
5021
5022
5023
5024
5028
5030
5031
5032
5033
5035
5036
5037
5038
5040
6604
9759
5042
5044
5045
5046
5049
5050
5052
5054
5056
5058
5059
5060
5061
5062
5063
5067
5068
5069
5073
5077
5079
5080
5081
5082
5083
5084
8372
5088
5090
5093
5095
5097
5099
5100
5103
5104
5107
5110
5115
5118
5119
5122
5123
5124
5126
5129
5131
5135
5138
5139
5141
5143
5144
5146
5149
7094
5150
5152
5154
5155
5156
5157
5158
5160
5161
5164
5165
5166
5167
5168
5173
5174
5180
5182
5183
5189
5192
5193
5194
5196
5197
5198
5200
5203
5206
5207
5209
5210
5212
5213
5214
5216
5219
5222
5224
5225
5230
5231
5233
5236
5250
5252
5253
5255
5256
5259
5261
5262
5265
5312
5324
5367
5372
5381
5382
5383
5384
5385
5386
5389
5391
5392
5393
5394
5395
5396
5397
5398
5399
5400
5401
5402
5403
5404
5405
5406
5407
5408
5409
5410
5411
5412
5413
5414
5415
5416
5417
5418
5419
5430
5438
5468
5473
5489
5496
5497
5546
5551
5582
5583
5584
5590
5594
5599
5601
5619
5628
5629
5630
5631
5637
5644
9655
5656
5663
5666
5672
5675
5679
5693
5705
5706
5713
5715
5717
5718
5727
5728
5733
5734
5741
5742
5743
5746
5748
5750
13550
5753
5755
5757
5758
5762
5763
5767
9573
5771
5772
5778
5781
5782
5784
5789
5790
5791
5794
5795
5797
5798
5799
5802
5806
5809
5812
5815
5817
5818
5820
5822
5826
5827
5829
5830
5831
5835
5836
5839
5842
5843
5844
5846
5850
5851
5854
5855
5856
5859
5861
5866
5870
5871
5873
5876
5878
5880
5881
5887
5890
10349
5894
5898
5901
7963
5902
5903
5905
5910
5914
5917
5923
5939
5942
5944
5954
5955
5958
5962
5968
5969
5974
5976
5980
5982
5983
5987
5990
5992
5994
5998
6000
6004
6005
6007
6008
6009
6013
6014
6016
6017
6018
6024
6030
6032
6037
6040
6041
6042
6043
6045
6046
6047
6048
6053
6056
6059
6064
6067
6069
6070
6071
6075
6076
6077
6079
6080
6082
6083
6084
6085
6086
6087
6091
6092
6094
6095
6098
6099
6101
6103
6104
6105
6106
6107
6109
6110
6111
6112
6113
6114
6115
6116
6121
6122
6123
6124
6127
6128
6129
6130
6132
6137
6138
6140
6141
6142
6143
6144
6145
6149
6152
6155
6157
6158
6159
6160
6161
6162
6163
6164
6165
6169
6173
6177
6178
6180
6190
6193
6202
6204
6205
6209
6212
6219
6221
6223
6226
6230
6235
6236
6239
6241
6245
7112
6247
6250
6252
6256
6257
6259
12242
6261
6267
6272
6273
6275
6283
6285
6288
6290
6294
6296
6300
6301
6304
6305
6307
6308
6311
6312
6313
6314
6315
6318
6319
6320
6324
6325
6327
6331
6489
6333
6335
6336
6337
6338
6339
11273
6344
6345
6346
6347
6349
6350
6351
6352
6355
6357
6358
6359
6360
6361
6363
6364
6366
6370
6373
6375
6376
6381
6385
6386
6391
6395
6396
6400
6403
6405
6408
6409
6416
6417
6418
6419
6422
6424
6426
6428
6430
6432
6434
6435
6436
6437
6440
6441
6442
6445
6446
6447
6449
6450
6458
6459
6465
6468
6478
6479
6482
6492
6494
6499
6501
6504
6508
6509
6513
6514
6517
6522
6523
6525
6526
6529
6530
6534
6536
6541
6542
6544
6545
6546
6551
6556
6558
6564
6565
6566
6576
6579
6580
6586
6591
6593
6599
6602
6605
6612
6615
6620
6621
6622
6623
6624
6630
6632
6634
6635
6645
6648
6651
7301
6652
6653
6656
6657
6660
6661
10010
6662
6665
6666
6667
6671
6672
6675
6880
6677
6679
6681
6684
6685
6687
6689
6695
6696
6701
6702
6703
6704
6707
6708
6709
6714
6715
6716
6718
6720
6721
6723
6727
6730
6731
6734
6735
6738
6742
6743
6744
6749
6751
6754
6755
6756
6757
6760
6761
6915
7053
6925
6972
7101
6783
6764
6766
6770
6778
6779
6780
6784
6787
6788
6789
6790
6791
6794
6799
6802
6803
6805
6810
6812
6822
6825
6829
6830
6835
6837
6838
6839
6841
10491
6842
6845
6850
6851
6852
6853
11638
6855
6856
6857
6858
6860
6862
6863
6868
6869
7065
6875
6873
6874
6877
7039
6879
6881
6882
6883
6885
6887
6888
6889
6890
6892
6893
6894
6895
6897
6898
6899
11101
6900
6901
6902
6904
6905
6906
6907
6910
6911
7215
7548
6912
6914
6917
6919
6920
6922
6923
6927
6929
6930
6931
6932
6933
6934
6935
6936
6938
6939
6940
6941
6942
6943
6944
6945
6947
6949
6953
6954
6955
6956
6957
6958
6959
6961
6962
6963
6964
6965
6966
6967
6969
6971
6978
6980
6987
6988
6990
6991
6994
6995
6996
7001
7002
7003
7004
7007
7008
7009
7010
7011
7012
7013
7014
7016
7019
7020
7022
7025
7028
7029
7030
7032
7033
7036
7037
7038
7040
7041
7043
10923
7046
7047
7049
7050
7052
7055
7056
7057
7066
7069
7073
7074
7079
7087
7090
7092
7093
7100
7102
7107
7108
7111
7121
7123
7124
7128
7134
7136
7139
7140
7142
7146
7147
7149
7150
7151
7152
7156
7159
7169
7170
7172
7175
7176
7179
7180
7181
7186
7189
7196
7200
7201
7204
7206
7207
7208
7209
7211
7216
7217
7219
7223
7224
7226
7231
12484
7236
7237
7238
7240
7242
7244
7245
7246
7247
7257
7264
7270
7271
7274
7277
7288
7289
7292
7294
7298
7299
7302
7303
7304
7305
7310
7312
7313
7314
7315
7316
7317
7319
7321
7324
7326
7327
7329
7331
7333
7337
7343
7345
7346
7347
7348
7351
7354
7358
7362
7364
7368
7369
7370
7371
7372
7374
7377
7380
7382
7383
7386
7387
7391
7392
7393
7397
7398
7399
7404
7406
7407
7411
7412
7413
7414
7415
7416
7417
7424
7431
7432
7434
7437
7439
7440
7442
7443
7448
7452
7455
7456
7459
7461
7464
7468
7470
7471
7472
7473
7474
7475
7477
7478
7479
7481
7484
7485
7486
7490
7492
7493
7495
7496
7497
7499
7500
7503
7504
7505
7506
7508
7511
9762
7513
7514
13120
7517
7519
7522
7524
7530
7531
7532
7533
7535
7536
7538
7539
7540
7541
7547
7549
7550
7551
7552
7553
7555
7557
7558
7559
7560
7561
7562
7566
7567
7569
7571
7579
7581
7582
7586
7588
7592
7593
7595
7599
7600
7601
7602
7606
7610
7611
7613
7616
7617
7619
7624
7628
7629
7630
7631
7632
7633
7635
7638
7639
7640
7641
7642
7643
7644
7645
7647
7651
7653
7654
7656
7657
7658
7660
7661
7662
7663
7664
7668
7672
7676
7677
7680
7682
7684
7685
7686
7687
7690
7691
7694
11599
7695
7696
7697
7698
7700
7701
7703
7707
7714
7716
7719
7723
7725
7726
7736
7751
7762
7773
7785
7790
7798
7800
7802
7816
7821
7823
7825
7829
7832
7833
7835
7837
7838
7842
7843
7845
7848
7849
7853
7855
7862
7866
7867
7868
7872
7876
7895
7898
7901
7902
7903
7904
7906
7908
7912
7922
7924
7926
7934
7936
7937
7939
7943
7944
7948
7953
7958
7959
7960
7961
7964
7965
7972
9080
7975
7976
7979
7980
7982
7988
7990
7991
7995
7997
9204
8002
8005
8009
8019
8020
12360
8027
8030
8033
8035
8037
8039
8040
8041
8044
8055
8056
8057
8061
8062
8063
8066
8076
8077
8083
8084
8087
8092
8093
8094
8096
10266
8097
8100
8101
8106
8109
8110
8112
8115
8116
8118
8122
8123
8124
8125
8127
8132
8133
8134
8135
8136
8137
8141
8144
8145
8147
8148
8157
8161
8166
8167
8168
8170
8171
8173
8184
8186
8187
8190
8194
8197
8200
8201
8202
8203
8204
8205
8207
8208
8211
8213
8215
8217
8223
8224
8227
8228
8229
8230
8231
9247
8234
8236
8237
8239
8240
8241
8242
8243
8245
8246
8248
8250
8251
8254
8255
8258
8259
8261
8262
8263
8264
8268
8269
8271
8274
8275
8278
8280
8281
8286
8288
8289
8292
8294
8295
8297
8302
8303
8304
8305
8306
8308
8310
8311
8314
8316
8317
8318
8320
8321
8323
8325
8326
8327
8333
8340
8341
8342
8343
8346
8347
8350
8352
8353
8355
8359
8360
8361
8363
8364
8366
8369
8370
8374
8375
8376
8389
8391
8394
8395
8397
8398
8402
8403
8408
8409
8412
8413
8414
8415
8416
8418
8421
8424
8425
8427
8430
8431
8432
8434
8435
8442
8444
8446
8447
8449
8451
8454
8455
8461
8462
8466
8468
8469
8471
8475
8478
8480
8486
8487
8489
8490
8491
8493
8494
8495
8496
8502
8504
8513
8517
8521
8523
8525
8526
8528
8529
8531
8533
8535
8536
8538
8540
8541
8548
8550
8551
8554
8555
8556
8557
8564
8569
8571
8575
8576
8585
8594
8595
8596
8597
8598
8600
8601
8604
8605
8608
8609
8611
8618
8620
8621
8622
8624
8627
8628
8630
8633
8639
8641
8642
8645
8648
8649
8650
8655
8663
8665
8667
8673
8676
8679
8681
8687
8690
8691
8693
8694
8696
8697
8699
8702
8706
8707
8708
8712
8713
8715
8716
8719
8720
8724
8728
8733
8734
8736
8738
8740
8743
8745
8747
8748
8749
8751
8753
8756
8757
8760
8763
8766
8769
8770
8771
8778
8783
8791
8795
8796
8799
8804
8806
8810
8813
8815
8817
8818
8819
8820
8821
8825
8828
8834
8842
8843
8844
8849
8850
8851
8853
8854
8855
8856
8857
8859
8860
10208
8861
8863
8864
8866
8867
8868
8870
8871
8873
8875
8876
8878
8881
8886
8887
8895
8897
8898
8904
8906
8908
8910
8911
8912
8916
8921
8923
8925
8926
8929
8934
8935
8937
8939
8940
8942
8945
8946
8947
8949
8950
8951
8952
8953
8957
8958
8960
8961
8963
8966
8967
8968
8971
8974
8977
8982
8983
8986
8987
8989
8994
8996
8998
8999
9002
9003
9004
9006
9008
9009
9013
9015
9016
9018
9020
9024
9025
9026
9027
9028
9029
9030
9031
9032
9035
9037
9039
9041
9042
9044
9047
9049
9051
9052
9053
9055
9056
9057
9058
9059
9062
9063
9064
9067
9068
9071
9072
9076
9084
9085
9088
9089
9090
9091
9092
9094
9098
9099
9100
9102
9103
9105
9106
9110
9112
9113
9114
9115
9116
9118
9121
9123
9126
9127
9131
9132
9133
9134
9136
9138
9142
9143
9146
9147
9148
9150
9151
9152
9153
9154
9155
9156
9157
9158
9160
9162
9163
9164
9165
9166
9168
9169
9170
9175
9177
9178
9179
9182
9183
9185
10749
9186
9187
9188
9189
9191
9193
9194
9195
9196
9197
9198
9199
9200
9210
9211
9212
9213
9214
9217
9218
9220
9224
9226
9227
9228
9230
9234
9235
9237
9239
9240
9244
9246
9248
9249
9250
9251
9255
9256
9258
9260
9262
9266
9267
9269
9270
9271
9275
9276
9278
9281
9282
9283
9284
9285
9286
9289
9290
9291
9293
9296
9297
9298
9299
9328
9304
9305
9309
9313
9314
9320
9323
9329
9331
9332
9333
9335
9337
9340
9342
9343
9344
9345
9346
9349
9350
9351
9352
9353
9355
9358
9359
9361
9362
9363
9364
9368
9370
9371
9372
9373
9374
9375
9376
9379
9380
9381
9382
9383
9384
9390
9391
9393
9394
9395
9396
9397
9401
9403
9404
9406
9407
9413
9414
9415
9416
9417
9420
9421
9424
9429
9431
9432
9433
9434
9435
9436
9437
9438
9439
9440
9441
9442
9443
9444
9446
9448
9454
9455
9456
9457
11970
9458
9459
9460
9461
9462
9463
9464
9465
9466
9467
9469
9470
9472
9473
9475
9476
9478
9483
9484
9486
9487
9488
9490
9492
9493
9494
9495
9498
9499
9501
9502
9503
9505
9506
9508
9513
9514
9515
9516
9517
9518
9519
9520
9521
9522
9523
9524
9526
9527
9528
9529
9533
9534
9535
9536
9537
9538
9539
9540
9542
9543
9544
9546
9547
9548
9552
9554
9557
9560
9561
9566
9567
9568
9569
9571
9576
9577
9579
9582
9586
9588
9589
9590
9591
9593
9594
9595
11910
9599
9601
9603
9607
9609
9610
9611
9612
9615
9618
9620
9622
9623
9624
9626
9627
9629
9631
9633
9637
9639
9641
9643
9650
9654
9656
9657
9659
9660
9661
9662
9664
9665
9667
9668
9671
9672
9673
9675
9677
9678
9679
9680
9686
9687
12186
9688
9689
9690
9693
9694
9697
9698
9699
9701
9703
9704
9705
9706
9707
9708
9709
9711
9712
9713
9714
9715
9716
9717
9721
9722
9724
9725
9727
9729
9731
9732
9735
9737
9738
9739
9740
9741
9742
9744
9745
9746
9748
9749
9751
9752
9756
9760
9764
9766
9767
9768
9771
9772
9773
9774
9775
9779
9780
9781
9782
9783
9784
9785
9786
9787
9788
9789
9790
9791
9792
9793
9794
9795
9796
9797
9798
9799
9800
9801
9802
9803
9804
9805
9806
9807
9808
9809
9810
9811
9812
9813
9814
9815
9816
9817
9818
9819
9820
9821
9822
9823
9824
9825
9826
9827
9828
9829
9830
9831
9832
9833
9835
9836
9837
9838
9839
9840
9841
9843
9844
9846
9847
9851
9853
9854
9855
9858
9859
9860
9864
9866
9867
9871
9872
9873
9878
9879
9883
9885
9887
9888
9890
9892
9894
9895
9897
9898
9899
9900
9901
9902
9903
9905
9906
9907
9908
9910
9918
9921
9922
9924
9925
9926
9927
9928
9929
9931
9932
9934
9935
9936
9937
9939
9940
9941
9942
9943
9945
9946
9947
9950
9952
9954
9957
9958
9961
9963
9964
9966
9969
9971
9973
9977
9978
9979
9982
9984
9987
9989
9990
12079
9991
9992
9994
9996
9999
10001
10002
10004
10006
11310
10863
10007
10009
10011
10014
10015
10019
10020
10022
10023
10026
10030
10032
10033
12027
10036
10037
10039
10041
10042
10043
10052
10054
10055
10056
10061
10062
10063
10065
10067
10068
10071
10073
10074
10078
10080
10081
10083
10084
10085
10086
10088
10089
10090
10091
10092
10093
10094
10095
10096
10098
10099
10100
10101
10104
10107
10108
10110
10111
10112
10113
10116
10117
10121
11384
10123
10125
10127
10128
10129
10130
10132
10133
10134
10136
10137
10138
10142
10143
10144
10145
10147
10151
10152
10155
10157
10159
10161
10172
10174
10176
10177
10178
10179
10180
10181
10182
10184
10187
10188
10189
10194
10195
10198
10203
10204
10205
10206
10207
10209
10210
10212
10215
10219
10220
10221
10222
10223
10225
10226
10229
10230
10231
10232
10233
10235
10236
10238
10239
10240
10241
10242
10244
10246
10249
10250
10251
10253
10254
10255
10256
10257
10260
10267
10268
10270
10271
10273
10275
10278
10280
10282
10283
10284
10285
10287
10288
10289
10290
10291
10292
10293
10294
10295
10296
10297
10299
10301
10302
10303
10307
10309
10310
10311
10312
10314
10315
10316
10317
10319
10320
10322
10323
10324
10326
10327
10328
10329
10331
10332
10333
10334
10337
10338
10339
10340
10341
10343
10344
10345
10351
10355
10358
10359
10360
10361
10364
10365
10367
10368
10369
10370
10372
10373
10374
10375
10376
10377
10378
10379
10380
10381
10382
10383
10384
10385
10387
10389
10390
10391
10392
10393
10394
10396
10397
10398
10399
10400
10401
10402
10403
10404
10405
10408
10410
10412
10413
10415
10420
10421
10423
10425
10426
10429
10431
10432
10433
10434
10435
10436
10437
10438
10440
10442
10443
10445
10446
10447
10448
10450
10452
10453
10455
10456
10457
10459
10461
10464
10465
10469
10470
10471
10474
10475
10478
10479
10481
10483
10484
10486
10488
10490
10493
10495
10497
10498
10501
10502
10503
10505
10507
10509
10510
10511
10512
10515
10519
10520
10521
10522
10523
10526
10528
10533
10536
10537
10538
10539
10541
10542
10543
10545
10548
10549
10550
10552
10554
10556
10558
10560
10561
10562
10563
10564
10565
10566
10568
10569
10571
10573
10574
10579
10580
10581
10582
10583
10587
10588
10589
10591
10592
10594
10596
10598
10599
10602
10603
10604
10605
10606
10608
10609
10610
10611
10612
10613
10614
10617
10618
10620
10621
10624
10625
10626
10627
10628
10629
10630
10631
10633
10634
10635
10636
10638
12519
10642
10643
10648
10651
10652
10653
10654
10656
10657
10659
10662
10663
10664
10665
10667
10668
10669
10671
10673
10675
10676
10680
10681
10683
10687
10688
10689
10690
10693
10694
10695
10696
10698
10699
10703
10704
10705
10706
10707
10708
10710
10711
10713
10718
10722
10724
10725
10726
10727
10729
10730
10731
10734
10737
10738
10740
10741
10742
10744
10745
10747
10748
10750
10751
10753
10754
10756
10757
10760
10761
10762
10763
10764
10765
10768
10770
10771
10773
10774
10776
10779
10780
10781
10783
10784
10786
10789
10790
10791
10792
10794
10795
10798
10800
10802
10804
10805
10806
10807
10808
10809
10810
10811
10812
10813
10815
10816
10819
10820
10821
10824
10825
10826
10827
10828
10830
10831
10833
10834
10836
10838
10840
10841
10842
10843
10844
10846
10847
10850
10851
10852
10853
10854
10855
10857
10859
10861
10864
10865
10866
10870
10873
10874
10876
10877
10878
10880
10881
10882
10883
10884
10886
10888
10889
10895
10896
10897
10898
10899
10900
10901
10902
10903
10904
10905
10906
10907
10908
10910
10911
10912
10913
10915
10916
10917
10918
10919
10921
10922
10925
10926
10927
10928
10930
10931
10932
10934
10935
10936
10937
10938
10939
10940
10942
10943
10944
10945
10946
10947
10950
10952
10957
10958
10959
10960
10961
10962
10963
10964
10966
10969
10972
10974
10975
10976
10977
10978
10979
10980
10981
10982
10983
10984
10986
10989
10991
10992
10993
10994
10996
10998
10999
11000
11001
11003
11004
11005
11006
11007
11009
11011
11012
11021
11022
11024
11025
11028
11029
11030
11032
11033
11034
11035
11037
11038
11039
11040
11042
11044
11045
11049
11050
11055
11056
11057
11061
11064
11065
11071
11072
11074
11076
11077
11080
11083
11084
11088
11090
11091
11092
11093
11094
11095
11098
11099
11104
11106
11108
11109
11111
11115
11118
11119
11120
11123
11124
11125
11126
11127
11128
11132
11133
11134
11135
11136
11137
11140
11143
11145
11146
11147
11150
11151
11152
11153
11155
11156
11157
11158
11159
11164
11166
11167
11169
11172
11173
11175
11176
11177
11178
11180
11181
11182
11183
11184
11185
11187
11188
11189
11190
11191
11192
11193
11195
11196
11198
11199
11200
11201
11203
11204
11205
11207
11208
11209
11210
11211
11212
11213
11216
11217
11218
11219
11220
11223
11224
11225
11226
11227
11228
11229
11231
11232
11234
11235
11236
11237
11238
11239
11242
11243
11244
11245
11246
11247
11249
11251
11256
11257
11258
11259
11261
11263
11264
11265
11267
11269
11272
11274
11275
11276
11281
11283
11284
11285
11286
11287
11288
11290
11292
11293
11296
11298
11299
11300
11301
11302
11303
11304
11306
11307
11308
11309
11312
11313
11314
11315
11318
11319
11320
11321
11326
11327
11329
11330
11333
11334
11340
11341
11344
11345
11346
11347
11348
12329
11349
11350
11351
11352
11353
11356
11357
11374
11358
11359
11364
11365
11366
11367
11368
11369
11370
11371
11372
11373
11376
11377
11378
11383
11385
11386
11388
11389
11390
11392
11393
11396
11398
11399
11400
11401
11402
11403
11404
11405
11406
11407
11408
11409
11412
11413
11415
11416
11419
11420
11421
11422
11425
11427
11428
11433
11435
11436
11438
11441
11442
11444
11445
11446
11448
11449
11450
11451
11453
11456
11457
11458
11459
11465
11466
11467
11469
11472
11475
11476
11477
11478
11479
11486
11487
11488
11489
11490
11491
11499
11502
11505
11506
11507
11508
11509
11511
11512
11513
11517
11520
11521
11522
11523
11524
11526
11527
11528
11530
11531
11535
11537
11538
11539
11540
11541
11542
11545
11546
11547
11550
11553
11554
11555
11557
11560
11566
11567
11568
11569
11570
11571
11572
11576
11577
11578
11581
11583
11584
11585
11587
11590
11592
11593
11594
11596
11598
11600
11601
11603
11608
11610
11611
11612
11616
11618
11620
11622
11623
11624
11625
11626
11627
11628
11630
11634
11635
11639
11640
11641
11642
11644
11646
11647
11649
11650
11651
11652
11654
11655
11659
11661
11662
11663
11664
11669
11670
11675
11676
11677
11679
11680
11681
11684
11686
11687
11690
11691
11692
11693
11696
11699
11700
11702
11705
11706
11707
11708
11709
11711
11712
11713
11714
11716
11718
11720
11722
11725
11729
11730
11731
11732
11733
11734
11736
11737
11738
11740
11743
11745
11747
11748
11749
11750
11751
11752
11753
11755
11756
11758
11759
11763
11765
11766
11769
11770
11771
11773
11774
11775
11776
11778
11779
11780
11781
11784
11786
11787
11789
11790
11791
11792
11794
11796
11798
11800
11803
11806
11808
11812
11814
11815
11819
11820
11825
11826
11827
11828
11833
11838
11839
11840
11842
11843
11845
11846
11850
11851
11852
11853
11854
11855
11856
11857
11860
11865
11866
11872
11875
11876
11877
11879
11880
11881
11882
11884
11885
12376
11886
11887
11888
11892
11896
11899
11901
11904
11905
11906
11907
11911
11913
11914
11916
11917
11918
11919
11920
11922
11923
11924
11925
11926
11928
11929
11930
11931
11934
11935
11936
11937
11938
11939
11941
11942
11944
11945
11947
11948
11949
11950
11951
11952
11953
11955
11956
11960
11961
11967
11968
11971
11972
11973
11974
11975
11978
11979
11981
11984
11985
11986
11988
11991
11997
11998
11999
12001
12002
12004
12005
12006
12007
12008
12009
12011
12012
12013
12014
12015
12017
12019
12020
12022
12023
12025
12026
12028
12029
12030
12031
12032
12033
12034
12035
12037
12038
12039
12040
12041
12042
12043
12044
12048
12049
12051
12053
12054
12055
12056
12058
12060
12061
12062
12063
12064
12065
12066
12067
12068
12069
12070
12071
12072
12074
12075
12078
12080
12082
12085
12086
12087
12089
12091
12092
12094
12096
12097
12098
12100
12101
12102
12104
12105
12106
12107
12109
12110
12111
12112
12113
12114
12115
12116
12118
12121
12122
12125
12126
12127
12128
12129
12131
12132
12133
12136
12138
12140
12141
12144
12146
12149
12150
12152
12153
12154
12155
12156
12157
12158
12159
12161
12164
12165
12166
12167
12168
12173
12174
12176
12178
12181
12182
12184
12187
12190
12194
12195
12197
12199
12200
12201
12203
12207
12208
12211
12212
12215
12216
12217
12228
12231
12235
12236
12237
12238
12240
12243
12244
12246
12248
12250
12254
12255
12257
12258
12259
12260
12261
12265
12269
12272
12273
12274
12276
12278
12281
12282
12289
12290
12291
12297
12300
12307
12309
12312
12314
12315
12317
12318
12319
12320
12321
12322
12323
12324
12325
12327
12328
12330
12332
12333
12334
12335
12337
12339
12342
12343
12346
12348
12351
12352
12354
12356
12359
12361
12362
12363
12364
12366
12371
12372
12373
12374
12378
12380
12381
12383
12384
12387
12389
12391
12395
12396
12398
12400
12403
12406
12407
12410
12412
12417
12419
12421
12422
12425
12426
12427
12429
12434
12436
12437
12438
12440
12443
12444
12445
12448
12450
12451
12453
12455
12456
12457
12458
12459
12460
12462
12463
12464
12465
12466
12467
12468
12471
12473
12475
12476
12477
12478
12479
12480
12483
12485
12486
12487
12488
12489
12490
12492
12493
12495
12496
12497
12498
12499
12500
12501
12505
12506
12507
12510
12514
12515
12516
12520
12521
12524
12525
12526
12528
12529
12530
12531
12532
12533
12534
12535
12536
12538
12539
12542
12543
12544
12546
12549
12556
12558
12562
12564
12565
12569
12570
12571
12576
12578
12580
12582
12583
12584
12585
12586
12588
12589
12590
12592
12594
12595
12596
12597
13955
12598
12600
12601
12602
12603
12604
12605
12608
12610
12612
12613
12615
12616
12617
12618
12619
12622
12623
12624
12625
12626
12628
12632
12633
12638
12639
12641
12642
12643
12644
12645
12654
12656
12657
12658
12661
12665
12667
12669
12670
12673
12674
12676
12677
12678
12679
12683
12684
12685
12687
12689
12690
12692
12693
12694
12695
12696
12698
12700
12701
12702
12704
12706
12709
12711
12712
12713
12715
12716
12717
12719
12720
12721
12722
12723
12727
12729
12732
12733
12735
12738
12740
12745
12749
12752
12758
12763
12765
12767
12770
12771
12772
12773
12775
12776
12780
12782
12783
12784
12785
12786
12788
12789
12790
12792
12793
12794
12796
12799
12800
12803
12805
12806
12807
12808
12809
12810
12814
12815
12816
12818
12820
12821
12823
12824
12825
12827
12828
12832
12834
12838
12839
12841
12842
12852
12853
12856
12860
12861
12862
12863
12866
12872
12875
12876
12878
12879
12880
12883
12885
12887
12889
12890
12892
12896
12903
12904
12905
12908
12909
12913
12914
12915
12917
12918
12919
12920
12921
12923
12924
12925
12929
12930
12931
12932
12935
12938
12939
13180
12940
12942
12943
12944
12945
12948
12955
12956
12959
12962
12964
12965
12966
12967
12969
12970
12971
12972
12975
12977
12980
12982
12983
12986
12988
12989
12990
12991
12994
12995
12999
13002
13003
13005
13006
13007
13008
13012
13014
13017
13018
13021
13023
13024
13026
13028
13029
13031
13032
13037
13038
13039
13040
13042
13043
13050
13052
13053
13055
13056
13057
13058
13059
13060
13061
13062
13063
13067
13071
13072
13074
13077
13078
13079
13080
13082
13085
13089
13090
13091
13093
13097
13098
13099
13100
13102
13103
13104
13105
13108
13109
13110
13111
13114
13117
13118
13121
13140
13124
13126
13127
13128
13129
13130
13133
13137
13138
13139
13141
13148
13149
13150
13152
13153
13154
13155
13156
13157
13158
13160
13161
13162
13163
13166
13167
13168
13170
13171
13172
13174
13176
13177
13179
13181
13182
13183
13188
13190
13193
13194
13196
13199
13200
13201
13205
13206
13209
13213
13216
13217
13219
13220
13221
13222
13224
13225
13227
13228
13231
13232
13233
13235
13236
13237
13239
13241
13245
13246
13248
13250
13251
13252
13262
13263
13265
13267
13268
13270
13273
13278
13279
13281
13283
13287
13289
13290
13292
13293
13295
13298
13299
13302
13303
13304
13306
13309
13310
13311
13318
13320
13322
13327
13328
13330
13333
13335
13336
13340
13345
13346
13348
13349
13351
13353
13355
13357
13358
13359
13360
13361
13362
13363
13366
13368
13373
13374
13375
13380
13381
13382
13383
13385
13386
13387
13389
13392
13395
13398
13400
13402
13403
13406
13407
13408
13409
13410
13411
13413
13415
13417
13419
13422
13423
13425
13427
13429
13431
13433
13435
13442
13447
13450
13451
13452
13453
13454
13458
13464
13465
13466
13467
13475
13476
13479
13481
13491
13493
13494
13495
13502
13504
13505
13506
13507
13511
13513
13515
13516
13517
13518
13519
13521
13522
13523
13524
13527
13528
13533
13534
13537
13538
13540
13542
13544
13546
13547
13548
13549
13579
13554
13558
13559
13561
13562
13563
13565
13566
13569
13571
13572
13573
13574
13575
13576
13577
13580
13581
13582
13583
13584
13585
13589
13590
13591
13593
13594
13595
13596
13598
13599
13600
13601
13603
13604
13605
13606
13608
13609
13610
13611
13612
13613
13614
13615
13616
13618
13619
13620
13621
13622
13623
13624
13627
13628
13629
13630
13631
13632
13633
13634
13635
13637
13638
13639
13640
13641
13642
13643
13644
13645
13646
13647
13649
13650
13651
13652
13653
13654
13655
13656
13657
13659
13660
13661
13662
13663
13664
13665
13666
13667
13668
13669
13670
13671
13672
13673
13674
13675
13676
13677
13678
13679
13680
13681
13682
13683
13684
13685
13686
13687
13688
13689
13690
13691
13692
13694
13695
13696
13698
13699
13700
13701
13702
13703
13704
13705
13706
13707
13708
13709
13710
13712
13713
13714
13715
13716
13717
13718
13719
13720
13722
13723
13724
13725
13728
13729
13731
13732
13733
13734
13735
13736
13983
13737
13738
13739
13740
13743
13744
13745
13746
13747
13748
13750
13751
13752
13753
13754
13755
13756
13757
13758
13760
13763
13764
13765
13766
13769
13770
13771
13772
13773
13774
13775
13776
13777
13778
13779
13781
13782
13783
13784
13785
13786
13789
13790
13791
13792
13793
13794
13797
13799
13800
13801
13802
13805
13806
13807
13808
13810
13814
13816
13818
13820
13821
13822
13823
13824
13825
13826
13828
13829
13832
13834
13836
13837
13838
13839
13841
13842
13844
13846
13847
13848
13849
13851
13852
13853
13854
13855
13857
13860
13861
13862
13864
13865
13867
13868
13870
13871
13873
13874
13876
13878
13880
13882
13883
13884
13885
13886
13887
13890
13891
13892
13893
13895
13896
13897
13898
13899
13901
13902
13903
13904
13905
13906
13907
13909
13910
13911
13912
13914
13915
13916
13917
13918
13919
13920
13922
13923
13924
13925
13926
13927
13928
13929
13930
13931
13932
13933
13934
13936
13937
13938
13939
13940
13941
13942
13943
13944
13945
13946
13947
13948
13949
13950
13951
13953
13954
13956
13957
13958
13959
13960
13961
13962
13963
13965
13966
13967
13968
13969
13970
13971
13972
13974
13976
13979
13981
13982
13984
13985
13986
13990
13991
13992
13993
13994
13995
13997
13998
14000
14002
14003
14005
14009
14010
14011
14013
14014
14017
14018
14019
14020
14022
14023
14024
14025
14026
14029
14032
14034
14035
14036
14037
14038
14039
14040
14041
14042
14043
14044
14046
14047
14048
14049
14050
14052
14053
14054
14055
14056
14057
14058
14059
14060
14061
14063
14064
14065
14066
14068
14069
14070
14071
14073
14075
14076
14077
14078
14080
14081
14082
14083
14084
14085
14086
14087
14088
14089
14090
14091
14092
14094
14095
14097
14098
14100
14102
14104
14105
14106
14107
14108
14109
14110
14111
14112
14113
14114
