5
6
17
24
2306
26
27
4431
4859
3985
3458
10851
31
30
2258
123
112
113
122
126
212
226
248
259
1254
312
313
3061
1383
376
461
485
3605
496
512
4923
538
542
570
604
8971
1422
627
642
723
862
871
902
3789
977
5027
1033
9387
978
981
8823
1192
1082
4948
1303
980
983
982
984
985
1002
986
987
1056
991
992
996
999
1001
1393
1367
1016
1003
3833
9627
1004
1005
5415
1008
1009
1013
1014
1015
1017
1018
1022
1023
1024
1025
1030
1031
1032
6342
1959
6551
6451
6298
5052
2654
1034
1035
1038
1043
1065
1099
1049
1050
1051
1089
1055
1057
1062
1064
1072
3600
1073
1874
1075
1078
1079
1084
1257
1088
1090
1091
1095
1097
1101
3691
1102
1103
1105
1107
9581
1108
1110
1113
1118
1121
1122
1124
1125
1126
1127
2240
1128
1129
2144
1131
1150
1163
3753
1166
1167
1168
1169
1513
3285
1337
1172
1178
1185
1483
13359
1489
12315
1186
1189
1191
1193
1195
1196
1197
1198
1199
1202
1204
1208
4953
1209
1211
8491
1213
1214
1215
1216
1226
1228
1229
1230
1231
1232
1233
2997
1234
1236
1238
1239
3790
1242
1245
1251
1252
1253
1255
1614
5239
1259
1261
1262
1265
1266
1268
1269
1272
1273
1274
1275
1278
1280
1282
1283
2473
1285
1286
1287
1289
1292
1293
1297
1299
1300
1301
1314
1304
1305
1307
1309
1311
1312
1315
1316
1318
1319
1322
1324
1332
1336
1464
1341
1342
12514
1481
1344
1348
1349
1356
1358
1360
1362
1366
1370
1371
1374
1375
1376
1377
1381
1382
5384
9914
1386
1387
9035
1390
1391
1392
3255
1394
1396
1398
1399
1400
2413
1401
1402
1405
1406
1408
1409
1410
1411
1412
1413
1414
13145
1415
1417
1418
1419
1420
1421
1423
1425
1426
1430
1431
1432
1433
1434
1435
1436
1438
1439
1440
1441
1442
1445
1447
1448
1449
1450
1451
1453
1454
1456
1457
1458
4754
9546
7372
2522
4832
14050
2026
12399
2035
1459
1460
1461
1462
1463
1637
9932
3665
2294
6493
1466
1470
1471
1473
1475
1476
1477
1482
1485
2904
1497
9307
1502
2326
1503
4945
1506
1508
14573
1509
1510
10978
1511
8441
1514
1516
1517
1547
4118
2840
2923
1519
1521
1522
1531
1537
1540
1543
1545
1548
3961
1550
1552
1557
1559
1581
1562
1566
1567
1570
1574
10798
5334
2199
1575
1578
1586
1587
6210
1588
1589
1590
1591
1592
1593
1596
1597
1598
1599
1600
1601
1602
1603
1604
1605
1606
1607
1608
1610
1611
1612
1613
1615
1616
1619
1620
1623
1624
1626
1628
1629
1630
1631
1632
1634
1635
1636
6464
11835
6238
1640
1641
1642
1643
1644
10527
1647
1648
1649
1650
1651
2793
1656
1657
12564
1658
1662
1663
2960
1668
1669
1671
1672
1673
1674
1675
1676
1677
1678
1680
3506
1683
1684
1686
1688
1689
2329
1690
1739
1740
1741
1742
1743
1744
1745
1748
3772
1749
1750
1752
1753
1754
1756
1758
1759
1760
1761
1764
9262
1765
3365
1767
1769
1770
1771
1773
1774
1776
1778
1782
1788
1789
1791
1792
1793
1794
1795
1797
1802
1804
1806
1932
1808
1809
1811
1812
1815
1816
1817
1818
1823
1824
1827
1828
1830
1835
1837
1838
1839
1999
1841
10917
1844
1847
1850
1852
1857
1868
8948
1877
1882
1883
1884
1885
1888
1889
1890
1891
1894
1895
1896
1899
1903
1907
1908
1909
1910
1911
1914
1915
1916
1917
1918
1919
1921
1922
1923
1924
1925
1926
1928
1931
1934
1935
1936
1939
1940
1944
1946
1949
1950
1952
1953
1954
1955
1956
1957
4828
1958
10275
1963
1964
1965
1966
1968
1970
1971
1972
1975
1976
1977
1978
1979
1985
1986
1987
1988
1991
1992
2875
1993
1994
1996
1997
3741
2001
2002
2062
2005
2009
2010
2011
2012
2013
2015
2016
2018
2020
2023
2024
8664
2027
2030
2032
2034
2036
2037
9269
2039
2040
2043
2044
2045
2050
2051
2052
2054
2058
2059
2061
2064
2065
2066
2067
2069
2071
8930
6478
2074
2075
2078
2079
2080
2081
2082
2083
2084
2085
2088
2089
2093
2094
2095
2096
2098
2099
2100
2102
2103
2104
2105
2106
2107
2108
2109
2110
2114
2115
2116
2117
2118
2120
2121
2124
2125
2126
2131
2132
2134
2135
2136
2137
2139
2143
2146
2147
2148
2149
2150
2151
2153
2155
5060
2156
2158
2159
2160
2161
2162
2163
2167
2169
2170
2176
2177
2178
3290
2179
2180
2181
2182
2185
2187
2188
2189
2190
2191
2192
2193
2195
2196
2200
2201
2202
2204
2205
2208
2210
2212
2214
2282
2217
2218
2222
2223
2225
2227
2228
2229
2230
2231
2232
2233
2234
2238
3935
2239
2242
2247
2248
2250
2251
2252
2253
2254
2256
2259
2260
2261
2262
2265
2266
2268
2269
2270
2271
2272
2274
2275
2278
2281
2280
9071
3632
2284
2285
2286
2288
2291
2293
4042
6198
2296
2297
2298
2299
2300
2305
2307
2309
2310
2311
2312
2315
2318
2319
2324
2320
2321
2322
2323
2325
2327
2328
2330
2331
2333
2334
2336
2338
2339
2340
2342
6505
2343
2344
2345
2346
2347
2349
2350
5126
2351
2352
2353
2356
2357
2359
2360
2361
2363
2364
2367
2368
2678
2371
2372
2373
2374
2375
2376
2381
2386
5234
4743
2387
2390
2391
2392
2393
2396
14195
2397
2398
2401
2402
2403
2404
2405
2406
2407
2408
2409
2410
2411
2412
2588
2415
2417
2418
2419
2420
2421
2422
2423
2424
2426
2428
2430
2431
2432
2433
2434
2436
2440
2442
3737
2444
2445
2447
2448
2449
2451
2452
2453
4710
2454
5847
2455
2457
2459
2461
6341
2463
2464
2466
2467
2468
2470
2475
2478
2480
2483
2484
2485
2487
2489
2490
2491
2492
2494
2495
2498
2499
2501
2502
2503
2505
2506
2507
2508
2509
2510
5105
4716
2511
2512
2515
2516
2521
2523
2524
2525
2526
2528
13422
2530
2532
2533
2534
2535
2536
2537
2539
2540
2541
2543
2545
2546
2547
2548
2549
2550
2554
2555
2557
2558
2559
2560
2563
2564
2565
9023
2567
2568
2569
2570
2571
2572
2573
2574
2576
2577
2578
2579
2581
2582
2585
2586
2589
2590
2593
6841
3743
2594
2595
2597
2598
2600
2601
2602
2603
2604
2605
2606
2607
2608
2609
2610
2611
2612
2614
2615
2616
2617
2618
2619
2620
2624
2625
2626
2628
2631
2633
2634
2635
2637
2638
2639
2640
2641
2642
2645
2646
2647
2652
2653
2655
2656
2658
2659
2660
2666
2670
2674
2676
2679
2681
2685
2687
2688
2689
2690
2692
2693
2694
2695
2696
2698
2699
2700
2702
2703
2704
2707
2708
2709
2710
3568
2711
2712
2713
2718
2723
2725
2727
2728
2731
2735
2738
2742
2743
2747
2749
2750
2751
2753
2754
2755
2756
2757
2759
2760
2761
2762
2767
2768
2773
2774
2777
2778
2782
2783
2786
2787
2788
2794
2795
2796
2798
2799
2802
2803
2805
2806
2807
2808
2809
2810
2811
4649
2812
2813
2815
2816
2817
2819
2820
2822
2823
2824
2825
2827
2829
2830
2831
2832
2835
2836
2837
2838
2839
2841
2844
2845
2848
2849
2850
2851
2852
2853
2854
2857
2858
2859
2860
2861
2862
2863
2868
2869
2871
2879
2880
2881
2884
2885
2887
2890
2891
2892
2903
2909
2911
2912
2914
2916
2917
2918
2924
2926
2928
2929
2930
2931
2932
2933
2934
2940
2943
2949
2950
2951
2952
2953
2956
2958
4019
2962
2963
2964
2966
2967
2968
2970
2971
2980
2982
2984
2990
2991
2994
2996
3000
3002
3003
3005
3006
8778
3009
3013
4856
3015
3016
3020
3022
3026
3033
3035
3036
3038
3040
3045
3047
3048
3049
3050
3051
3055
3066
3068
3070
3077
3080
3081
3082
3083
3086
3087
3090
3091
3094
3095
3096
3097
3099
3100
3101
3102
3103
3105
3106
3107
3109
3110
3113
3114
3116
3117
3118
3120
3121
3122
3125
3126
3127
3128
3129
3130
3131
3134
3135
3137
3139
3141
3142
3143
3144
3145
3146
3148
3149
3150
3151
3152
3153
3154
3155
3157
3158
3159
3160
3163
3165
3166
3168
3169
3170
3171
3172
3174
3175
3176
3177
3178
3179
3180
3182
3183
3184
3185
3188
3189
3190
3191
3192
3194
3195
3196
3201
3202
3203
3205
3206
3207
3208
3209
3211
3212
3213
3214
3215
3216
10066
3217
3218
3219
3220
3221
3222
3223
3224
3225
3226
3227
3231
3232
3233
3234
3235
3236
3266
3237
3239
3240
3241
3242
3243
3244
3246
3247
3249
3253
3256
3257
3258
3259
3261
3262
3263
3264
3267
3268
3271
3272
3273
3274
3275
12356
3276
3277
3278
3281
3282
3283
3284
3286
3287
3288
3289
3291
3293
3294
3295
3297
3298
3300
3301
3302
3303
3305
3306
3307
3308
3311
3312
3313
3314
3316
8838
3317
3318
3320
3321
3322
3324
3326
3327
3329
3331
3332
3334
3336
3337
3341
3342
3345
3348
10185
11275
3350
3351
3352
3354
3355
3357
3358
3361
3362
3363
3364
14274
3366
4350
3367
3368
3370
3371
3372
3373
3375
3378
3380
3382
3383
3386
3389
3392
3393
3394
3399
4804
3401
3406
3407
3408
3410
3729
3414
3416
3422
3424
3425
3426
3427
3428
3429
3430
3432
3433
3436
3438
3439
3440
3442
3444
3449
3450
3455
3456
15297
8712
3461
3463
3464
3467
3472
3473
3477
3479
3481
3485
3486
3487
3488
3491
3500
3503
3505
3511
3512
3516
3523
3524
8946
3528
3530
3531
3534
3535
3539
3544
3551
3556
3558
3561
3562
3563
3565
3566
3569
3570
3571
3572
3573
3576
3579
3580
3582
3587
3589
3592
3593
3594
3595
3596
3598
3603
7765
3606
3609
3612
3614
3615
11070
3618
3619
3620
3622
3623
3624
3625
3626
3628
3629
3630
3633
3635
3636
3641
3642
3643
3645
3646
3647
3648
3649
3650
3651
3652
3655
3659
3660
3661
3662
3663
3666
3668
3669
3670
3672
3674
3675
3678
3680
3681
3682
3683
3686
3687
3688
3697
3699
3700
3705
3707
3709
3711
3712
3715
3718
3719
3721
3726
3727
3728
3923
4196
3730
3732
3733
3736
12587
3742
3746
3747
3748
3754
3755
3760
3761
3764
3765
3771
4394
3774
3776
3777
3778
3781
3782
3783
3784
3788
3797
3796
3798
3799
3801
3802
3805
3806
3807
3808
3810
3813
3814
3819
3820
3821
3822
3826
3827
3828
3831
3832
3839
3840
3842
3844
3845
3848
3849
3851
4746
4153
3853
3854
3858
3859
3863
3866
3868
3870
3872
3876
3877
3878
3879
3880
3884
3886
3891
3892
3893
3898
3901
3907
3908
3909
3911
3912
3913
3916
3917
8952
3920
3922
3924
3927
3929
3933
3934
3942
3945
3946
3947
3948
4761
3953
4150
3954
3955
3957
3958
6202
6670
3963
3964
3967
3969
3970
3975
4794
3976
3979
3982
3983
6424
3988
3994
3995
4001
4002
4004
15368
4007
4008
4009
4012
4018
4020
4022
4029
4032
4037
4041
4049
4052
4054
4055
4059
4063
4065
4067
4068
4070
4072
4073
4076
4078
4079
4081
4082
4085
4087
4099
4101
4104
4106
4107
4109
4115
4120
4122
4125
4127
4129
4130
4139
4140
5024
4142
4145
4146
4147
4148
4149
4156
4158
4159
4160
4162
4163
4169
4170
4173
4174
4180
4183
4192
4193
4197
4198
4201
4203
4206
4213
4214
4215
4217
4221
4222
4225
4227
4232
4233
4234
4235
4236
4240
4245
4246
4248
4249
4256
4257
4274
4278
4282
4283
4286
4288
4289
4290
4291
4292
4296
4297
4298
4299
4301
4302
4307
4312
4313
4315
4316
4322
4328
4329
4330
4332
4334
4338
4339
4342
4349
4416
4351
4352
4355
4359
4364
4366
4368
4369
4371
4375
4376
4378
7339
4379
4381
6528
4383
4385
4386
4389
4392
4393
4397
4399
4402
4403
4406
4412
4414
4415
4417
4666
4418
5389
4429
4430
4434
4435
4436
4443
4445
4448
4452
4456
4459
4460
4461
4464
4465
4468
4491
4496
4499
4500
4502
4505
6687
4507
4511
4513
4521
4524
4527
4529
4533
4545
4550
4551
4554
4559
4560
4564
4566
4567
4571
4579
4580
4582
4583
4584
4587
4588
4597
4598
4601
4602
4614
4615
4616
4618
4621
4626
4627
4631
4632
4638
4639
4643
4646
4647
4650
4654
4655
4659
4660
4668
4670
4679
4683
4695
4696
4698
4707
4708
4709
4711
4718
4719
4723
4727
4728
4729
4730
4731
4734
4738
4748
4753
4756
4757
4759
4765
4772
4777
4784
4788
4790
5593
4805
4807
4809
4810
4814
4817
4818
4819
13444
4824
7350
4827
9940
4831
5554
4835
4841
4843
4845
4847
7345
4850
4853
4858
4863
4870
4871
4872
4873
4874
4877
4879
4882
4883
4885
11818
4886
4889
4891
4892
4893
4896
4900
4901
4902
4906
4907
4908
4911
4916
4920
4921
4925
4926
4928
4933
4936
4941
4943
4944
12169
6274
12139
7514
4949
4950
4951
4952
4954
5857
4955
4960
4965
4967
4968
4969
4971
4972
8351
4973
4974
4975
4980
4984
4988
4991
4993
4995
4997
4998
4999
5001
5002
5004
5005
5007
5008
5009
5011
5012
5013
5014
5021
5023
5026
5030
5031
5032
5033
5034
5035
5036
5037
5038
5045
5049
5056
5061
5064
5065
5070
5071
5074
5075
5076
5077
5078
5081
5082
5083
5087
5091
5092
5097
5098
5101
5103
5104
5106
5107
5108
5109
5110
5114
5115
5117
5118
5120
5121
5122
5123
7796
5124
5125
5127
5128
5129
5130
5131
5132
5134
5135
5136
5137
5139
5140
5141
5142
5143
5144
5145
5146
5148
5150
5153
5155
5156
5160
5161
5162
5163
5167
5168
5170
5171
5174
5175
5176
5179
5180
5181
5183
5184
5188
5189
5192
5196
5197
5198
5199
5200
5203
5204
5205
5206
5208
5210
5211
5212
5213
5214
5217
5218
5221
5222
5224
5227
5228
5230
5235
5236
5237
5241
5242
5243
5244
5245
5247
5248
5253
5255
5256
5257
5258
5261
5265
5266
5267
5268
5269
5270
5450
5272
5273
5274
5275
5276
5277
5278
5280
5282
5283
5285
5287
5288
5289
5291
5293
5294
5295
5298
5300
5302
5303
5304
5305
5306
5310
5311
5312
5313
6050
8054
8055
5315
5316
5317
5318
5322
5323
5326
5327
5328
5330
5331
5332
5335
5336
5337
5338
5339
5340
5341
5344
5345
5346
5350
5352
5357
5358
5359
5362
5364
5365
5366
5368
5369
5370
5373
5375
5376
5377
5379
5381
5382
5385
5386
5387
5388
5390
5391
5392
5393
5394
5395
5396
5397
5398
5399
5401
5405
5406
5407
5408
5409
5412
5414
5417
5418
5419
5421
5424
5429
5430
5431
5433
5435
5437
5440
5441
5442
5444
5445
5454
5458
5461
5462
5467
5468
5469
5471
5473
5474
5475
5476
5477
5478
5480
5481
5482
5483
5484
5486
5488
5489
5491
5493
5494
5495
5497
5498
5500
5501
5502
5503
5505
5506
5509
5510
5511
5512
5513
5514
5515
5516
5518
5519
5521
5522
5524
14057
13693
5525
5526
5527
5530
5531
5532
5534
5536
5537
5538
9328
5539
5540
5541
5543
5545
5547
5549
5550
5551
5556
5557
5558
5560
5561
5562
5563
5564
5566
5567
5568
5569
5570
5571
7177
5572
5573
5574
5575
5576
5577
5578
5579
5580
5581
5583
5585
5586
5589
5591
5592
5594
5596
5600
5601
5604
5610
5627
5629
5631
5632
5633
5640
5642
5654
5656
5659
5661
5662
5663
5679
5685
5686
5689
5696
5700
5718
5719
5729
5744
5746
5756
5759
5765
5769
5771
5777
5778
5779
5782
5788
5790
5797
5810
5822
5832
5837
5843
5846
5848
5849
5850
5851
5853
5856
5861
5862
5864
5865
5866
5867
5869
5871
5872
5877
5889
5894
5897
5910
5911
5914
5930
5931
5932
5937
5943
5944
5945
5946
5961
5967
5975
5976
5979
5980
5986
5987
5989
5991
5992
5997
6002
6003
6004
6005
6013
6015
6016
6017
6018
6021
6023
6025
6028
6029
6031
6034
6036
6039
6040
6046
6052
7706
6056
6057
6058
6061
6063
6068
6069
6070
6074
6079
6080
6083
6091
6092
6093
6095
6101
6105
6106
6107
6108
6112
6114
6115
6120
6121
13766
6122
6124
6125
6127
6130
6131
6132
6133
6137
6138
6143
6148
6149
6150
6152
6155
6157
6164
6165
6166
6172
6173
6176
6177
6180
6183
6184
6188
6189
6190
6193
6194
6199
6200
6205
6207
6208
6214
6215
6216
6217
6218
6219
6221
6223
6225
6229
6230
6231
6234
6235
6236
6239
6241
6242
6243
6245
6251
6252
6255
6256
6262
6263
6265
6266
6267
6269
6271
6276
6277
6278
6279
6280
6281
6282
6283
6284
6285
6286
6291
6292
6294
6296
6297
6299
6301
6303
6305
6307
6308
6310
6311
6312
6313
6314
6315
6322
6323
6326
6327
6331
6335
6337
6338
6339
6343
6346
6347
6348
6351
6355
6358
6359
6364
6365
6367
6369
6375
6378
6379
6381
6382
6384
6386
6387
6392
6394
6395
6396
6397
6399
6401
6402
6404
6407
6408
6409
6414
6416
6418
6422
6425
6427
6428
6429
6431
6432
6434
6435
6436
6437
6438
6441
6442
6443
6445
6447
6448
6450
6452
6454
6455
6457
6461
6462
6463
6469
6470
6473
6476
6481
6483
6485
6488
6490
6491
10559
6492
6497
6498
6499
6501
6502
6503
6506
6510
6513
6514
6517
6519
6522
6525
6529
6530
6532
6535
6543
6549
6552
6553
6555
6557
6559
6561
6565
6567
6568
6569
6571
6572
6574
6575
6577
6578
6580
6582
6585
6587
6592
6594
6595
6596
6597
6598
6600
6601
6602
6608
6609
6610
6614
6618
6621
6624
6625
6628
6630
6631
6632
6635
6636
6637
6639
6641
6642
6643
6644
6645
6646
6648
6649
6650
6651
6653
6656
6657
6658
6659
6663
6664
6665
6668
6669
6671
6672
6673
6675
6676
6679
6680
6683
6684
6685
6686
6691
6693
6694
6695
6700
6702
6704
6705
6706
6708
6712
6713
6714
6716
6719
6725
6726
6727
6729
6730
6731
6732
6733
6734
6735
6736
6737
6738
6739
6740
6742
6743
6744
6745
6746
6747
6748
6749
6751
6752
6753
6754
6755
6756
6757
6758
6759
6761
6762
6763
6764
6766
6767
6768
6769
6770
6771
6772
6773
6774
6775
6776
6777
6778
6779
6780
6782
6783
6784
6785
6786
6787
6788
6789
6790
6791
6793
6794
6795
6796
6797
6798
6799
6800
6801
6802
6803
6804
6805
6806
6807
6808
6810
6811
6812
6813
6814
6815
6816
6818
6819
6820
6821
6822
6823
6824
6826
6827
6828
6829
6830
6831
6832
6833
6834
6836
6837
6838
6839
6840
6842
6843
6844
8031
6845
6846
6849
6851
6853
6854
6855
6856
6857
6858
6859
6860
6861
6862
6863
6864
6865
6866
6868
6870
6871
6872
6874
6875
6876
6877
6878
6879
6880
6881
6882
6883
6884
6885
6886
6887
6890
6891
6892
6895
6896
6897
6898
6899
6900
6905
6906
6907
6908
6910
6911
6912
6915
6916
6917
6918
6919
6920
6922
6923
6924
6925
6926
6927
6928
6929
6930
6931
6932
6933
6934
6935
6936
6937
6940
10882
6941
6942
6943
6944
6945
6946
6947
6949
6950
6951
6954
6956
6957
6958
6959
6960
6961
6962
6963
6966
6967
6968
6969
6970
6972
6973
6974
6975
6977
6978
6979
6981
6982
6983
6984
6985
6986
6988
6990
6991
6992
6993
6994
6995
6997
6998
6999
7000
7001
7002
7003
7004
7005
7006
7007
7008
7009
7012
7013
7015
7017
7018
7019
7020
7021
7022
7023
7024
7025
7026
7027
7029
7030
7031
7032
7034
7036
7037
7038
7039
7040
7041
7043
7046
7049
7051
7052
7053
7055
7056
7058
7059
7060
7061
7062
7063
7064
7066
7067
7068
7069
7071
7072
7073
7077
7078
7079
7080
7081
7082
7083
7085
7086
7087
7088
7090
7091
7094
7096
7097
7099
7103
7104
7107
7108
7110
7112
7113
7114
7117
7119
7121
7122
7124
7125
7127
7129
7130
7131
7132
7133
7134
7138
7139
7140
7142
7143
7144
7148
7149
7150
7151
7152
7153
7154
7156
7158
7159
7160
7161
7163
7164
7165
7166
7167
7169
7170
7172
7173
7174
7175
7178
7179
7181
7182
7183
7233
7234
7235
7238
7239
7242
7243
7245
7248
7249
7252
7253
7254
7255
7256
7257
7261
7262
7263
7264
7265
7266
7267
7269
7270
7271
7272
7273
7275
7276
7278
7279
7281
7282
7283
7290
7291
7292
7293
7294
7296
7297
7298
7299
7302
7303
7304
7305
7306
7309
7310
7312
7313
7316
7321
7325
7328
7329
7330
7331
7333
7335
7336
9134
7337
7338
7340
7341
7351
7353
7355
7356
7360
7361
7362
7363
7364
7367
8405
7369
7370
7371
14044
7373
7374
7375
7376
7377
7378
7379
7380
7381
7383
7387
7388
7389
7390
7391
7392
7393
7395
7396
7398
7400
7401
7404
7405
7408
7409
7411
7413
7416
7417
7430
7431
7432
7435
7438
7440
7444
7447
10176
9658
7449
7450
7451
8938
7452
7453
7454
7455
7456
7458
7463
7468
7471
7472
7476
7480
7481
7482
7483
7485
7486
7490
7493
7502
7510
7512
7513
9007
7515
7517
7518
7522
7530
7533
7536
7543
7544
7546
7547
7548
7552
13280
7553
7554
7571
7577
7555
7560
7563
7564
7569
7570
7572
7574
7579
7586
7587
7592
7593
7596
7599
7600
7601
7602
7603
7605
7606
7609
7612
7614
7615
7620
7630
7642
7644
7645
7648
7649
7652
7655
7657
7658
7660
7662
7665
7669
7670
7672
7676
7677
7679
7680
7682
7683
7685
7690
7698
7702
7705
7709
7712
7714
7716
7720
7721
7723
7724
7726
7727
7730
7731
7732
7737
7738
7739
7740
7741
7743
7747
7750
7754
7761
7766
7769
7771
7773
7776
7783
7788
7792
7793
7794
7795
7798
7799
7801
7802
7805
7807
7809
7810
7812
7813
7814
7816
7817
7821
7826
7829
7833
7835
7836
7837
7838
7839
7842
7843
7844
7845
7846
7848
7849
7850
7851
7853
7854
7856
7857
7858
7860
7862
7863
7865
7866
7867
7868
7871
7872
7874
7875
7877
7879
7880
7881
7882
7883
7884
7887
7889
7890
7891
7892
7893
7894
7895
7896
7897
7898
7901
7902
7905
7906
7907
7908
7911
7912
7914
7915
7917
7918
7921
7922
7923
7924
7925
9936
7927
7928
7929
7932
7933
7934
7935
7936
7937
7938
7939
7941
7944
7946
7947
7948
7949
7956
7959
7962
7968
7970
7971
7972
7974
7976
7981
7985
7986
7988
7990
7992
7994
7995
7998
8001
7999
8000
8007
8009
8010
8011
8012
8014
8016
8017
8023
8033
8035
8038
8042
8043
8046
8047
8048
8050
8051
8052
8053
8056
8057
8062
8063
8064
8067
8068
8070
8072
8075
8076
8077
8078
8079
8081
8082
8083
8084
8085
8086
8087
8089
8090
8091
8093
8094
8095
8096
8097
8098
8099
8100
8101
8102
8103
8105
8106
8108
8110
8111
8112
8113
8114
8116
8117
8119
8121
8122
8125
8126
8127
8130
8132
8133
8134
8135
8138
8139
8141
8142
8143
8146
8147
8148
8149
8150
8154
8155
8158
8159
8161
8162
8163
8164
8165
8166
8167
8168
8171
8173
8174
8175
8176
8177
8179
8180
8181
8182
8183
12916
8185
8187
8188
8189
8193
8196
8197
8198
8200
8201
8202
8204
8205
8206
8208
8209
8210
8213
8214
8215
8216
8217
8218
8220
8221
8224
8226
8227
8230
8231
8232
8234
8237
8240
8241
8242
8243
8244
8249
11242
8251
8253
8255
8256
8259
8262
8263
8269
8271
8277
8278
8279
8280
8281
8282
8288
8289
8290
8295
8296
8299
8300
8301
8303
8304
8307
8309
8310
8311
8318
8319
8323
8325
8326
8327
8328
8330
8331
8332
8333
8337
8338
8339
8340
8341
8342
8352
8353
8354
8356
8358
8359
8365
8366
8367
8543
8368
8371
8374
8375
8376
8380
8381
8382
8383
8385
8386
8387
8388
8389
8391
8392
8393
8394
8396
8397
8398
8401
8404
8407
8411
8413
8414
8418
8420
8423
8425
8431
8435
8436
8437
8438
8439
8440
8445
8447
8448
8449
8450
8452
8456
8457
8460
8462
8463
8464
8470
8471
8472
8474
8475
8478
8479
8481
8482
8485
8486
8964
8492
8494
8496
8497
8498
8499
8502
8503
8505
8507
8510
8512
8513
8515
8517
8520
8523
8524
8525
8526
8528
8533
8536
8542
8545
8550
8556
8559
8560
8564
8565
8566
8567
8568
8570
8572
8574
8575
8577
8578
8579
8581
8582
8584
8586
8587
8589
8590
8593
8594
8596
8599
8604
8606
8610
8613
8614
8615
8617
8618
8619
8620
8621
8623
8624
8627
8628
8630
8632
8636
8638
8639
8640
8642
8643
8644
8645
8646
8647
8648
8649
8653
8654
8655
8656
8657
8658
8659
8661
8663
8666
8668
8669
8671
8675
8676
8677
8679
8680
8681
8683
8684
8690
8691
8693
8694
8695
8698
8699
8700
8701
8702
8704
8705
8707
8708
8709
8711
15288
15259
8713
8714
8720
8724
8726
8729
8730
8731
8734
8735
8736
8737
8738
9410
8739
8740
8741
8743
8744
8746
8747
8748
8749
8750
8753
8755
8758
8760
8763
8764
8766
8767
8769
8770
8774
8776
8777
9900
8779
8781
8783
8785
8786
8788
8793
8797
8798
8802
8803
8804
8805
8808
8809
8811
8812
8815
8816
8821
8824
8825
8826
8827
8829
8830
8834
8839
10108
8840
8841
8842
8843
8845
8846
8848
8849
8853
8854
8855
8857
8858
8859
8860
8861
8862
8868
8871
8874
8876
8880
8881
8882
8886
8889
8890
8891
8895
8896
8897
8904
8908
8914
8917
8919
8920
8921
8923
8925
8927
8928
12093
8933
8935
8936
8944
8947
8949
8954
8956
8958
8959
8961
8963
8965
8966
8967
8973
8974
8975
8976
8978
8981
8982
8985
8987
8990
8992
8993
8994
8996
8997
8999
9000
9003
9004
9009
9010
9012
9014
9016
9017
9020
9022
9024
9149
9032
9033
9034
9037
9043
9048
9052
9053
9055
9056
9058
9062
9063
9064
9065
9069
9070
9072
9075
9076
9078
9081
9082
9084
9086
9087
9088
9089
9090
9091
9092
9095
9097
9098
9104
9105
9107
9109
9111
9117
9122
9126
9129
9130
9133
9135
9136
9137
9142
9143
9144
9147
9151
9152
9153
9154
9156
9157
9158
9159
9160
9164
9165
9166
9167
9168
9170
9171
9172
9173
9174
9179
9181
9183
9184
9185
9186
9188
9193
9194
9195
9197
9199
9201
9203
9204
9205
9207
9208
9210
9212
9213
9216
9217
9219
9220
9221
9224
9226
9227
9228
9232
9233
9234
9235
9237
9238
9240
9242
9248
9249
9250
9253
9254
9256
9257
9258
9259
9260
9261
9408
9409
13267
9401
9402
13307
9263
9264
9265
9267
9271
9275
9276
9277
9278
9279
9280
9281
9286
9287
9291
9293
9296
9297
9298
9299
9300
9303
9304
9308
9310
9311
9314
9317
9318
9319
9320
9321
9323
9324
9325
9326
9330
9331
9335
9336
9337
9338
9339
9340
9341
9342
9344
9345
9346
9347
9348
9349
9350
9352
9353
9354
9355
9356
9357
9358
9360
9362
9365
9366
9368
9369
9370
9372
9376
9379
9380
9381
9385
9386
9398
9400
9405
9406
9407
13571
9412
9413
9415
9418
9420
9421
9423
9425
9426
9428
9429
9430
9441
9443
9447
9449
9453
9456
9457
9458
9459
9460
9461
9463
9464
9465
9466
9469
9470
9473
9478
9484
9486
9487
9488
9490
9491
9492
9493
9495
9496
9497
9498
9499
9501
9503
9504
9505
9506
9513
9515
9516
9517
9518
9520
9523
9524
9525
9526
9527
9528
9529
9530
9531
9532
9533
9534
9535
9536
9537
9539
9540
9541
9542
9543
9545
9548
9551
9552
9553
9554
9555
9556
9557
9559
9560
9563
9564
9566
9567
9568
9569
9570
9571
9572
9574
9575
9576
9577
9578
9580
9583
9584
9585
9586
9587
9589
9590
9591
9592
9594
9598
9599
9600
9601
9602
9603
9604
9606
9608
9609
9611
9613
9618
9624
9625
9626
9628
9629
9631
9632
9633
9634
9635
9636
9639
9641
9644
9645
9647
9648
9650
9651
9653
9654
9655
9656
9659
9660
9661
9662
9663
9664
9665
9667
9668
9669
9670
9671
9672
9674
9675
9676
9677
9678
9679
9682
9683
9684
9685
9686
9687
9689
9691
9694
9697
9698
9700
9701
9702
9703
9707
9710
9711
9712
9713
9714
9716
9717
9719
9720
9721
9722
9723
9724
9726
9727
9728
9729
9731
9732
9733
9735
9736
10419
9737
9738
9739
9740
9742
9743
9746
9749
9751
9752
9753
9754
9755
9757
9760
9761
9762
9764
9767
9768
9770
9771
9772
9774
9776
9777
9779
9780
9781
9783
9784
9785
9786
9787
9788
9789
9790
9792
9794
9797
9802
9804
9805
9807
9809
9811
9812
9814
9815
9816
9817
9818
9821
9822
9823
9825
9826
9827
9828
9832
9833
9834
9835
9836
9843
9845
9847
9848
9852
9854
9857
9858
9859
9861
9862
9864
9865
9867
9869
9870
9872
9873
9874
9876
9877
9878
9879
9880
9881
9882
9883
9884
9885
9886
9887
9888
9889
9892
9893
9894
9898
9902
9903
9907
9908
9909
9911
9912
9913
9915
9922
9924
9926
9928
9931
9934
9935
9937
9938
9939
9941
9943
9947
9948
9949
9950
9951
9953
9959
9961
9964
9965
9968
9969
9970
9972
9973
9974
9975
9977
9978
9981
9982
9983
9984
9986
9989
9992
9993
9995
9998
9999
10000
10002
10005
10006
10007
10008
10009
10010
10012
10013
10014
10015
10016
10018
10019
10020
10025
10028
10030
10031
10032
10034
10035
10038
10041
10042
10048
10050
10051
10056
10057
10060
10063
10065
10068
10072
10078
10081
10083
10085
10088
10091
10092
10093
10094
10098
10100
10101
10102
10103
10104
10105
10111
10112
10113
10114
10116
10118
10119
10121
10126
10129
10130
10131
10134
10137
10138
10140
10141
10144
10145
10149
10150
10152
10153
10158
10159
10163
10164
10169
14255
10170
10171
10172
10173
10174
10177
10178
10179
10182
10183
10184
10186
10187
10188
10189
10190
10191
10193
10194
10195
10201
10205
10208
10213
10215
10218
10220
10221
10228
10234
10238
10243
10244
10245
10248
10251
10252
10254
10261
10262
10263
10265
10266
10268
10273
10276
10278
10282
10283
10288
10290
10292
10293
10294
10302
10310
10312
10315
10322
10324
10327
10329
10331
10332
10335
10341
10345
10347
10350
10356
10357
10359
10360
10362
10364
10370
10373
10374
10375
10376
10380
10381
10382
10383
10385
10387
10388
10391
10393
10394
10401
10404
10405
10406
10407
10408
10409
10410
10411
10413
10414
10416
10420
10422
10423
10424
10425
10427
10428
10429
10430
10431
10432
10433
10434
10438
10439
10440
10441
10444
10447
10452
10458
10460
10462
10463
10464
10465
10466
10467
10471
10474
10477
10478
10479
10480
10481
10483
10488
10489
10490
10492
10498
10500
10501
10502
10503
10504
10507
10509
10510
10511
10512
10514
10520
10523
10524
10526
10528
10529
10530
10532
10534
10538
10539
10541
10543
10544
10545
10547
10553
10558
10563
10567
10569
10572
10573
10575
10576
10580
10581
10583
10598
10600
10602
10603
10605
10607
10609
10615
10623
10624
10628
10632
10647
10649
10653
10657
10658
10661
10666
10667
10669
10670
10671
10672
10677
10678
10682
10686
10689
10690
10691
10692
10693
10701
10703
10705
10708
10709
10711
10712
10713
10716
10719
10721
10725
10726
10727
10728
10731
10732
10735
10736
10738
10739
10741
10742
10744
10745
10747
10748
10753
10754
10757
10761
10763
10765
10766
10770
10780
10781
10792
10796
10797
10804
10805
10806
10807
10809
10814
10816
10819
10821
10823
10830
10833
10836
10837
10838
10840
10842
10843
10847
10849
10852
10853
10854
10858
10860
10861
10862
10867
10872
10877
10881
10884
10885
10887
10888
10893
10897
10908
10911
10913
10914
10929
10957
10958
10959
10960
10961
10967
10968
10971
10972
10974
10975
10977
10980
10983
10985
10986
10988
10990
10991
10992
10993
10994
10996
10997
10998
10999
11004
11011
11012
11014
11018
11023
11029
11032
11033
11034
11036
11037
11040
11041
11042
11045
11046
11047
11055
11057
11062
11064
11067
11069
11071
11077
11083
11084
11092
11095
11100
11102
11115
11116
11117
11119
11121
11123
11125
11135
11174
11190
11192
11210
11224
11228
11234
11246
11249
11258
11262
11265
11270
11276
11288
11294
11299
11302
11313
11322
11328
11329
11338
11340
11342
11352
11353
11357
11385
11412
11433
11435
11466
11512
11530
11538
11556
11623
11634
11640
11650
11654
11663
11676
11677
11679
11681
11682
11683
11688
11693
11696
11697
11698
11702
11704
11706
11712
11713
11719
11720
11722
11723
11726
11730
11733
11738
11739
11740
11741
11742
11743
11744
11745
11746
11747
11749
11750
11751
11754
11755
11758
11759
11760
11762
11763
11764
11765
11767
11769
11770
11771
11772
11774
11777
11778
11781
11787
11790
11796
11797
11799
11807
11808
11809
11812
11813
11816
11819
11821
11823
11826
11827
11831
13276
11837
11838
11848
11849
11851
11852
11856
11859
11861
11863
11864
11865
11867
11869
11872
11874
11877
11879
11882
11884
11885
11886
11887
11893
11896
11899
11900
11903
11904
11907
11910
11911
11914
11917
11920
11921
11922
11928
11931
11933
11936
11939
11940
11943
11944
11948
11949
11952
11954
11955
11956
11958
11960
11962
11963
11966
11972
11974
11979
11982
11984
12375
11999
12001
12015
12018
12021
12022
12023
12028
12030
12032
12033
12034
12035
12036
12048
12054
12056
12060
12061
12066
12069
12071
12075
12078
12082
12086
12087
12092
12095
12096
12097
12098
12100
12101
12103
12104
12105
12107
12111
12115
12117
12121
12123
12728
12133
12134
12135
12137
12141
12142
12143
12146
12149
12150
12154
12155
12156
12163
12166
12167
12168
12173
12175
12176
12177
12178
12179
12182
12186
12187
12191
12195
12197
12198
12199
12206
12207
12208
12210
12212
12213
12215
12216
12218
12220
12221
12223
15268
12225
12229
12232
12234
12235
12236
12237
12238
12239
12241
12242
12244
12245
12246
12249
12250
12251
12252
12253
12254
12256
12258
12260
12266
12268
12269
12271
12272
12273
12275
12277
12278
12279
12280
12284
12285
12287
12288
12290
12291
12294
12295
12297
12298
12300
12302
12303
12306
12307
12312
12314
12316
12323
12325
12326
12327
12329
12330
12331
12334
12335
12336
12337
12338
12339
12342
12343
12345
12346
12347
12349
12351
12352
12355
12357
12359
12360
12361
12362
12366
12370
12371
12373
12377
12380
12381
12383
12385
12386
12387
12388
12389
12390
12391
12393
12395
12396
12402
12404
12407
12409
12410
12412
12417
12418
12419
12421
12423
12426
12428
12429
12432
12434
12437
12439
12441
12442
12445
12446
12447
12449
12453
12455
12457
12460
12462
12465
12466
12468
12469
12470
12475
12476
12477
12478
12479
12483
12484
12488
12497
12498
12499
12502
12504
12510
12511
12512
12513
12515
12517
12518
12520
12523
12526
12527
12529
12531
12534
12536
12537
12539
12540
12541
12544
12548
12549
12551
12555
12561
12562
12565
12567
12568
12570
12571
12572
12573
12574
12576
12578
12579
12583
12584
12589
12591
12595
12596
12598
12604
12605
12607
12608
12609
12610
12611
12616
12617
12619
12620
12621
12623
12625
12626
12627
12635
12637
12639
12642
12644
12645
12647
12648
12649
12651
12652
12653
12655
12656
12658
12659
12664
12665
12666
12668
12669
12670
12671
12672
12673
12674
12675
12676
12677
12678
12680
12681
12684
12685
12687
12690
12691
12692
12693
12694
12695
12697
12702
12703
12705
12707
12714
12715
12718
12720
12721
12723
12724
12725
12727
12729
12731
12733
12734
12736
12739
12740
12742
12743
12746
12748
12749
12750
12751
12752
12755
12756
12758
12761
12767
12769
12771
12773
12774
12775
12778
12782
12783
12786
12789
12791
12792
12795
12796
12797
12799
12800
12802
12803
12804
12805
12806
12807
12809
12810
12811
12813
12814
12818
12819
12823
12824
12825
12826
12829
12831
12832
12833
12834
12836
12837
12838
12840
12841
12842
12844
12845
12846
12847
12848
12849
12852
12855
12856
12857
12858
12860
12862
12863
12864
12865
12866
12867
12868
12869
12870
12871
12872
12873
12874
12875
12876
12877
12878
12879
12880
12881
12882
12883
12885
12886
12887
12888
12889
12891
12893
12895
12896
12897
12899
12900
12901
12902
12903
12904
12905
12906
12907
12908
12909
12910
12911
12912
12913
12914
12915
12920
12922
12923
12924
12925
12927
12928
12929
12931
12933
12934
12935
12937
12938
12939
12940
12941
12944
12945
12947
12948
12950
12952
12954
12955
12960
12963
12964
12965
12966
12969
12971
12972
12973
12974
12976
12978
12979
12987
12988
12991
12992
12993
13000
13001
13002
13003
13007
13010
13013
13014
13015
13016
13017
13018
13019
13020
13025
13026
13028
13029
13031
13032
13034
13041
13042
13043
13044
13047
13049
13050
13053
13057
13058
13062
13064
13065
13066
13068
13070
13072
13073
13076
13077
13080
13081
13085
13086
13089
13091
13093
13094
13096
13100
13111
13112
13114
13117
13121
13122
13126
13127
13128
13129
13130
13131
13132
13135
13136
13137
13139
13140
13141
13142
13143
13144
13147
13148
13149
13151
13152
13153
13155
13156
13157
13159
13160
13163
13164
13166
13169
13172
13174
13178
13181
13182
13183
13188
13190
13191
13192
13193
13195
13196
13197
13199
13200
13201
13208
13210
13211
13212
13213
13214
13216
13217
13225
13229
13233
13238
13242
13243
13245
13246
13249
13250
13251
13252
13255
13258
13259
13261
13263
13264
13265
13270
13272
13273
13274
13275
13277
13278
13281
13282
13283
13285
13286
13288
13292
13293
13294
13296
13300
13301
13303
13308
13309
13310
13311
13783
13313
13314
13315
13316
13318
13319
13320
13322
13325
13326
13328
13330
13332
13333
13334
13336
13337
13339
13340
13341
13342
13344
13346
13347
13348
13350
13351
13352
13356
13358
13360
13363
13364
13367
13369
13370
13374
13376
13377
13378
13379
13380
13381
13383
13384
13385
13386
13387
13391
13392
13394
13395
13398
13400
13402
13403
13406
13408
13410
13414
13415
13416
13418
13421
13423
13424
13426
13428
13429
13430
13432
13433
13435
13438
13439
13441
13442
13447
13449
13451
13455
13463
13467
13468
13469
13470
13471
13472
13474
13476
13477
13478
13479
13481
13483
13485
13487
13493
13495
13496
13499
13500
13507
13508
13510
13512
13513
13514
13519
13520
13524
13525
13528
13530
13532
13535
13537
13539
13540
13542
13545
13549
13550
13554
13557
13562
13566
13567
13569
13570
13573
13579
13583
13586
13590
13591
13592
13598
13599
13600
13601
13603
13605
13607
13608
13609
13610
13611
13612
13613
13614
13615
13617
13618
13619
13620
13623
13625
13627
13630
13632
13633
13634
13635
13636
13637
13638
13641
13645
13648
13653
13654
13655
13657
13658
13660
13662
13663
13665
13667
13668
13670
13671
13672
13673
13675
13676
13677
13679
13683
13684
13685
13686
13687
13688
13691
13692
13694
13697
13699
13700
13701
13708
13709
13710
13712
13713
13716
13717
13718
13722
13723
13724
13727
13733
13734
13740
13741
13743
13745
13746
13747
13748
13749
13752
13753
13758
13759
13764
13765
13767
13769
13771
13774
13776
13779
13782
13785
13786
13790
13791
13792
13796
13798
13802
13805
13806
13807
13814
13815
13818
13819
13825
13827
13829
13830
13831
13832
13835
13836
13842
13845
13846
13849
13850
13851
13852
13853
13856
13858
13859
13863
13865
13866
13868
13872
13874
13875
13876
13877
13878
13879
13881
13882
13883
13884
13885
13886
13888
13889
13892
13894
13895
13896
13897
13901
13903
13906
13907
13908
13909
13911
13912
13913
13914
13915
13916
13917
13918
13919
13920
15375
15357
13921
13922
13923
13924
13925
13926
13927
13928
13929
13930
13931
13932
13933
13934
13935
13938
13939
13940
13943
13944
13945
13947
13948
13949
13950
13952
13953
13955
13957
13958
13959
13960
13961
13962
13963
13964
13965
13966
13967
13968
13969
13970
13971
13972
13973
13974
13975
13976
13977
13978
13979
13981
13983
13984
13985
13986
13987
13988
13989
13990
13991
13992
13993
13994
13995
13996
13997
13998
13999
14000
14001
14002
14003
14005
14006
14007
14008
14009
14010
14011
14012
14013
14014
14015
14017
14018
14019
14021
14022
14024
14025
14028
14029
14030
14032
14033
14034
14035
14036
14038
14039
14040
14041
14042
14043
14045
14046
14048
14049
14051
14053
14055
14058
14059
14060
14061
14062
14063
14064
14065
14066
14067
14070
14071
14072
14073
14074
14075
14077
14078
14079
14080
14081
14082
14083
14084
14085
14086
14087
14088
14089
14090
14091
14092
14093
14094
14096
14097
14098
14100
14101
14102
14104
14105
14106
14107
14108
14109
14110
14111
14112
14113
14114
14116
14117
14118
14119
14121
14122
14123
14124
14125
14126
14127
14128
14129
14130
14131
14132
14133
14134
14135
14136
14137
14138
14139
14140
14143
14144
14145
14146
14147
14148
14150
14151
14152
14153
14155
14157
14158
14159
14160
14161
14162
14163
14164
14165
14166
14167
14168
14169
14170
14171
14172
14173
14174
14175
14176
14178
14180
14181
14183
14184
14185
14186
14188
14189
14190
14191
14192
14193
14194
14196
14197
14199
14200
14201
14202
14203
14204
14205
14206
14207
14208
14210
14211
14212
14213
14214
14215
14216
14217
14219
14220
14221
14222
14223
14224
14225
14226
14230
14231
14232
14233
14234
14236
14237
14238
14239
14240
14242
14243
14244
14245
14246
14247
14248
14249
14250
14253
14254
14256
14257
14258
14259
14260
14261
14262
14264
14265
14266
14267
14268
14269
14270
14271
14272
14273
14275
14276
14277
14278
14279
14280
14282
14283
14285
14286
14287
14288
14289
14290
14291
14292
14293
14294
14296
14297
14298
14299
14300
14301
14303
14304
14305
14306
14307
14308
14309
14310
14311
14313
14314
14315
14316
14321
14322
14323
14325
14326
14327
14328
14329
14330
14332
14333
14334
14335
14336
14337
14338
14339
14340
14341
14342
14343
14344
14346
14347
14348
14349
14350
14351
14352
14353
14354
14355
14356
14357
14358
14359
14360
14362
14363
14365
14366
14367
14368
14369
14370
14372
14373
14375
14376
14377
14378
14379
14380
14381
14382
14383
14384
14385
14386
14387
14388
14389
14390
14391
14392
14393
14394
14395
14396
14397
14398
14399
14400
14401
14402
14403
14404
14406
14407
14408
14409
14410
14411
14681
14412
14413
14414
14415
14416
14417
14418
14419
14420
14421
14422
14423
14425
14426
14427
14428
14429
14430
14433
14434
14435
14436
14437
14438
14439
14440
14441
14444
14445
14446
14448
14450
14451
14452
14453
14454
14455
14456
14457
14459
14461
14462
14464
14465
14467
14468
14469
14470
14472
14473
14474
14475
14476
14477
14478
14479
14480
14481
14482
14483
14485
14486
14488
14490
14491
14492
14493
14494
14496
14497
14498
14499
14500
14501
14502
14503
14504
14505
14506
14507
14508
14509
14510
14511
14512
14514
14515
14516
14518
14519
14521
14522
14523
14524
14525
14526
14527
14528
14530
14531
14532
14533
14534
14535
14536
14537
14538
14539
14541
14542
14543
14544
14545
14547
14549
14550
14551
14552
14553
14554
14555
14557
14559
14561
14562
14563
14564
14566
14567
14568
14570
14571
14572
14574
14575
14576
14577
14579
14580
14581
14582
14583
14584
14586
14589
14590
14593
14598
14599
14600
14601
14602
14603
14604
14606
14607
14608
14610
14611
14612
14614
14616
14617
14618
14619
14620
14621
14622
14623
14624
14627
14631
14632
14633
14634
14635
14636
14639
14640
14641
14642
14643
14645
14646
14647
14648
14649
14651
14653
14654
14655
14657
14658
14659
14661
14662
14663
14664
14665
14666
14667
14668
14669
14670
14671
14672
14673
14674
14675
14677
14678
14680
14684
14686
14687
14688
14689
14690
14691
14692
14695
14697
14698
14699
14700
14701
14702
14704
14705
14706
14707
14708
14709
14710
14713
14714
14716
14717
14718
14719
14721
14723
14725
14727
14728
14729
14731
14733
14734
14737
14738
14739
14741
14743
14744
14745
14746
14747
14749
14750
14751
14752
14753
14754
14755
14757
14758
14759
14761
14763
14766
14767
14769
14770
14772
14775
14776
14778
14781
14783
14786
14787
14788
14789
14790
14792
14793
14794
14796
14797
14798
14799
14800
14801
14802
14803
14805
14806
14807
14809
14810
14812
14813
14814
14815
14817
14818
14820
14821
14823
14824
14825
14827
14828
14830
14831
14832
14835
14837
14838
14839
14840
14844
14845
14847
14848
14849
14850
14854
14855
14856
14858
14860
14861
14865
14866
14868
14869
14871
14872
14874
14879
14881
14882
14885
14887
14889
14890
14891
14892
14893
14894
14895
14897
14898
14900
14901
14902
14903
14904
14906
14908
14911
14912
14913
14914
14915
14916
14918
14921
14923
14924
14925
14926
14927
14928
14929
14930
14933
14934
14935
14936
14937
14938
14939
14940
14942
14943
14944
14946
14947
14948
14949
14950
14955
14957
14961
14962
14964
14965
14966
14969
14970
14973
14974
14975
14977
14980
14981
14982
14983
14984
14986
14988
14990
14991
14992
14999
15001
15005
15009
15010
15011
15012
15014
15015
15016
15020
15022
15024
15025
15029
15030
15031
15033
15034
15035
15036
15038
15040
15041
15043
15044
15045
15047
15057
15058
15060
15062
15063
15064
15065
15066
15067
15069
15070
15072
15074
15076
15078
15079
15081
15083
15084
15086
15092
15094
15096
15099
15100
15102
15107
15108
15112
15113
15114
15117
15120
15122
15123
15127
15129
15130
15133
15134
15135
15137
15140
15141
15142
15143
15146
15149
15150
15151
15153
15154
15155
15156
15157
15159
15161
15162
15163
15168
15170
15171
15172
15173
15174
15175
15177
15178
15180
15181
15183
15186
15190
15191
15194
15195
15197
15199
15200
15202
15203
15205
15207
15210
15211
15214
15216
15217
15222
15223
15224
15225
15227
15228
15229
15230
15231
15233
15234
15238
15242
15245
15246
15249
15250
15251
15254
15255
15256
15257
15261
15263
15264
15265
15270
15271
15272
15273
15274
15275
15276
15277
15279
15280
15282
15283
15285
15286
15295
15289
15291
15292
15293
15294
15296
15301
15302
15307
15308
15310
15312
15313
15316
15317
15320
15321
15323
15324
15328
15329
15330
15333
15334
15335
15337
15338
15340
15343
15344
15346
15347
15348
15350
15351
15352
15353
15354
15356
15358
15359
15360
15361
15362
15363
15365
15366
15369
15370
15371
15372
15373
15374
15376
15377
15378
15379
15385
15386
15388
15389
15390
15391
15392
15393
15394
15395
15396
15397
15398
15399
15400
15403
15406
15407
15408
15409
15410
15413
15415
15417
15421
15422
15423
15427
15428
15429
15432
15433
15436
15438
15441
15443
15446
15447
15448
15451
15452
15453
15458
15459
15460
15461
15462
15464
15466
15467
15475
15476
15477
15478
15479
15482
15485
15487
15488
15489
15490
15493
15495
15496
15497
15498
15499
15500
15502
15503
15504
15506
15507
15509
15514
15515
15516
15517
15518
15519
15521
15522
15523
15524
15525
15526
15527
15528
15529
15530
15532
15533
15535
15537
15539
15540
15543
15544
15545
15546
15547
15548
15549
15550
15551
15552
15553
15554
15556
15557
15558
15559
15563
15564
15565
15568
15569
