0
1
2
3
4
5
6
10
1184
15
16
4228
1927
20
27
26
36
29
30
31
2114
739
4044
6222
35
2019
3893
40
41
43
44
45
46
47
48
49
4701
53
150
60
61
62
63
64
2403
5573
73
74
75
76
86
87
88
90
89
95
96
97
98
114
107
110
113
288
118
119
120
122
127
128
129
130
131
133
146
141
183
143
149
154
158
197
162
4370
168
169
172
174
179
2496
2146
1443
3334
1705
2163
2205
180
184
185
191
2433
192
193
273
199
200
204
205
206
208
209
210
3633
756
217
219
226
231
238
243
246
4456
518
247
251
785
256
257
2139
260
263
269
3466
295
1067
275
278
686
289
291
294
299
303
591
316
578
1373
317
318
321
328
330
337
338
344
3471
345
346
359
361
373
374
379
380
381
382
384
387
389
391
392
393
1499
399
401
405
408
409
412
413
414
415
416
418
419
420
421
422
423
424
426
430
431
437
438
439
440
442
446
447
449
451
452
454
455
458
470
472
474
3604
475
478
480
481
482
483
484
485
3945
3789
487
488
489
492
493
496
498
504
505
507
508
509
514
517
521
682
1504
4453
4809
528
534
535
536
541
547
552
553
560
563
566
568
576
577
580
584
585
587
588
590
593
596
600
2644
613
615
619
2094
624
628
638
2059
5158
659
674
681
683
684
688
698
699
703
712
1704
722
726
729
733
734
736
738
745
755
757
764
767
768
769
770
771
4177
776
779
4741
782
1040
784
5074
786
789
3743
790
791
796
797
803
804
815
818
829
838
1042
845
1562
849
851
853
854
4940
855
856
857
859
860
861
863
864
866
867
868
869
4430
870
871
872
874
876
878
2226
882
883
886
893
895
901
907
915
916
918
931
935
936
937
944
954
2744
2143
977
982
983
989
991
992
994
999
1000
1001
1098
1004
1009
1010
1012
1030
1032
1033
1038
1039
1041
3482
3076
5526
3036
3710
1043
1044
1046
1047
1048
1054
1056
1059
1063
1066
1069
1070
1073
4349
1082
1084
1092
1093
1096
1097
1099
1100
1101
1102
1104
1105
1107
1111
1112
1113
1114
1115
1116
1117
1119
1124
1126
3338
1127
1129
1131
1133
1136
1142
1143
1145
1146
1147
1148
1149
1151
1152
1155
1161
1162
1164
1166
1169
1174
1181
1183
1190
1194
1207
1213
1215
1217
1218
1219
1220
1226
1228
1229
1230
1231
1239
1241
1242
1243
1245
2891
1247
1249
1251
1255
1256
1258
1260
1261
1264
1265
1266
1267
1269
1272
1274
1275
1276
1277
1279
1281
1283
1285
1286
1287
1288
1290
1292
1293
1296
1426
1297
1298
1314
1299
1300
1303
1309
1311
1316
1317
1318
1320
1322
1323
1327
1328
1331
1334
1337
1338
1343
1348
1353
1357
1359
1360
1361
1362
1365
1369
1370
1371
5903
1372
1378
1380
1382
1384
1388
1389
1390
1391
1400
1401
1402
1407
1408
1412
1416
1418
1419
1420
1423
1424
1428
1430
1433
1436
1437
1438
1439
1444
1446
1447
1452
1458
1461
1477
1479
1480
1482
1483
1485
1488
1489
1498
1500
1502
1503
1508
1510
1511
1516
1518
1519
1520
1521
1523
1524
1526
1527
1528
1531
1534
1535
1540
1544
1547
1549
1551
1558
1567
4168
1568
1573
1585
1587
1590
1591
1593
1597
1601
1603
1604
1607
1608
1609
1611
1618
5220
1623
1907
1624
1635
1636
1638
1640
1642
1644
1646
1650
1651
1652
1661
1662
1666
1670
1671
1673
1674
1675
1676
1677
1679
1682
1683
1689
1690
1691
1695
1696
1698
1700
1701
1703
2084
1706
1707
1714
1715
1716
4464
4934
2092
1838
3024
4533
2239
1717
1718
1719
1722
1723
2800
1724
1726
1727
1730
1733
1734
1736
1737
1738
1740
1742
1744
1746
1751
1760
1767
1768
1769
1771
1773
1777
1778
1779
1780
1781
1783
1785
1786
1787
1790
1791
1793
1794
1795
1796
2628
1797
1798
1799
1802
1803
1804
1805
1807
1808
1810
1815
1817
1818
1819
1820
3235
1821
1822
1823
1824
2122
1826
2466
1827
1828
1831
1832
1833
1835
1839
1841
1843
1845
1847
1848
1850
1853
1854
1856
1859
1864
1865
1866
1867
1872
1881
1887
1896
1897
1898
1899
1902
1905
1906
4830
1908
1910
1911
1912
1916
1917
1919
1920
1921
1922
1923
1925
1926
1933
1934
1936
1937
1938
1939
1940
1941
1942
1943
1945
1947
1949
1950
1951
1952
1954
1956
1959
1961
1962
1964
1965
4218
1966
1967
1968
1970
1971
1979
1982
1983
1984
1989
2002
2003
2004
2007
2011
2012
2016
2017
2018
5780
4903
2021
2025
2028
2031
2032
2033
4523
2037
2039
2040
3056
2046
2050
2052
2053
2054
2057
2058
2061
2062
2065
2066
2067
2075
2076
2080
2083
3994
2085
2087
2089
2090
2091
2097
2098
2101
2102
2103
2105
2107
2111
2112
2113
3709
2116
2117
2118
2120
2121
2125
2126
2128
2130
2135
2138
2140
2141
2142
2145
2147
2152
2153
2154
2155
3734
2157
2159
2160
2169
2173
2178
2181
2184
2187
2188
2194
2202
2204
2206
2210
2215
2216
2217
2218
2220
2223
2224
2225
2743
2228
2229
2230
2231
2232
2235
2237
2238
2243
2244
2245
2249
2250
2251
2253
2256
2262
2264
2267
2268
2269
2277
2279
2280
2282
2284
2288
2291
2292
2293
2294
2297
2299
2300
2301
2302
2304
2306
2309
5689
2310
2311
2313
2314
2315
2316
2318
2319
2320
4291
2321
2326
2332
2342
2347
2350
2352
2353
2354
2355
2357
2358
2360
2361
2362
2368
2376
2377
2381
2382
2465
2384
2386
2391
2392
2393
2395
2397
2399
2402
2404
2406
2407
2408
2409
2412
2413
2417
2418
2419
2420
2421
2422
2423
2426
2427
2429
2435
2438
2439
2441
2445
2447
2448
2452
2453
2454
2455
2456
2460
2463
2464
2468
2475
2476
2482
2483
2484
2485
2486
2489
2595
2567
3895
2498
2500
5972
2501
2507
2509
2512
2513
2516
2518
2519
2520
2525
2526
2527
2528
2529
2530
2531
3183
2532
2537
2541
2542
2544
2545
2547
2935
2548
2555
2561
2564
2569
2570
2577
2581
2594
5521
2599
2601
2603
2605
2606
2614
2615
2618
2619
2621
2626
2627
5176
4897
2630
2631
2632
2639
2640
2641
2642
2643
2646
2647
2648
2649
2650
2651
2652
2653
2654
2656
2659
2660
2661
2668
2669
2676
2677
2679
2680
2681
2682
2683
2684
2688
2689
2690
2693
2697
2699
2700
2701
2703
2709
2711
2715
2716
2717
2719
2720
2722
2728
2732
2734
2751
2757
2764
2773
2774
2776
2777
2779
2785
2788
2799
2801
2803
2808
2812
2813
2818
2820
2824
2825
2832
2835
2836
2838
2839
2841
2842
2849
2856
2859
2870
2871
2873
2879
2885
2887
2888
2889
2892
2893
2894
2895
2897
2901
2902
2903
2905
2906
2907
2908
2910
2912
2913
2916
2917
2921
2922
3375
2923
2924
2925
2926
2927
2930
2933
2934
2936
2937
2939
2940
2943
2946
2947
2948
2951
2954
2955
2956
2958
1021
2961
2962
2963
2964
2966
2967
2968
2969
2970
2971
2973
2974
2975
2977
2980
2981
2982
2983
2984
2985
2986
2989
2990
2993
2998
2999
3000
3001
3005
3006
3007
3008
3012
3015
3016
3020
3021
3025
3026
3027
3029
3031
3032
3427
3033
3034
3035
3037
3039
3040
3044
3046
3047
3048
3051
3052
3053
3054
3059
3061
3066
3067
3068
3070
3073
3074
3082
3083
3084
3085
3093
3094
3097
3098
3101
3102
3106
3115
3117
3135
3137
3138
3139
3143
3151
3159
3161
3170
3178
3181
3219
3222
3223
3231
3239
3240
3241
3244
3245
3246
3247
3249
3251
3252
3258
3265
3266
3268
3270
3271
3279
3280
3282
3285
3293
3297
3299
3305
3306
3307
3310
3312
3313
3318
3319
3324
3325
3328
3543
3336
3337
5541
4945
3344
3346
3347
3350
3351
3355
3356
3357
3360
3364
3370
3372
3373
3374
3377
3378
3379
3380
3382
3384
3385
3386
3388
3389
3392
3393
3394
3396
3397
3398
3401
3406
3407
3409
3411
3414
3415
3421
3422
3424
6324
6325
3426
3428
3429
3430
3431
3432
3435
3436
3440
3873
3446
3448
3449
3450
3451
3452
3455
3456
3457
3458
3459
3460
3461
3462
3463
3464
3465
3468
3469
3470
3473
3474
3475
3477
3478
3479
3480
3481
3483
3484
3485
3486
3487
3488
3489
3490
3491
3492
3493
3494
3495
3497
3500
3502
3503
3504
3505
3506
3507
3508
3510
3513
3514
3516
3517
3518
3519
3521
3522
3523
3524
3525
3526
3527
3528
3530
3532
3535
3536
3537
3538
3541
3542
3544
3546
3550
3553
3554
3555
3559
3562
3563
3564
3565
3569
3573
3574
3575
3576
3577
3578
3579
3580
3581
3582
3585
3587
3589
3590
3594
3595
3596
3597
3599
3600
3602
3605
3606
3608
3611
3613
3614
3615
3616
3619
3623
3624
3625
3626
3629
3630
3632
3634
3636
3637
3638
3639
3640
3641
3642
3644
3646
3647
3648
3651
3652
3654
3656
3657
3658
3659
3660
3661
3662
3665
3667
3668
3669
3670
3671
3684
3672
3673
3674
3675
3676
3677
3678
3679
3681
3682
3686
3687
3688
3689
3690
3692
3694
3695
3697
3698
3699
3700
3702
3703
3704
3705
3706
3708
3711
3713
3714
3716
3717
3718
3719
3721
3722
3724
3725
3726
3727
3728
3729
3730
3733
3735
3737
3738
3739
3740
3741
3742
3744
3745
3746
3747
3749
3750
3751
3752
3753
3754
3757
3760
3761
3762
3763
3765
3766
3772
3773
3774
3775
3778
3780
3782
3783
3785
3786
3787
3788
3792
3799
3801
3806
3811
3814
3817
3819
3822
3825
3829
3832
3835
3837
3839
3842
3843
3845
3846
3850
3851
3865
3866
3867
3876
3879
3880
3883
3884
3885
3886
3887
3888
3889
3890
3892
3896
3897
3898
4222
3901
3904
3905
3906
3907
3908
3911
3913
3914
3915
3918
3919
3922
3926
3927
3928
3930
3934
3936
3937
3939
3940
3944
4204
3946
3949
3950
3952
3953
3954
3960
3961
3962
3966
3967
3971
3972
3974
3976
3977
3978
3979
3988
3989
3992
3993
3995
3997
3998
3999
4003
4006
4009
4010
4013
4015
4020
4024
4025
4026
4027
4029
4030
4031
4032
4033
4034
4035
4037
4038
4039
4040
4041
4042
4043
4045
4047
4048
4052
4053
4054
4055
4056
4057
4060
4061
4064
4065
4066
4067
4070
4071
4072
4074
4075
4078
4080
4081
4082
4084
4085
4086
4087
4088
4090
4091
4093
4094
4095
4099
4101
4103
4105
4109
4110
4111
4112
4113
4114
4119
4120
4121
4122
4125
4128
4130
4131
4134
4136
4137
4138
4139
4140
4141
4142
4143
4144
4145
4147
4149
4150
4153
4155
4156
4157
4162
4164
4170
4171
4172
4174
4175
4176
4178
4182
4184
4189
4190
4191
4192
4193
4194
4200
4201
4203
4206
4208
4209
4211
4213
4214
4333
4225
4226
4227
4229
4230
4231
4234
4237
4239
4240
4241
4243
4244
4246
4249
4251
4253
4255
4321
4258
4260
4262
4263
4264
4265
4266
4267
4271
4268
4269
5833
5582
4270
4272
4274
4276
4279
4281
4282
4284
4285
4286
4287
4288
4289
4290
4292
4294
4295
4296
4299
4301
4302
4305
4307
4309
4314
4315
4319
4320
4322
4323
4325
4327
4340
4328
4329
4332
4334
4336
4339
4341
4342
4343
4344
4345
4347
4348
4923
4350
4351
4353
4357
4358
4359
4360
4361
4364
4365
4366
4367
4369
4782
5021
4372
4374
4375
4376
4378
4380
4381
4382
4385
4485
4386
4390
4391
4395
4396
4398
4399
4402
4403
4404
4406
4408
4412
4421
4422
4425
5046
4429
4432
4434
4439
4447
4449
4450
4451
4459
4461
4463
4480
4646
4483
4961
4528
4490
4493
4496
4509
4512
4516
4525
4526
4534
4537
4538
4540
4543
4546
4548
4550
4556
4561
4566
4573
4588
4596
4597
4598
4600
4603
4629
4632
4642
4649
4653
4667
4669
4670
4672
4680
4685
4691
4692
4801
4722
4705
4709
4710
4715
4716
4717
4721
4724
4732
4737
4740
4744
4745
4752
4754
4759
4763
4767
4768
4773
4775
4785
4789
4790
4792
4794
4795
4797
4804
4805
4806
4808
4811
4812
4816
4819
4820
4821
4822
4823
4825
4829
4831
4833
4837
4839
4841
4846
4850
4852
4854
4858
4859
4860
4862
4863
4864
4865
4870
4871
4872
4873
4874
4875
4876
4879
4883
4884
4885
4888
4891
4893
4895
4902
4904
4908
4909
4910
4911
4916
4917
4918
4919
4922
4925
4926
4928
4929
4930
4932
4933
4935
4936
4937
4938
4939
4944
4950
4951
4952
4957
4959
4960
4962
4965
4967
4969
4971
4972
4975
4976
4977
4979
4981
4982
4984
4985
4988
4990
4995
4996
4997
4999
5002
5003
5004
5007
5008
5010
5012
5013
5015
5022
5024
5025
5026
5027
5028
5031
5032
5034
5035
5036
5037
5038
5040
5041
5042
5043
5045
5047
5048
5049
5051
5053
5054
5055
5056
5057
5059
5060
5062
5063
5064
5065
5067
5068
5069
5070
5072
5075
5076
5077
5078
5079
5080
5081
5082
5083
5084
5085
5086
5087
5088
5089
5090
5091
5093
5094
5095
5096
5097
5098
5100
5103
5104
5105
5106
5107
5108
5110
5112
5114
5115
5116
5117
5118
5122
5124
5125
5126
5128
5130
5133
5134
5135
5137
5139
5141
5142
5145
5146
5147
5150
5151
5152
5154
5156
5159
5162
5164
5165
5166
5169
5171
5172
5173
5179
5181
5183
5185
5189
5191
5193
5195
5196
5197
5198
5199
5200
5201
5202
5203
5204
5205
5206
5208
5210
5211
5213
5215
5216
5217
5218
5219
5221
5222
5227
5228
5230
5233
5234
5236
5238
5239
5240
5241
5245
5246
5248
5250
5252
5254
5255
5261
5262
5263
5265
5266
5269
5270
5271
5273
5274
5275
5276
5277
5279
5280
5286
5288
5291
5293
5296
5297
5299
5301
5302
5303
5307
5309
5316
5318
5319
5324
5325
5326
5327
5328
5329
5331
5333
5334
5336
5338
5340
5341
5342
5344
5345
5346
5347
5349
5350
5351
5353
5355
5356
5357
5358
5361
5362
5363
5364
5365
5366
5367
5368
5369
5370
5372
5373
5374
5375
5376
5378
5379
5381
5383
5384
5387
5389
5390
5391
5394
5396
5401
5402
5404
5410
5411
5412
5413
5415
5417
5419
5420
5421
5424
5425
5429
5430
5431
5433
5435
5436
5437
5441
5442
5444
5445
5446
5450
5454
5455
5457
5460
5464
5469
5473
5474
5475
5478
5481
5482
5483
5485
5486
5487
5489
5490
5491
5492
5493
5496
5497
5498
5501
5502
5503
5505
5508
5510
5513
5514
5515
5516
5518
5519
5520
5522
5523
5524
5527
5529
5530
5531
5535
5539
5540
5542
5543
5544
5546
5549
5551
5553
5554
5555
5558
5559
5560
5562
5563
5565
5566
5568
5569
5570
5571
5572
5574
5575
5576
5577
5579
5580
5584
5585
5587
5589
5592
5593
5595
5597
5598
5599
5600
5601
5602
5603
5604
5606
5608
5610
5611
5616
5617
5618
5619
5622
5623
5624
5625
5626
5627
5628
5631
5632
5633
5634
5637
5640
5642
5643
5644
5645
5646
5647
5651
5652
5653
5654
5656
5658
5661
5665
5666
5668
5669
5670
5671
5672
5673
5678
5680
5681
5682
5684
5686
5688
5690
5691
5692
5693
5695
5697
5698
5700
5701
5706
5707
5709
5710
5711
5714
5718
5719
5721
5722
5723
5724
5725
5728
5730
5731
5732
5733
5734
5738
5739
5740
5741
5742
5744
5745
5746
5747
5749
5750
5752
5753
5754
5755
5756
5757
5758
5760
5761
5762
5763
5764
5765
5766
5767
5768
5769
5770
5771
5774
5775
5776
5777
5778
5779
5781
5783
5784
5785
5786
5787
5788
5789
5790
5791
5792
5795
5796
5798
5799
5800
5801
5802
5803
5805
5807
5809
5810
5811
5812
5813
5814
5815
5816
5817
5818
5819
5820
5821
5822
5824
5825
5828
5829
5830
5831
5834
5835
5836
5838
5839
5841
5843
5844
5845
5846
5847
5849
5850
5851
5853
5855
5857
5858
5859
5860
5861
5862
5863
5864
5865
5867
5868
5870
5871
5873
5874
5875
5876
5878
5880
5881
5882
5883
5884
5885
5886
5888
5889
5890
5892
5893
5894
5895
5897
5902
5905
5906
5907
5910
5911
5912
5915
5917
5920
5921
5923
5924
5925
5926
5927
5928
5929
5931
5932
5935
5936
5937
5938
5941
5942
5943
5944
5945
5946
5947
5949
5951
5952
5953
5954
5955
5956
5958
5961
5962
5963
5964
5966
5968
5969
5970
5971
6081
5974
5975
5976
5977
5978
5980
5981
5982
5983
5986
5993
5995
5996
5997
5999
6000
6002
6003
6004
6005
6007
6009
6014
6015
6017
6018
6020
6022
6024
6025
6026
6029
6031
6033
6035
6037
6038
6039
6040
6042
6043
6044
6047
6049
6051
6052
6053
6054
6055
6057
6059
6060
6061
6062
6063
6068
6069
6070
6071
6073
6074
6076
6077
6079
6080
6083
6084
6087
6088
6089
6090
6092
6093
6094
6095
6096
6097
6099
6102
6103
6104
6106
6108
6110
6111
6112
6113
6114
6115
6116
6117
6118
6119
6120
6121
6122
6123
6124
6127
6129
6130
6131
6132
6133
6134
6135
6136
6137
6138
6139
6142
6144
6145
6146
6147
6148
6150
6151
6152
6154
6155
6156
6158
6159
6160
6162
6163
6164
6165
6166
6167
6168
6169
6170
6171
6172
6173
6177
6178
6181
6182
6183
6184
6185
6186
6187
6190
6191
6192
6193
6194
6195
6196
6197
6198
6199
6200
6201
6202
6204
6205
6208
6209
6211
6212
6214
6215
6218
6220
6221
6226
6227
6229
6231
6232
6233
6236
6237
6239
6240
6241
6242
6243
6244
6245
6247
6249
6250
6251
6254
6256
6259
6260
6261
6262
6264
6265
6266
6267
6269
6270
6274
6277
6278
6282
6283
6284
6285
6286
6288
6289
6290
6292
6293
6297
6298
6299
6300
6301
6303
6304
6306
6307
6308
6310
6312
6313
6314
6316
6317
6318
6319
6320
6321
6322
6326
6328
6329
6330
6331
6333
6334
6335
6336
6337
6338
6339
6342
6343
6345
6347
6348
6349
6350
6352
6353
6354
6355
6356
6357
6358
6359
6363
6365
6367
6368
6369
6371
6372
6373
6374
6375
6376
6377
6378
6379
6380
6381
6382
6383
6384
6385
6386
6387
6388
6389
6390
6391
6392
6393
6394
6395
6396
6397
6398
6399
6400
6401
6402
6403
6404
6405
6406
6407
6408
6409
6410
6411
6412
6413
6414
6415
6416
6417
6418
6419
6420
6421
6422
6423
6424
6425
6426
6427
6428
6429
6430
6431
6432
6433
6434
6435
6436
6437
6438
6439
6440
6441
6442
6443
6444
6445
6446
6447
6448
6449
6450
6451
6452
6453
6454
6455
6456
6457
6458
6459
6460
6461
6462
6463
6464
6465
6466
6467
6468
6469
6470
6471
6472
6473
6474
6475
6476
6477
6478
6479
6480
6481
6482
6483
6484
6485
6486
6487
6488
6489
6491
6492
6493
6495
6496
