0
1
29
15
8986
2
386
3
10827
4182
13565
4
7
11095
8
11
517
1158
137
269
1429
2458
13231
2524
3229
3241
2477
5814
2105
59
1729
67
68
3909
2886
10188
4045
2256
8661
2908
6497
357
5992
108
7421
14
9250
451
485
102
401
141
6766
5658
3345
3667
275
3665
7898
1187
947
98
10058
6923
18
23
24
2354
3589
26
28
3828
2460
30
31
33
36
37
5783
171
81
48
71
49
1185
97
1388
50
2139
3715
52
64
490
2799
6035
53
3310
57
58
117
60
61
1799
62
72
2850
63
1081
7702
6097
70
4001
73
74
3862
75
76
3091
1167
78
80
1750
82
83
84
85
92
96
3036
4366
520
99
100
5794
5795
101
765
105
106
153
111
447
116
124
374
125
126
129
164
169
138
144
127
5699
6207
2464
8195
2268
1871
131
132
270
134
135
136
4799
676
1278
139
140
143
2145
145
146
147
151
8913
157
159
160
6132
6462
166
161
10120
170
211
1627
1628
165
7728
1117
5622
167
168
5460
12031
172
174
175
6058
176
3524
2501
11302
5863
177
2418
1912
217
3514
248
5954
6059
1559
5437
179
181
182
10432
184
189
190
192
7208
5349
3482
196
200
201
7147
3120
3648
440
205
206
210
1472
4993
10277
12390
9927
2506
267
2286
10256
10135
13687
10520
9053
9503
219
220
1028
3269
1062
519
4375
1275
1180
229
230
235
239
240
242
245
9066
260
263
264
2966
268
1500
272
273
274
284
286
287
5459
8829
2959
290
7623
9212
291
384
297
396
725
2328
301
303
1652
12825
308
312
1638
1165
316
318
324
356
2373
333
2510
1231
2523
326
329
330
6610
7311
337
1369
3866
419
1332
10166
3383
10720
5442
339
4697
10332
4702
7392
1131
338
9232
10972
4728
1944
4664
10360
342
3129
837
348
349
6620
351
352
4499
362
382
367
371
372
3220
1478
2265
1404
376
1197
2190
385
387
388
1104
390
391
394
395
399
1940
718
402
403
409
413
5420
3414
415
418
4743
2602
10606
3653
2538
6063
8820
8312
11866
5885
422
425
1310
426
429
430
495
432
433
434
435
437
442
8165
1817
439
443
2723
10963
444
11039
11385
445
446
448
449
450
588
8273
9211
7037
9183
452
2345
453
3043
3126
457
458
462
464
465
466
467
12114
1020
470
1711
471
567
473
474
475
476
940
486
478
1340
479
480
481
483
484
746
642
488
1001
2822
492
4553
494
496
497
498
6352
8289
499
2298
6235
502
503
1646
507
508
510
2995
511
867
956
2823
515
960
518
2795
521
523
524
4958
527
528
529
530
675
532
3058
533
537
714
538
539
542
545
546
10596
548
549
8897
551
2491
647
652
942
1820
4029
555
556
587
557
558
561
562
564
11651
11739
566
6112
6659
683
1420
1272
793
892
1483
5812
1213
570
573
577
580
585
589
593
595
603
7602
606
3663
610
612
613
614
615
6213
616
687
619
1985
621
623
628
630
631
10024
794
633
639
641
643
648
650
657
6937
658
659
664
665
668
669
671
673
674
10595
680
681
682
1219
686
688
689
691
693
694
9477
695
699
700
11740
710
9688
3632
5001
713
5881
717
6120
7245
720
4766
721
5810
7385
732
734
735
739
741
742
5805
7699
2136
748
5690
752
1387
758
760
763
764
6203
767
770
771
774
777
1317
778
2763
780
781
782
790
3516
796
798
800
803
804
809
811
813
818
819
825
827
1590
828
6289
7138
833
5946
834
1406
845
1728
3724
848
849
850
851
853
854
871
873
2925
1720
874
875
877
879
880
884
2794
886
1851
5893
9789
12494
2277
9979
888
893
1036
911
1077
3741
979
894
895
1413
899
901
905
2711
909
910
915
3233
918
3144
7854
1874
4978
920
11865
922
928
929
931
933
934
6708
935
1508
13836
936
937
944
5425
4133
4812
948
949
10980
950
951
952
954
3335
957
959
961
962
964
968
971
973
974
1801
976
977
980
13260
981
983
987
991
992
995
996
1485
997
998
13988
8788
10282
3551
1005
1112
1006
1007
1010
1011
1013
1014
1017
1018
1426
2849
1022
7078
1023
1024
3621
1027
2744
2745
1598
2388
1033
1035
4792
5267
6421
3647
1038
1040
1042
1045
1048
8718
2809
1049
1053
1054
1057
1059
2132
1093
1065
2152
1066
1574
6699
2319
11765
4636
1067
1069
1070
1073
1074
1079
1080
1083
1085
5413
3998
1089
3738
8052
1094
1283
1095
1097
1100
1101
1102
1103
1105
1108
1109
1111
1113
1116
1118
1120
4501
2317
7277
1125
1129
1130
3096
5427
2997
1132
1134
1137
1141
6208
1142
1143
1145
8717
1146
1149
1150
1151
1152
1153
1157
1159
1160
1164
7170
1166
1169
1171
1172
1176
1177
1179
5856
1181
1182
1183
8860
1189
1191
3355
1196
1198
1199
1200
4383
1201
5351
1202
1203
1204
1205
1206
1207
1209
1210
7739
1211
1212
1877
1214
12737
1217
5283
1218
1223
1224
1226
1227
1228
1230
1240
1241
1243
1510
2231
12454
1244
1246
1250
1251
3973
8921
1254
1256
1257
1258
1259
1262
1263
1264
2292
1265
1266
1268
10349
1269
6683
1274
1276
1277
1280
1281
1287
1367
1288
1291
1292
1293
1295
1296
1298
5532
1300
3362
1303
5961
5962
1304
1305
1307
3810
1308
1309
1313
1314
1315
1316
1318
1320
1321
1323
8997
1324
1325
1326
1328
1329
1330
1331
1334
1339
3525
1341
12532
1342
1343
1344
1346
1347
1350
1351
1352
1353
1356
1357
1358
1361
1362
1363
1364
9731
1365
1366
9569
1368
1370
1371
1373
1374
1375
1377
1378
1379
1380
1382
1427
1383
1384
1385
1386
1389
1892
1390
3361
1391
1396
1397
1398
1399
1401
1402
1403
1405
1578
1407
1872
1408
1409
1411
1412
8163
5223
1418
1419
1421
1972
1424
1425
14234
2241
1430
1431
1432
1436
1437
1441
1442
1443
1444
1446
1448
13811
1449
1450
1452
1453
1454
1456
3224
2266
1459
1463
1465
1467
5285
5286
1468
1471
11939
1475
1476
1479
1480
5976
1481
1482
10485
1490
2522
1491
1492
3484
1493
1494
1496
1497
1499
1501
1504
1505
1506
1509
1512
1514
1516
1517
1519
1520
1522
1524
1527
1531
13902
1533
1536
1537
1539
1541
1542
1543
3630
1545
1550
1551
2121
1552
1553
1555
1556
1557
1561
1562
6072
1564
1565
1567
1569
1570
1571
1572
1573
1954
1576
7499
1577
1580
1581
1583
1585
1586
1587
1588
1593
1595
1597
1600
6823
1604
1605
1607
1608
1611
3325
1612
1613
1614
1616
1617
1618
1619
1620
1622
1623
1624
1625
1626
1629
1631
1633
1635
1636
1639
1640
1641
1642
1644
1645
1648
1650
1651
1653
1654
1655
1656
1802
1715
1657
1658
1659
1660
1661
1662
1663
1664
1665
1667
1668
1790
1669
1671
1672
1673
1674
1676
1681
1682
2880
1684
1686
1687
1688
1690
1691
1694
1696
1699
1701
1702
3526
1704
1706
1708
2225
1709
3974
1712
1713
1714
2504
1718
2166
1722
1723
10269
1724
1725
1726
1727
1733
1734
1735
1736
1737
1738
1739
1865
1740
1741
1742
1743
1744
2961
1745
1746
1748
1749
1751
1752
1753
1754
3712
8671
3101
1756
1757
1759
1760
1761
1763
1764
1765
1766
1767
1768
1769
1770
1771
1774
1775
1776
1777
1779
2983
1780
1783
1785
1786
1787
1788
1789
1791
1792
1793
1794
1795
1796
1797
1798
1800
1803
1804
3573
1805
1806
1808
1810
1811
1814
1815
1816
5129
10509
1818
5257
4123
10022
1825
1826
1827
1828
1829
1831
1833
1834
1835
1837
1838
1839
1840
1841
1843
1845
1846
1848
1849
1850
1852
1854
7713
1855
1856
1857
1858
1859
1862
1864
1866
1867
1869
5607
1870
1873
1875
1876
1878
1879
1880
1881
1882
1884
7801
1885
1889
1890
1891
1893
1894
1895
1896
1897
1898
1899
1900
2061
12598
1901
9197
10964
1903
1904
1906
1907
1908
1909
1913
1914
5684
2195
1920
1921
1922
1923
1924
2817
1991
1925
1929
1931
1932
1933
1934
1935
1936
1938
1939
1942
1943
4672
10308
10799
8767
1946
1947
1948
1949
1952
1953
1955
1956
1958
1961
1962
3409
1963
1964
1966
1968
3110
1969
1970
2883
1973
5498
1975
1976
1977
1978
1980
1982
1986
1987
1988
1989
1990
11122
1992
1993
1994
3733
1998
4249
2000
2001
2205
2002
2003
2005
2006
2012
2015
2016
2022
2033
2034
2035
2039
2041
2042
2043
2045
2052
4770
3657
2046
2047
10942
2049
2051
2056
2057
2062
2064
10174
2065
2067
2068
2070
2073
2075
2076
2077
2079
2080
2081
2082
2083
2085
2088
2091
2092
2100
5549
2101
2102
2104
2108
2111
2112
2113
2117
2122
2123
2125
2130
2131
2839
3313
5545
2133
10753
12411
3257
2137
2138
2142
2143
4286
2157
2148
2149
10929
2153
2155
8123
2158
2159
2161
2163
2164
5620
2170
2174
2176
2178
2179
2183
2189
7395
2191
2192
3910
2194
2200
2201
2202
2203
2204
2215
2217
2218
2220
2221
2223
2224
5434
2227
2230
2232
2237
2238
2240
2242
2244
2245
2247
2250
2252
2253
2254
4862
2255
2257
12453
2258
2260
2261
2263
2264
2270
2273
2274
2275
2278
2282
2283
2284
5601
2285
7445
6943
2290
2291
2293
5868
2297
2299
2302
2307
2309
2311
2313
2314
2315
8951
2320
2321
2327
2331
2333
2334
2335
2336
2337
2340
2341
3122
2342
2344
7849
3097
2346
2348
2351
2353
2355
2356
2357
2358
2359
2360
2361
2362
2363
2364
2365
2366
2367
2368
2369
2370
2374
2375
2380
2384
2386
2387
2548
2389
2390
2392
2393
2395
2396
2400
2405
2406
2407
2408
9282
2411
2412
2414
2419
2420
2423
2425
2427
2428
2433
2434
2435
2436
2437
2438
2440
2442
2443
7757
2446
2448
2451
2452
2453
2454
8020
9535
2456
8895
2457
2468
2469
2473
2474
2475
10469
2734
2478
2488
2490
2493
2494
2499
2500
2503
2505
2507
2508
2511
2513
9819
12362
2949
10045
2514
2517
2518
9547
3923
2525
2528
2529
2531
2533
2534
2981
2536
2537
4683
3743
2539
2540
2541
2542
2543
2544
2547
5110
2549
2552
2554
2556
2558
2559
2560
2561
2563
2566
2567
2569
2571
2573
2574
2575
2577
2579
2580
2581
2583
2584
2586
2587
2588
2589
2590
2593
2594
2596
2597
2598
2599
2600
2601
2620
10222
2603
2604
2606
2608
2609
2610
2611
2615
2618
2621
2622
2623
2625
2629
2632
2633
2634
2635
2636
2638
2639
2640
2643
2645
2646
2648
2649
2654
2655
2657
2658
3633
2659
7394
2660
10041
2661
2662
2663
2666
2667
2668
2669
2670
2671
2672
2674
2675
2676
2677
2679
9733
2681
2683
5507
2685
2686
2687
2689
2691
2692
7404
2693
2694
2695
2696
2697
2699
2700
2701
2706
2707
2708
2710
4450
2712
2715
2716
2717
2724
2726
3776
2727
2730
2731
2732
2735
2736
2737
2738
12476
2743
8320
10689
8205
2746
2747
2749
2751
2754
2755
2757
2759
2760
2764
2765
2766
2767
2768
2771
2772
2774
2777
2779
2780
2781
2782
2783
2784
7054
2785
7644
2788
2789
2791
2793
8929
2798
2800
2802
2803
2804
2805
2806
2807
2811
2813
2815
2818
2819
2820
2821
8924
2826
2827
2829
2832
2835
2836
3587
2837
2838
2840
2841
2842
2843
2846
2853
2854
2855
2857
2858
2859
2860
2864
2865
2867
2869
2871
2872
2873
2875
2877
2884
2888
2889
2890
2891
2893
7530
9352
2894
3312
2895
2897
2899
2901
2902
2903
2904
2905
2906
2907
2911
2912
2913
2914
2917
2919
2922
2923
2924
2927
2928
2931
2932
2933
2934
2935
2936
2937
2938
2939
2940
2941
2942
2946
2947
2951
2952
2953
11066
2954
2955
2956
2957
2958
2960
12370
12375
2962
2963
2965
2968
2970
2973
7453
2974
2976
2978
2979
3090
2982
9065
2984
2986
2987
2989
2990
2991
2992
2993
2994
2998
3000
3001
3002
3003
3004
3007
3009
3010
3011
3012
3013
3014
3015
3017
3018
3019
3020
3022
3023
3026
3029
3030
3031
3034
3035
3038
3039
3041
4486
3042
6415
3044
3045
3046
3047
3048
3049
3053
3054
3055
3057
3059
5702
3060
3061
3063
3064
3065
3066
3068
3072
3076
3078
3079
3082
3085
3086
3089
3342
3093
3094
3095
3099
3100
3103
10434
3111
3113
3114
3116
3118
3121
3125
10821
3130
3131
3132
3135
3136
3137
3138
3396
3139
3140
3141
3142
6558
3143
5279
6815
3145
3147
3149
3150
3151
3152
3153
3154
3155
9865
3156
3209
3211
3213
3214
3216
3218
3222
3556
3223
3230
3231
3234
3235
3236
3240
3242
10931
3243
3244
3245
3247
3249
3250
3251
3252
3253
3254
3255
3258
3261
3262
3263
3265
12417
6149
4380
10027
7476
6583
11718
10850
3268
9758
7387
3271
3273
3274
3275
3276
3678
3278
3281
3282
3283
9946
3284
3285
3286
3288
3292
3293
3294
3295
3296
3297
3299
3300
3301
3302
6205
3304
3305
3306
3307
3309
3311
3315
3317
3318
3319
3320
3322
3323
3324
3326
3327
3329
3330
3691
7821
3331
3332
3334
3337
3338
3339
3340
3341
3351
3343
3344
3346
3347
3348
3349
3352
3353
3354
8417
3356
3358
3359
3360
3364
4170
3365
3367
3368
3370
3371
3372
3373
3374
3376
3377
3378
3379
3380
3385
3386
3388
3389
7709
3390
3391
3392
3393
3394
3395
3397
3398
3399
3401
3402
3404
3405
3407
3411
3412
6288
6218
3413
3415
3418
3419
3420
3470
3471
3472
3473
3476
3477
3478
3480
3481
3483
3486
3487
3490
3491
3492
3493
3495
3496
3960
3497
3499
3500
3501
3502
3503
3504
3505
3506
3507
3508
3509
3510
3511
3513
3515
3517
3518
3519
6119
3520
3521
3527
3553
3530
3531
3532
3533
3536
3537
3538
3540
3541
3542
3543
3544
14029
3545
3546
3547
3549
3550
3552
3555
3558
3559
3561
3563
3566
3567
3569
3571
3572
3574
3575
3576
3578
3579
3580
3581
3582
3583
3584
3585
3588
3592
3596
3598
3599
3601
3605
3609
3610
3611
3612
3613
3614
3615
3616
3617
3618
3624
3625
3626
3627
3629
8880
6864
3634
5979
3636
3638
3642
3643
3644
3645
3646
5354
3650
3651
3652
3654
3656
3659
3661
3662
3666
5268
3668
4234
3669
3670
3671
3673
3674
3676
3677
3679
3680
3682
3683
3684
3686
3688
3690
3692
3696
3698
3699
3700
3701
3703
3704
3705
3706
3709
3710
3711
3713
3714
8656
3716
3717
3718
3719
3720
3721
3723
5852
3726
3727
3728
3729
3730
10054
12438
3933
3732
3735
3737
3739
3742
3744
3745
3746
3747
3750
3752
3754
3756
3761
3763
3767
10436
3785
3787
3799
3800
3801
3803
3809
3815
3823
11794
9566
3829
3831
3840
3853
3856
3857
3859
3861
14042
3865
3868
3871
3874
3875
3876
3879
3882
3883
3890
3894
3895
3898
3900
3901
3908
3911
3913
3914
3918
3927
3929
3936
3943
3946
3951
3956
3961
3964
3975
3978
3984
3990
3992
4000
4004
4009
4013
4017
4025
4032
4034
4035
4047
4052
4070
4072
4079
4086
4088
4090
4096
4104
4111
4112
4113
4115
4124
11712
4134
4135
4146
4158
4160
4165
4168
4169
4174
4183
4184
4186
4190
4193
4197
4200
4205
4209
4223
4228
4232
4240
4244
4247
13730
10084
8927
4250
4253
4255
4269
4270
4277
4288
4291
4292
4304
4310
4312
4317
4318
4320
4322
4331
4337
4342
4364
4367
5277
8894
4369
10083
4377
4408
4409
4416
4424
4435
4442
4444
4471
4477
4495
4540
4541
4550
7889
4560
4571
4595
4599
10400
4602
4622
4624
6525
4688
10291
4703
4715
4718
4767
4769
4783
4785
4793
4817
4831
4844
4850
4872
4877
9720
4915
4921
4923
4940
4943
4963
4999
5000
10414
5002
5010
5023
5026
5031
5033
5038
5043
5054
5055
5064
5094
5101
5106
5121
5123
5139
5143
5144
5149
5153
5156
5174
9748
10808
5187
5195
5196
5203
5210
5219
11748
5239
8481
5508
6030
5269
5278
5281
5290
5294
5295
5296
5300
5303
5306
5307
5311
5313
5317
5318
5321
5323
5325
5326
5328
5329
5330
5331
5336
5340
5341
5343
5344
5345
5347
5348
5350
5352
5353
5357
5358
5359
5360
5361
8971
5363
5364
5365
5366
5367
5368
5369
5371
5372
5374
5375
5376
5377
5379
5380
5381
5384
5386
5387
5388
5391
5397
5398
5399
5400
5402
5403
5404
5406
5407
5409
5410
6654
5412
10998
5414
5415
5421
5423
5426
5428
5429
5431
5433
5438
5440
5441
7023
5446
5449
5451
5456
5457
8210
11098
5464
5473
5475
5476
5477
5478
5479
5480
5481
5482
5484
5485
5486
5487
5488
5490
5491
5492
5493
5494
5495
5497
5499
5502
5503
5506
5509
5512
5514
5516
5517
5518
5520
5521
5522
5523
5524
5525
5526
5527
5530
5534
5535
5536
5539
6863
5542
5543
5547
5551
5552
5553
6678
5556
5557
5558
5559
5560
5561
5562
5563
5564
5565
5566
5567
5568
5569
5570
5571
5572
5573
5574
5575
5576
5577
5578
5579
5580
5581
5582
5583
5584
5585
5586
5587
5588
5589
5590
5591
5592
5595
5596
5597
5598
5600
5603
5604
5605
5606
5608
5609
5610
5612
5614
5616
5621
5623
5624
5630
5633
5634
5635
5636
5637
5643
5644
5645
5647
5648
5649
5650
5651
5654
5655
5656
5659
5660
5661
5662
5664
5666
5668
5669
5671
5672
5673
5674
5675
5676
5678
5679
5681
5682
5683
5685
5686
5687
5689
5691
5692
5693
5696
5697
5698
5700
5701
5703
5704
5706
5707
5710
5711
5712
11919
5713
5714
5717
5720
5721
5722
5725
5728
5730
5731
5732
5736
5737
5738
5739
5741
5742
5743
5744
5745
5746
5747
5748
5749
5788
5753
5754
5755
5758
5760
5766
5767
5769
5770
5771
5772
5773
5776
5778
5780
5837
5784
5790
5791
5793
5796
5797
5799
5807
5808
9881
5817
5818
5819
5820
5821
5824
5825
5826
5827
5830
5833
5834
5836
5838
5839
5843
5848
5849
5851
5853
5854
5855
9646
5857
5858
5859
5860
11047
9800
6221
13495
5864
5865
5867
5870
5872
5873
5875
5876
5877
5878
7712
5879
5880
5882
5884
5887
5888
5889
5890
5891
5892
5894
5895
5897
5899
10442
5902
5906
5908
10090
5910
5912
5913
5914
5917
6192
5918
5919
5920
5921
5922
5923
5925
5926
5928
5929
5930
5932
5933
5938
5947
5949
5950
5952
6078
5956
5957
5963
5964
5965
5966
5967
8003
5968
5970
5974
5975
5977
5980
5981
5983
5985
5988
5989
5990
5991
5995
5997
5999
6000
6001
6002
6003
6004
6008
6010
6011
6012
6014
6015
7098
6016
6017
6018
6019
6022
6023
6024
6026
6028
6029
6031
6036
6038
6039
6041
6042
6043
6047
6048
6049
6051
6052
6053
6055
6056
6057
6060
6061
6062
6065
6067
6068
6070
6074
6075
6077
9739
6080
6081
6082
6083
6085
6089
6090
6092
6093
6094
6095
8813
6096
12056
6099
6100
6101
6103
6109
6110
6111
6113
6114
6115
6116
6117
6118
6121
6122
6124
6125
6127
6129
6130
6131
6133
6134
6136
6139
6143
6144
6145
6146
6150
6151
6152
6178
6153
6157
6160
6162
6163
6165
6167
6227
6168
6171
6172
6174
6175
6176
6177
6179
6180
6181
6183
6184
6589
6189
6190
6191
6194
6195
6196
6197
6198
6199
6200
6201
6204
6206
6210
6212
8525
10139
6215
6216
6217
6219
6220
6223
6225
6226
6230
6231
6232
6234
6236
6237
6238
6239
6240
6241
6243
7496
6245
6246
6247
6248
6249
6251
6254
6256
6257
6258
6259
6260
6261
6263
6265
6266
6267
6268
6269
6271
6273
6274
6275
6276
6277
6279
6280
6284
6285
6290
6291
6293
6294
6296
6303
6305
6307
6309
6310
6311
6313
6314
6318
6321
6327
6328
6329
6331
6332
6334
6339
6340
6344
6346
6347
6350
6351
6353
6354
6355
6358
6359
6364
6365
6371
6372
6374
6376
6378
6380
6383
6384
6387
6388
6389
6390
6391
6393
6402
6404
6405
6406
6411
6424
6432
6435
6444
6447
6450
6451
6453
6454
6455
6460
6463
6464
6466
6470
6476
6477
6482
6484
6485
6486
6487
6488
6489
6491
6492
6496
6506
6507
6510
6511
6514
6838
6515
6516
6517
6520
6523
6524
6526
6531
6533
6534
6538
6540
6542
6545
6546
6548
6549
6550
6551
6553
6554
6556
6561
6562
6564
6565
6566
6568
6569
6570
6572
6576
6578
6581
6585
6587
6588
6590
6592
6595
6598
6779
6604
6606
6607
6611
6613
14283
6624
6630
6636
6637
6639
6642
6643
6645
6650
6652
11700
6663
6665
6666
6668
6671
6672
6673
6674
6675
6676
6677
6679
6680
6684
6685
6686
6688
6691
6692
6693
12626
12372
6695
6696
6698
6702
6703
6706
6709
6710
6714
6715
6716
6718
6719
6722
6723
6728
6729
6730
6732
6735
6736
6737
6738
6740
6742
6744
6746
6747
6748
6749
6750
6755
6756
6757
6759
6764
6771
6772
6773
6776
6781
6783
6784
6789
6790
6793
6796
6798
6801
6804
6807
6808
6812
6813
6814
6988
6820
6821
6822
6826
6829
6830
6831
6836
6837
6839
6840
6841
6842
6844
6846
6848
6849
6851
6858
6859
9649
6866
6868
6870
6879
6882
6886
6887
6890
6893
6895
6896
6897
6899
6906
6908
6910
6913
6917
6918
6921
6925
6926
6931
6934
6935
6938
6940
6941
6942
6944
6945
6948
6951
6954
6957
6959
6961
6962
6967
6968
6971
6977
10914
6978
6981
6984
6985
6987
6990
6993
7167
6995
6996
6999
7000
7001
7002
7004
7009
7010
7016
7021
7022
9303
7026
7029
7032
7033
7034
7035
7036
7041
7045
7047
7050
7051
7053
13879
7057
7058
7059
7063
7064
7065
7066
7069
7073
7075
7079
7080
7084
7092
7096
7102
7103
7106
7108
7109
7112
7115
7121
7122
7123
7124
7125
7127
7129
7130
7668
7132
7133
7137
7141
7142
7152
7154
7156
7159
14091
7160
7165
7166
7168
7169
7172
7175
7176
7178
7179
7180
7185
7188
7189
7192
7193
7196
7201
7202
7204
7205
7207
7209
7210
7212
7213
7214
7217
7218
7219
7220
7223
7225
7226
7228
7229
7232
7239
7249
7252
7253
7260
7267
7276
7279
7285
7287
7288
7289
7297
7298
7300
7312
7317
7320
7321
7322
7323
7326
7330
7332
7333
7336
7346
7349
7350
7351
7352
7353
7354
7355
7360
7361
7362
7363
7364
7369
7375
7376
7388
7389
7390
7391
7393
9677
8024
7397
7398
7400
7402
7406
7409
7411
7412
7413
7414
7415
7417
7419
7422
7426
7428
7431
7432
7436
7439
7442
7443
7444
7450
7452
7454
7455
7456
7457
7458
7459
7461
7463
7464
7484
7468
7469
7470
7474
7475
7477
10153
7478
7479
7480
7481
7483
10752
7485
7486
7489
7490
7491
7492
7493
7494
7495
7497
7498
7500
7501
7502
7503
7504
7505
7506
7507
7508
7509
7510
7511
7514
7515
7518
7519
7520
7522
7523
7524
7525
7526
7527
7528
7529
7531
7533
7534
11801
7537
7539
7540
7545
7546
7551
7552
7554
7556
7557
7559
7564
7566
7570
7574
7575
7576
7577
7578
7579
7580
7581
7583
7584
7585
7588
7589
7591
7595
7597
7598
7601
7604
7605
7609
7611
7612
7613
7615
7678
7616
7617
7620
7622
7624
7625
7628
7634
7635
7636
7640
7643
7650
7657
7658
7660
7662
7666
7667
7669
7671
7673
7674
7675
7679
7682
7683
7685
7687
7688
7691
7701
7703
7706
7707
7708
7711
7714
7715
7716
7717
7718
7719
7721
7722
7723
7724
7726
7727
7730
7732
7733
7736
7738
7741
7742
7744
7746
7748
7750
7753
7754
7755
7756
7758
7759
7764
7765
7767
7768
7769
7773
7774
7775
7776
7777
7778
7781
7784
7785
7787
7792
9726
7794
7795
7798
7799
7803
7806
7809
7815
7817
7818
7819
7823
7824
7825
7827
7828
7829
7830
7831
7832
7833
7834
7835
7836
7837
7838
7843
7844
7845
7847
7853
7855
7858
7860
7861
7862
7863
7864
7866
7867
7869
7870
7872
7873
7875
7876
7878
7879
7880
7882
7884
7885
7890
7891
7893
7900
7901
7902
7903
7904
7906
7907
7908
7909
7910
7912
7913
7914
7915
7916
7917
7919
7921
7923
7925
7927
7928
7931
7932
7934
7937
7938
7940
7941
7942
7943
7944
7945
7946
7948
7952
7953
7954
7955
7960
7961
7963
7964
7967
7968
7969
7970
7971
7973
7974
7975
7977
7979
7980
7981
7982
7984
7986
7987
7988
7989
7993
7994
7995
7996
8001
8004
8007
8010
8011
8012
8014
8015
8017
8018
8022
8026
8030
8031
9689
8032
8033
8038
8039
8040
8044
8045
8047
8048
8049
8050
8057
8058
8059
8060
8061
8062
8063
8064
8065
8066
8067
8068
8070
8075
8077
8078
8079
8080
8081
8082
8087
8093
8097
8099
8100
8102
8103
8106
8107
8110
8111
8114
8116
8117
8119
9243
8124
8128
8131
8132
8133
8134
8138
8139
8140
8141
8142
8143
8144
8145
8149
8150
8154
8156
8157
8160
8164
8169
8171
8172
8174
8177
8178
8180
8182
8186
8187
8188
8189
8190
8191
8193
8194
11454
8196
8197
8200
8201
8202
8203
8206
8207
8208
8209
8211
8212
8213
8214
8215
8217
8218
8220
8221
8223
8224
8225
8227
8228
8229
8230
8233
8234
8235
8236
8237
8238
8239
8240
8241
8242
8243
8244
8246
8248
8250
8252
8253
8255
8256
8257
8258
8259
8260
8261
8262
8265
8266
8267
8268
8269
8270
8271
8272
8275
8277
8278
8279
8280
8281
8282
8286
8288
8293
8294
8295
8296
8298
8299
8300
8302
8303
8305
8306
8307
8308
8309
8310
8311
8313
8314
8317
8318
8319
8321
8323
8325
8326
8327
8329
8330
8331
8332
8334
8335
8336
8337
8339
8340
8344
8345
8346
8347
8349
8351
8352
8354
8355
8357
8358
8359
8360
8361
8363
8365
8367
8370
8371
8372
8376
8377
8379
8381
8383
8385
8386
8388
8393
8395
8400
8401
8402
8408
8409
8411
8413
8414
8415
8416
8418
8419
8420
8421
8422
8425
8427
8429
8430
8432
8435
8436
8439
8440
8441
8443
8444
8446
8449
8451
8452
8453
8455
8456
8460
8461
8462
8463
8467
8469
8471
8472
8473
8474
8475
8476
8477
8478
8479
8480
8482
8484
8486
8487
8488
8489
8490
8491
8492
8493
8497
8499
8506
8508
8515
8518
8527
8532
8545
12435
8550
8553
8556
8557
8559
8564
8568
8572
8583
8588
8591
8593
8600
8604
8605
8609
8611
8612
8615
8621
8628
8630
8633
8637
8641
8644
8646
8647
8649
8659
8660
8663
8670
8677
8683
8686
8688
8690
8692
8697
8700
8701
8704
8706
8713
8714
8716
8719
8720
8723
8724
8725
8726
8727
8728
8730
8731
8732
8735
8741
8742
8743
8744
8746
8747
8750
8754
8757
8758
8760
8762
8766
8768
8769
8771
8823
8772
8774
8778
8780
8783
8785
8786
8787
8792
8795
8796
8801
8802
8803
8804
8809
8811
8812
8814
8815
8816
8817
8819
8825
8828
8835
8836
8838
8839
8840
8844
8845
8853
8855
8857
8864
8865
8866
8869
8870
8871
8874
8875
8876
8879
8881
8883
8884
8887
8888
8890
8892
8893
8896
8901
8903
8906
8909
8910
8912
8915
8917
8919
8923
8925
8926
8934
8938
10610
8939
8940
8941
8944
8945
8946
8948
8950
8952
8954
8957
8958
8959
8960
8961
8963
8964
8965
8967
8968
8973
8974
8979
8980
8982
8983
8985
8987
8989
8990
8994
8996
8998
9000
9001
9003
9006
9009
9012
9014
9015
9017
9021
9024
9027
9030
9039
9043
9051
9052
9056
9057
9058
9060
9063
9064
9069
9070
9073
10281
12078
9076
9077
9079
9083
9084
9087
9090
9092
9093
9094
9095
9096
9097
9099
9100
9102
9103
9104
9106
9107
9108
9109
9110
9115
9117
9118
9120
9121
9124
9125
9126
9127
9128
9129
9134
9135
9140
9142
9147
9148
9156
9157
9158
9161
9164
9165
9166
9167
9168
9169
9172
9173
9174
9179
9182
9187
9188
9189
9190
9192
9193
9194
9201
9202
9203
9204
9205
9206
9208
9209
9210
9213
9214
9215
9219
9221
9223
9225
9227
9230
9236
9238
9240
9241
9242
9244
9247
9248
9249
9251
9255
9256
9258
9262
9263
9265
9267
9268
9271
9273
9276
9279
9280
9283
9284
9285
9286
9287
9288
9289
9290
9291
9292
9294
9295
9297
9304
9309
9310
9312
9313
9319
9323
9331
9332
9333
9336
9342
9345
9347
9348
9351
9353
9355
9356
9357
9360
9361
9364
9365
9366
9368
9369
9373
9374
9376
9380
9381
9382
9383
9385
9387
9391
9392
9393
9394
9395
9398
9399
9407
9408
9409
9410
9411
9415
9416
9417
9418
9423
9426
9432
9435
9436
9440
9441
9442
9445
9446
9447
9451
9452
9453
9454
9455
9456
9458
9459
9460
9464
9466
9467
9468
9469
9472
9473
9475
9479
9480
9482
9483
9486
9488
9492
9493
9496
9498
9499
9504
9505
9506
9508
9509
9512
9514
9515
9517
9519
9520
9521
9524
9529
9534
9536
9537
9538
9540
9542
9543
9546
9550
9552
9553
9555
9556
9557
9558
9559
9561
9567
9568
9579
9581
9582
9586
9587
9590
9591
9592
9593
9594
9595
9597
9600
9601
9602
9604
9605
9608
9610
9611
9618
9623
9624
9628
9631
9633
9636
9640
9642
9643
9645
9647
9651
9652
9654
9656
9657
9658
9659
9660
9662
9663
9664
9665
9666
9668
9669
9670
9672
9674
9678
9679
9681
9682
9684
9691
9695
9701
9706
9709
9710
9716
9717
9719
9721
11833
9727
9728
9729
9730
9732
9736
9740
9741
9742
9744
9746
9749
9750
9751
9752
9754
9755
9757
9759
9761
9763
9764
9765
9767
9768
9771
9772
9774
9775
9778
9779
9780
9781
9782
9783
9784
12641
9785
9786
9790
9791
9792
9793
9794
9795
9798
9802
9803
9804
9805
9806
9807
9808
9809
9810
9811
9812
9813
9814
9815
9818
9821
9825
9826
9827
9830
9831
9833
9837
9840
9842
9843
9846
9847
9848
9851
9852
9854
9855
9857
9859
9862
9863
9864
9868
9870
9872
9873
9874
9875
9878
9880
9882
9883
9885
9888
9889
9890
9892
9895
9896
9898
9902
9903
9904
9905
9906
9911
9915
9916
9918
9919
9920
9922
9926
9928
9931
9933
9934
9935
9937
9938
9939
9942
9945
9947
9948
9949
9953
9954
9956
9958
9959
9960
9962
9963
9964
9965
9967
9968
9969
9970
9971
9972
9976
9980
9982
9985
9986
9987
9988
9990
9991
9992
9993
9994
9995
9996
9999
10002
10004
10005
10008
10009
10010
10011
10016
10017
10018
10019
10020
10025
10026
10028
10029
10030
10031
10032
10034
10035
10039
10040
10042
10043
10046
10047
10050
10055
10059
10060
10061
10062
10064
10066
10068
10069
10072
10073
10074
10075
10076
10077
10078
10080
10082
10085
10086
10091
10092
10094
10097
10098
10100
10101
10103
10106
10109
10110
10111
10115
10117
10119
10121
10123
10127
10132
10136
10142
10143
10145
10146
10147
10148
10149
10150
10152
10155
10160
10162
10163
10164
10165
10168
10170
10932
10171
10172
10175
10176
10178
10179
10181
10182
10184
10186
10189
10195
10199
10205
10206
10209
10210
10212
10213
10217
10220
10223
10224
10225
10226
10228
10231
10232
10233
10234
10237
10240
10243
10245
10246
10248
10249
10250
10257
10260
10261
10262
10263
10264
10265
10266
10267
12923
10270
10271
10272
10273
10274
10276
10279
10284
10285
10287
10288
10289
10293
10295
10297
10298
10299
10300
10302
10303
10304
10305
10306
10310
10311
10312
10314
10317
10319
10320
10321
10322
10323
10325
10330
10333
10334
10335
10336
10339
10341
10516
10342
10343
10347
10348
10350
10351
10352
10353
10354
10355
10362
10365
10366
10367
10368
10370
10373
10374
10375
10376
10380
10381
10382
10383
10384
10386
10387
10388
10389
10391
10393
10394
10395
10396
10398
10399
10401
10403
10404
10405
10407
10408
10409
10412
10413
10415
10416
10417
10418
10419
10420
10422
10423
10424
10425
10426
10430
10433
10437
10438
10439
10440
10441
10443
10444
10445
10447
10448
10449
10450
10451
10453
10454
10455
10456
10458
10460
10461
10462
10463
10464
10465
10467
10470
10471
10472
10473
10474
10475
10476
10477
10480
10482
10483
10486
10488
10491
10492
10493
10494
10497
10498
10500
10501
10502
10503
10504
10505
10506
10507
10508
10510
10511
10512
10514
10515
10519
10600
10521
10523
10527
10530
10532
10533
10534
10535
10536
10538
10539
10540
10541
10542
10543
10544
10545
10547
10548
10555
10556
10558
10561
10563
10564
10565
10570
10571
10574
10575
10576
10577
10578
10579
10580
10581
10583
10584
10585
10587
10590
10591
10593
10594
10598
10599
10601
10602
10607
10609
10765
10611
10612
10613
10615
10616
10617
10618
10619
10621
10622
10624
10625
10626
10631
10632
10633
10634
10635
10636
10637
10638
10640
10643
10644
10645
10647
10648
10649
10650
10653
10654
10655
10656
10658
10660
10663
10664
10665
10666
10667
10668
10669
10670
10673
10676
10677
10678
10680
10681
10682
10683
10684
10685
10687
10691
10692
10693
10694
10695
10697
10698
10701
10702
12552
10703
10704
10706
10708
10710
10711
10712
10713
10714
10715
10716
10717
10718
10721
10722
10724
10728
10730
10731
10734
10736
10737
10738
10740
10741
10742
10744
10745
10746
10754
10755
10756
10758
10759
10760
10761
10763
10764
10766
10767
10768
10769
10770
10771
10772
10773
10774
10776
10777
10779
10780
10781
10784
10785
10788
10789
10791
10792
10794
10795
10796
10797
10800
10801
10802
10803
10804
10805
10807
10810
10812
10814
10817
10818
10819
10820
10825
10828
10829
10832
10833
10838
10839
10842
10843
10844
10846
10847
10849
10851
10852
10853
10857
10858
10861
10865
10872
10873
10876
10877
10878
10882
10883
10884
10885
10886
10889
10891
10892
10893
10896
10897
10899
10900
10902
10903
10904
10905
10909
10910
10916
10920
10921
10922
10924
10925
10926
10927
10934
10935
10936
10938
10940
10941
10943
10944
10945
10946
10947
10949
10953
10954
10961
10962
10967
10968
10969
10970
10971
10976
10978
10979
10982
10985
10989
10991
10992
10993
10996
10997
11000
11002
11006
11008
11009
11011
11012
11013
11015
11017
11708
11018
11020
11022
11023
11024
11025
11028
11030
11031
11036
11037
11038
11040
11043
11051
11053
11055
11056
11059
11061
11062
11063
11067
11072
11073
11075
11081
11083
11085
11087
11088
11093
11096
11097
11099
11101
11103
11105
11106
11107
11109
11111
11112
11113
11195
11114
11117
11118
11120
11123
11124
11125
11126
11132
11133
11134
11139
11145
11146
11148
11149
11155
11157
11158
11159
11160
11162
11165
11166
11168
11170
11171
11172
11175
11178
11179
11187
11192
11205
11206
11209
11210
11213
11214
11215
11216
11218
11219
11220
11221
11231
11233
11234
11236
11237
11238
11240
11246
11248
11250
11251
11255
11259
11260
11263
11265
11268
11278
11280
11281
11286
11287
11289
11290
11291
11292
11293
11294
11298
11299
11301
11802
11493
11305
11306
11308
11311
11320
11323
11324
11329
11336
11338
11339
11343
11348
11349
11350
11351
11352
11353
11354
11356
11357
11363
11366
11367
11368
11371
11372
11381
11382
11383
11387
11388
11396
11400
11401
11403
11404
11405
11406
11407
11409
11410
11412
11414
11416
11417
11420
11421
11428
11429
11430
11431
11432
11434
11435
11436
11438
11439
11442
11443
11444
11445
11446
11447
11449
11453
11455
11456
11462
11464
11465
11466
11467
11468
11469
11472
11473
11478
11485
11486
11490
11491
11492
11495
11500
11501
11504
11505
11507
11509
11513
11515
11516
11526
11529
11533
11539
11543
11545
11546
11550
11555
11556
11558
11563
11569
11577
11581
11584
11585
11586
11587
11594
11595
11596
11600
11607
11608
11612
11614
11617
11627
11628
11631
11632
11633
11634
11638
11639
11642
11643
11645
11646
11647
11650
11657
11660
11662
11663
11664
11665
11667
11669
11670
11672
11673
11674
11675
11677
11679
11681
11682
11684
11685
11687
11688
11690
11692
11694
11696
11697
11701
11703
11705
11706
11709
11710
12426
11715
11717
11719
11720
11723
11724
11725
11728
11729
11732
11734
11736
11737
11738
11741
11742
11743
11746
11749
11750
11751
11753
11757
11758
11760
11761
11764
11767
11768
11775
11776
11777
11779
11780
11781
11783
11784
11785
11786
11788
11790
11791
11793
11797
11798
11799
11800
11804
11808
11809
11810
11811
11813
11814
11815
11817
11818
11821
11824
11825
11828
11829
11830
11831
11834
11835
11836
11839
11840
11841
11843
11844
11845
11848
11849
11850
11852
11854
11859
11861
11862
11864
11871
11872
11876
11881
11882
11885
11889
11890
11895
11896
11897
11898
11901
11902
11903
11904
11906
11907
11908
11909
11911
11912
11913
11915
11916
11917
11918
11921
11922
11923
11927
11931
11932
11934
11935
11937
11938
11940
11942
11943
11946
11948
11950
11951
11952
11953
11955
11956
11958
11959
11961
11963
11968
11970
11993
11994
11998
12000
12001
12002
12008
12010
12020
12021
12028
12030
12033
12039
12040
12041
12042
12050
12051
12052
12053
12055
12076
12080
12081
12089
12090
12105
12108
12111
12113
12116
12117
12118
12119
12120
12121
12122
12123
12124
12126
12133
12136
12141
12142
12147
12148
12151
12153
12156
12158
12163
12165
12166
12169
12170
12178
12180
12182
12186
12187
12190
12191
12192
12194
12195
12196
12197
12198
12200
12201
12204
12207
12210
12213
12214
12215
12216
12217
12218
12220
12221
12222
12223
12228
12229
12230
12232
12235
12237
12238
12243
12247
12249
12260
12262
12263
12265
12266
12267
12271
12274
12276
12279
12280
12284
12285
12286
12288
12290
12292
12295
12298
12301
12303
12304
12305
12308
12310
12312
12315
12316
12317
12321
12322
12324
12325
12329
12332
12333
12334
12336
12337
12338
12339
12342
12343
12344
12346
12347
12350
12353
12354
12355
12356
12359
12360
12361
12363
12365
12366
12369
12371
12374
12376
12381
12383
12385
12387
12388
12394
12395
12397
12398
12400
12401
12404
12405
12406
12407
12408
12410
12414
12415
12416
12419
12420
12427
12431
12432
12433
12434
12440
12441
12445
12447
12448
12449
12450
12451
12455
12456
12457
12459
12460
12462
12467
12469
12471
12472
12473
12475
12815
12477
12478
12479
12480
12485
12489
12490
12492
12493
12499
12500
12501
12503
12504
12506
12509
12510
12511
12512
12518
12520
12523
12524
12529
12533
12534
12536
12537
12538
12539
12540
12542
12545
12546
12548
12550
12551
12553
12554
12555
12559
12560
12563
12564
12567
12568
12570
12571
12572
12573
12575
12576
12577
12579
12582
12583
12584
12589
12590
12592
12594
12595
12597
12600
12602
12604
12605
12607
12609
12610
12612
12613
12614
12615
12617
12618
12619
12620
12623
12624
12630
12632
12633
12634
12637
12638
12639
12644
12645
12646
12647
12649
12650
12652
12653
12654
12655
12656
12657
12658
12659
12660
12662
12663
12664
12665
12666
12667
12670
12673
12674
12677
12678
12679
12680
12684
12685
12689
12690
12693
12694
12698
12703
12706
12709
12710
12712
12713
12714
12719
12720
12722
12724
12727
12728
12731
12732
12733
12734
12738
12740
12741
12743
12746
12750
12752
12756
12757
12758
12763
12768
12769
12770
12773
12775
12776
12778
12779
12780
12781
12783
12784
12785
12786
12787
12788
12790
12793
12795
12796
12797
12798
12799
12800
12801
12804
12805
12806
12807
12808
12809
12810
12812
12813
12814
12816
12817
12819
12820
12821
12822
12823
12824
12826
12827
12829
12830
12831
12833
12836
12839
12840
12841
12845
12846
12847
12848
12849
12850
12851
12853
12854
12855
12857
12858
12860
12861
12862
12863
12865
12866
12867
12871
12872
12873
12874
12875
12877
12879
12880
12881
12883
12887
12888
12889
12890
12891
12897
12898
12902
12904
12905
12908
12909
12911
12912
12915
12916
12918
12920
12922
12924
12926
12928
12930
12932
12933
12935
12937
12939
12940
12941
12945
12946
12947
12948
12949
12950
12951
12955
12956
12958
12960
12961
12962
12963
12964
12965
12967
12968
12969
12970
12971
12972
12973
12974
12975
12976
12978
12979
12980
12981
12984
12989
12991
12993
12994
12998
13000
13001
13002
13003
13007
13008
13010
13011
13012
13013
13014
13015
13016
13017
13018
13019
13021
13023
13024
13026
13029
13030
13032
13033
13034
13035
13039
13041
13042
13043
13045
13046
13047
13048
13049
13050
13051
13052
13053
13054
13055
13056
13057
13060
13062
13064
13066
13067
13068
13069
13070
13072
13074
13077
13080
13083
13084
13085
13087
13088
13089
13095
13097
13099
13100
13101
13103
13105
13106
13108
13110
13111
13112
13113
13115
13116
13117
13119
13121
13123
13126
13127
13128
13131
13133
13134
13137
13138
13139
13143
13144
13145
13147
13148
13151
13153
13154
13159
13161
13162
13164
13165
13166
13167
13168
13169
13170
13172
13174
13175
13176
13178
13180
13183
13184
13185
13186
13188
13193
13194
13195
13196
13199
13202
13203
13205
13207
13208
13211
13215
13217
13223
13226
13227
13228
13229
13230
13233
13234
13235
13236
13237
13238
13241
13242
13247
13249
13255
13256
13261
13263
13266
13267
13268
13269
13270
13271
13273
13274
13276
13277
13283
13285
13286
13289
13292
13295
13296
13300
13301
13304
13305
13307
13309
13310
13313
13314
13315
13316
13317
13318
13319
13322
13325
13328
13334
13336
13338
13343
13344
13351
13353
13356
13358
13360
13361
13363
13364
13365
13366
13367
13370
13371
13373
13374
13376
13380
13381
13382
13384
13386
13393
13396
13411
13416
13428
13433
13436
13443
13445
13446
13448
13456
13460
13462
13467
13468
13477
13479
13485
13493
13496
13498
13500
13501
13506
13509
13510
13511
13513
13515
13517
13518
13519
13521
13522
13525
13527
13528
13529
13531
13533
13535
13539
13540
13544
13548
13549
13554
13555
13557
13563
13569
13570
13571
13572
13580
13582
13583
13584
13585
13588
13590
13591
13592
13600
13601
13602
13603
13604
13605
13608
13614
13616
13623
13624
13626
13628
13631
13634
13635
13636
13637
13639
13643
13644
13646
13647
13658
13659
13661
13664
13666
13669
13674
13675
13678
13680
13686
13690
13692
13694
13696
13706
13710
13711
13712
13713
13715
13721
13724
13732
13735
13739
13743
13747
13760
13777
13778
13783
13787
13792
13798
13804
13810
13813
13815
13823
13825
13844
13845
13846
13849
13850
13852
13854
13860
13862
13863
13866
13870
13871
13872
13874
13876
13882
13885
13889
13892
13893
13895
13896
13899
13900
13901
13907
13909
13911
13912
13916
13917
13919
13920
13921
13924
13929
13932
13935
13936
13939
13942
13943
13944
13949
13951
13952
13954
13955
13970
13974
13975
13976
13977
13978
13979
13982
13983
13986
13987
13990
13991
13992
13993
13995
13997
13998
14004
14008
14009
14011
14012
14013
14014
14015
14016
14018
14020
14022
14024
14025
14030
14031
14032
14033
14035
14036
14037
14039
14040
14041
14043
14044
14045
14046
14050
14052
14053
14057
14058
14059
14060
14061
14067
14068
14069
14070
14071
14072
14073
14074
14075
14076
14077
14080
14081
14083
14085
14086
14089
14090
14094
14099
14100
14103
14104
14105
14107
14109
14110
14112
14113
14114
14116
14117
14118
14119
14120
14123
14124
14127
14129
14130
14132
14133
14134
14136
14137
14142
14146
14148
14149
14154
14159
14161
14163
14164
14165
14171
14172
14178
14180
14181
14184
14185
14187
14188
14190
14191
14192
14194
14196
14198
14200
14201
14203
14209
14211
14218
14219
14225
14226
14229
14230
14232
14233
14236
14239
14240
14241
14242
14245
14246
14247
14248
14250
14253
14255
14256
14260
14261
14262
14263
14264
14266
14268
14269
14270
14271
14272
14273
14284
14285
14286
14287
14288
14294
14296
14299
14300
14301
14302
14305
14306
14307
14308
14309
14310
14312
14313
14318
14321
14323
14328
14335
14337
14338
14339
14342
14343
14344
14346
14352
14356
