2
3
4
5
6
74
9
12
13
18
16
17
19
20
21
22
23
4354
11402
3494
26
27
31
32
33
34
36
38
39
41
46
50
53
54
76
319
57
59
61
62
63
64
65
66
70
73
75
2568
2496
78
82
83
84
85
86
261
88
90
91
93
94
95
96
103
104
105
106
110
111
113
114
115
116
121
122
123
124
125
126
127
128
129
130
728
1306
133
134
135
9484
6764
734
310
5150
137
139
141
144
145
213
147
148
8306
5003
5774
149
151
152
153
157
158
159
160
6530
178
1170
165
169
170
171
172
173
333
175
176
177
179
183
184
186
187
189
190
193
194
196
197
1482
10894
3538
7126
2712
8286
198
201
202
3710
203
208
859
215
218
219
3285
221
222
224
231
232
235
238
239
244
245
246
247
248
8307
249
250
251
252
254
255
256
257
259
260
262
263
266
267
269
270
271
2584
273
275
276
278
284
285
286
288
289
4588
292
294
295
296
297
298
299
300
301
302
306
309
311
313
314
315
316
317
8132
318
320
3518
321
322
326
327
331
332
334
335
336
338
597
5870
340
346
349
350
352
354
355
357
358
359
360
363
364
365
370
374
375
379
380
384
385
386
387
388
389
390
391
392
395
397
3717
398
399
406
408
409
410
411
414
416
4308
4941
418
419
422
423
424
430
434
441
447
3204
448
451
454
755
2871
469
476
2173
479
480
483
484
486
490
491
804
492
493
5140
494
495
496
497
498
499
500
501
502
4529
503
504
505
6398
506
507
508
509
510
511
512
513
514
515
516
517
518
519
520
521
522
527
528
535
539
543
547
549
550
551
553
555
556
559
561
563
564
565
571
572
573
575
576
577
8107
579
581
583
584
588
589
590
594
595
596
599
600
604
607
608
619
623
624
629
951
632
633
2379
637
640
641
643
644
645
647
652
654
656
659
662
664
669
670
672
674
676
678
679
680
681
685
686
688
691
698
699
701
704
705
706
1352
707
708
710
712
716
717
718
721
726
731
733
738
740
741
742
743
744
746
748
750
751
754
8092
2741
756
758
764
766
768
769
772
775
780
781
784
785
786
789
790
792
793
801
4377
5293
3974
6023
1566
816
817
3394
5560
818
820
821
824
828
833
835
836
838
840
841
842
846
847
849
856
857
858
860
861
863
4691
865
866
870
871
873
874
875
876
886
897
898
899
911
912
915
917
921
922
927
928
929
931
932
934
938
940
941
942
4158
948
949
1003
952
955
3639
958
960
10237
962
963
964
969
977
978
980
981
983
984
985
986
988
990
991
994
997
999
1001
1002
1004
1006
1009
1011
1012
1013
1019
1020
1021
1023
1028
1029
1032
1035
1036
1037
1038
1039
1040
1043
1047
11110
1048
1049
1055
1056
1059
1060
1063
1065
1066
1067
1070
1072
1073
1075
1079
1080
1084
1085
1086
1089
1090
1091
1092
1096
1101
1103
1301
1369
2620
1104
1105
1106
1107
1111
1113
1118
1119
1121
1125
1127
1128
1133
1135
1139
1151
1152
1153
1155
1156
1157
2570
1158
3198
1171
1172
1173
1174
4116
1175
1181
1184
1186
1190
1197
1198
1205
2827
1208
1213
1216
1217
1218
1219
1220
1221
1222
1224
1225
1226
1227
1228
1229
1230
1231
1232
1233
1234
1235
1237
1240
1241
1246
1248
1250
1251
1252
1253
1254
1255
1260
1261
1262
1265
1266
1267
1271
1272
1273
1279
1281
1286
1287
1289
1291
1293
1295
1299
1300
12014
1302
1305
1307
1308
4562
1310
1320
1321
1324
1329
1333
1342
1343
1350
1351
1354
1358
1359
1361
1362
1365
1368
1370
1373
1374
1377
1380
1384
1385
1386
2305
1387
1388
1390
1392
1396
1398
1401
10314
6867
1404
1408
1411
1412
1413
1415
1416
1418
1419
1421
1422
1426
1428
1432
1433
1442
1450
1451
1452
1453
1455
1459
1462
1463
1467
1468
2853
1469
1472
1474
1475
1476
1480
1483
1486
1491
1493
1497
1501
1503
1507
1511
1513
1515
1519
1520
1523
1524
1529
1531
1532
1538
1539
1541
1546
1547
1548
1551
1553
1554
1557
1561
1562
1563
1565
1569
1572
1575
1577
1581
1582
1583
1588
1589
1590
1595
1599
1601
1605
12379
1607
1608
1610
1613
1614
1616
1623
1624
1625
1626
1627
1628
1629
1630
1634
4495
1636
1637
1638
1639
1642
1643
1646
1650
1651
1652
1653
1654
1655
1656
1661
1664
1667
1668
1669
1671
1672
1673
1675
1677
1680
1682
1684
1686
1688
1689
1690
1691
1692
1693
1695
1698
1699
1700
1710
1713
1714
1717
1727
1730
1734
1737
1738
1739
1742
1745
1748
1750
1753
1755
1756
1759
1761
1772
1773
1776
1777
1778
3225
1780
1781
5887
1783
1787
1789
1792
1801
1808
1809
1812
1813
1814
10896
1818
1819
1822
1826
1829
1830
1835
1837
1838
1840
1842
3883
1843
1844
1845
1846
1847
1848
1849
1850
1852
1857
1862
1864
3334
1868
1869
1870
1872
6993
2005
1874
1876
1877
1878
5120
1883
1886
1891
1893
1895
1898
1899
1901
1906
1912
1913
1914
1917
1920
1922
1924
1927
1928
2558
1931
1932
1933
1934
1935
1947
1949
1950
1951
1954
3770
1958
1959
1963
1964
1966
1968
1969
1971
1972
1973
1974
1975
1976
1978
1979
1980
1981
1982
1984
1985
1989
5037
1993
1994
1995
1996
1999
2001
2003
2007
2008
2009
2010
2011
2012
2013
2014
2016
2017
2018
2020
2022
2024
2028
2029
2031
2033
2035
2036
2037
2039
2041
2045
2047
2050
2052
2053
2055
2061
2062
2065
2075
2076
2077
2078
2079
2083
2084
2086
2091
2096
2103
2108
2110
2111
2112
2117
2119
2121
2122
2125
3802
2427
2127
2129
2134
2136
2137
2139
2142
2143
2148
2151
2155
2159
2162
2168
2171
2178
2179
2184
2187
2188
2189
2193
2194
2203
2207
2210
2211
2212
2216
2992
4039
2221
2222
2223
2224
2226
2229
2235
2241
2248
2249
2251
2255
2256
2257
2261
2264
2267
2271
2272
2276
2278
2281
2284
2285
2287
2292
2298
2299
2300
2301
2302
2308
2313
2319
2322
2323
2325
2327
2329
2332
2337
2341
2347
2349
2351
2353
2358
2359
2360
2364
2367
2371
2373
5203
2378
2380
2382
2384
2387
2388
2390
2398
11222
2399
2402
2404
2405
2406
2413
2417
2418
2423
2425
2426
2432
2435
2436
2439
2440
2448
2449
2450
2451
2460
2462
2463
2468
2471
2472
2476
2478
2479
2482
2483
2487
2489
2491
2492
2495
2497
2498
2499
2500
2501
2502
2503
2507
2510
2511
3211
2512
2514
9261
7658
2515
2519
2527
2528
2529
2536
2537
2539
2540
2544
2550
2551
2552
2555
2557
2562
2565
2567
4994
2572
2573
2575
2576
2577
2579
2580
2582
2583
2585
2588
2595
2597
2602
2604
2605
2606
2607
3219
2608
2609
2611
2614
2616
2617
2619
3367
3327
2624
2626
2627
2630
2631
2636
2640
2642
2644
2646
2647
2648
2651
2652
2657
2660
3252
2663
2672
2673
2675
2680
2682
3741
2687
2688
2691
2695
2696
2699
2700
2701
2703
2704
2705
2710
2713
2714
2715
2718
2719
2720
2721
2722
2723
2724
2725
2727
2728
2729
2731
2732
2735
2736
2737
2739
2740
7036
2743
2744
2746
2747
2748
2749
2750
2752
2753
2757
2758
2759
2760
2762
2763
2764
2765
2766
2767
2768
2769
2771
2772
2773
2774
2775
2776
2779
2781
2783
2785
2790
2791
2792
2794
2795
2798
2799
2804
2806
2808
2963
2809
2811
4246
2816
2820
2821
2822
2825
2826
2828
2830
2834
2835
2836
2837
2839
2845
2846
2847
2849
2850
2852
2855
2857
2859
2860
2864
2866
2870
2874
2875
2877
2878
2884
2886
2887
2889
2893
2895
2898
2899
3266
2900
2904
2906
2907
2908
2914
2915
2917
2918
2919
2920
2922
2923
2924
2926
2929
2931
2932
2935
2938
2939
2940
2941
2943
2944
2946
2948
7768
2957
2960
9057
2962
2964
2966
2967
2968
2969
2970
2971
2972
2973
2974
2975
2976
2977
2978
2979
2980
2981
2982
2983
2984
2985
2987
2988
2990
2991
2994
2995
2996
2997
2998
2999
3000
3001
3002
3003
3004
3005
3006
3007
3008
3009
3010
3011
3012
3013
3015
3016
3017
3022
3449
3023
3024
3025
3026
3027
3028
3029
3030
3031
3032
3033
3034
3035
3036
3037
3038
3039
3040
3041
3042
3043
3044
3045
3046
3047
3049
3050
3051
3052
3053
3054
3055
3056
3057
3058
3059
3060
3061
3062
3063
3064
3065
3066
3067
3068
3069
3070
3071
3072
3076
3081
3082
3083
3084
3085
3086
3087
3088
3089
3090
3091
3092
3093
3094
3095
3096
3097
3098
3099
3100
3102
3103
3106
3108
3109
5757
3113
3114
3115
3116
3117
3118
3119
3120
3121
3122
3123
3124
3125
3126
3127
3128
3129
3130
3131
3132
3133
3328
3135
3137
3138
3140
3141
3142
3143
3144
3146
3147
3148
3149
3150
3151
3152
3153
3154
3155
3156
3157
3158
3159
3160
3161
3162
3163
3164
3165
3167
3168
3169
3170
3171
3174
3176
3177
3179
3180
3181
3184
3187
3190
3191
3199
3200
3795
3201
3202
3205
3206
3207
3208
3209
3212
3213
3215
3217
3218
3221
3222
3224
3226
3227
10137
3229
3231
3235
3238
3239
3240
3241
3242
3243
3244
3245
3246
3249
3254
3255
3257
3260
3261
3262
3263
3264
3265
3267
3269
3270
3272
3274
6728
3275
3276
3277
3278
3279
3280
3282
3283
3284
3290
3291
3292
3299
3300
8947
10041
3304
3305
3307
3308
3310
3312
3314
3315
3316
3317
3318
3320
3322
3324
3325
3326
3330
3332
3333
3338
3342
3346
3350
3356
3358
3361
3363
3365
3372
3376
3387
3390
3393
3396
3399
3404
3405
3408
3409
3413
3415
3416
3418
3422
3424
3429
3430
3431
3433
3435
3436
3439
3441
3443
3444
3445
3446
7025
3450
3453
3454
3455
3456
8360
3458
3459
3462
3463
3467
3469
8805
3472
3475
3476
3477
3478
3479
3481
3485
3487
3488
3489
3490
3493
3495
3497
9474
3500
3501
3502
3503
3508
3510
3511
3512
7738
3520
3521
3522
3524
3525
3527
3528
3530
3531
3533
3536
3539
3540
3541
3543
3544
3546
3548
3550
3551
3555
3556
3557
3558
3560
3561
3563
3565
3566
3568
4880
3569
3570
3572
3574
3575
3582
3583
3591
3592
3594
3599
3600
3601
3605
3611
3613
3614
3617
3618
3619
3623
3624
3625
3626
3628
3629
3630
3631
3633
3634
3635
3636
3637
3638
3640
3641
3642
3643
3645
3647
3649
3650
3652
3653
3654
3655
3656
3657
3658
3659
3661
3662
3663
3664
3665
3666
3667
3670
3671
3675
3676
3680
3683
3684
3685
3686
3687
3688
3689
3690
3691
3692
3693
3694
3695
3697
3699
3700
3701
3702
3704
3705
3711
3712
3713
3715
3719
3721
3726
3727
3728
3731
3733
3734
3735
3737
3738
3739
3740
3744
3747
3748
3749
3750
3754
3755
3757
3759
3763
3764
3768
4483
3773
3775
10116
10033
3776
3777
3778
3780
3784
3786
3794
3800
3801
3803
3805
3806
3810
3811
3813
3815
3818
3820
3821
3825
3828
3832
3833
3836
3840
3847
3848
3850
6963
3852
3855
3859
3860
3861
3862
3869
3873
3874
3878
3880
3881
3884
3886
3887
3888
3891
3894
3897
3901
3904
3907
3911
3913
3915
3917
3920
3925
3927
3928
3929
5013
3931
3935
3937
3938
3941
3942
3949
3951
3952
3954
3960
3965
3966
3971
3980
3981
3989
10184
3992
3996
3998
6887
4000
4004
4146
4008
4012
4013
4020
4032
4036
4038
4044
4049
4050
4052
4057
4058
11026
4062
4063
4067
4079
4090
4095
4099
4103
4107
4109
4111
4115
4124
4126
2447
4129
4132
4133
4134
4136
10467
4141
4144
4145
4150
4151
4154
4156
4157
4171
4174
4179
4183
4184
12633
4186
10179
4206
4187
4192
4193
4194
4195
4197
4199
4202
4203
4205
4207
4208
4210
4211
4212
12300
4214
4215
4219
4220
4221
4225
4226
4228
4283
4230
4236
4237
4238
4239
4240
4242
4243
4245
4247
4251
4252
4255
4256
4257
4258
4259
4262
4263
4264
4265
4266
4267
4268
4272
4274
4277
4279
4280
4281
4282
4284
4286
4288
4289
4291
4292
4293
4295
4296
4299
4301
4302
9149
4303
4304
4305
4306
4307
4310
4311
4312
4313
4315
4317
4318
4319
4322
4323
4324
4325
4326
4327
4328
4329
4330
4331
4332
4334
4336
4337
4338
4339
4340
4341
4342
4343
4344
4345
4346
4347
4348
4349
4350
4351
4352
4356
4357
4359
4361
4897
4362
4365
11705
4366
4368
4370
4374
4378
4380
4381
4382
4383
4384
4385
4386
4387
4388
4389
4390
4392
4393
4394
4395
4396
4397
4398
4399
4400
4401
4402
4403
4404
4405
4406
4407
4408
4409
4410
4412
4413
4414
4415
4416
4417
4418
4420
4422
4425
4426
4427
4428
4429
4431
4432
4433
4434
4435
4437
4438
4439
4440
4441
4442
4443
4444
4445
4446
4448
4449
4450
4451
4452
4453
4455
4456
4457
4458
4459
4460
4461
4462
4463
4464
4465
4466
4467
4468
4469
4470
4472
4476
4478
4479
4480
4482
4484
4485
4486
4487
4489
4490
4491
4492
4493
4494
4496
4497
4498
4499
4500
4501
4503
4504
4505
4506
4510
4511
4513
4514
4515
4516
4518
4520
4521
4524
4526
4531
4532
4534
4535
4536
4537
4539
4542
4543
4545
4548
4551
4553
4554
4555
4556
4559
4560
4561
4564
4565
4566
4568
4570
4573
4574
4578
4579
4580
4581
4582
4583
4584
4585
4586
4587
4589
4591
4593
4598
4599
4602
4603
4605
4608
4610
4612
4613
4614
4616
4617
4618
4619
11559
4620
4622
4623
4625
4627
4628
4629
4630
4631
4632
4634
4635
4636
4637
4639
4642
4643
4644
4646
4647
4650
4651
4654
4656
4657
4658
4660
4661
4662
4663
4664
4665
4666
4668
4671
4672
4674
4675
4677
4678
4679
4680
4681
4683
4684
4688
4690
5667
4693
4694
4695
4696
4698
4699
4701
4704
4705
4706
4707
4708
4710
4714
4715
4716
4720
4721
4723
4724
4725
4727
4729
4730
4731
4733
4736
4737
4738
4739
4741
4742
4743
4744
4747
4748
4749
4750
4751
4752
4754
4755
4756
4759
4760
4761
4762
4763
4765
4766
4767
4768
4769
4772
4773
4774
4775
4776
4777
4779
4780
4782
4783
4784
4785
4786
4787
4788
4789
4790
5282
4791
4792
4793
4794
5805
4796
4798
4800
4801
4803
6941
7119
4805
4807
4808
4809
4810
4811
4812
4815
4816
4817
4822
4825
4827
4828
4831
4834
4835
4837
4839
4840
4841
4843
4846
4848
4849
4850
4853
4858
4861
4866
4868
4869
5105
4871
4872
4873
4876
4878
4879
4881
4883
4886
4893
5200
4899
4900
4901
4904
4908
4909
4910
4913
4915
4916
4920
4921
4922
4923
4926
4927
4928
4930
4931
4932
4934
4936
4938
4942
4944
4945
4948
4950
4951
4956
4963
4965
4967
4971
4973
4975
4977
4979
4982
4983
4984
4986
4990
4992
4996
4997
4998
4999
5000
5002
5016
5004
5009
11318
5011
5012
5015
5018
5019
5022
5023
5024
5027
5030
5034
5038
5044
5046
5047
5048
5051
5052
5053
5054
5056
5057
5059
5060
5061
5063
5064
5065
5067
5069
5074
5075
5076
5078
5082
8071
5083
5085
5086
5087
5091
5092
5093
5094
5095
5099
5100
5101
5106
5107
5111
5112
5114
5115
5116
5121
5122
5214
5123
5124
5125
5127
7637
5128
5129
5131
5133
5138
5139
5143
5144
5151
5154
5157
5162
5163
5166
5167
5170
5171
5174
5175
5176
5177
5178
5179
5180
5181
5182
5183
5184
5185
5186
5189
5190
5191
5192
5196
5197
5199
5204
5205
5206
5208
5210
5215
5216
5217
5218
5219
5221
5222
5223
5224
5225
5226
5227
5228
5229
5230
5231
5232
5233
5234
5235
5236
5237
5238
5239
5240
5241
5242
5888
5243
5244
5246
5247
5248
5249
5250
5251
5252
5253
5254
5255
5256
5257
5259
5260
5261
5262
5263
5265
5266
5267
5268
5269
5270
5271
5272
5274
5275
5276
5277
5280
5281
5283
5284
5285
5287
5288
5290
5292
5294
5296
5297
5298
5302
5304
5313
5314
5315
5316
5317
5318
5319
5320
5323
5328
5330
5333
5334
5335
5337
5339
5341
5342
6974
5343
5345
5346
5447
6633
5347
5348
5349
5350
5351
5354
5356
5359
5363
5364
5366
5368
5371
5373
5375
5377
5382
5389
5391
5392
5400
5402
5403
5406
5416
5418
5420
5424
5428
5429
5430
5431
5433
5440
5441
5442
5444
5446
5899
5922
5559
5503
5448
5450
5459
5461
5462
5465
5466
5469
5470
5471
5472
5473
5476
5477
5478
5479
5480
5481
5482
5483
5484
5485
5486
5487
5489
5490
5491
5492
5493
5494
5495
5496
5497
5498
5499
5500
5501
5505
5506
5508
5510
5511
5512
5517
5518
5520
5521
5522
5525
5526
5529
5530
5532
5533
5537
5539
5540
5542
5543
5544
5549
5551
5555
5561
5568
5571
5573
5575
5576
5577
5579
5581
5582
5584
5585
5588
5591
5595
5596
5597
5600
5601
5604
5610
5613
5615
5616
5617
5618
5620
5621
5622
5624
5625
5627
5628
5629
5632
5634
5637
5638
5639
5640
5642
5643
5645
5647
5648
5650
5651
5652
5653
5655
5657
5659
5660
5664
5665
5671
5673
5674
5675
5676
5677
5678
5679
5680
5683
5684
5685
5686
5687
5688
5690
5694
5695
5697
5699
5700
12207
5702
5704
5705
5712
5713
5714
5715
5716
5717
5718
5721
5724
5726
5727
5728
5729
5732
5733
5734
5735
5736
5738
5739
5740
5746
5747
5749
5751
5760
5761
5763
5765
5768
5769
5770
5772
5778
5779
5781
5782
5787
5788
5791
5793
5795
5799
5800
5804
5806
5807
5808
5809
5810
5817
5824
5826
5827
5832
5833
5834
5836
5837
5839
5841
5842
5844
5846
5848
5849
5851
5852
5853
5854
5855
5861
5862
5863
5864
5866
5867
5868
5873
5874
5877
5878
5879
5882
5885
5886
5937
5893
5894
5896
5897
5901
5902
5903
5904
5909
5910
5918
5923
5924
5926
5927
5933
5938
5939
8347
5943
5944
5949
5951
5954
5956
5960
5964
5967
5970
5973
5974
5982
5983
5984
5988
5989
5993
5994
5997
6000
6001
6002
6003
6005
6010
11875
6011
6012
6013
6020
6024
6028
6030
6031
6032
8550
6033
6035
6036
6038
6041
6045
6046
6048
6049
6050
6052
6054
6058
6060
6061
6071
6072
6073
6074
6075
6076
6077
6079
6080
6081
6082
6084
6085
6086
6087
6088
6091
6092
6093
6096
6101
6102
6104
6106
6108
6110
6111
6113
6118
6119
6122
6125
6131
6134
6135
6141
6143
6148
6149
6150
6154
6155
6158
6159
6160
6162
6163
6164
6168
6171
6174
6176
6177
6178
6179
6182
6184
6185
6186
6188
6190
6191
6194
6642
6195
6199
6202
6214
6215
6217
6220
6221
6227
6230
6231
6238
6244
6246
6248
6251
6255
6266
6267
6268
6284
6269
6276
6281
6285
6288
6294
6295
6297
6298
6299
6302
6303
6307
6308
6309
6310
6313
6314
6315
6317
6320
6321
6328
6331
6332
6333
6336
6341
6342
6344
6345
6352
6358
6363
6367
6368
6370
6377
6381
6382
6383
6386
6387
6388
6391
6394
6395
6397
6399
6402
6407
6408
6410
6412
6415
6423
6427
6430
6442
6445
6446
6447
6448
6449
6450
6452
6453
6455
6457
6458
6460
6464
6467
6469
6470
6471
6473
6475
6476
6477
6479
6480
6481
6484
6486
6488
6489
6490
6491
6493
6496
6498
6500
6502
6503
6507
6508
6511
6513
6515
6521
6525
6528
6529
6531
6532
6533
6538
6539
6540
6542
6545
6546
6547
6551
6553
6555
6558
6559
6562
6564
6565
6569
6572
6575
6576
6578
6579
6580
6582
6585
6588
6589
6590
6593
6594
6596
6597
6601
6604
6605
6606
6607
6609
6616
6617
6619
6622
6624
6625
6626
6627
6629
6631
6632
6636
6637
6639
6643
6644
6646
6647
6651
6652
6657
6661
6662
6663
6665
6667
6671
6672
6673
6674
6677
6678
6679
6686
6691
6693
6694
6700
6704
6707
6708
6709
6713
6715
6717
6719
6720
6722
6723
6725
6731
6734
6735
6737
6738
6739
6742
6744
6745
6746
6748
6749
6751
6754
6755
6758
6763
6765
6767
6768
6771
6772
6773
6775
6776
6777
6779
6780
6782
6784
6785
6787
6788
6789
6793
6795
6796
6797
6798
6799
6802
6805
6808
6809
6810
6811
6812
6815
6816
6818
6819
6821
6823
6827
6828
6829
6832
6834
6835
6838
6842
6844
6847
6849
10012
6852
6853
6855
6856
6857
6858
6860
6861
6862
6863
6864
6865
6869
6870
6871
6874
6878
6879
6883
6885
6886
6888
6889
6891
6894
6899
6900
6902
6906
6920
6924
6925
6929
6931
6932
6935
6937
6945
6948
6951
6952
6955
6956
6957
6958
6959
6960
6961
6962
7219
6964
6965
6966
6967
6969
6976
6977
6979
7019
6981
6983
6984
6987
6988
6989
6991
6992
6994
6997
6998
6999
7000
7001
7003
7006
7007
7010
7013
7014
7015
7020
7022
7024
7028
7029
7033
7035
7037
7038
7040
7041
7043
7045
7047
7049
7050
7051
7053
7054
7055
7057
7059
7060
7064
7066
7068
7069
7071
7073
7074
7077
7080
7083
7084
7087
7088
7093
7096
7393
7098
7100
7102
7104
7105
7109
7111
7114
7115
7116
7117
7118
7122
7123
7125
7127
7128
7129
7130
7132
7133
7134
7135
7136
7137
7138
7142
7144
7145
7148
7150
7151
7154
7156
7157
7158
7159
7160
7161
7162
7164
7784
7165
7166
7168
7169
7172
7176
7177
7178
7180
7181
7182
7186
7187
7190
7195
7196
7197
7198
7199
7200
7201
7202
7205
7206
7207
7208
7210
7212
7213
7214
7216
7224
7225
7229
7230
7235
7238
7239
7240
7241
7248
7249
7250
7251
7253
7254
7257
7263
7267
7269
7270
7274
7280
7284
7285
7287
7289
7290
7291
7294
7295
7298
7299
7304
7305
7306
7307
7308
7309
7312
7313
7318
7319
7320
7321
7323
7327
7328
7329
7332
7336
7337
7338
7347
7349
7358
7372
7374
7377
7387
7388
7392
7396
7398
7401
7403
7404
7406
7409
7410
7413
7414
7415
7416
7417
7418
7419
7423
7425
7426
7427
7429
7431
7433
7434
7435
7436
7437
7438
7439
7442
7445
7447
7449
7451
7453
7454
7456
7459
7460
7462
7463
7465
7467
7471
7472
7473
7475
7476
7481
7483
7484
7485
7489
7490
7491
7493
7496
7497
7498
7500
7502
7505
7506
7507
7510
7512
7513
7515
7517
7519
7520
7523
7524
7531
7534
7535
7538
7542
7544
7545
7546
7548
7549
7551
7553
7554
7555
7557
7562
7564
7568
7570
7571
7572
7576
7577
7579
7580
7581
7583
7584
7587
7590
7592
7594
7597
7601
7605
7608
7609
7611
7612
7613
7616
7617
7619
7620
7626
7631
7632
7633
7634
7638
7639
7640
7641
7643
7645
7646
7651
7652
7654
7656
7657
7661
7667
7668
7670
7671
7673
7677
7679
7682
7686
8559
7687
7693
7695
7701
7704
7705
7712
7714
7717
7731
7732
7734
7742
7747
7749
7750
7754
7755
7756
7757
7759
7760
7765
9259
7766
7767
7769
7771
7775
7777
7778
7780
7781
7782
7783
7787
7788
7789
7790
7792
7793
7794
7795
7796
7797
7798
7799
7800
7801
7802
7803
7804
7805
7806
7808
7809
7810
7811
7812
7813
7814
7815
7816
7817
7818
7819
7826
7828
7829
7832
7833
7834
7835
7836
7837
7839
7843
7844
7845
7846
7847
7848
7849
7850
7853
7857
7859
7862
7863
7866
7867
7869
7870
7872
7873
7875
7876
7880
7883
7884
7886
7887
7889
7890
7891
7893
7894
7897
7899
7900
7902
7903
7906
7907
7909
7910
7913
7916
7917
7919
7922
7923
7924
7926
7927
7929
7931
7932
7934
7935
7937
7942
7943
7946
7950
7953
7956
7961
7963
7965
7966
7967
7968
7974
7977
7978
7983
7984
7985
7986
7987
7989
7993
7997
7999
8000
8001
8003
8007
8008
8009
8010
8013
8014
8015
8017
8018
8020
8021
8023
8026
8027
8028
8029
8030
8031
8032
8033
8034
8035
8037
8039
8040
8041
8043
8044
8047
8051
8052
8056
8058
8062
8063
8064
8066
8068
8069
8070
8072
8073
8074
8078
8079
8080
8081
8083
8084
8085
8088
8089
8090
8094
8098
8100
8101
8102
8104
8105
8106
8108
8109
8110
8111
8113
8114
8116
8119
8120
8122
8123
8124
8125
8126
8127
8128
8553
8130
8131
8133
8135
8137
8139
8140
8142
8143
8145
8146
8147
8149
8150
8154
8156
8160
8165
8167
8169
8173
8175
8178
8181
8185
8187
8188
8190
8191
8192
8195
8197
8198
8199
8201
8203
9453
8206
8207
8211
8212
8213
8214
8215
8217
8218
8219
8220
8221
8222
8223
8224
8225
8227
8229
8230
8231
8232
8236
8237
8244
8249
8250
8253
8254
8255
8256
8261
8262
8266
8267
8268
8272
8273
8274
8275
8276
8278
8283
8285
8289
8290
8291
8292
8294
8295
8297
8298
8299
8304
8305
8311
8312
8316
8319
8320
8321
8322
8325
8328
8330
8332
8333
8336
8337
8338
8340
8343
8344
8345
8346
8349
8352
8354
8355
8356
8358
8364
8368
8369
8370
8374
8375
8381
8382
8383
8384
8386
8389
8390
8391
8393
8395
8397
8398
8399
8404
8406
8407
8409
8410
8412
8413
8414
8415
8419
8421
8424
8425
8428
8431
8432
8434
8435
8437
8439
8445
8447
8448
8450
8451
8457
8458
8459
8462
8471
8476
8485
8498
8501
8502
8512
8515
8516
8520
8522
8530
8532
8536
8538
8542
8543
8545
8546
8547
8549
8554
8555
8557
8560
8562
8563
8565
8566
8567
8569
8570
8571
8763
8572
8573
8580
8582
8585
8586
8587
8589
8590
8592
8593
8594
8595
8597
8598
8599
8600
8601
8602
8603
8609
8610
8611
8612
8614
8615
8616
8617
8620
8623
8624
8625
8627
8628
8630
8631
8632
8633
8634
8635
8637
8638
8640
8641
8642
8646
8647
8649
8650
8651
8653
8654
8655
8656
8658
8659
8661
8662
8664
8665
8666
8667
8668
8669
8670
8671
8673
8674
8677
8678
8679
8680
8682
8683
8684
8687
8688
8689
8690
8691
8692
8693
8694
8695
8696
8697
8699
8700
8705
8708
8711
8715
8718
8719
8720
8722
8723
8725
8726
8727
8729
8736
8738
8740
8741
8742
8744
8746
8748
8751
8755
8757
8758
8760
8761
8818
8764
8766
8771
8773
8774
8775
8778
8781
8782
8788
8789
8790
8797
8801
8808
8809
8810
8811
8812
8813
8814
8821
8824
8829
8832
8834
8839
8841
8843
8845
8917
8846
8847
8851
8852
8853
8854
8855
8856
8858
8859
8860
8861
8862
8867
8869
8871
8873
8874
8877
8882
8883
8886
8893
8894
8897
8903
8904
8909
8916
8918
8919
8921
8923
8925
8926
8927
8935
8936
8937
8938
8939
8940
8942
8946
8950
8951
8958
8959
8965
8970
8973
8974
8976
8982
8986
8989
8995
8997
8998
9000
9002
9005
9007
9852
9011
9013
9014
9020
9030
9034
9035
9039
9040
9041
9042
9046
9048
9049
9054
9058
9060
9061
9063
9066
9068
9071
9072
9073
9077
9079
9082
9083
9087
9089
9090
9091
9092
9093
9095
9096
9098
9099
9102
9106
9107
9108
9110
9114
9116
9118
9120
9123
9124
9127
9133
9134
9135
9136
9137
9138
9140
9141
9143
9145
9147
9148
9150
9151
9152
9153
9159
9167
9168
10573
9170
9175
9181
9182
9183
9185
9186
9197
9198
9203
9204
9206
9208
9209
9212
9214
9217
9219
9225
9226
9227
9230
9231
9245
9246
9253
9257
9258
9263
9264
9265
9268
9270
9278
9285
9287
9291
9293
9294
9296
9299
9301
9303
9304
9305
9307
9314
9332
9336
9337
9347
9350
9352
9353
9358
9360
9362
9365
9367
9377
9381
9383
9387
9388
9390
9391
9393
9394
9403
9406
9408
9413
9414
9415
9425
9436
9438
9443
9444
9449
9450
9454
9455
9458
9461
9464
9468
9470
9480
9489
9493
9498
9499
9505
9506
9509
9515
9516
9517
9519
9522
9523
9524
9525
9526
9527
9528
9534
9535
9538
9540
9541
9543
9546
9548
9549
9552
9553
9554
9556
9557
9558
9559
9561
9562
9566
9568
9571
9577
9578
9579
9580
9581
9582
9583
9584
9585
9586
9587
9588
9589
9590
9591
9592
9593
9594
9595
9596
9597
9598
9599
9600
9601
9602
9603
9604
9605
9606
9607
9608
9609
9610
9611
9612
9613
9614
9615
9616
9617
9618
9619
9620
9621
9622
9623
9624
9625
9626
9627
9628
9629
9630
9631
9632
9633
9634
9635
9636
9637
9638
9639
9640
9641
9642
9643
9644
9645
9646
9647
9648
9649
9650
9651
9652
9653
9654
9655
9656
9657
9658
9659
9660
9661
9662
9663
9664
9665
9666
9667
9668
9669
9670
9671
9672
9673
9674
9675
9676
9677
9678
9679
9680
9681
9682
9683
9684
9685
9686
9687
9688
9689
9690
9691
9692
9693
9694
9695
9696
9697
9698
9699
9700
9701
9702
9703
9704
9705
9706
9707
9708
9709
9710
9711
9712
9714
9718
9721
9733
9735
9736
9743
9747
12520
9748
9751
10600
10599
9758
9760
9762
9763
9764
9768
9771
9773
9786
9790
9794
9795
9796
9801
9802
9804
9808
9812
9816
9817
9820
9821
9822
9823
9825
9826
9830
9834
9841
9843
9847
9850
9853
9857
9859
9861
9863
9866
9873
9874
9876
9877
9881
9883
9884
9885
9886
9890
9900
9911
9926
9927
9934
9935
9936
9945
9946
9947
9951
9952
9954
9955
9958
9961
9963
9967
9969
9971
9973
9974
9977
9978
9980
9982
9984
9985
9989
9990
9991
9994
9995
9998
10000
10002
10003
10005
10006
10008
10009
10013
10014
10015
10016
10019
10020
10021
10026
10029
10030
10031
10040
10042
10043
10047
10049
10052
10054
10061
10064
10067
10070
10083
10087
10088
10093
10097
10099
10100
10106
10109
10110
10113
10115
10121
10124
10125
10126
10129
10130
10131
10135
10136
10138
10140
10143
10144
10147
10148
10150
10152
10153
10154
10155
10158
10159
10160
10164
10171
10172
10181
10182
10187
10192
10193
10197
10198
10200
10202
10203
10204
10209
10211
10214
10216
10217
10219
10223
10228
10232
10233
10241
10242
10246
10247
10251
10252
10254
10255
10257
10258
10260
10261
10262
10269
10273
10275
10276
10282
10283
10285
10290
10297
10300
10302
10303
10307
10308
10313
10318
10319
10320
10323
10325
10332
10336
10337
10338
10341
10344
10347
10349
10351
10352
10356
10357
10359
10360
10364
10367
10369
10371
10372
10375
10376
10377
10378
10379
10380
10381
10383
10386
10387
10389
10391
10392
10395
10400
10402
10406
10408
10410
10412
10413
10415
10416
10418
10419
10420
10422
10423
10424
10425
10429
10431
10432
10437
10440
10442
10443
10446
10447
10449
10450
10452
10453
10456
10463
10464
10466
10468
10469
10470
10471
10472
10474
10475
10476
10478
10483
10489
10491
10492
10493
10494
10495
10496
10497
10499
10502
10504
10507
10509
10512
10514
10516
10518
10519
10521
10522
10523
10524
10525
10526
10528
10530
10536
10537
10538
10539
10540
10542
10543
10545
10547
10549
10552
10553
10555
10556
10557
10559
10563
10564
10566
10567
10568
10569
10570
10571
10572
10579
10581
10585
10587
10589
10591
10592
10595
10596
10597
10598
10604
10606
10608
10610
10614
10615
10617
10618
10622
10623
10624
10625
10630
10632
10635
10638
10641
10642
10644
10645
10646
10649
10651
10652
10657
10659
10661
10665
10674
10678
10680
10684
10686
10687
10689
10693
10695
10697
10698
10700
10701
10704
10705
10706
10708
10709
10711
10712
10713
10715
10716
10717
10718
10720
10721
10723
10725
10728
10731
10734
10738
10743
10744
10745
10747
10748
10750
10756
10757
10759
10762
10763
10764
10766
10770
10775
10776
10781
10782
10784
10786
10787
10789
10791
10792
10794
10795
10796
10798
10800
10803
10805
10806
10807
10808
10809
10810
10812
10813
10815
10816
10819
10820
10821
10825
10827
10828
10829
10830
10833
10835
10836
10837
10839
10840
10841
10842
10843
10845
10847
10849
10850
10851
10852
10853
10854
10855
10856
10859
10863
10864
10866
10868
10871
10872
10880
10882
10883
10887
10888
10889
10890
10892
10893
10895
10897
10899
10901
10902
10904
10905
10906
10907
10909
10910
10912
10914
10916
10917
10922
10923
10925
10926
10929
10930
10931
10934
10936
10937
10938
10941
10942
10946
10953
10954
10955
10956
10957
10959
10960
10962
10964
10965
10968
10970
10971
10973
10974
10976
10978
10979
10985
10986
10988
10989
10992
10993
10994
10995
10996
11000
11001
11003
11004
11005
11011
11012
11014
11018
11019
11325
11020
11022
11023
11025
11029
11032
11049
11053
11054
11055
11056
11059
11060
11064
11065
11066
11067
11068
11069
11071
11075
11076
11077
11079
11081
11083
11084
11085
11086
11087
11089
11090
11091
11092
11093
11098
11099
11100
11101
11102
11103
11104
11106
11107
11108
11109
11111
11114
11115
11117
11118
11119
11120
11122
11123
11124
11125
11126
11128
11129
11130
11135
11139
11143
11145
11146
11147
11151
11152
11153
11154
11155
11156
11157
11158
11159
11161
11162
11163
11164
11165
11166
11167
11168
11169
11173
11176
11178
11181
11183
11184
11186
11188
11189
11194
11195
11196
11199
11202
11206
11208
11209
11210
11211
11212
11213
11214
11215
11217
11218
11220
11223
11224
11228
11229
11235
11237
11238
11240
11244
11245
11246
11248
11249
11251
11256
11257
11258
11260
11263
11266
11268
11269
11270
11271
11274
11278
11289
11290
11291
11296
11298
11302
11313
11314
11315
11316
11319
11320
11321
11322
11324
11327
11328
11329
11332
11333
11334
11336
11338
11339
11341
11342
11343
11347
11348
11361
11364
11368
11370
11371
11373
11376
11378
11383
11384
11385
11387
11388
11389
11391
11396
11403
11406
11407
11408
11409
11412
11413
11414
11418
11419
11420
11422
11426
11427
11436
11437
11438
11440
11441
11442
11443
11445
11447
11449
11450
11451
11452
11453
11454
11456
11459
11460
11462
11463
11466
11468
11469
11470
11472
11473
11475
11479
11480
11482
11483
11485
11486
11487
11489
11491
11494
11496
11497
11504
11507
11508
11515
11517
11518
11521
11523
11532
11545
11551
11554
11565
11568
11570
11571
11572
11574
11575
11576
11579
11580
11583
11584
11591
11592
11593
11595
11599
11600
11601
11602
11603
11608
11609
11611
11613
11620
11629
11630
11632
11636
11643
11646
11649
11655
11658
11660
11661
11662
11666
11667
11670
11672
11673
11675
11678
11681
11684
11685
11689
11691
11695
11696
11698
11701
11704
11710
11713
11714
11715
11716
11717
11718
11719
11723
11727
11729
11731
11732
11733
11735
11736
11737
11739
11740
11746
11747
11753
11756
11757
11758
11759
11761
11762
11763
11764
11765
11766
11767
11768
11771
11774
11775
11776
11777
11778
11779
11780
11782
11783
11786
11788
11789
11791
11794
11795
11796
11797
11798
11799
11800
11801
11802
11803
11804
11805
11811
11812
11813
11815
11816
11819
11820
11821
11822
11823
11826
11827
11830
11832
11833
11834
11835
11839
11840
11842
11844
11845
11847
11848
11849
11856
11858
11860
11861
11862
11863
11864
11865
11870
11871
11872
11876
11878
11880
11883
11884
11885
11886
11887
11888
11889
11891
11892
11893
11894
11896
11902
11903
11905
11906
11907
11908
11909
11910
11911
11912
11914
11915
11916
11917
11918
11923
11924
11925
11926
11929
11930
11933
11934
11935
11936
11937
11938
11943
11944
11946
11947
11948
11951
11952
11955
11956
11957
11961
11964
11966
11968
11970
11973
11974
11975
11976
11977
11978
11979
11981
11983
11984
11985
11989
11991
11992
11994
11996
11997
11998
11999
12002
12004
12005
12007
12008
12009
12010
12015
12016
12018
12020
12023
12024
12025
12028
12031
12033
12036
12037
12039
12043
12044
12046
12047
12049
12051
12052
12054
12055
12059
12061
12063
12066
12070
12071
12072
12074
12076
12079
12081
12082
12083
12084
12085
12086
12087
12088
12089
12090
12091
12092
12093
12094
12095
12097
12101
12102
12104
12105
12106
12107
12108
12109
12111
12112
12114
12115
12116
12117
12118
12120
12121
12122
12123
12124
12125
12127
12128
12130
12131
12134
12135
12136
12137
12138
12139
12140
12141
12142
12143
12144
12145
12148
12151
12153
12154
12157
12158
12159
12160
12162
12163
12164
12166
12169
12171
12177
12178
12179
12181
12182
12185
12187
12188
12189
12190
12192
12193
12194
12196
12197
12198
12199
12201
12202
12206
12209
12211
12212
12216
12217
12218
12219
12222
12225
12226
12228
12229
12230
12231
12232
12233
12234
12235
12238
12240
12241
12242
12243
12245
12246
12247
12248
12251
12253
12254
12255
12256
12258
12259
12260
12261
12262
12263
12266
12268
12270
12271
12272
12273
12274
12275
12278
12807
12280
12281
12283
12284
12285
12287
12288
12289
12290
12291
12294
12295
12296
12298
12299
12302
12305
12310
12313
12314
12317
12318
12319
12320
12321
12322
12323
12326
12327
12329
12330
12332
12333
12334
12337
12338
12340
12344
12345
12346
12349
12352
12353
12357
12360
12363
12365
12367
12369
12370
12371
12372
12374
12377
12378
12380
12384
12385
12386
12388
12389
12394
12395
12396
12397
12400
12402
12404
12405
12406
12407
12408
12409
12410
12411
12412
12413
12414
12415
12417
12418
12419
12420
12421
12422
12423
12424
12425
12426
12427
12428
12429
12430
12431
12433
12435
12436
12439
12440
12442
12444
12445
12446
12447
12449
12450
12451
12453
12454
12455
12456
12457
12458
12459
12460
12461
12462
12463
12464
12465
12466
12467
12468
12469
12471
12472
12473
12474
12475
12476
12477
12478
12480
12483
12484
12485
12486
12487
12488
12491
12492
12493
12494
12495
12496
12497
12498
12499
12500
12501
12502
12503
12504
12505
12506
12507
12509
12511
12514
12516
12517
12518
12519
12521
12523
12525
12528
12529
12530
12532
12533
12534
12535
12536
12537
12538
12539
12540
12541
12542
12544
12545
12547
12549
12550
12552
12553
12554
12555
12557
12558
12559
12560
12563
12564
12566
12568
12569
12570
12571
12572
12573
12574
12576
12638
12578
12579
12582
12584
12586
12587
12588
12589
12590
12595
12600
12602
12608
12609
12611
12612
12615
12620
12623
12625
12628
12629
12632
12702
12635
12639
12642
12647
12649
12650
12651
12652
12654
12656
12662
12663
12664
12665
12666
12667
12674
12675
12677
12678
12679
12680
12682
12683
12684
12686
12688
12690
12692
12693
12694
12696
12697
12698
12699
12700
12701
12703
12705
12706
12708
12710
12711
12712
12713
12715
12717
12718
12719
12721
12722
12723
12724
12726
12729
12733
12734
12735
12737
12741
12742
12743
12744
12745
12746
12747
12748
12749
12750
12751
12752
12753
12754
12755
12756
12757
12758
12759
12760
12761
12762
12763
12764
12765
12766
12769
12770
12772
12773
12774
12776
12777
12780
12781
12782
12783
12785
12786
12787
12788
12789
12790
12791
12792
12793
12794
12795
12796
12797
12798
12799
12800
12801
12802
12803
12804
12805
12806
12808
12809
12810
12812
12813
12815
12816
12817
12818
12819
12820
12822
12823
12824
12826
12827
12828
12829
12830
12832
12833
12834
12835
12837
12838
12843
12844
12845
12846
12847
12848
12850
12851
12853
12855
12856
12858
12859
12860
12861
12863
12864
12865
12866
12868
12869
12870
12873
12874
12875
12876
12877
12878
12879
12880
12881
12882
12883
12885
12886
12896
12901
12902
12905
12906
12907
12910
12913
12926
12937
12939
12941
12942
12944
12945
12947
12948
12949
12950
12952
12953
12954
12955
12956
12958
12961
12962
12964
12965
12966
12968
12972
12973
12974
12976
12977
12978
12981
12982
12984
12987
12988
12990
12991
12994
12996
12997
12998
12999
13000
13004
13006
13007
13013
13014
13016
13017
13018
13020
13021
13022
13024
13025
13026
13027
13028
13029
13030
13031
13033
13035
13036
13037
13041
13043
13044
13046
13058
13063
13064
