3
4192
97
83
667
4
5
262
65
275
329
15564
6790
655
784
14344
115
245
635
3291
1887
172
276
6
803
292
1029
1256
1290
686
16
4145
12186
3256
12633
58
12667
6874
7
8
9
10
11
7432
14
15
10920
6936
19
20
21
808
1236
4622
22
23
24
747
25
3263
26
27
28
1379
29
19270
20841
3276
9837
6382
7693
14067
16041
30
18293
31
69
35
37
39
1527
21181
4703
41
45
48
56
53
54
55
1273
11162
18206
5658
57
3206
16520
3721
10122
2958
6289
15768
2333
7202
296
5676
949
3126
12739
4037
6983
6729
8149
729
2654
3551
2039
9722
2811
59
60
64
66
3594
68
70
71
74
80
82
1987
91
95
228
4165
7403
178
100
96
5664
5925
99
424
101
104
105
108
742
7622
109
251
116
110
113
114
1350
4126
117
118
119
120
7508
14364
121
122
123
126
127
2362
3835
128
2263
129
130
135
136
137
138
140
141
144
145
146
147
148
149
153
11204
2357
775
3118
15577
804
5179
11854
1053
154
158
161
162
4164
16732
164
165
166
1629
169
171
13570
3971
5000
1801
24721
10137
21144
6937
3227
14372
6437
4390
9399
19006
4932
23245
13530
4074
4095
10474
1415
174
14445
177
426
8220
5695
179
688
11027
180
5632
181
182
183
184
185
186
187
2521
5151
188
189
190
191
192
193
194
195
196
197
198
199
200
201
202
203
204
205
206
207
208
209
210
211
212
213
214
215
216
217
218
219
220
221
222
225
227
532
229
230
232
239
233
234
236
237
20264
14308
241
242
25539
4889
13465
8383
4457
17892
248
6226
7413
252
1151
254
274
255
6905
2576
1430
17591
1567
257
258
259
260
261
741
264
266
267
272
273
20929
770
4259
777
18576
22417
980
20887
15169
1697
484
277
278
282
283
284
285
311
289
290
291
7477
14038
293
299
300
17976
301
302
303
305
308
990
1023
310
312
313
22316
4830
315
316
317
318
319
320
322
2256
325
327
328
331
334
335
336
2183
339
342
343
344
347
348
350
351
356
4623
15798
363
364
366
368
369
370
371
372
373
374
375
376
377
378
379
380
381
382
383
384
385
386
387
388
389
390
391
392
393
394
395
396
397
398
400
401
405
406
407
420
421
422
423
1234
3828
985
427
428
429
430
431
432
433
434
435
436
438
439
446
449
453
5673
454
560
460
463
466
467
468
469
470
473
474
475
5348
1792
1464
1193
479
481
3255
1008
5975
1853
485
487
494
496
497
498
501
502
503
508
529
509
511
725
5080
2879
525
526
527
528
531
533
535
539
540
542
543
547
2493
548
549
554
21282
645
1081
557
4451
558
18135
3194
2397
559
565
566
2496
7585
17346
6215
22312
1296
19627
25260
4116
5912
570
9469
568
8937
574
575
576
582
587
589
20658
590
596
599
4047
601
606
609
610
636
10812
616
618
621
624
626
630
631
632
2814
9728
11970
12547
1905
12187
12670
637
4270
639
644
1035
789
4890
796
5297
839
5451
2900
2653
5734
1638
18753
10097
649
652
705
654
657
18336
19686
1228
660
661
666
12842
671
674
682
685
1394
687
689
690
15337
691
694
698
700
701
702
703
706
707
1650
8018
731
708
709
715
967
719
720
781
721
722
723
12311
727
728
732
733
736
5555
738
740
6920
744
5018
13195
752
1255
753
755
14848
8386
15170
15790
756
757
766
759
767
769
5774
771
773
774
5327
2773
11750
776
6644
14131
783
785
786
790
791
794
18103
795
797
798
799
802
6848
8068
2152
21613
12241
7827
9689
15961
806
807
809
812
818
820
822
5811
828
829
831
835
836
837
4787
4672
7302
4267
16694
840
1370
841
843
844
845
12702
847
849
18862
9297
1055
852
14941
1407
855
861
864
865
5911
868
1258
875
19788
879
880
8852
890
892
4321
893
895
896
897
899
900
901
9407
902
905
906
913
915
916
918
920
921
924
927
928
930
931
932
937
938
939
17297
940
8257
2851
12054
4119
942
944
948
955
1469
950
951
953
954
956
957
958
961
962
965
966
968
972
973
977
983
984
8258
7209
18605
1208
989
21434
8119
993
994
995
996
1001
1002
1003
1005
1006
1010
1011
1012
1018
17181
1019
3761
1020
1021
2777
10295
1024
1025
1027
1028
1031
1034
8731
8011
5653
3446
4537
21915
1036
1037
1185
1038
1041
1042
1043
1044
1045
1047
1048
1049
1050
1051
1052
23556
17333
1056
1058
2338
13155
23981
22294
2398
2495
1060
1061
1063
1065
1066
1067
1068
1073
1384
1074
1075
18059
1078
1080
1106
5424
1084
1085
1087
8877
1088
1089
1099
1101
1105
1107
1110
1111
1112
1113
1114
1115
1116
1209
1117
1119
1120
1121
1125
1126
1128
20800
4902
19464
21002
4909
24374
20856
7274
24702
1131
1132
1133
1134
1135
1136
4071
1138
6052
4957
1139
1141
1144
1145
1152
1153
1154
1157
1158
5281
15166
1160
1162
1163
1164
8493
1165
1171
1173
17372
4548
1175
1176
1177
1178
1182
1184
1187
1191
1195
1200
1201
1202
1203
1205
15672
15069
1213
1214
1220
1221
1222
1223
1224
1226
1227
1229
1232
1235
20183
1240
1243
1245
1246
1249
1251
1254
1494
17418
4747
1260
1264
1266
1269
1270
1276
1338
1277
1279
1281
1283
1284
1329
1286
1287
2587
1292
1293
1295
6477
15094
9724
14365
1297
1299
1301
1303
1306
1307
4432
11877
1308
1310
1311
1312
1313
1317
1320
3125
1321
1322
1325
1341
1342
1345
1348
1349
5180
1353
1355
1359
1361
1363
1364
1365
1366
1367
1369
1376
1378
7482
21845
9935
1380
1381
1382
13004
15308
7343
12052
5140
7415
10200
1385
1387
1391
1398
1401
1406
6545
6120
1410
9044
1412
7427
18148
17832
17927
2184
7989
2075
14748
4477
1420
1422
1425
1428
5843
1435
1441
1443
8941
1444
1445
4943
1446
1449
1450
1453
1458
21389
14082
4755
8995
6364
4788
2115
4825
9948
4341
1466
8948
3805
1468
1471
1474
12045
1477
1478
1479
1481
1483
1485
1488
1489
1491
23324
15087
1564
1497
10232
1499
1500
1502
1503
1507
1512
1513
15800
1518
1519
1520
1521
1522
4705
1525
1526
1528
1529
1532
1533
1534
1535
1539
1540
1541
1542
1544
1545
1547
10521
1548
2192
1550
1552
1555
1556
1557
1559
1560
1561
1562
1563
22145
13331
24514
1565
1568
1577
1580
1583
1585
1586
1589
1592
1593
1594
1596
1600
1601
1605
1606
1611
1914
1612
5057
19752
8108
24719
1613
1622
1628
1634
1637
1640
16154
1643
1644
14819
1660
1661
1666
1670
1676
1681
1692
1696
4878
1699
18445
7982
12025
8442
7551
8544
1698
1930
1700
1702
1707
1708
1714
1715
1721
1723
1724
1728
1732
1733
1734
1735
1737
1739
1741
1742
1744
1748
1749
1750
1751
1755
1757
1759
1764
1767
1775
1781
1783
19662
1785
1786
1787
8838
7976
1788
1795
1800
1802
1815
1817
1818
1819
1820
1821
1822
1825
1831
1832
1836
1839
1840
1841
1843
10177
1847
1848
1849
1851
21518
1855
1857
1858
1860
1864
1866
1869
1870
1874
1880
1881
2354
1883
1884
1885
1886
17624
1888
1894
1896
1899
1900
7789
5454
1908
1909
2585
1911
1917
1923
1926
1927
1929
9668
22053
2301
1931
1932
1933
1934
1935
1937
1939
1940
1941
1942
2798
1949
1950
1951
1953
1954
1955
11816
8088
1958
1960
1962
1963
1968
1971
1972
1974
1976
1978
1979
1983
1984
1986
1993
1994
1995
1997
1998
2000
2002
2009
16474
2011
2012
2013
2015
2017
2019
2020
2021
2025
2027
2030
2034
2035
8197
12268
2041
2042
2043
2671
18612
4340
2044
9712
2046
2047
2050
2057
2559
2058
2062
2063
7186
17979
2064
2065
2067
2071
2072
2076
11953
24295
2078
18659
8340
2079
2080
2082
2085
2091
2092
10569
11828
2096
2097
2098
2104
2107
2110
2114
2116
8301
21320
2117
2120
2122
2126
2127
2128
2259
2131
2134
2138
2142
9764
2148
2149
2151
2154
3372
2155
2156
2167
2169
2170
2181
12070
19955
2188
2189
6265
2190
2193
2191
2207
2208
2209
5483
2220
2225
2232
2237
2244
2247
2248
2249
15499
2251
2257
2258
2261
2262
2265
2270
2273
2274
2278
2284
2292
2294
6813
2297
2298
2299
8075
16458
4216
2302
2304
2305
2309
2312
2316
2319
2322
2327
2331
2332
4450
7926
2335
2336
2337
4586
5265
4987
6682
2341
2342
2349
2352
2353
5427
2356
11619
2358
2359
2360
2361
5517
7380
2363
2364
2366
2369
2377
2378
2380
15397
4141
2381
2382
5752
2383
2385
2386
2387
2388
2392
15694
2394
2395
2889
7729
15061
15098
6360
2407
2410
2411
2416
2419
2420
2421
2424
2425
2426
2427
2433
2435
2441
2442
2449
2457
2463
5338
2464
2467
2472
2479
2484
2788
2486
2489
2490
2491
2492
2494
3623
14408
11880
10684
10109
2511
2514
2517
5633
9988
2522
2525
2527
2530
12767
2536
2538
3258
2541
2544
2545
2554
2561
2562
9973
2563
2568
2569
2570
22506
2571
2573
2574
10860
13453
7141
2924
2579
2580
2584
2586
2637
2591
2593
2594
2596
2599
2600
2602
2603
2604
2606
2607
2608
2610
2612
2613
2614
2616
2617
2622
2626
2630
2636
2642
2644
2646
2647
2649
2651
2652
15029
2655
2666
2667
2844
2677
2678
5644
2681
2687
2688
2689
2696
2701
2703
2707
2709
2712
2714
2721
2725
2726
2732
2742
2744
2747
2750
2753
2756
2760
2762
2766
2768
2771
2776
2782
2791
2800
2802
12496
2804
2805
2810
5143
21194
2812
2817
2819
2822
2832
2834
2835
2836
2837
2838
2839
2843
2846
2849
2850
2852
2853
2856
2857
2858
2864
2866
15039
2867
2872
2875
2878
25164
11989
21484
2880
2882
2886
2890
2892
2893
2894
2896
2899
2906
2908
2909
2911
2912
8369
2915
2920
2922
7488
5317
2931
2932
2935
2941
2942
2947
2949
4494
2950
2952
2953
2954
2956
6927
11791
2963
2966
2968
9016
13115
12668
2971
2979
2980
2983
13223
2985
2988
2989
2995
4234
3000
3001
3003
3005
3020
3022
3024
3025
3027
17446
3029
3035
3036
3038
3041
3043
19360
3047
3048
3213
3049
3050
3051
3058
3064
3065
3069
3071
3074
3075
3076
3077
3081
3083
3087
3093
3095
3096
3097
3098
3102
3105
3109
3111
3116
19721
20055
3119
3121
3124
3127
3130
3132
3136
3137
3139
3140
3142
3144
3148
3149
3154
3156
3158
3159
3160
3161
3165
3167
3174
3175
3180
3181
3182
3183
3184
3190
3195
3197
3199
3202
3203
3205
24120
3208
11346
3209
17437
3210
3212
3221
3224
3226
3229
5795
3231
3232
3239
3240
3244
3245
3246
3247
7905
3250
3251
3252
9944
12799
20113
21081
14330
17374
3260
21732
3262
3264
3267
3268
3269
3270
3271
3272
3273
3274
3275
3277
3278
3281
3283
3285
3287
3292
3293
3294
3297
3299
3300
3301
3302
3303
3304
3305
3306
3307
3309
3311
3316
3317
3319
3320
3321
3323
3324
3327
3329
3330
3332
3333
3334
3335
3337
3339
3340
5887
3341
3342
3344
3346
3347
3348
3349
3351
3352
3353
3354
3368
3356
3357
3358
6994
3359
3360
3363
3364
3366
3367
3369
3370
3371
3373
3374
3375
3377
3379
3380
3381
3383
3387
3388
3389
3390
3391
3392
3393
3394
3395
3396
3398
3399
3400
3401
3402
3403
3404
3406
3407
3408
3409
3410
3411
3412
3414
3415
3416
3417
3418
3419
3421
3423
3424
3426
3427
3428
3431
3433
3435
3437
3438
3439
7932
3440
3441
3442
3443
3444
3445
20650
7579
3447
3448
3449
3452
3453
3455
3456
3457
3458
7036
3459
3460
3462
3463
3464
3465
3466
3467
3469
10058
24654
7252
24121
24463
3470
3471
3472
3475
3476
3477
3479
3480
3482
3483
3484
3485
3487
3488
3490
3491
3494
3495
3496
3498
3499
3500
3501
3502
3507
3508
3509
3513
3515
3516
3518
3520
3521
3522
3523
3524
3525
3526
3527
3529
3530
3533
3534
3535
4947
3536
3537
3538
3540
3541
3542
3543
3544
3545
3548
3549
3550
3552
3553
17553
19672
3554
19377
3555
3558
3561
3562
3563
3564
3565
3567
3568
3570
3571
3573
3574
3575
3576
3578
3579
3580
3582
4161
3585
3587
3588
3589
3590
3591
7159
24372
3592
3593
3595
3596
9573
3599
3600
3602
3603
3604
5089
3605
3606
3607
3610
3611
3612
3613
3614
3615
3616
3618
3619
3620
3621
3622
3625
3626
3627
3628
10698
3629
3630
3631
3632
3633
3634
9336
3686
3635
3636
3637
3638
3639
3641
3642
3645
3646
3647
3648
3649
3650
3651
3652
3653
3656
3658
3659
3660
3662
3663
3664
3666
3667
3668
3671
3672
3674
3676
3677
3678
3679
18538
3681
3682
3688
3690
3691
3693
3695
3696
3697
3698
13206
3701
3703
3704
3705
3709
3710
3711
3712
3713
3715
3716
3718
3719
3720
3724
3728
3729
3730
3733
3734
3735
3736
3740
3741
3742
3744
3747
3748
3749
3750
3752
3753
3754
3755
3757
3758
3760
9661
3762
3764
3766
3768
3769
3770
3771
3772
3773
3774
3775
3780
18404
3781
3782
3785
3786
3787
3789
3790
3793
18375
3795
3799
3803
8978
4046
3806
3807
3812
3813
3817
3820
3821
3825
3827
3829
3830
3831
3832
3833
3834
10113
7431
4894
5023
20079
15989
3836
3837
3838
3839
3841
3842
3845
3847
3849
3850
3851
3853
3854
3855
4209
3856
3859
3862
3863
3864
3865
3866
3868
3870
3871
3872
3873
3876
25416
21380
3877
3878
3879
3880
3884
3886
3887
3888
3890
3893
3894
3895
3896
3897
3900
3901
3905
3911
3913
3914
3916
3917
11411
3918
3919
12579
3920
5640
3922
3923
3927
9705
13714
9845
3928
3931
3932
3933
3934
3936
3937
3938
3939
3940
3941
3942
3943
3944
3945
3946
3947
3948
3949
3950
3951
3952
3957
3958
3959
3962
3963
3964
3965
3966
3967
3968
3969
3970
20014
3972
3973
3975
3976
3977
3978
3980
3981
3982
3983
3984
3985
3988
3991
3992
3996
3998
4000
4001
4002
4003
4004
4999
4006
4007
4008
4011
4012
4013
4033
4014
4015
23240
4019
4020
22288
4021
4022
5719
4023
4025
4026
4028
4029
4030
4040
4041
4044
4045
4090
4051
4053
4054
4055
4056
4058
4060
4061
4063
4067
4069
4070
4072
4073
14981
4076
4077
4083
4084
11082
4092
6567
4093
4094
4096
4097
4098
4099
4100
4102
4105
4106
4108
4110
4112
4113
4117
4118
10427
4121
4124
4125
4127
4128
4129
8169
4133
4136
4137
4138
4139
4142
4143
4144
5264
9634
4146
4147
4150
4151
4152
4153
4155
4156
4158
4162
4163
4166
4167
4170
4171
4173
4175
4176
4177
8333
4181
4182
4184
4185
4781
4187
4189
4190
4191
17001
8650
4193
4195
4197
4198
4199
4200
4202
4207
4208
4211
4212
4213
4215
8281
4219
4220
4347
4222
4223
4224
4225
4226
4227
4228
4231
4232
4233
4236
4239
4242
4245
4247
4248
4250
4252
4253
4256
4257
4258
4261
4262
4263
4264
4265
8330
4268
4271
4272
4275
4277
4278
23738
4280
4281
4282
4283
4284
4285
4287
4288
4291
4293
4296
4297
4298
4299
4301
4302
4303
4306
4307
4309
4310
4311
4314
4316
4317
4318
4319
4320
4323
4324
4325
4326
4327
4328
4329
4330
4331
4332
4333
4334
4337
4338
9113
4342
4343
4344
4345
4348
4349
4350
4351
4352
4354
4356
4358
4481
4360
4362
4366
4367
4368
4369
4371
4372
4373
4375
4376
4377
4378
4379
4381
16166
17651
13818
4382
4383
4385
4386
4389
4391
4392
4393
4394
4395
4396
4397
17678
4398
4402
4407
4408
4409
4411
4412
4414
4416
4417
4418
4421
4422
4423
4425
4426
4427
4428
4429
4431
4433
4436
4437
4439
4440
11496
18358
22871
4441
4442
4443
4444
4446
4447
4449
21890
5441
4452
4453
4454
4456
4458
4459
4461
4463
4464
4467
4468
4469
4471
4472
4474
4475
4476
4478
4479
4480
4482
4483
4484
4485
4488
4490
4491
4492
4852
4495
4497
4498
4499
9749
4500
4501
4502
4503
4507
4508
4510
4511
4512
4513
4514
4515
4518
4519
4523
4524
4526
12067
4527
4531
4532
4534
4535
4538
4539
4540
4541
4542
4543
4546
4547
4549
10148
4550
4552
4553
4554
4556
4557
4558
4559
4561
4562
4567
4568
4570
4571
4572
4574
4576
4577
4580
4581
4582
4583
4584
17198
4587
4588
4589
4590
4591
4592
4594
4595
4598
4601
4603
4606
4608
4611
4612
4613
4614
4615
4616
4617
4618
4621
4624
4625
4626
4628
4630
4632
4633
4638
4641
4643
4644
4646
4647
4648
4650
4652
4653
4658
4659
4660
4662
4663
4668
4669
4671
4945
12927
4678
4680
4681
4683
4684
4685
4686
4688
4690
4693
4694
12162
4695
4698
4702
4704
4706
4709
4710
4711
4712
4714
4715
4716
4717
4720
4721
8401
4724
4725
4726
4730
4731
4732
4733
4735
4736
4737
4738
4739
4743
4744
4745
11247
4748
4752
4753
4754
4756
4757
4758
4760
4763
4767
4768
4769
4770
4772
4774
4777
4780
4782
4783
4785
4786
17849
4790
4793
10253
4795
4796
4798
4801
4802
4803
4804
4806
4807
4810
4812
4813
4814
4815
4818
4819
4820
4821
4823
4824
8272
15500
10701
4826
4829
4832
4834
4836
4837
4838
4842
17431
4843
4845
4846
4848
4849
4851
4854
4855
4857
4860
4862
4863
4868
4869
4871
4872
4926
4874
4876
4877
4880
4882
4883
4885
4886
4887
4888
4891
4892
4893
4895
4897
4898
8957
4899
4900
5445
13480
9609
4903
4904
4905
4906
4907
4908
4911
4913
22665
4914
4915
4916
4917
4918
4919
4920
4921
4922
4924
4925
6040
4927
4930
4931
4935
4937
4938
4939
4940
4941
4942
14475
11127
5844
6375
17014
4944
4948
4949
4951
4953
4958
4959
4960
4964
4965
4966
4971
5060
4974
4975
4977
4979
4980
8837
4981
4984
4985
4990
4991
4992
4994
4998
5898
5001
5003
5004
5005
5006
8431
5007
5011
5012
5015
5016
23314
5019
5020
5021
16983
5024
5025
5026
5028
5029
5030
5031
5032
5033
5034
5250
5035
5036
5040
5041
5042
5043
5045
5046
5049
5051
5052
5053
5055
5056
5840
5058
5059
5062
5063
5066
5067
5068
5069
5070
5072
5073
5074
5075
5078
5079
5081
5087
5090
5093
5095
5096
5097
18108
5101
5102
5103
5106
5107
5108
5109
5111
5113
5114
5118
5121
5124
5125
5127
5128
5130
5131
5132
5135
5136
5137
5138
5183
8812
5604
5146
5147
5148
5149
23836
25199
25200
8732
5152
5157
5159
5160
5162
5165
5166
5169
5170
5172
9932
5174
5175
5177
7868
5181
5184
5187
5188
5191
5192
5193
5194
5197
5198
5201
5203
5204
5207
5208
5212
5216
5220
5221
5222
5223
5224
5226
5227
5229
5230
5231
5232
5233
5235
5236
5237
5238
5239
5240
5242
5243
5244
5245
5246
5247
5249
5251
5252
5253
5254
5255
5256
5258
5259
5262
22827
22127
5266
5267
5268
5269
5271
5275
5276
5279
5280
18716
7137
5282
5283
5285
5287
5288
5289
5290
5291
5292
5293
5294
5299
5300
5304
5307
5311
5312
5316
5319
5320
5323
5324
5325
5326
5330
5333
5334
5335
5337
6534
5339
5341
5344
5346
5347
17090
5350
5351
5352
5362
5353
5357
5358
5359
5360
5363
5364
5366
5369
5376
5377
5379
5380
5381
5382
9792
5386
5387
5389
5391
5392
5395
5398
5401
5403
5405
6985
5408
5411
5412
5414
5415
5416
5417
5423
5425
5426
5429
5430
5432
5436
5438
5439
5444
5447
5448
5450
24244
12102
5461
5463
5467
5471
5472
5474
5475
5476
5479
5480
5481
5484
24930
5486
5488
5489
5493
5496
5497
5498
5499
5500
5501
5503
5504
5507
5508
5509
5512
5513
5514
5515
5516
17032
14367
17369
24686
5518
5519
5523
5525
5526
5527
5529
5531
5533
5535
5538
5539
5540
5543
5544
5545
5549
5550
14541
5551
5554
5556
5557
5559
5562
5565
5567
5569
5570
8233
23027
5573
5574
5576
5579
5580
5584
5585
5586
5589
5590
5593
5594
5595
5596
5667
5600
5601
5603
5605
5607
5611
5614
5615
5621
5624
5625
5627
5630
5631
6608
5634
5635
5636
5642
5645
10587
5647
5648
5649
5650
5651
5652
21428
13409
5981
5655
5656
5657
5659
5661
5663
5665
5669
5671
5679
5680
23283
5682
5683
5686
5687
5688
5690
5691
5692
5693
5694
5916
5696
5697
5700
5702
5703
5704
5707
5708
5710
5713
5715
5716
5717
5720
5724
5725
5726
5729
5730
5732
7204
5735
5736
5737
5739
5740
5742
5743
5745
5746
5747
5750
5756
5758
5759
5760
5761
6218
5765
5769
5772
5775
5779
5783
5784
5785
5786
5790
5791
5793
5794
7258
14878
5796
5799
5801
5802
5804
5805
5806
5808
5809
13545
5812
5813
5814
5815
5816
5818
5819
5820
5821
5822
5825
5832
5833
5834
5835
5836
5837
5842
7560
15401
8444
5845
5847
5852
5854
5858
5859
5860
5861
5862
5863
5864
5865
5867
5868
5870
5871
5872
5873
5874
5875
5877
5878
5879
5881
5882
5883
5885
5886
5888
5891
5892
5893
5894
5895
5896
5897
5900
5906
5908
5909
5910
5913
5915
15114
5917
5919
5920
7918
8936
5921
5950
5922
5924
6306
18044
19416
5931
5933
5934
5937
5938
5940
5941
5942
5945
5946
5947
5948
5951
5952
5953
5954
5955
5958
5959
5961
5962
5965
6372
9588
11448
5966
5968
5969
5977
5978
5979
5982
5983
5984
5985
5987
5989
5990
5991
9918
5992
19421
5995
5998
5999
6000
17313
6002
6004
6005
6006
6010
6012
6015
6016
6017
6018
6019
6021
6023
6024
6025
6026
6029
6030
6031
6033
6034
6036
6037
6038
6039
6041
6042
6045
6046
6051
12930
6053
6054
6058
6064
6066
6072
6075
6076
6078
6079
6080
6084
6085
6088
6089
6090
6091
6094
8066
12639
6097
6098
6105
6107
6108
6109
7071
6110
6111
6113
6117
6118
6119
6123
6125
6126
6129
6133
6134
6135
6136
6137
6138
6139
6140
6142
6143
6147
6150
6151
6153
6157
6158
6159
6160
6161
6162
6163
6172
6173
6175
6176
6177
6179
6180
6181
6187
6188
6193
6202
6203
6205
6207
6209
6212
6213
6214
6216
6219
6222
6231
6233
6234
6236
6237
6238
6241
6244
6246
6248
6252
6254
6256
6260
6261
6264
7895
6266
6268
6269
6271
6273
6274
6276
6281
6282
6283
6285
6286
6287
6288
17155
6290
6292
6294
6296
6297
6298
6300
6301
6302
6304
6305
8979
6307
6309
6311
6317
6319
6320
6323
6328
6329
6332
6335
6336
6340
6344
6347
6351
6354
6357
17910
22670
8471
9371
22046
6361
6363
6368
6370
6371
6373
6376
6377
6378
6379
6380
25271
6383
6385
6390
6391
6392
6396
6398
6399
6402
6404
6405
6406
6407
6410
6411
6412
6415
6416
6417
6421
6423
6424
6425
6430
6432
6433
6438
6439
6440
6441
6444
6445
6446
6447
6449
6452
16996
6453
6454
6457
6461
6462
6464
6465
6466
6471
6475
6476
6480
6481
6484
6488
6490
6493
6497
6501
6506
6507
6509
6510
6517
6520
6521
8570
6527
6528
6529
6531
6535
6537
6538
6539
6540
6541
6783
6543
6544
10255
15287
6546
6547
6549
6552
6557
6559
6560
6564
6565
6571
6572
6573
6575
6577
6580
6581
6584
6586
6590
6591
6592
6594
6598
6599
6600
9181
9182
6603
6606
6607
6611
6612
6613
6615
6617
6622
6623
6626
6627
6630
6631
6633
6635
6636
6638
6639
6646
6651
6652
6654
6655
6656
6657
6658
6659
6661
6666
6667
19404
6668
6669
6673
6674
6678
6681
6683
6684
6685
6688
6690
6692
6693
6694
6695
6696
6698
6699
6700
8453
6703
6704
6705
6710
6712
6713
11907
10342
6715
6717
6718
6721
6722
6727
6730
6737
6740
6743
6744
6745
6747
6748
6749
6750
6752
6753
6754
6755
6756
6758
6759
6764
6765
6766
6767
6769
6771
6777
6778
6779
6781
6784
6786
6787
6788
6792
6793
6794
6796
6797
6798
6799
6800
6801
6803
6805
6806
6807
6816
6817
6818
6820
6822
6828
6830
6833
6834
6836
6837
18537
6841
6844
6846
6847
12610
6849
6851
6853
6855
7847
6859
6860
6862
6863
6866
6867
6868
6869
6870
6871
10371
12847
12659
6875
6877
6879
6880
6882
6883
6886
6887
6888
6891
6892
6894
6895
6896
6900
6903
6904
6907
6910
6912
6913
6915
6918
6919
12598
6924
6926
6929
6930
6932
6933
6935
6938
6943
6948
6949
6951
6952
6953
6954
6955
7411
6959
6960
6963
6964
6965
6966
6967
6968
6969
6971
6972
16872
6973
6974
6976
6980
6981
11150
6988
6989
6993
6999
7001
7002
7005
7015
7016
7018
7020
7024
16135
7028
7039
7040
7043
7045
7047
7048
7050
9575
7052
7053
7054
7055
7061
7064
7065
7066
7067
7069
8004
7072
7075
7078
7079
7082
7084
7085
7088
7092
7094
7097
7098
7099
8614
7100
7103
7106
7107
7110
7113
7115
7116
7118
7119
7121
7122
7124
7126
7127
7131
7135
7136
7144
7145
7146
7147
7149
7152
7157
7158
10251
7164
7165
7168
7169
7170
23106
7172
7173
7175
7177
7178
7179
7180
7183
7184
7185
7187
11571
7191
7192
7196
7205
7208
7210
7211
7212
7213
7215
7219
7223
7225
7227
7232
7233
7238
7241
7254
7257
7261
7262
7267
7268
7270
7273
7276
7277
7278
7279
7283
7285
7291
7293
7296
23787
7297
7298
7299
7853
7300
7303
7307
7309
7310
7311
7318
20159
7321
7324
7326
7331
7335
7336
7338
7339
7346
7352
7354
7360
7361
7365
7366
7369
7371
7374
7377
7381
7382
7383
9851
7387
7389
7391
7393
7394
7396
7397
7398
7405
10401
7407
7408
7416
7417
7418
7420
7424
7425
7426
7428
7429
7436
7438
7440
7442
21704
7448
7450
20518
7451
7454
11687
7457
7460
7463
7464
7695
7471
7475
7481
7487
24029
7489
7490
7492
7496
7497
7498
7499
7502
7504
7505
7506
7507
7509
7512
7514
7516
7517
7522
7525
7530
7533
7535
7536
17616
17252
7537
7541
7542
7543
7547
7549
7556
7561
7603
7562
7565
7567
7569
7570
7571
7573
7576
7580
7582
7583
7584
7586
7591
7592
7595
7598
7602
7604
7605
7607
7608
7611
7617
7623
7624
7630
7632
7633
7635
7636
7637
7640
7641
7643
7644
7645
7648
7650
7885
7653
7654
7655
7657
7659
7660
7666
7667
7669
7670
7671
7677
7678
7679
7680
7681
7682
16803
7683
7688
7690
7696
7698
7699
7700
7702
7704
7705
7739
7707
7712
7714
7720
15521
7723
7726
7728
7730
7731
7737
7740
7741
7744
7745
7747
7748
7750
7751
7752
7753
7757
7758
7759
7760
10040
7761
7762
7765
7766
7775
7776
7777
7778
7783
7784
7785
7786
7787
7792
7795
7796
7797
7802
7805
7806
7808
20869
7810
7813
7814
7815
7820
7824
7825
7829
7830
7834
7839
7840
7841
7846
7848
7850
7851
7855
7856
7857
7859
7861
7862
7863
7864
7865
7869
7870
7871
7874
24132
7878
7879
7881
7883
7884
9595
24142
7891
7893
7896
7897
7902
7903
7904
7908
7910
7913
7914
7915
7916
7917
7919
7924
23435
7928
7933
7934
7935
7938
7940
7941
7942
7944
7947
7949
7952
7954
7957
7959
7960
7962
7963
7965
7966
8015
7967
7968
7971
7972
8713
7973
14044
7975
7978
7980
7983
7984
7985
7986
7987
11108
7990
7991
7992
7995
7997
8001
8003
8005
8006
8007
8012
11551
8013
8014
8017
8019
8020
8022
8027
8028
8029
8033
8050
8038
8039
8040
8041
8042
8043
8047
8048
8052
8059
8060
8061
8063
8065
8067
8071
8072
8074
8077
8078
8080
8082
8084
8085
8087
8094
8099
8102
8106
8109
8113
8116
8120
8121
8124
8126
8127
8128
8129
22980
22922
8131
8132
8133
8136
8137
8140
8141
8145
8146
8147
8150
8152
8153
8158
8160
8161
8166
8167
8173
8174
8175
8178
8187
9233
8188
8190
8191
8193
8201
8203
12296
8206
8212
20946
8213
8216
8217
8218
8224
8226
8231
8234
8235
8236
8237
8238
8240
8241
8243
8244
8246
8248
8251
8252
8255
8256
8966
8262
8263
8266
8267
8268
8273
8275
8277
8285
8286
8287
8289
8292
8295
8297
8300
8302
8666
8304
8309
8310
8315
8322
8324
8325
8326
8327
8329
8335
8339
8346
8347
8348
8353
8354
8355
8358
8359
8362
8368
13632
8370
8373
8374
8379
8382
10380
8387
8388
8389
8393
8397
8398
8406
20225
8407
8409
8417
8420
8421
8422
8425
8428
8433
8435
8436
8437
8443
8445
8448
8449
8451
8454
8456
8457
8458
8460
10196
8466
8468
8469
12560
8475
8476
8477
8479
8481
8482
8484
8486
8487
8489
8490
8491
8492
8494
8495
8496
8497
8498
8502
8506
8510
8512
8517
8519
8521
8525
22272
25380
8529
8538
8539
8540
8546
14047
8553
8554
8559
8560
8561
8568
8576
8577
8585
8595
8598
8599
8600
8601
8602
8605
8608
8610
10436
8617
9696
8621
8626
8628
8629
8631
8632
8633
8723
8635
8636
8637
8639
8640
8641
8642
8645
8649
8653
8657
8662
8672
8676
8680
8683
8686
8687
8689
8698
9614
8700
8702
8708
8714
10008
8719
8724
8725
8728
8729
8733
8734
8735
8736
8738
8747
8752
8754
8755
8756
8758
8759
8763
8768
8773
8774
8777
8780
8783
8784
8785
8794
8795
8798
8802
8804
8807
8809
8810
8811
8813
8814
8817
8818
8824
8828
8831
8832
8833
8835
8898
8863
8839
8848
8853
8854
8856
8862
8869
8870
8871
8872
8874
11309
8875
8982
8881
8884
8888
8890
8891
8895
8899
8900
8901
8905
8906
8910
8911
8914
8916
20202
8920
8921
8922
8929
8931
8935
8938
9697
8939
8940
9141
8946
8955
8956
8958
8960
8961
8968
8971
8975
8977
8980
9844
8996
8998
9001
9002
9003
9007
9008
9012
9017
9019
9022
9024
9026
9030
9032
9033
9035
9041
9042
9046
9052
9054
9055
9061
9063
9065
9069
9071
9072
9081
9082
9089
9092
9094
9097
9105
9106
9110
9118
9119
9120
9124
9125
9127
22631
9130
9134
9135
9136
9143
9145
9147
9159
9162
9165
9168
9171
9173
9175
9177
9180
9184
9188
9190
9193
9194
9195
9197
9202
9203
9208
9222
9223
9228
9232
9240
9242
9243
9244
9245
9249
18211
18729
20699
9251
9252
9253
9254
9258
9262
10208
9263
9265
9270
9271
9272
9280
9286
9287
9288
9289
9294
9298
9307
9308
9309
9312
9313
10222
9318
9319
9320
9323
9326
9332
9339
9340
9341
9342
9343
9347
9358
9360
9361
9365
9373
9377
9380
9386
9388
9389
9392
9395
9396
9398
9403
9406
9410
9411
9412
9413
9416
9418
9419
9421
9422
25102
25038
24727
9424
9425
9430
9432
9436
9438
9439
9440
9441
9443
9444
9446
9447
9451
9453
9459
9462
9465
9468
9470
9471
9476
9477
9484
9485
9492
9493
9494
9495
9497
9498
9499
9501
9502
9504
9505
9509
9510
9511
9514
9519
9520
9525
9528
9530
9531
9534
9538
9539
9540
9542
9543
9544
9546
9547
9550
9551
9558
9559
9561
9565
9568
9569
9571
9572
9574
9576
9578
9580
9582
9583
9584
9586
9587
18870
9591
9594
9599
9601
9603
9605
9607
9610
9613
25008
9615
9616
9618
9619
9620
9621
9623
9624
9626
9630
9631
9632
9633
9636
9637
9639
9643
9645
9646
9651
9652
9654
9657
9658
9664
9666
9669
9670
9672
9673
9677
9678
9679
9680
9681
9684
9686
9688
9690
9692
9693
9694
9695
9698
9699
9700
9702
9704
9709
9710
9717
9727
9729
9730
9731
9732
9733
9734
9735
9737
9738
9740
9746
9897
9750
9757
9758
9760
9761
9762
9763
9765
9774
9776
9780
9781
9782
9783
9784
9787
9789
9795
9796
9798
9799
9800
9804
9805
9810
9811
9816
9817
9819
9822
9823
9824
9829
9830
9833
9835
9836
9838
9841
9842
22613
12923
9848
9850
18130
9853
9856
9858
9862
9863
9865
9866
9867
9878
9880
9882
9883
9885
9886
9889
9892
9896
9901
9902
9906
9907
15891
9908
9910
9911
9914
9915
9919
9920
9924
9926
9929
9933
9934
9940
9943
9947
13934
9951
9952
9955
9956
9957
9959
9960
9961
9962
17055
9963
9966
9967
9972
9975
9976
9978
9979
9980
9981
9982
9986
9989
9991
9992
9996
10005
10007
10009
10010
10011
10013
10022
10024
10025
10026
10029
10030
10031
10036
10044
10051
10053
10054
10056
10057
10059
10069
10073
10075
10080
10081
10082
10083
10084
10085
10086
10088
10102
10105
20760
15856
10111
10112
10115
10116
10120
10124
10125
10126
10129
10179
10180
10138
11719
10140
10143
10144
10145
10151
10153
10155
10159
10162
10165
10167
10169
10175
10176
11616
10183
10187
10188
10192
10193
10194
10197
10203
10205
10206
20161
10209
10215
10221
15498
10228
11403
16209
10233
10234
10236
10241
10248
10250
10252
10254
10264
10266
10268
10269
10270
10272
10274
10277
10279
10287
10298
10304
10306
10307
10314
10316
10318
10325
10335
10336
10337
10340
22168
10355
10358
10362
10366
10368
10372
11721
10374
10375
10385
10387
10389
10392
10399
10400
11335
10402
10404
10417
10419
10424
10426
23742
10434
18018
10440
10441
10451
10463
19522
23410
25250
10476
10486
13724
10494
10498
10513
11126
10514
10522
10525
10549
10555
10564
11853
10572
10583
10603
10611
10625
10633
10639
10642
10651
10659
10663
10665
10686
10689
10693
10694
10700
10703
10706
10707
10708
10714
14623
10719
10734
10736
10738
10742
10744
10755
10757
10759
10762
10764
10775
10778
10790
10791
10794
20054
10797
10805
10807
20918
10820
10821
10823
10825
10826
10827
10836
10841
10842
10843
10862
10865
10868
10870
10872
10879
10880
10881
10890
22175
14039
10896
10897
10902
10906
10917
10919
10921
10930
10934
10935
10936
10941
10942
10947
17163
10948
10959
10961
10963
10964
10976
10979
10981
10982
10984
10986
10990
10998
10999
11001
11002
11008
11015
11016
11018
11026
11028
11029
11031
11043
11049
11052
11054
11056
11057
11058
11060
11066
11072
11077
11080
11081
11083
11088
19854
11093
11095
11096
11097
11099
11100
11102
11105
11112
11118
11124
23205
11128
11133
11135
11137
11142
11143
11144
11148
11149
11155
11156
11170
11177
11182
11187
11189
11191
11199
11210
11212
11217
11222
11231
11246
11251
11258
11260
11263
11264
11266
11268
11270
11272
11273
11277
11278
11282
11287
11291
11293
11298
11299
11302
11305
11308
11313
11314
11316
11318
11321
11333
11334
11338
11342
11343
11348
11352
11362
11363
11368
11370
11377
11385
11386
11387
12611
11389
11390
11395
11396
11409
11410
11412
11423
11424
11425
11501
11427
11432
11434
11442
11447
13508
11461
11464
11472
11475
11482
11483
11489
11491
11500
11502
11512
11518
11519
11532
11541
11542
11559
11570
11572
11576
11583
11584
11586
11587
11593
11596
11602
11607
11608
11613
11615
15333
11618
11621
11629
11630
11635
11642
11644
11645
11646
11649
11657
11658
11666
11668
11669
11681
11685
11686
11694
11695
11696
11702
11706
11722
11730
11732
11734
11740
11743
11746
11756
11757
11768
11770
11773
11774
11786
11792
11951
11793
11800
11802
11803
11806
11810
11813
11814
11818
11819
11821
11823
11825
11827
11829
11835
11839
11843
11846
11847
11856
11857
11859
11861
11866
11872
11873
12053
12249
11878
11883
11886
11892
11898
11899
11904
11908
11912
11915
11918
11926
11929
11930
11932
11933
11935
11936
11952
24884
11958
11961
11969
11971
11975
11978
11979
11981
11982
11983
11987
11991
11996
20068
12007
12008
12014
12015
12018
12027
12034
12040
12042
12074
12044
12047
12050
12169
12055
12056
12057
12061
12072
12078
12080
12082
12085
12087
12088
12089
12090
12091
12092
12093
12094
12095
12097
12100
12101
18323
12103
12105
12111
24307
12115
12120
12123
12124
12125
12126
12127
12293
12128
12130
12138
12140
12141
12144
12147
12148
12155
12159
12161
21770
12166
12170
12171
12173
12178
12181
12184
12189
12197
12199
12201
12203
12206
12212
12217
12218
12220
12221
12227
12228
12231
12234
12236
12244
12247
12253
12254
12256
12258
12262
12263
12265
25434
12272
12274
12277
12285
16322
12286
12290
12297
12310
12323
12330
12332
12337
12338
12345
12358
12359
12360
12363
12369
12370
12375
12376
12382
12385
12386
12391
12393
12394
12397
12400
12401
12404
12411
12420
12427
12429
12430
12432
12434
12436
12440
12445
12446
12448
12450
12458
12462
12466
12476
12480
12482
12484
12487
12490
12491
12492
12495
12503
12506
12514
12515
12518
12522
12527
12528
12529
12536
12537
12540
12541
12542
12543
12544
17661
12545
12549
12553
12554
12555
12556
12562
12566
12567
12568
12569
12570
18512
12572
12577
12578
12585
12586
12587
12588
12591
12594
12603
12604
12605
12606
12607
12612
12613
12617
12618
12619
12620
12621
12622
12623
12626
12627
12635
12636
12637
12754
12643
12644
12645
12646
12649
12650
12651
12653
12654
12663
12664
12665
12666
12669
12677
12679
12680
12683
18458
12686
12689
12690
12691
12697
14495
12698
12704
12713
12716
12718
12720
12723
12724
12728
12730
12731
12732
12733
12734
12735
12740
12741
12747
12748
12753
17934
12755
12756
12757
12762
12768
12771
12775
12779
12784
12785
12790
12796
12798
12800
12801
12809
12811
12817
12825
12830
12833
12837
12839
12841
12851
12854
12855
12856
12860
12861
12867
12873
20063
12878
12881
12882
12883
12884
12885
12887
12888
12890
12892
12894
12898
12900
12902
12916
12921
12924
12926
12932
12937
12939
12947
12949
12950
12951
12954
12961
12962
12969
12971
12974
12983
12984
12986
12990
12992
12993
12997
13001
13002
13008
13010
13012
13014
13015
13016
13019
13020
13021
13022
13023
13026
13028
13031
13032
13033
13072
13034
13035
13036
13037
13039
13040
13042
13045
13047
13049
13050
13051
13055
13056
13057
13058
13066
13067
13068
13073
13080
13084
13086
13087
13090
13091
13092
13093
13094
13100
13104
13105
13108
13109
13110
13113
13114
13118
13119
13120
13124
13125
13126
13127
13129
13133
13145
13148
13152
13154
13156
13158
13159
13161
13165
13169
13174
13175
13179
13181
13182
13185
13187
13189
13191
13565
13197
13201
13202
13203
13204
13208
13212
13215
13216
13217
13218
13219
13221
13224
13227
13235
13237
13240
13244
13245
13248
17878
13251
13253
13255
13258
13261
13265
13267
13269
13271
13272
13273
13276
13279
13281
13282
13283
16999
13293
13297
13303
13305
13310
13314
13328
13330
13335
13336
13337
13341
13346
13352
13361
13364
13365
13368
13369
13373
13374
13379
13381
13382
13384
13385
13386
13390
13391
13392
13393
13400
13404
13408
13413
13414
13417
13418
13419
13421
13422
13430
13431
13432
13435
13437
13438
13442
13444
13445
13446
13452
13454
13455
13459
13460
13461
22592
13462
13463
13974
13466
13471
13477
13478
13483
13484
13485
13488
13490
13491
13495
13496
13499
13503
13504
13512
13520
13521
13522
13526
13528
13532
13537
13543
13544
13550
13552
13558
13559
13562
13563
13566
13568
13569
13575
13581
13587
13590
13600
13601
13602
13604
17490
13605
13606
13607
13613
13614
13615
13618
13621
13622
13626
13627
13630
13636
13637
13648
13656
13657
13660
13665
13666
13669
13670
13672
13681
13684
13685
13686
13690
13692
13693
13694
13698
13701
13705
13706
13707
13717
13721
13725
13726
13727
13728
13735
13742
13743
13744
13751
13761
13764
13767
13771
13774
13775
13783
13791
13792
13795
13796
13798
13799
13802
13805
13811
13816
13817
13819
13833
13834
13850
13851
13858
13859
13868
13875
13876
13885
13888
13896
13905
13908
13914
13925
13932
13946
13957
13962
13965
13967
13971
14493
13975
13979
13980
13981
13983
13986
13989
13990
13991
13994
13996
13997
13998
14000
14001
14004
14011
14012
14016
14018
14019
14021
14025
14030
14031
14033
14035
14051
14054
14057
14059
14062
14066
14070
14180
14073
14075
14079
14080
14081
14084
14086
14090
14091
14094
14098
14099
14101
14103
14104
14113
14116
14117
14120
14122
14123
14125
14130
14137
14143
16009
14144
14145
14147
14155
14156
14158
14160
14161
14162
14164
14165
14167
14170
14171
14172
14174
14176
14177
14181
14182
14184
14188
14191
14192
14195
14201
14206
14207
14210
14214
14218
14219
14224
14227
14228
14233
14236
14237
14241
14243
14248
14249
14250
14252
14253
14255
14256
14258
14259
14266
14269
14270
14279
14280
14287
14288
14289
14292
14295
14298
14302
14304
14306
14307
14310
14315
14316
14317
14319
14320
14321
14323
14325
14326
14328
14341
14346
14347
14349
14351
14352
14354
14358
14360
14366
14373
14375
14380
14382
14383
14386
14390
14392
14395
14396
14397
14406
14407
14409
14411
14412
14416
14419
14420
14421
14422
14429
14432
14436
14437
14441
14446
14447
14448
14451
14452
14453
14457
14466
14467
14471
22241
14472
14476
14478
14480
14481
14482
14483
14486
14488
14490
14494
14497
14498
14501
14505
14506
14507
14514
14515
14517
14520
14522
14527
14528
14532
14533
14536
14545
14547
14548
14549
14551
20627
14554
14559
14562
14563
14564
14566
14567
14571
14578
16015
17712
22939
14596
14598
14599
14600
14602
14605
14619
14624
14628
14638
14645
14651
14670
14685
14691
14699
14700
14705
14710
14711
14723
14732
14733
14737
14742
14743
14747
14753
14756
14762
14763
14765
14768
14769
14771
14775
14778
14785
14791
14793
14794
14797
14798
14812
14820
14823
14824
14828
14830
14831
14832
14837
14846
14847
14850
14852
14859
14862
14865
14867
14868
14869
14870
14872
14873
14874
14876
14877
14881
14882
14887
14893
14894
14895
14896
14897
14898
14904
14906
14907
14909
14910
14918
14922
14923
14924
14925
14927
14930
14934
14935
14936
14938
14939
16880
14944
14950
14951
14952
14954
14955
14957
14961
14963
14964
14965
14969
14972
14974
15125
14975
14977
14978
14979
14980
14983
14987
14989
14990
14991
14992
14995
14997
14998
15000
15002
15011
15012
15014
15017
15018
15019
15020
15021
15022
15024
15027
15028
15546
15030
15031
15032
15033
15034
15041
15042
15043
15046
15047
15048
15049
15051
15052
15053
15056
24665
15062
20122
15063
15072
15073
15074
15076
15079
15083
15086
15089
15091
15092
15095
15101
15103
15105
15108
15109
15111
15115
15116
15118
15120
15122
15126
15127
15129
15132
15133
15134
15137
15138
15139
15142
15143
15146
15147
15148
15149
15150
15153
15157
15159
15161
15172
15177
15179
15182
15188
15189
15190
15191
15192
15195
15197
15201
15204
15206
15207
15208
15209
15210
15212
15214
15215
15217
15218
15220
15221
15223
15224
15229
15230
15231
15232
15234
15236
15238
15240
15241
15246
15247
19893
15248
15249
15250
15251
15252
15254
15257
15258
15259
15260
15261
15262
15263
21593
15265
15270
15271
15273
15274
15275
15279
15280
15281
15282
15284
15285
15286
15289
15290
15292
15295
15297
15300
15301
15303
15306
15310
15313
15314
15315
15316
15318
15319
15320
15322
15324
15325
15326
15327
15332
15335
15336
15341
15342
15343
15344
23108
15352
15353
15354
15355
15356
15359
15360
15361
15362
15363
15365
15367
18415
15368
15369
15370
15371
15373
15374
15376
15377
15379
15380
15381
15385
15386
15387
15391
15392
15393
15395
15396
15398
15402
15403
15405
15406
15407
15408
15409
15410
15412
15413
15414
15415
15417
15422
15424
17169
15426
15428
15432
15434
15435
15436
15438
15441
15444
15445
15446
15448
15449
15450
15451
15455
15462
15464
15467
15469
15470
15473
15474
15478
15479
15480
15482
15483
15484
15487
15488
15489
15490
15491
15494
15496
15497
15502
15503
15506
15507
15509
15510
15513
15515
15516
15518
15526
15528
15529
15532
15533
15534
15535
15537
15539
15540
15541
15542
15543
15544
15547
15548
15550
15553
15554
15557
15560
15562
23985
20251
15565
15566
15568
15572
15574
15578
15579
15581
15583
15584
15585
15586
15588
15589
15590
15591
15594
15595
15597
15603
15607
15608
15609
15611
15612
15613
15616
15619
15622
15623
15625
15628
15630
15632
15635
15643
15648
15649
15654
15656
15661
15665
15666
15667
15675
15676
15677
15679
15680
15682
15685
15686
15687
15688
15689
15690
15692
15696
15697
15700
15703
15704
15706
15711
15714
15717
15718
15719
15725
15726
15729
15730
15733
15736
15737
15739
15740
15742
15743
15744
15745
15746
15747
15748
15753
15756
15757
15758
15762
15765
15767
15772
15773
15774
15776
15779
15783
15787
15788
15789
15792
15794
15795
15796
15797
16345
15799
15801
15803
15804
15808
15809
15813
15815
24401
15818
15820
15824
15825
15828
15830
15834
15835
15836
15837
15838
15840
15843
15847
15850
15851
15855
15857
15860
15864
15865
15868
15869
15873
15875
15878
15880
15882
15884
15886
15888
15890
15892
15893
15894
15896
15897
15899
15901
15904
15906
15907
15910
15911
15913
15914
15915
15917
15919
15920
15921
15925
15926
15927
15928
15930
15939
15942
15945
15946
15947
15950
15951
15953
15954
15955
15960
15962
15965
15967
15970
15971
15975
15976
15978
15979
15980
15981
15982
15983
15985
15987
15990
15993
16000
16003
16004
16006
16007
16010
16012
16016
16017
16019
16021
16022
16026
16028
16030
16031
16032
16033
16034
16039
16040
16042
16047
16051
16054
16056
16057
16058
16060
16061
16065
16067
16069
16070
16071
16073
16074
16076
16077
16080
16081
16082
16084
16085
16086
16087
16090
16091
16096
16099
16100
16104
16105
16106
16109
16111
16113
16114
16116
16117
16120
16121
16125
16127
16128
16129
16132
16134
16137
16138
16139
16140
16141
16142
16145
16146
16148
16149
16150
16155
16157
16168
16171
16174
16175
16176
16177
16178
16182
16185
16188
16190
16193
16194
16198
16202
16206
16207
16208
16211
16212
16214
16216
16217
16220
16223
16225
16228
16231
16232
16240
16243
16246
16247
16248
16249
16250
16251
16252
16254
16259
16260
16263
16266
16267
16269
16270
16272
16275
16276
16277
16278
16280
16283
16284
16287
16290
16291
16292
16294
16297
16300
16301
16302
16305
16307
16310
16315
16317
16318
16319
16320
16324
16325
16326
16327
16330
16332
16333
16334
16339
16340
16341
16346
16347
16349
16351
16352
16353
16354
16355
16356
16357
16358
16360
16362
16364
16366
16844
16368
16369
16370
16373
16376
16378
16379
16380
16381
16384
16385
16386
16387
16388
16391
16393
16395
16396
16398
16401
16402
16403
16404
16405
16406
16408
16410
16412
16413
16416
22203
16419
16421
16422
16424
16426
16431
16432
16433
16434
16441
16442
16443
16447
16449
16450
16452
16454
16455
16457
16463
16464
16465
16467
16471
16475
16477
16478
16479
16482
16483
16484
16486
16488
16491
16492
16493
16496
16497
16498
16499
16505
16507
16509
16513
16515
16517
16518
16519
16521
16523
16524
16526
16530
16531
16534
16535
16536
16541
16542
16543
16545
16546
16547
16548
16551
22382
16552
16553
16554
16561
16562
16564
16566
16567
16568
16569
16570
16571
16573
16574
16576
16577
16578
16579
16584
16589
16593
16599
16610
16613
16623
16624
16627
16632
16634
16636
16642
16649
16653
16656
16659
16666
16667
16670
16673
16676
16678
16684
16685
16686
16688
16689
16695
16700
16703
16705
16706
16707
16708
16709
16712
16713
16721
16722
19380
16724
16733
16740
16748
16749
16756
16758
16759
16761
16762
16773
16775
16790
16793
16794
16799
16800
16801
16806
16810
16815
16817
16818
16822
16824
16826
16827
16828
16834
16858
16866
16869
16870
16877
16878
16883
16885
16886
16888
16889
16894
21722
16895
16896
16898
16899
16900
16901
16903
16905
16906
16907
16908
16909
16919
16922
16923
16925
16927
16934
16935
16940
16950
16954
16955
16956
16958
16959
16961
16966
16967
16969
16971
16974
16976
16986
16987
16990
16991
16993
16994
16997
17000
17003
17004
17006
17007
17009
17010
17011
17012
17018
18016
17023
17025
17027
17028
17029
17030
17033
17034
17035
17036
17037
17041
17042
17043
17045
17046
17049
17050
17052
17059
17060
17062
17063
17064
17067
17068
17069
17071
17073
17078
17079
17081
17083
17084
17086
17089
17093
17094
17101
17102
17108
17109
17110
17111
17112
17113
17117
17118
17119
17122
17127
17132
17133
17136
17139
17140
17142
17143
17144
17145
17146
17150
17152
17156
17157
17158
17159
17160
17161
17170
17171
17173
17174
17175
17179
17180
17182
17185
17186
17187
17189
17192
17193
17194
17195
17196
17201
17202
17203
17204
17205
17207
17210
17211
17213
17214
17216
17219
17222
17223
17224
17226
17227
17235
17236
17237
17238
17242
17243
17245
17246
17248
17249
17250
17251
17253
17254
17257
17258
17264
17265
17266
17267
17269
17272
17273
17276
17277
17278
17279
17280
17281
17282
17283
17284
17285
17287
17289
17293
17294
17295
17296
17299
17300
17301
17310
17311
17314
17316
17320
17323
17324
17325
17326
17327
17328
17330
17331
17334
17335
17336
17337
17344
17348
17349
17352
17354
17355
17356
17357
17358
17361
17370
17375
17378
17379
17381
17383
17387
17388
17391
17393
17397
17398
17401
17402
17403
17405
17406
17407
17413
17415
17416
17417
17419
17420
17423
17426
17428
17434
22955
17438
17440
17441
17442
17443
17444
24306
17447
17449
17452
17453
17454
17455
17456
17458
17459
17461
17462
17463
17464
17466
17468
17469
17476
17480
17481
17483
17484
17487
17488
17489
17491
17493
17494
17498
17500
17501
17502
17505
17508
17509
17510
17511
17516
17519
17520
17521
17523
17524
17525
17528
17529
17534
17535
17536
17537
17538
17540
17543
17545
17547
17549
17550
17551
17552
17556
17561
17562
17563
17565
17566
17568
17569
17571
17572
17573
17574
17576
17577
17580
17582
17584
17586
17587
17588
17590
17594
17597
24087
17600
17601
17602
17605
17606
17608
17611
17618
17620
17622
17627
17629
17630
17633
17635
17636
17639
17640
17641
17642
17645
17646
17648
17652
17654
17662
17665
17670
17672
17673
17674
17676
17679
17680
17684
17687
17689
17697
17698
17699
17700
17702
17706
17707
17708
17709
17710
17715
17717
17720
17721
17725
17726
17734
17737
17738
17740
17746
17747
17749
17755
17756
17762
17764
17768
17769
17773
17774
17775
17781
17782
17783
17785
17787
17788
17789
17791
23154
17792
17795
17796
17803
17804
17805
17806
17808
17811
17816
17817
17818
17819
17820
17822
17823
17829
17833
23991
17834
17837
17839
17840
17842
17845
17854
17861
17862
17864
17865
17868
17871
17872
17875
17881
17882
17883
17887
17890
17894
17896
17900
17901
17902
17907
17922
17923
17924
17926
17932
17938
17939
17941
17944
17947
17950
17951
17952
17955
17957
17963
17964
17965
17967
17968
17969
17971
17973
17974
17977
17982
17985
17986
17988
17989
17990
17991
17994
17996
17997
17999
18001
18003
18004
18008
18010
18013
18014
18019
18023
18027
18028
18029
18033
18034
18038
18046
18049
18050
18051
18053
18054
18055
18057
18067
18061
18062
18063
18065
18066
18069
18073
18077
18079
18084
18087
18088
18089
18094
18095
18098
18102
18105
18107
18110
18111
18112
18113
18116
18118
18121
18122
18125
18127
18129
18131
18132
18134
18136
18137
18139
18141
18142
18144
18145
18147
18149
18150
18152
18155
18157
18158
18163
18164
18167
18169
18170
18176
18182
18183
18186
18189
18191
18193
18195
18201
18203
18208
18209
18210
18212
18213
18215
18216
18217
18221
18222
18223
18225
18227
18230
18231
18235
18237
18240
18241
18242
18243
18245
18248
18249
18254
18255
18258
18259
18261
18263
18264
18266
18268
18269
18271
18272
18274
18275
18276
18277
18278
18280
18283
18285
18287
18290
18292
18294
18295
18296
18297
18299
18300
18302
18306
18308
18309
18314
18315
18316
18318
18319
18322
18326
18328
18330
18331
18334
18335
23161
18339
18341
18344
18345
18353
18354
18355
20745
20724
18359
18360
18361
18362
18366
18370
18371
18376
18377
18380
18382
18383
18384
18385
18387
18388
18389
18391
18392
18393
18394
18395
18401
18402
18406
18408
18411
18412
18414
18416
18419
18420
18421
18422
18423
18424
18430
18432
18433
18434
18435
18436
18440
18441
18442
18443
18446
18449
18450
18451
18453
18454
18455
18456
18457
18460
18463
18464
18465
18466
18468
18470
18471
18474
18475
18477
18478
18479
18482
18483
18485
21278
18487
18488
18489
18491
18492
18494
18495
18498
18502
18503
18504
18505
18506
18507
18508
18509
18511
18513
18514
18516
18520
18521
18522
18524
18525
18526
18527
18528
18529
18530
18531
18536
18539
18545
18546
18547
18550
18553
18555
18557
18558
18562
18565
18572
18573
18574
18575
18578
18579
18581
18587
18588
18591
18592
18600
18601
18602
18603
18608
18609
18611
19228
18614
18615
18617
18620
18623
18624
18625
18627
18629
18630
18631
18634
18636
18640
18644
18645
18646
18647
18649
18654
18655
18657
18658
18664
18665
18666
18669
18670
18672
18676
18677
18678
18680
20241
18682
18686
18687
18688
18692
18693
18695
18696
18697
18698
18699
18701
18702
21848
18703
18705
18708
18711
18713
18714
18715
18717
18718
18719
18721
18727
18730
18732
18733
18734
18736
18737
18739
18741
18742
18743
18744
18745
18748
18750
18752
18754
18755
18756
18757
18758
18759
18760
18764
18765
18767
18769
18770
18771
18778
18782
18795
18804
18809
18811
18824
18834
18845
18863
18867
18869
18883
18885
18887
18888
18892
18894
18896
18897
18898
18899
18900
18901
18904
18912
18913
18922
18925
18934
18937
18941
18944
18952
18953
18955
18956
18957
18959
18960
18961
18962
18964
18966
18967
18971
18973
18974
18976
18978
18982
18984
18985
18986
18988
18989
18995
18996
18998
19005
19009
19011
19012
19014
19019
19023
19024
19025
19026
19027
19028
19034
19035
19036
19037
19038
19040
19041
19042
19043
19048
19049
19056
19057
19059
19060
19061
19063
19064
19065
19068
19073
19074
19077
19079
19082
19086
19087
19089
19091
19092
19093
19095
19096
19097
19100
19103
19105
19109
19112
21437
19118
19119
19120
19121
19125
19126
19127
19129
19130
19131
19133
19134
19139
19142
19146
19149
19150
19153
19156
19170
19173
19174
19175
19190
19191
19193
19195
19198
19199
19200
19202
19204
19209
19210
19215
19219
19220
19231
19232
19235
19236
19238
21341
19244
19246
19251
19253
19260
19261
19268
19269
19271
19276
19277
19279
19285
19286
19288
19289
19295
19299
19303
19305
19315
19319
19320
19334
19335
19368
19337
19338
19342
19345
19346
19349
19356
19359
19363
19364
19365
19367
19369
19371
19376
19386
19387
19388
19395
19399
19400
19401
19403
19405
19408
19410
19411
19415
19417
19419
19423
19424
19428
19430
19432
19434
19435
19438
19440
19447
19449
19450
19452
19455
19462
19463
19465
19466
19471
19474
19476
19479
19480
19481
19487
19490
19492
19498
19500
19501
19505
19516
19517
19518
19520
19525
19526
19527
19531
19537
19541
19542
19548
19551
19552
19553
19555
19556
19570
19573
19574
19576
19578
19580
19581
19583
19584
19591
19592
19594
19603
19605
19607
19609
19612
19613
19614
19620
19622
19623
19628
19629
19635
19636
19637
19638
19639
19640
19641
19642
19643
19645
19648
19649
19651
19653
19657
19660
19666
19669
19670
19673
19676
19677
21686
19682
19683
19684
22896
19688
19701
19702
19706
19708
19712
19713
19715
19719
19720
19724
19726
19727
19728
19729
19732
19734
19736
19737
19738
19741
19742
19745
19747
19748
19749
19751
19753
19754
19756
19757
19758
19761
19763
19765
19766
19767
19768
19769
19771
19772
19774
19775
19778
19779
19780
19781
19782
19785
19789
19790
19791
19793
19795
19798
19800
24092
19801
19804
19805
19807
19809
19813
19819
19821
19826
19827
19829
19836
19837
19838
19844
19859
19860
19861
19862
19871
19873
19878
19879
19886
19895
19896
19899
19902
19905
19907
19910
19911
19914
19918
19920
19922
19933
19934
19941
19943
19946
19947
19951
19952
19953
19954
19956
19957
19959
19962
19963
19964
19968
19969
19970
19974
19976
19978
19979
19983
19984
19985
19986
19987
19991
19992
19994
19996
19997
20001
20002
20006
20011
20012
20013
20015
20016
20017
20019
20022
20025
20026
20027
20028
20029
20032
20035
20036
20039
20046
20048
20051
20053
20060
20062
20064
20065
20070
20071
20072
20073
20075
20076
20078
20081
20082
20087
20090
20091
20092
20093
20095
20097
20099
20102
20104
20107
20108
20109
20114
20115
20117
20119
20120
20121
20123
20128
20129
20132
20134
20135
20136
20137
20138
20139
20140
20141
20147
20153
20154
20156
20157
20158
20164
20166
20167
20168
20170
20172
20173
20176
20177
20179
20180
20181
20184
20185
20187
20189
20193
20734
20194
20196
20197
20198
20201
20204
20205
20206
20210
20211
20213
20215
20217
20219
20229
20230
20232
20233
20235
20236
20240
20243
20244
20245
20247
20253
20254
20255
20258
20259
20260
20262
20267
20268
20270
20271
20272
20274
20278
20279
20280
20281
20286
20288
20292
20293
20296
20302
20308
20313
20315
20318
20319
20320
20321
20322
20327
20330
20331
20337
20338
20340
20341
20344
20346
20347
20348
20349
20350
20351
20353
20356
20358
20359
20360
20361
20362
20363
20367
20368
20372
20377
20378
20379
20380
20382
20383
20384
20385
20387
20390
20392
20393
20402
20405
20406
20407
20408
20409
20410
20411
20412
20413
20416
20417
20418
20420
20423
20424
20425
20427
20429
20430
20431
20534
20433
20435
20441
20442
20443
20444
20446
20447
20449
20450
20453
20454
20458
20459
20462
20464
20466
20467
20468
20470
20471
20479
20483
20485
20486
20487
20488
20489
20491
20492
20495
20496
20498
20499
20500
20502
20504
20505
20507
20508
20510
20513
20515
20517
20519
20520
20521
20522
20523
20524
20528
20530
20531
20533
20537
20538
20541
20543
20544
20546
20547
20550
20552
20554
20557
20558
20561
20562
20564
20565
20566
20567
20568
20569
20570
20571
20572
20573
20574
20576
20578
20579
20580
20581
20582
20583
20584
20588
20589
20590
20592
20593
20594
20597
20598
20600
20603
20605
20606
20607
20611
20612
20616
20617
20619
20620
20621
20622
20625
20626
20631
20632
20633
20634
20635
20636
20637
20638
20644
20646
20647
20648
21945
20649
20651
20652
20654
20655
20656
20657
20659
20661
20663
20665
20666
20667
20668
20669
20671
20672
20674
20676
20678
20679
20680
20681
20682
20685
20686
20687
20692
20694
20696
20698
20701
20702
20703
20710
20714
20718
20719
20720
20723
20725
20727
20728
20729
20732
20733
20736
20737
20738
20740
20744
20746
20747
20748
20749
20750
20751
20752
20753
20755
20756
20758
20759
20764
20766
20767
20768
20773
20775
20776
20777
20780
20781
20784
20785
20788
20791
20792
20793
20795
20796
20797
20798
20799
20802
20807
20809
20814
20815
20819
20821
20822
20823
20825
20827
20835
20836
20837
20840
20842
20843
20844
20846
20847
20848
20849
20850
20852
20855
20859
20862
20863
20864
20865
20868
25254
20870
20871
20874
20875
20876
20877
20878
20879
20880
20881
20882
20886
20889
20890
20891
20892
20893
20894
20895
20896
20897
20899
20902
20903
20904
20907
20908
20909
20914
20916
20919
20921
20924
20928
20931
20934
20935
20936
20937
20939
20941
20943
20952
20955
20958
20959
20963
20964
20966
20969
20970
20974
20975
20976
20979
20980
20982
20983
20989
20992
20995
20997
20998
20999
21003
21005
21008
21009
21011
21013
21014
21016
21018
21021
21022
21024
21025
21026
21028
21030
21032
21033
21036
21042
21045
21046
21047
21048
21049
21050
21054
21056
21057
21058
21059
21061
21062
21066
21068
21069
21070
21071
21073
21074
21075
21076
21077
21078
21938
21086
21088
21090
21091
21092
21093
21096
21098
21101
21104
21105
21106
21110
21114
21115
21116
21118
21119
21120
21122
21124
21125
21127
21128
21131
21135
21137
21138
21139
21140
21141
21143
21145
21146
21147
21148
21149
21151
21153
21155
21157
21160
21161
21162
21164
21166
21167
21168
21171
21173
21175
21176
21178
21180
21184
21185
21186
21188
21189
21190
21193
21195
21196
21197
21198
21200
21202
21203
21206
21210
21215
21216
21219
21220
21221
21222
21225
21226
21228
21230
21231
21233
21234
21235
21236
21237
21238
21239
21240
21242
21243
21247
21249
21250
21251
21254
21255
21256
21257
21258
21259
21260
21261
21264
21265
21267
21268
21271
21272
21275
21276
21277
21279
21280
21281
21286
21288
21289
21290
21291
21292
21293
21295
21296
21297
21298
21299
21301
21302
21306
21307
21310
21311
21312
21315
21316
21319
21324
21326
21328
21330
21331
21332
21334
21335
21336
21337
21338
21339
21340
21342
21343
21344
21345
21347
21348
21350
21351
21354
21357
21361
21367
21370
21371
21372
21373
21375
21378
21381
21382
21383
21384
21385
21386
21387
21391
21392
21393
21398
21399
21400
21402
21403
21404
21406
21407
21408
21411
21412
21413
21416
21418
21419
21421
21422
21423
21425
21426
21432
21433
21435
21441
21442
21443
21446
21447
21452
21453
21455
21456
21457
21458
21459
21465
21466
21471
21472
21473
21474
21475
21476
21478
21480
21482
21483
21485
21486
21487
21488
21489
21490
21492
21495
21496
21497
21498
21500
21501
21502
21503
21506
21507
21508
21509
21510
21511
21512
21513
21515
21517
21519
21520
21522
21524
21525
21526
21527
21528
21529
21530
21531
21532
21533
21534
21536
21537
21538
21541
21542
21546
21548
21554
21555
21558
21559
21560
21563
21565
21566
21567
21568
21569
21570
21575
21576
21579
21580
21581
21582
21584
21585
21587
21588
21590
21592
21594
21596
21597
21598
21600
21603
21606
21607
21608
21610
21611
21614
21615
21616
21617
21620
21622
21623
21624
21625
21627
21628
21632
21634
21636
21638
21639
21641
21642
21643
21644
21645
21646
21647
21649
21652
21653
21654
21656
21658
21660
21662
21663
21664
21665
21666
21667
21668
21669
21671
21676
21677
21678
21680
21681
21682
21683
21685
21692
21693
21694
21695
21696
21697
21698
21700
21701
21702
21703
21706
21707
21708
21713
21714
21716
21717
21718
21719
21720
21721
21723
21724
21725
21726
21728
21729
21731
21734
21737
21738
21739
21745
21746
21747
21748
21749
21751
21752
21753
21754
21755
21756
21757
21759
21760
21761
21762
21763
21766
21767
21768
21769
21771
21772
21773
21778
21779
21780
21781
21784
21785
21786
21787
21788
21790
21791
21793
21794
21795
21797
21800
21802
21804
21805
21808
21809
21811
21812
21815
21816
21817
21818
21821
21822
21823
21824
21825
21826
21827
21829
21830
21831
21832
21833
21834
21837
21838
21839
21841
21842
21846
21847
21849
21850
21851
21853
21856
21860
21861
21865
21868
21869
21870
21872
21873
21874
21876
21877
21878
21880
21881
21883
21884
21887
21888
21889
21892
21893
21894
21895
21896
21897
21898
21900
21901
21902
21905
21906
21908
21912
21916
21920
21922
21924
21926
21928
21929
21930
21933
21934
21936
21939
21941
21942
21943
21946
21947
21952
21954
21955
21957
21958
21959
21960
21961
21964
21965
21966
21967
21968
21969
21972
21982
21983
21984
21985
21988
21991
21993
21996
21997
22000
22001
22002
22003
22004
22006
22007
22008
22010
22013
22015
22016
22017
22018
22019
22020
22023
22024
22025
22026
22028
22031
22032
22033
22034
22036
22038
22039
22041
22042
22043
22045
22047
22048
22049
22051
22052
22054
22055
22056
22058
22061
22062
22064
22065
22066
22067
22068
22069
22071
22072
22073
22074
22076
22077
22078
22079
22080
22081
22083
22085
22086
22088
22089
22091
22092
22093
22094
22095
22096
22097
22098
22099
22100
22101
22102
22105
22106
22107
22108
24818
22110
22113
22114
22115
22117
22118
22119
22120
22121
22122
22123
22124
22126
22128
22131
22133
22136
22138
22141
22142
22144
22146
22148
22149
22150
22151
22152
22154
22155
22157
22159
22161
22162
22165
22167
22169
22171
22172
22174
22176
22179
22182
22183
22184
22186
22188
22189
22190
22191
22192
22193
22194
22195
22196
22198
22200
22202
22204
22206
22209
22212
22213
22214
22217
22219
22220
22221
22222
22223
22224
23174
22227
22228
22231
22233
22235
22236
22237
22238
22239
22240
22242
22243
22247
22253
22255
22256
22257
22258
22259
22261
22262
22263
22264
22265
22266
22267
22270
22271
22275
22276
22278
22279
22280
22283
22284
22286
22290
22291
22292
22293
22295
22299
22300
22302
22303
22304
22307
22308
22311
22315
22319
22320
22321
22322
22323
22324
22325
22326
22327
22328
22329
22330
22331
22332
22334
22335
22336
22337
22338
22339
22341
22344
22345
22346
22347
22348
22350
22351
22353
22355
22357
22358
22359
22360
22361
22363
22364
22367
22369
22370
22372
22373
22374
22375
22376
22378
22380
22381
22385
22386
22388
22389
22390
22391
22393
22394
22395
22396
22397
22398
22400
22401
22402
22403
22405
22407
22409
22410
22411
22412
22414
22415
22418
22419
22420
22421
22430
22431
22432
22434
22435
22436
22438
22441
22443
22444
22446
22450
22451
22452
22454
22455
22458
22459
22460
22461
22462
22464
22465
22466
22467
22468
22469
22470
22473
22474
22475
22476
22477
22478
22480
22481
22482
22483
22485
22486
22487
22488
22490
22491
22492
22494
22496
22497
22498
22499
22500
22501
22502
22504
22507
22508
22510
22511
22513
22514
22515
22516
22518
22519
22521
22522
22523
22524
22525
22526
22529
22532
22533
22534
22535
22539
22540
22541
22542
22545
22549
22551
22552
22553
22554
22558
22559
22560
22562
22564
22565
22566
22568
22570
22572
22573
22577
22579
22580
22581
22582
22586
22587
22590
22593
22594
22597
22598
22599
22600
22601
22602
22603
22604
22605
22606
22607
22608
22609
22610
22615
22616
22617
22619
22621
22622
22623
22624
22625
22626
22627
22628
22629
22630
22632
22633
22634
22636
22637
22638
22639
22644
22646
22648
22650
22651
22653
22654
22655
22656
22658
22659
22661
22663
22664
22668
22669
22671
22672
22673
22674
22675
22676
22679
22680
22681
22682
22683
22684
22686
22687
22688
22690
22691
22692
22693
22694
22695
22697
22698
22699
22700
22701
22702
22705
22706
22707
22708
22709
22710
22711
22712
22714
22715
22716
22718
22719
22721
22722
22723
22725
22728
22729
22730
22731
22733
22734
22736
22739
22740
22741
22744
22745
22746
22747
22748
22749
22750
22751
22752
22754
22756
22757
22758
22760
22762
22763
22764
22766
22767
22768
22769
22771
22772
22774
22775
22776
22780
22781
22782
22783
22784
22786
22788
22791
22792
22793
22794
22796
22797
22798
22799
22801
22802
22803
22804
22806
22808
22812
22814
22815
22819
22820
22823
22824
22825
22826
22828
22830
22834
22835
22836
22837
22839
22840
22842
22844
22847
22848
22850
22851
22852
22853
22854
22857
22860
22861
22862
22863
22864
22865
22866
22867
22869
22872
22873
22874
22875
22878
22879
22880
22881
22883
22884
22885
22887
22889
22890
22891
22892
22893
22894
22897
22898
22899
22900
22902
22903
22904
22905
22906
22907
22908
22910
22913
22914
22915
22918
22921
22923
22924
22927
22928
22930
22931
22933
22934
22936
22937
22940
22941
22945
22946
22948
22950
22951
22952
22960
22961
22962
22963
24679
22964
22965
22966
22968
22969
22971
22972
22973
22974
22975
22976
22978
22979
22981
22982
22983
22985
22986
22988
22989
22990
22991
24381
22992
22993
22994
22995
22996
22997
22999
23000
23003
23006
23007
23008
23009
23013
23015
23016
23017
23018
23019
23020
23021
23022
23023
23024
23026
23029
23030
23031
23032
23033
23035
23036
23037
23038
23039
23041
23042
23043
23044
23045
23046
23047
23048
23049
23050
23051
23056
23059
23060
23061
23062
23063
23065
23066
23069
23072
23073
23075
23076
23078
23080
23081
23083
23084
23085
23086
23087
23088
23089
23090
23091
23092
23093
23096
23097
23099
23100
23101
23102
23103
23104
23105
23107
23109
23110
23111
23112
23113
23115
23116
23117
23118
23119
23120
23121
23126
23127
23128
23132
23133
23135
23136
23139
23140
23142
23144
23145
23146
23148
23153
23155
23157
23159
23160
23163
23164
23168
23169
23170
23171
23172
23173
23175
23176
23178
23182
23184
23186
23190
23192
23193
23194
23198
23200
23203
23204
23208
23210
23211
23212
23213
23215
23216
23220
23222
23223
23228
23229
23230
23232
23234
23235
23236
23237
23238
23239
23241
23242
23246
23247
23248
23250
23251
23254
23255
23256
23257
23258
23259
23262
23263
23264
23265
23266
23267
23268
24912
23269
23271
23272
23273
23274
23277
23278
23281
23282
23284
23285
23287
23288
23290
23291
23294
23295
23296
23298
23299
23302
23303
23305
23306
23307
23308
23309
23310
23311
23312
23313
23315
23316
23317
23318
23319
23321
23322
23325
23327
23329
23330
23331
23332
23333
23334
23335
23337
23339
23341
23342
23343
23345
23346
23348
23351
23352
23353
23354
23355
23356
23357
23358
23359
23360
23361
23362
23363
23364
23365
23366
23367
23370
23371
23372
23375
23376
23377
23379
23381
23383
23385
23386
23387
23389
23391
23393
23396
23397
23398
23402
23404
23405
23406
23409
23411
23414
23415
23416
23418
23419
23420
23421
23423
23424
23426
23427
23428
23429
23431
23432
23434
23436
23438
23439
23440
23441
23442
23445
23446
23447
23448
23449
23450
23451
23452
23453
23454
23455
23456
23457
23458
23460
23466
23467
23468
23469
23471
23474
23475
23476
23478
23479
23480
23481
23482
23483
23484
23486
23488
23489
23490
23493
23495
23499
23501
23502
23505
23507
23508
23509
23512
23514
23515
23516
23517
23518
23519
23520
23521
23522
23523
23524
23525
23526
23527
23529
23530
23531
23532
23533
23536
23537
23539
23540
23542
23543
23544
23545
23547
23548
23549
23550
23551
23552
23555
23558
23559
23560
23562
23563
23564
23565
23566
23567
23568
23571
23572
23573
23575
23577
23579
23580
23581
23582
23583
23585
23586
23588
23590
23591
23592
23593
23594
23597
23599
23600
23601
23603
23604
23606
23607
23608
23609
23610
23613
23614
23615
23616
23619
23620
23625
23627
23628
23630
23631
23632
23633
23634
23636
23637
23638
23639
23640
23645
23646
23648
23650
23651
23652
23653
23654
23658
23659
23661
23662
23663
23665
23668
23671
23673
23677
23678
23679
23680
23681
23685
23686
23687
23689
23691
23693
23695
23697
23698
23701
23705
23709
23710
23711
23712
23713
23715
23716
23717
23718
23719
23720
23721
23722
23723
23724
23727
23729
23730
23733
23734
23736
23737
23740
23741
23743
23744
23745
23746
23747
23748
23750
23752
23753
23754
23756
23758
23759
23760
23761
23762
23764
23765
23766
23767
23769
23770
23771
23772
23773
23775
23776
23777
23778
23779
23780
23781
23782
23783
23784
23785
23791
23793
24250
23794
23796
23800
23804
23811
23813
23815
23817
23818
23822
23823
23830
23831
23841
23843
23849
23855
23858
23860
23861
23867
23870
23871
23872
23876
23880
23882
23883
23886
23887
23890
23891
23894
23895
23896
23897
23901
23902
23903
23905
23907
23910
23913
23914
23915
23916
23919
23923
23928
23932
23933
23936
23942
23946
23947
23948
23953
23954
23956
23961
23962
23966
23967
23971
23973
23974
23975
23977
23978
23983
23989
23990
23994
23999
24003
24004
24008
24013
24015
24016
24017
24020
24021
24025
24028
24034
24036
24037
24039
24040
24041
24043
24044
24050
24051
24052
24055
24056
24058
24060
24061
24062
24063
24064
24067
24068
24071
24073
24075
24076
24077
24080
24081
24084
24085
24086
24088
24089
24091
24093
24094
24096
24098
24099
24101
24102
24103
24104
24109
24111
24113
24114
24116
24117
24119
24123
24124
24125
24127
24134
24135
24137
24139
24140
24143
24144
24145
24147
24149
24151
24152
24153
24154
24160
24161
24162
24163
24164
24165
24166
24167
24168
24169
24170
24171
24173
24174
24175
24176
24177
24181
24182
24185
24186
24187
24189
24191
24192
24193
24200
24201
24202
24205
24207
24209
24210
24213
24216
24220
24224
24225
24226
24227
24228
24230
24231
24233
24234
24235
24236
24237
24238
24239
24240
24241
24242
24243
24245
24246
24247
24249
24253
24255
24256
24258
24259
24261
24262
24263
24264
24265
24266
24268
24269
24271
24272
24273
24274
24275
24277
24890
24279
24280
24281
24282
24832
24283
24288
24289
24290
24291
24292
24293
24294
24297
24299
24300
24303
24304
24305
24308
24310
24311
24314
24316
24318
24319
24320
24321
24323
24324
24325
24327
24328
24329
24331
24332
24334
24335
24337
24338
24339
24340
24341
24342
24343
24345
24346
24348
24349
24350
24353
24354
24355
24357
24359
24360
24361
24362
24365
24366
24367
24369
24373
24375
24377
24378
24380
24384
24385
24386
24387
24388
24389
24390
24391
24393
24394
24395
24396
24398
24399
24402
24404
24406
24407
24408
24409
24410
24411
24412
24413
24414
24415
24416
24418
24419
24421
24422
24423
24424
24425
24427
24429
24430
24431
24439
24440
24443
24445
24446
24451
24452
24453
24454
24456
24457
24459
24461
24462
24464
24465
24466
24468
24469
24470
24473
24474
24475
24477
24478
24479
24480
24481
24482
24483
24485
24486
24487
24489
24490
24491
24492
24493
24494
24495
24498
24500
24501
24502
24503
24504
24505
24507
24508
24509
24510
24512
24513
24517
24518
24519
24520
24521
24522
24523
24524
24525
24526
24528
24529
24530
24532
24533
24534
24536
24537
24538
24539
24540
24541
24543
24545
24546
24547
24548
24549
24551
24553
24554
24555
24556
24560
24561
24562
24563
24565
24566
24567
24568
24569
24572
24573
24574
24577
24578
24579
24618
24581
24582
24583
24584
24586
24588
24589
24592
24593
24594
24595
24597
24598
24600
24601
24602
24604
24606
24607
24608
24610
24611
24612
24614
24615
24617
24619
24620
24621
24622
24623
24625
24626
24627
24628
24630
24631
24632
24635
24636
24639
24644
24645
24646
24647
24648
24649
24650
24653
24655
24656
24657
24658
24659
24660
24661
24662
24663
24664
24666
24667
24668
24669
24670
24671
24672
24674
24675
24676
24677
24678
24681
24682
24683
24684
24685
24687
24689
24690
24692
24693
24696
24697
24698
24699
24700
24701
24703
24704
24705
24706
24708
24709
24710
24711
24712
24713
24714
24715
24716
24717
24718
24720
24723
24725
24726
24728
24730
24732
24734
24735
24736
24737
24738
24739
24741
24742
24743
24744
24745
24746
24747
24748
24749
24750
24751
24752
24753
24754
24755
24756
24757
24758
24759
24760
24762
24763
24764
24765
24766
24767
24768
24770
24771
24772
24773
24774
24775
24778
24779
24780
24781
24782
24783
24785
24786
24787
24789
24790
24791
24792
24793
24794
24795
24796
24797
24798
24800
24801
24802
24803
24805
24806
24807
24808
24809
24810
24811
24812
24813
24814
24815
24816
24817
24819
24820
24821
24822
24826
24827
24828
24829
24833
24836
24837
24838
24839
24840
24841
24842
24843
24844
24845
24846
24847
24848
24850
24851
24852
24856
24857
24859
24860
24862
24867
24868
24869
24870
24871
24872
24873
24874
24875
24877
24879
24880
24881
24882
24883
24899
24886
24888
24889
24891
24892
24893
24901
24903
24904
24905
24907
24908
24909
24910
24913
24916
24917
24918
24919
24920
24926
24928
24929
24933
24934
24935
24936
24937
24940
24941
24942
24943
24945
24946
24949
24950
24951
24952
24953
24954
24959
24960
24961
24962
24964
24965
24968
24970
24971
24972
24973
24974
24975
24976
24977
24978
24979
24980
24981
24982
24983
24985
24986
24987
24988
24989
24991
24992
24997
24998
24999
25001
25003
25007
25009
25010
25011
25014
25015
25016
25017
25018
25021
25022
25024
25025
25026
25028
25029
25030
25031
25032
25035
25036
25037
25039
25041
25043
25044
25045
25046
25048
25049
25051
25052
25053
25054
25056
25057
25058
25063
25064
25065
25066
25067
25068
25069
25072
25074
25075
25076
25077
25078
25079
25080
25081
25082
25083
25084
25085
25086
25087
25088
25089
25090
25091
25092
25093
25094
25096
25097
25098
25099
25100
25101
25209
25294
25103
25104
25105
25106
25108
25109
25110
25111
25112
25113
25114
25115
25118
25119
25120
25121
25122
25123
25124
25125
25126
25129
25130
25132
25133
25134
25135
25136
25137
25138
25139
25140
25141
25142
25143
25144
25145
25146
25147
25149
25150
25151
25152
25154
25155
25156
25157
25158
25159
25160
25161
25162
25163
25165
25166
25167
25168
25170
25171
25172
25173
25174
25175
25176
25177
25178
25179
25180
25181
25182
25185
25188
25190
25192
25193
25195
25196
25197
25544
25203
25204
25206
25207
25208
25210
25212
25213
25215
25216
25217
25218
25219
25220
25221
25223
25224
25225
25226
25227
25228
25229
25230
25231
25233
25235
25238
25239
25240
25241
25242
25244
25246
25252
25248
25249
25251
25253
25255
25256
25257
25258
25259
25263
25265
25266
25267
25269
25270
25272
25273
25275
25276
25280
25281
25283
25284
25285
25286
25287
25289
25291
25292
25293
25296
25297
25300
25301
25302
25303
25304
25309
25310
25312
25315
25321
25328
25329
25331
25332
25336
25337
25339
25340
25341
25342
25343
25344
25346
25350
25354
25355
25357
25358
25359
25365
25366
25368
25370
25371
25372
25375
25377
25378
25379
25381
25384
25386
25387
25388
25389
25390
25392
25393
25394
25399
25400
25402
25405
25407
25408
25409
25410
25411
25412
25413
25414
25417
25418
25420
25422
25423
25425
25426
25428
25429
25431
25432
25433
25439
25441
25442
25443
25445
25446
25448
25449
25450
25452
25453
25455
25456
25460
25461
25462
25463
25466
25467
25469
25471
25472
25473
25476
25477
25478
25479
25482
25484
25486
25492
25493
25495
25499
25502
25507
25508
25509
25512
25513
25517
25519
25523
25524
25525
25526
25527
25528
25529
25530
25533
25538
25542
25543
25545
25546
25548
25550
25561
25563
25573
25575
25577
25578
25582
25583
25585
25588
25589
25590
25591
