158,1400,0.000746819405497
1127,13,0.000353481795688
2578,4,0.00257305512979
2527,935,0.00307446749014
1147,8,0.000353481795688
561,125,0.000353481795688
1694,4,0.000353481795688
586,112,0.00212663755698
1024,125,0.000353481795688
240,241,0.000353481795688
2320,288,0.000282735474459
1446,962,0.000659781448196
1197,1231,0.000235654530458
1676,112,0.00272693440622
1880,2,0.000353481795688
1844,78,0.000353481795688
1472,112,0.00643006788269
1418,10,0.000353481795688
408,112,0.000706713780919
2534,2,0.00198817225488
1195,838,0.000862237428467
222,2521,0.00145615334378
429,271,0.000353481795688
2423,2036,0.000353481795688
1291,1229,0.00155712702712
853,10,0.000353481795688
2577,742,0.000705187486678
836,320,0.000353481795688
952,1138,0.000353481795688
1232,8,0.000353481795688
2042,8,0.000353481795688
929,735,0.00179347420306
1726,365,0.000353481795688
503,365,0.000353481795688
158,586,0.00177792211473
1149,8,0.000353481795688
26,418,0.00309001211172
849,842,0.000353481795688
451,125,0.000353481795688
1598,241,0.00494772976438
2404,365,0.000353481795688
670,669,0.000841630643519
403,94,0.00240024438684
2018,44,0.00120199574215
1910,418,0.000353481795688
1200,241,0.000353481795688
960,868,0.000353481795688
513,436,0.000353481795688
124,4,0.000353481795688
893,112,0.00181664690878
2801,8,0.000353481795688
805,112,0.00238088751406
224,130,0.000353481795688
1201,2,0.00499402829397
907,365,0.000353481795688
1017,965,0.000353481795688
719,720,0.00251557398052
2564,2187,0.000353481795688
913,8,0.000706713780919
1975,1869,0.000353481795688
2626,1067,0.000353481795688
605,16,0.000353481795688
1438,365,0.000353481795688
1555,670,0.000353481795688
13,620,0.00406856898456
2485,1745,0.000353481795688
2765,159,0.000353481795688
1583,446,0.000353481795688
27,13,0.00287781420276
670,689,0.000651966858608
2713,112,0.000353481795688
827,413,0.000353481795688
1145,962,0.000353481795688
1056,8,0.00976960544269
1106,832,0.0019749952527
1110,962,0.000353481795688
260,271,0.002619942531
1243,241,0.000353481795688
1607,519,0.000353481795688
2198,2039,0.000791772237877
1498,2,0.00832119146563
1619,125,0.000353481795688
2726,1889,0.000353481795688
2140,288,0.000353481795688
875,876,0.000353481795688
970,971,0.000353481795688
19,2,0.000706713780919
661,2,0.00325051938688
800,935,0.00311187196121
884,392,0.000353481795688
1344,288,0.000353481795688
1521,446,0.000353481795688
607,16,0.00271256635622
1623,365,0.000353481795688
1702,962,0.000353481795688
164,416,0.00238199987404
2114,842,0.000353481795688
1874,1869,0.000353481795688
1854,365,0.000353481795688
775,92,0.000353481795688
1586,89,0.00275437605517
4,1575,0.00305152544591
696,125,0.00300494340911
2321,446,0.000353481795688
226,92,0.000353481795688
934,933,0.000235654530458
51,2,0.000706713780919
1890,365,0.000353481795688
738,742,0.0030658027007
826,26,0.00200036954153
872,249,0.0010581138228
1550,125,0.00398907072475
1660,755,0.00277074881461
1237,1402,0.00253397750947
915,160,0.000353481795688
2152,365,0.000353481795688
2257,2247,0.00141242832001
1949,859,0.000353481795688
409,350,0.000353481795688
1291,446,0.00381801054017
934,365,0.000353398525536
485,517,0.00028271049344
2374,446,0.000353481795688
2175,8,0.000353481795688
962,259,0.0133422333556
893,1182,0.00100095415116
924,365,0.00399461698344
533,125,0.00116375064813
453,618,0.000353481795688
184,8,0.000353481795688
1636,4,0.000353481795688
854,310,0.000353481795688
1062,44,0.000353481795688
2240,2,0.000353481795688
2718,13,0.000353481795688
2478,365,0.00304647009873
644,365,0.000353481795688
1554,262,0.00632539072379
378,360,0.000609438976772
321,365,0.00292659977654
834,125,0.000353481795688
614,604,0.000353481795688
1509,262,0.000353481795688
2232,1462,0.000706713780919
1967,1869,0.000353481795688
365,2098,0.00302841903256
158,1540,0.000746819405497
2093,288,0.000424078230643
1414,89,0.000353481795688
228,1626,0.00305463691273
9,382,0.000353481795688
2652,241,0.000353481795688
2021,418,0.000353481795688
213,16,0.000353481795688
1464,8,0.00300680868795
190,16,0.000353481795688
1767,859,0.00225889585554
228,435,0.00322285690624
1945,1869,0.000353481795688
618,583,0.00274087073736
2253,2,0.000353481795688
1342,159,0.00288339539123
369,658,0.00245308896001
2338,446,0.000353481795688
1172,1158,0.000353481795688
2745,13,0.000353481795688
962,838,0.00698309749042
1918,232,0.000353481795688
476,125,0.000353481795688
2151,1121,0.000353481795688
1282,44,0.000353481795688
2614,678,0.00113405085801
2804,2824,0.000326194807383
521,2,0.000353481795688
633,618,0.000353481795688
873,50,0.000353481795688
1353,178,0.000353481795688
241,2168,0.00273185820534
678,2571,0.00185359897091
510,109,0.00298597743053
436,465,0.00157299679495
2490,249,0.000353481795688
679,10,0.000353481795688
586,125,0.00313045564644
2469,2500,0.00197202936121
1187,962,0.000353398525536
13,434,0.00342778093624
295,24,0.000353481795688
119,112,0.000353481795688
373,10,0.00236060677688
758,594,0.000235654530458
5,26,0.00155875540353
2158,292,0.000353481795688
1195,962,0.00235802777775
1283,182,0.000353481795688
1919,24,0.000353481795688
1399,418,0.000353481795688
188,1214,0.00798013487076
743,101,0.000353481795688
1604,94,0.00261504122598
1998,1796,0.000353481795688
438,486,0.000353481795688
297,262,0.000353481795688
1007,962,0.000353481795688
2362,8,0.000353481795688
1335,44,0.000353481795688
1122,8,0.000353481795688
931,16,0.000353481795688
562,125,0.000353481795688
333,755,0.000353481795688
394,365,0.000353481795688
2377,2230,0.00333328902617
2343,2,0.000353481795688
2760,8,0.000353481795688
103,104,0.000353481795688
1291,365,0.0029510073316
1249,262,0.000353481795688
1219,78,0.00340778354086
274,10,0.000353481795688
2340,102,0.000353481795688
1926,2,0.000353481795688
1421,8,0.00317130759418
1408,241,0.000353481795688
2,2491,0.00106955932274
2108,418,0.000353481795688
64,13,0.000353481795688
2373,2,0.000353481795688
2145,417,0.000353481795688
733,515,0.000235654530458
2306,2,0.00194157118845
65,16,0.00655814676463
1048,2,0.00270431462262
24,1550,0.00349936881144
1597,859,0.000353481795688
1303,307,0.000353481795688
1325,2,0.000353481795688
1119,262,0.000353481795688
205,1101,0.00237197344511
864,182,0.000353481795688
994,1133,0.000351445205595
2618,876,0.000353481795688
699,435,0.00323469799284
1964,962,0.0098032323344
1163,975,0.000632238875231
475,8,0.000353481795688
2226,1745,0.000353481795688
108,8,0.000353481795688
1988,418,0.000353481795688
1199,8,0.000353481795688
2206,1138,0.000353481795688
848,310,0.0027656691937
1158,2632,0.00223168667632
1953,755,0.00264743880128
555,962,0.000539832173892
842,2028,0.0024661681686
1966,418,0.000353481795688
2496,188,0.000353481795688
2398,962,0.00943466701178
2647,365,0.000353481795688
2581,228,0.000353481795688
356,2011,0.00217352166432
44,246,0.00331451243485
2230,418,0.00605428700098
1656,755,0.00181812541577
181,164,0.00238883950142
1517,8,0.000353481795688
831,962,0.000353481795688
905,282,0.00210089429855
1812,365,0.000353481795688
2271,742,0.000353481795688
1848,365,0.000353481795688
1864,8,0.00247887446949
2478,446,0.00303774624609
1242,418,0.00554039742648
218,182,0.000353481795688
2247,764,0.00176491087387
2250,204,0.000353481795688
1658,4,0.000353481795688
1092,8,0.00211976320811
1768,937,0.000353481795688
621,8,0.000353481795688
1289,182,0.000353481795688
259,439,0.00353112756753
1366,2,0.000353481795688
2740,435,0.000353481795688
1896,2,0.000353481795688
324,24,0.000353481795688
92,237,0.00493606771469
2546,935,0.000353481795688
2417,2248,0.000353481795688
111,112,0.000353481795688
52,13,0.00299982303092
13,2770,0.00322778554261
1772,1773,0.000353481795688
416,435,0.00301386512205
1178,10,0.000353481795688
84,106,0.00217528523696
2420,2,0.000353481795688
642,8,0.00557259504562
1176,962,0.000353481795688
1828,125,0.000353481795688
1287,8,0.00275087066795
1429,249,0.000353481795688
1691,962,0.000353481795688
2550,86,0.000353481795688
636,321,0.000353481795688
1745,310,0.00305462133435
2200,8,0.000353481795688
2035,1158,0.000353481795688
2410,2248,0.000353481795688
1901,1869,0.000353481795688
2,1739,0.00215054480768
2413,876,0.000353481795688
1018,771,0.000353398525536
305,353,0.000353481795688
554,446,0.000353481795688
2463,4,0.000353481795688
1571,435,0.000353481795688
1053,962,0.000353481795688
1802,8,0.000353481795688
1051,1472,0.0062624223165
552,125,0.00204031025694
257,4,0.00556240644084
2233,8,0.000353481795688
1171,1138,0.000961228557849
1568,365,0.000353481795688
1106,125,0.00220999165737
2255,288,0.000353481795688
44,70,0.00252992298395
151,632,0.00160178066115
1074,13,0.000353481795688
24,2443,0.00293479125929
1732,262,0.000353481795688
1043,125,0.000353481795688
260,259,0.00388805084014
2572,365,0.000353481795688
2385,102,0.000353481795688
946,774,0.00204695609418
2455,720,0.000353481795688
2366,89,0.000353481795688
2534,2502,0.00133031569064
1284,2,0.000353481795688
1141,962,0.000659781448196
389,125,0.00441612767594
314,315,0.00205698826645
725,249,0.000353481795688
2308,8,0.00272562449961
2198,418,0.00120081416074
1748,4,0.000353481795688
1427,755,0.00253942335349
1613,365,0.000353481795688
2132,859,0.00224566143239
1714,2,0.000353481795688
1877,1869,0.000353481795688
1393,365,0.000706713780919
1050,1051,0.000353481795688
816,2,0.000353481795688
2317,159,0.000353481795688
288,655,0.00289624551274
1305,8,0.00322569704705
652,125,0.000353481795688
546,742,0.00274959864366
2804,195,0.000461899533729
1956,8,0.000353481795688
289,283,0.000353481795688
413,446,0.00418312253807
1380,2,0.000353481795688
387,8,0.00350248299618
479,125,0.000353481795688
106,1026,0.0031992485443
1216,418,0.000353481795688
1650,365,0.000353481795688
1124,435,0.000353481795688
1759,262,0.000353481795688
1151,24,0.00245842796851
1352,112,0.000353481795688
2471,241,0.000353481795688
492,381,0.00189074029833
746,13,0.000353481795688
839,764,0.000353481795688
298,700,0.00199132460838
2003,129,0.000353481795688
69,4,0.000353481795688
1369,112,0.000353481795688
2627,1258,0.00230235545907
1816,962,0.000353481795688
1423,1121,0.000353481795688
1434,8,0.00245706101585
2198,1661,0.00239033274502
348,349,0.000353481795688
2242,112,0.000353481795688
1811,2,0.000353481795688
1603,4,0.00306407945432
2481,925,0.000353481795688
1627,8,0.000353481795688
730,8,0.000353481795688
611,125,0.000353481795688
236,16,0.000353481795688
1307,262,0.000353481795688
421,125,0.000353481795688
2441,204,0.000353481795688
1360,2,0.00338132497678
1750,755,0.000353481795688
948,949,0.000353481795688
1836,2,0.00289632047242
1463,315,0.000353481795688
990,962,0.000353398525536
809,164,0.000353481795688
2330,2,0.00245913396218
838,8,0.00958486236693
1132,8,0.000353481795688
1835,2,0.000353481795688
2044,8,0.000353481795688
175,182,0.00210385090452
1508,755,0.000353481795688
2510,130,0.000353481795688
1532,867,0.00176491087387
40,44,0.000353481795688
2298,1796,0.000353481795688
2762,13,0.000353481795688
148,8,0.000353481795688
59,128,0.000706713780919
1373,859,0.000353481795688
1680,125,0.000353481795688
2356,1051,0.000353481795688
2608,446,0.000353481795688
945,28,0.000353481795688
2706,859,0.000353481795688
2031,1237,0.00141242832001
82,2,0.000353481795688
413,377,0.00296362150842
1317,125,0.000353481795688
1754,365,0.000353481795688
2262,1959,0.000706713780919
2623,112,0.000353481795688
94,2168,0.00320980430821
2497,365,0.000353481795688
24,143,0.00292622115531
2665,4,0.000353481795688
2595,435,0.000353481795688
2275,125,0.000353481795688
500,125,0.000353306928395
1240,16,0.000353481795688
649,356,0.000353481795688
1560,962,0.000353481795688
181,174,0.00360116128296
1014,1499,0.00249396255923
2449,2248,0.000353481795688
763,232,0.00317234298476
986,1008,0.000506843246504
309,310,0.000353481795688
1507,8,0.000353481795688
817,125,0.000353481795688
222,94,0.00261954612903
1576,89,0.00279253936199
1483,446,0.000353481795688
867,1869,0.00211714361728
2222,2,0.000353481795688
2041,973,0.00352357648634
2069,4,0.00218060769185
2824,195,0.000407633016142
2784,962,0.000353481795688
1378,8,0.000353481795688
2643,37,0.00272033780894
752,125,0.000353481795688
1404,962,0.000353481795688
98,89,0.00103431951128
276,277,0.000353481795688
1078,962,0.00153224230212
962,1148,0.00767459236382
2651,2248,0.000353481795688
2607,962,0.000353481795688
965,980,0.000696756051025
385,356,0.00237753312731
525,365,0.00213982443887
2717,13,0.000353481795688
47,8,0.00243805560187
2604,249,0.000353481795688
158,1798,0.000820389845437
713,618,0.000353481795688
2004,8,0.000353481795688
2709,418,0.000353481795688
1435,112,0.000353481795688
1976,418,0.00693129973193
363,112,0.000353481795688
444,37,0.000353481795688
1527,446,0.000353481795688
2723,13,0.000353481795688
1347,262,0.000353481795688
742,2036,0.00166985380042
109,159,0.00381562086354
2744,129,0.00244832702494
2282,310,0.000353481795688
2395,2,0.00169235847986
2121,8,0.000353481795688
2188,8,0.000353481795688
1618,4,0.000353481795688
1999,2,0.0011349066279
180,181,0.00244898643416
1652,112,0.000353481795688
1302,365,0.000353481795688
275,16,0.000353481795688
1072,185,0.00470123477883
993,990,0.000235654530458
642,125,0.00481738652585
1018,987,0.000235654530458
2390,2248,0.000353481795688
769,13,0.000353481795688
1374,1495,0.000483189388985
1134,8,0.000353481795688
2662,1258,0.000353481795688
785,365,0.000353481795688
2650,1889,0.00360052852145
318,4,0.000353481795688
1644,842,0.000353481795688
384,362,0.000353481795688
139,8,0.00309870989448
446,2486,0.00326471376785
2359,1051,0.000353481795688
2498,308,0.000353481795688
1900,962,0.000353481795688
551,125,0.000353481795688
248,249,0.000353481795688
989,37,0.000353481795688
1129,8,0.000353481795688
1361,1360,0.00314623254013
2244,204,0.000353481795688
1333,177,0.00396596873701
1640,2,0.00283853069029
356,579,0.0016375101122
2458,8,0.000353481795688
1280,34,0.000353481795688
2358,2,0.000353481795688
996,962,0.000353481795688
495,125,0.000353481795688
764,763,0.00282085967272
556,8,0.000353481795688
794,92,0.000353481795688
841,842,0.000353481795688
2305,125,0.00320468303554
341,648,0.00185467471444
2431,446,0.000353481795688
2167,962,0.000353481795688
810,811,0.000353481795688
1333,1258,0.00407309709733
2000,2330,0.0022817972872
1833,365,0.000353481795688
793,288,0.000353481795688
1672,94,0.000353481795688
2124,8,0.000353481795688
2637,2187,0.000353481795688
665,10,0.000353481795688
2542,935,0.000353481795688
2656,308,0.00102531760589
2515,228,0.000353481795688
375,365,0.000353481795688
1793,112,0.000761017983427
532,510,0.000353481795688
231,232,0.000353481795688
1163,962,0.000659781448196
1722,755,0.000353481795688
1407,125,0.000353481795688
1219,112,0.00399203749579
1223,418,0.000353481795688
2736,13,0.000353481795688
2817,34,0.000353481795688
2349,1148,0.000353481795688
2669,935,0.00278214151661
716,181,0.000353481795688
1888,1869,0.000353481795688
2403,8,0.000353481795688
883,876,0.000353481795688
691,37,0.000353481795688
2644,365,0.000353481795688
1781,125,0.000353481795688
1682,1406,0.000353481795688
1646,1783,0.000282710493413
437,365,0.000353481795688
2811,8,0.000353481795688
223,2,0.00330174613245
2266,365,0.000353481795688
2270,365,0.000353481795688
1101,1201,0.00393772295274
2450,2187,0.000353481795688
1667,4,0.000353481795688
710,755,0.00226238925854
1669,4,0.00310339042824
1026,177,0.00504025946406
1692,1939,0.000353481795688
2553,13,0.000353481795688
908,112,0.000353481795688
2529,1067,0.000353481795688
430,125,0.000353481795688
971,962,0.000588803245538
415,10,0.00366162776893
2352,1138,0.000689719482461
1077,101,0.000353481795688
312,935,0.00254383889464
1684,262,0.00440918828758
2196,418,0.000353481795688
1699,4,0.000353481795688
1308,1121,0.00244541310861
2621,435,0.000353481795688
74,4,0.000353481795688
630,217,0.000353481795688
454,125,0.000353481795688
777,962,0.00403729654027
364,365,0.000353481795688
526,486,0.000353481795688
2036,418,0.00206653197367
1898,1869,0.00169412813496
928,446,0.000353481795688
1588,4,0.000353481795688
35,16,0.00141242832001
808,365,0.000353481795688
1112,8,0.000353481795688
947,1331,0.0019685230505
227,127,0.00306695782228
1495,962,0.000734272925456
2119,1796,0.00257308863857
1693,16,0.000353481795688
92,160,0.00477947914842
400,2613,0.000235654530458
78,2,0.00290647254943
2448,182,0.00222325173825
1156,8,0.000353481795688
1931,365,0.000353481795688
586,668,0.00170677830031
929,618,0.0018989169975
2212,181,0.00191660063349
1773,4,0.000706713780919
1140,8,0.00238715304517
1319,241,0.000353481795688
912,913,0.000353481795688
1716,321,0.000353481795688
1753,2,0.000353481795688
2213,418,0.000353481795688
964,1051,0.000353481795688
356,246,0.00338694527383
367,356,0.000353481795688
1905,4,0.000353481795688
1279,1265,0.000906353900657
1709,1393,0.000353481795688
1469,144,0.000353481795688
2454,182,0.000353481795688
2443,2,0.00270189674017
308,2574,0.00241144667211
1503,1065,0.000353481795688
731,8,0.000706713780919
901,418,0.00292239578941
1689,4,0.000353481795688
1244,2,0.00253060067354
67,2,0.000353481795688
1465,112,0.000353481795688
1611,8,0.000353481795688
1293,8,0.000353481795688
445,446,0.00351957921857
1624,8,0.000353481795688
1580,4,0.000353481795688
705,365,0.000353481795688
1288,1121,0.000706713780919
866,181,0.000353481795688
1177,26,0.000353481795688
2186,2187,0.000353481795688
1927,204,0.00235776019176
24,1477,0.00376014693596
332,112,0.00565483278813
2039,418,0.00124524661185
1238,446,0.000353481795688
198,4,0.0026709887191
2345,1462,0.0020934526373
2563,228,0.000353481795688
44,1466,0.00241065107751
583,1237,0.00273606073996
1401,2,0.000353481795688
1678,365,0.000353481795688
1594,8,0.000353481795688
602,125,0.000353481795688
2527,249,0.00357858404818
1065,930,0.00206003130763
416,26,0.00294306799726
253,962,0.000706713780919
1495,838,0.000702613984237
2427,24,0.000353481795688
2045,935,0.0026955515198
158,1668,0.000746819405497
965,962,0.00117449087432
1843,78,0.000353481795688
1911,755,0.000353481795688
2065,8,0.000353481795688
172,687,0.000353481795688
2501,962,0.000353481795688
1671,962,0.000706713780919
1860,2,0.000353481795688
1107,962,0.000706713780919
411,412,0.000353481795688
2538,435,0.000353481795688
1913,418,0.000353481795688
1964,1462,0.00388528092588
962,481,0.00469469368703
2241,742,0.000353481795688
2012,8,0.000353398525536
1437,1827,0.000235654530458
362,166,0.00301000245059
986,555,0.000506843246504
89,1270,0.0031668797799
1620,1621,0.000353481795688
754,125,0.00260849945767
1989,8,0.000353481795688
874,852,0.000353481795688
2111,8,0.000353481795688
1286,1287,0.000353481795688
2796,125,0.000353481795688
2109,94,0.000353481795688
1456,418,0.000353481795688
628,125,0.000353481795688
244,188,0.000353481795688
353,887,0.00187005814137
365,106,0.00456291637565
1309,1377,0.00206544199282
1413,112,0.000353481795688
504,125,0.000353481795688
1557,310,0.00105969595569
1148,1757,0.005087922008
1045,1042,0.000353481795688
1944,8,0.000353481795688
1747,755,0.000353481795688
589,1051,0.000353481795688
2078,8,0.000353481795688
1311,1014,0.00257187990202
2465,249,0.00321249563207
13,2527,0.00359888764591
1559,962,0.000675519707562
673,658,0.000353481795688
90,94,0.000353481795688
1383,962,0.000353398525536
187,188,0.000353481795688
2159,159,0.000353481795688
1406,1513,0.000353398525536
586,332,0.00134742162152
265,262,0.00626250309538
10,1637,0.00269208302299
2594,435,0.000353481795688
482,125,0.000353481795688
173,13,0.000353481795688
393,365,0.000353481795688
530,125,0.000353481795688
1996,2012,0.000235654530459
2054,418,0.00204706468186
1416,8,0.00252276356222
1800,159,0.000353481795688
1360,125,0.00399254115516
1376,2,0.000353481795688
1157,1158,0.000353481795688
2738,13,0.00326257040903
575,2,0.000353481795688
2548,435,0.000353481795688
566,125,0.00158827757364
675,125,0.000353481795688
542,8,0.000353481795688
1688,125,0.0029402492051
37,439,0.00365040290648
2393,2,0.000353481795688
2256,2257,0.000353481795688
2219,159,0.000353481795688
1553,962,0.000353398525536
1410,94,0.0031287845564
2057,1796,0.000353481795688
1180,16,0.000353481795688
1724,962,0.000353481795688
1681,26,0.000353481795688
2391,2248,0.000353481795688
2484,4,0.000353481795688
63,42,0.000706713780919
2037,188,0.000353481795688
1763,241,0.000353481795688
1233,94,0.000353481795688
2133,418,0.00256995390406
486,806,0.00211714361728
24,2428,0.0023270220934
801,435,0.000353481795688
2757,2753,0.000353481795688
1128,8,0.000353481795688
1909,876,0.000353481795688
1782,4,0.000353481795688
2590,8,0.00211246211029
1859,418,0.00261149452559
2821,8,0.000353481795688
1824,2,0.00257476657906
2394,2248,0.000353481795688
1336,446,0.000353481795688
1114,8,0.000353481795688
2585,1258,0.00157204162948
1044,16,0.000353481795688
2326,2,0.000353481795688
340,16,0.000353481795688
2072,365,0.000353481795688
1992,755,0.000353481795688
317,44,0.000353481795688
1169,125,0.000353398525536
1915,89,0.000353481795688
1771,962,0.000353306928368
2619,365,0.000353481795688
152,13,0.000353481795688
2014,310,0.000353481795688
1313,1121,0.000353481795688
1099,859,0.000353481795688
1906,1370,0.000353481795688
2590,678,0.00207738672069
2730,365,0.000353481795688
43,365,0.00143818831509
538,365,0.000353481795688
1220,1158,0.000353481795688
2351,935,0.000353481795688
1635,435,0.000353481795688
2648,935,0.000353481795688
2689,2,0.000353481795688
1445,2248,0.00169958444731
1749,2,0.00224982480807
859,342,0.00210861571948
1448,962,0.000353481795688
1805,962,0.000353481795688
517,125,0.000353306928395
2451,8,0.000353481795688
391,365,0.000353481795688
390,365,0.0105357487027
629,8,0.000353481795688
971,1034,0.000353398525535
1120,1121,0.000353398525536
1101,2045,0.00265096018756
1039,486,0.000353481795688
1476,2,0.000353481795688
1338,1158,0.000353481795688
405,10,0.00231853202096
587,8,0.000353481795688
37,198,0.00265347026164
1275,112,0.000353481795688
2615,89,0.00321846652951
365,1229,0.00283981580555
1042,112,0.00176491087387
2643,13,0.00273543461142
2195,1138,0.000353481795688
1979,8,0.000353481795688
2016,678,0.000353481795688
100,98,0.000969106496434
2743,159,0.00114319965752
1530,962,0.000353481795688
176,112,0.000353481795688
2771,8,0.000353481795688
1069,112,0.000353481795688
1391,755,0.00285478723652
337,37,0.000706713780919
1935,8,0.000353481795688
1938,8,0.000353481795688
1150,876,0.000353481795688
1436,8,0.000353481795688
2,2036,0.00228319726207
2341,365,0.000353481795688
2791,2,0.000353481795688
1310,2,0.000353481795688
1167,962,0.000782874379783
2830,8,0.000353481795688
360,116,0.00383570009184
2694,13,0.000353481795688
455,125,0.000353481795688
1646,2084,0.000282710493413
634,425,0.000353481795688
1936,4,0.000353481795688
700,435,0.00214217890644
2278,418,0.000353481795688
2325,125,0.000353481795688
235,16,0.000353481795688
1631,1055,0.000353481795688
266,262,0.000353481795688
861,310,0.000353481795688
1879,418,0.00153537635177
2800,435,0.00288896265814
2697,418,0.000353481795688
1198,859,0.000353481795688
2164,1869,0.000353481795688
1487,2,0.000353481795688
2624,125,0.000353481795688
1965,112,0.000353481795688
2370,125,0.000353398525536
473,125,0.000353481795688
2102,365,0.000353481795688
1545,949,0.00176491087387
707,8,0.00252276356222
1871,1869,0.000706713780919
2310,2280,0.000706713780919
1862,4,0.000353481795688
166,125,0.00306069368701
1477,8,0.00336889995165
965,1138,0.0010260692292
180,37,0.00243748733626
1767,1701,0.00238781046404
1737,260,0.000353481795688
2137,1796,0.000353481795688
365,2611,0.00430391809899
852,988,0.000706713780919
2095,188,0.000353481795688
1830,8,0.000353481795688
1718,125,0.000353481795688
158,1500,0.000746819405497
2168,418,0.00318618963285
1646,1771,0.000282710493413
1060,16,0.00324890613556
2511,418,0.00387158137849
986,994,0.000946020991502
1457,94,0.00261504122598
722,125,0.000353481795688
1499,2,0.00248687837944
1158,2506,0.00129255571801
830,178,0.000353481795688
2332,446,0.000353481795688
967,1108,0.000706713780919
182,1242,0.00383092914076
1060,89,0.00323736075835
993,962,0.000353398525536
2805,2,0.000353481795688
2032,112,0.000353481795688
405,365,0.00232759724393
2172,416,0.0025489883627
803,8,0.000353481795688
1575,418,0.00305437437441
2027,8,0.00333041703091
376,975,0.000738545694081
2,2656,0.00106955932274
1774,404,0.000353481795688
2249,8,0.0027858435668
1364,418,0.000353481795688
2513,249,0.000353481795688
37,2596,0.00197910086049
727,670,0.000353481795688
1049,1107,0.000353481795688
609,181,0.000353481795688
1040,4,0.000353481795688
1323,44,0.000353481795688
374,13,0.00326257040903
626,125,0.000353481795688
704,637,0.000353481795688
955,182,0.000353481795688
2825,195,0.000353481795688
262,1056,0.00607212911783
941,332,0.000353481795688
508,125,0.000353481795688
1806,1237,0.00206992066154
1067,2669,0.0024426562215
549,365,0.000353481795688
1751,4,0.000353481795688
2543,2,0.000353481795688
1761,8,0.00218776896107
1904,418,0.000869272070952
1723,365,0.000353481795688
86,125,0.00199773421916
645,125,0.00105969595569
73,16,0.000353481795688
228,125,0.00474042127793
922,8,0.000353481795688
445,13,0.00352144203118
2379,446,0.000353481795688
2804,2819,0.000353328066177
2020,8,0.000353481795688
1305,112,0.00220431284878
1609,8,0.000353481795688
951,869,0.000353481795688
715,8,0.000353481795688
414,13,0.00257260183055
1314,8,0.000353481795688
540,541,0.000353481795688
227,298,0.00215572803635
1328,178,0.000353481795688
1973,249,0.000353481795688
706,13,0.000353481795688
1565,962,0.000353481795688
2815,435,0.000353481795688
2459,418,0.000353481795688
2347,2171,0.000353481795688
2348,446,0.000353481795688
427,281,0.00147882315074
1496,2,0.000353481795688
2535,365,0.000353481795688
365,1614,0.00330350875065
1082,876,0.000353481795688
1554,365,0.00714099820614
2748,13,0.000353481795688
2763,1081,0.000353481795688
2246,755,0.000353481795688
215,92,0.000353481795688
2444,2,0.000353481795688
1211,742,0.000705187486678
372,10,0.000353481795688
2469,446,0.0117335467617
446,2388,0.00402196134486
209,196,0.00152065488621
2178,418,0.000353481795688
2127,4,0.000353481795688
2812,935,0.0027691633369
2793,365,0.000353481795688
1837,4,0.000353481795688
160,166,0.00391620303129
2494,365,0.000353481795688
522,125,0.000353481795688
527,125,0.000353398525536
2551,125,0.000353481795688
1531,13,0.000353481795688
401,365,0.000353481795688
2223,8,0.000353481795688
91,92,0.00349514635533
222,2,0.00264674954926
2080,8,0.000353481795688
2714,13,0.000353481795688
474,125,0.000353481795688
2742,671,0.000353481795688
2138,241,0.000353481795688
100,89,0.00171521582416
647,151,0.000977516025318
1899,1869,0.000353481795688
144,42,0.00283500671473
2826,34,0.000353481795688
293,288,0.000353481795688
2060,2,0.000353481795688
2339,1889,0.00202958974021
1625,962,0.000353481795688
2592,310,0.000353481795688
2429,446,0.000353481795688
2520,2,0.000353481795688
969,962,0.000353481795688
1814,755,0.000353481795688
71,16,0.000353481795688
689,669,0.000678811874567
1576,1237,0.00295476668328
1324,365,0.000353481795688
1084,262,0.000353481795688
2006,288,0.000353481795688
107,77,0.000353481795688
1788,365,0.000353481795688
2328,288,0.000353481795688
1035,792,0.000706713780919
1371,112,0.000353481795688
957,365,0.000353481795688
729,125,0.000353481795688
671,4,0.00246912655023
1706,1158,0.0038063100361
50,298,0.00105969595569
435,2383,0.00253064873256
2526,365,0.000353481795688
846,365,0.000353481795688
1829,1121,0.000353481795688
1019,4,0.000353481795688
1779,365,0.000353481795688
635,365,0.000353481795688
1605,8,0.00291681111111
2488,935,0.000353481795688
578,125,0.000353481795688
1738,962,0.000353481795688
60,8,0.000353481795688
132,133,0.000353481795688
171,16,0.000353481795688
1097,446,0.000353481795688
2260,365,0.000353481795688
392,16,0.00394827409105
368,365,0.000353481795688
457,125,0.000353481795688
1215,1869,0.00385011205676
529,125,0.000353481795688
1113,262,0.000353481795688
2661,241,0.000353481795688
1626,8,0.00330318926219
1515,1869,0.000353481795688
973,1545,0.00211714361728
8,1970,0.00296826013123
1577,859,0.000353481795688
2778,842,0.000353481795688
1008,962,0.000539832173892
256,37,0.000353481795688
2179,418,0.000353481795688
1690,4,0.000353481795688
112,658,0.00366030619336
1261,1258,0.00238751999868
1095,8,0.000353481795688
1403,418,0.000353481795688
1743,973,0.000353481795688
365,1457,0.00263091179994
2205,2171,0.000353481795688
2749,13,0.000353481795688
228,2605,0.00176403956951
1055,2089,0.0012910980023
1011,962,0.000353481795688
2097,2031,0.000353481795688
1494,8,0.000353481795688
2528,177,0.00495176414548
306,2,0.000353481795688
2477,446,0.000353481795688
986,1015,0.000506843246504
2157,365,0.000353481795688
1719,8,0.000353481795688
863,249,0.000353481795688
2415,302,0.000353481795688
571,553,0.000353481795688
1757,742,0.00333602408326
1506,89,0.000353481795688
721,8,0.000353481795688
134,16,0.000353481795688
2,1859,0.00227725580937
133,37,0.000706713780919
2570,418,0.000353481795688
1790,1428,0.000353481795688
406,249,0.0027288511389
822,2,0.00313092640071
2658,112,0.000353481795688
812,179,0.000353481795688
301,265,0.0022164969312
2122,8,0.000353481795688
558,125,0.000353481795688
2823,13,0.000819853903539
936,8,0.00528494338531
1626,4,0.00284147602086
2474,365,0.000353481795688
1211,588,0.000667553607034
1742,125,0.000353481795688
2744,365,0.00250040169159
2369,365,0.000353398525536
771,332,0.00523926069271
935,2541,0.00369767579709
767,92,0.000353481795688
616,262,0.000353481795688
338,262,0.000353481795688
860,2,0.00305024386336
2132,10,0.00227233513568
1135,8,0.000353481795688
926,446,0.000353481795688
1735,4,0.000353481795688
1856,418,0.000353481795688
1262,1237,0.000353481795688
2116,125,0.000353481795688
590,519,0.000353481795688
2641,1138,0.000353481795688
2517,1067,0.000353481795688
365,1056,0.00467929597035
1396,8,0.00245706101585
580,8,0.000353481795688
2809,8,0.000353481795688
1298,2,0.000353481795688
2135,1242,0.000353481795688
1309,89,0.00270539307761
1579,4,0.00298672034673
378,365,0.000641185463496
79,905,0.00288974100164
1841,418,0.000353481795688
2421,446,0.000353481795688
720,112,0.00385933427788
2304,1796,0.000353481795688
2297,435,0.000353481795688
1684,365,0.00444545348961
774,92,0.0022530110123
2267,2090,0.000353481795688
2245,1685,0.000353481795688
1377,418,0.00202884982367
1863,4,0.00218060769185
1285,26,0.000353481795688
2464,446,0.000353481795688
322,331,0.000353481795688
2182,962,0.000353481795688
2365,241,0.00473348695593
181,222,0.00252191415641
723,459,0.000353481795688
2426,446,0.00141181132581
206,16,0.000353481795688
2229,2232,0.000353481795688
487,310,0.000353481795688
2586,935,0.000353481795688
130,888,0.00235604063721
68,241,0.00379482219287
2198,2251,0.000738220761613
1398,935,0.000353481795688
493,125,0.000353481795688
2418,446,0.000353481795688
93,241,0.00246825368093
1137,8,0.000353481795688
876,358,0.00705576465783
2571,418,0.0031593294449
2216,365,0.000353481795688
1430,262,0.000353481795688
1331,1883,0.00209614492493
618,415,0.0032999807644
647,632,0.000968713555229
420,8,0.000353481795688
1181,876,0.000353481795688
776,446,0.00247019414895
1126,8,0.000353481795688
2646,16,0.0021299227169
1100,8,0.00306794355674
618,1807,0.0025632755643
1758,1051,0.000353481795688
1005,962,0.000353481795688
1311,1158,0.00256458537213
37,2770,0.00279043120613
2252,742,0.000353481795688
956,13,0.000353481795688
2249,10,0.00277405645966
1081,962,0.000706713780919
1526,365,0.000353481795688
1291,130,0.0023890787641
1013,435,0.00278383123021
718,435,0.000588636705233
2426,776,0.00134810077955
2299,2257,0.000706713780919
37,2077,0.00387899519732
2603,112,0.000353481795688
895,125,0.000353481795688
13,2812,0.00278367375993
2293,112,0.000353481795688
296,288,0.000353481795688
2788,34,0.000353481795688
282,2,0.00214906546956
77,249,0.00253186481139
842,279,0.0028945500672
1822,755,0.00200252500845
927,144,0.000353481795688
321,2143,0.00157073242373
1075,446,0.000353481795688
1458,1065,0.000353481795688
27,28,0.00277053524335
422,365,0.000353481795688
1995,2,0.000353398525536
1961,8,0.000353481795688
657,4,0.000353481795688
2443,159,0.00265816338134
181,738,0.00326628891692
2263,2248,0.000353481795688
2130,418,0.000353481795688
1085,842,0.000353481795688
879,876,0.000353481795688
2365,94,0.00344845399595
1396,112,0.00245031961327
986,1010,0.000506843246504
1477,1745,0.00388054993598
1272,8,0.000353481795688
425,125,0.000706713780919
1706,1287,0.00262216160577
1320,8,0.000353481795688
153,13,0.000353481795688
674,365,0.000353481795688
619,125,0.000353481795688
1641,1131,0.000235654530459
1821,418,0.000353481795688
1675,935,0.00266405084572
2612,2582,0.000353481795688
804,92,0.00196980344207
1001,241,0.000353481795688
383,356,0.00302111664488
1539,1361,0.000353481795688
923,446,0.00321482371915
1656,159,0.00181069107725
2087,1981,0.000353481795688
2387,876,0.00445841392212
1252,89,0.000353481795688
1266,838,0.000664966727156
2479,159,0.00114319965752
232,1201,0.00562573147624
2388,2,0.00414571508068
207,16,0.00290877861705
2453,436,0.000353481795688
1451,935,0.000353481795688
859,2119,0.00260032582159
356,351,0.0016375101122
737,249,0.000353481795688
1316,8,0.000353481795688
2411,446,0.000353481795688
1047,1048,0.000353481795688
859,1485,0.00233295140668
986,988,0.00201250626529
448,8,0.000353481795688
1263,13,0.000353481795688
1086,112,0.00608175936536
2440,446,0.000353481795688
2034,8,0.000353481795688
1676,310,0.00344181130592
1567,112,0.00245031961327
2322,418,0.000353481795688
501,125,0.000353481795688
1881,1869,0.000353481795688
1546,365,0.000353481795688
2469,1869,0.00456065874994
237,125,0.00408487741676
506,406,0.00167038709572
991,962,0.000353481795688
1385,8,0.000353481795688
1810,365,0.000353481795688
1068,365,0.000353481795688
1634,365,0.000353481795688
1374,962,0.000543852872048
2685,1532,0.000353481795688
2316,2187,0.000353481795688
710,435,0.00290971629862
1730,2,0.000353481795688
1028,144,0.000353481795688
2725,249,0.000353481795688
582,130,0.000353481795688
897,365,0.000353481795688
2368,1428,0.000353481795688
371,8,0.000706713780919
1775,1361,0.000353481795688
1574,1544,0.000235654530458
279,1225,0.00354870905068
2561,365,0.000353481795688
2198,1897,0.00161618976084
1674,13,0.000353481795688
2334,446,0.000353481795688
1845,935,0.000353481795688
2353,2133,0.00161606057551
1179,8,0.000353398525536
450,125,0.000353481795688
328,418,0.00250712306226
824,16,0.000353398525536
1434,112,0.00245031961327
280,435,0.000353481795688
1995,1777,0.000235654530458
377,259,0.0040787322431
859,1219,0.00373868243842
588,418,0.0022990115452
1669,8,0.00328122145137
2181,2174,0.000353481795688
233,159,0.000353481795688
2738,365,0.00326943144906
749,618,0.000353481795688
1940,1796,0.000353481795688
2371,1462,0.000353481795688
1579,1939,0.00259437235326
1789,2,0.000353481795688
724,10,0.000353481795688
615,262,0.000353481795688
2430,181,0.000353481795688
1500,112,0.000761017983427
271,259,0.00293359939843
1683,1428,0.000353481795688
669,249,0.00176332874098
1840,44,0.000706713780919
261,262,0.000353481795688
1246,125,0.000353481795688
245,112,0.000353481795688
865,249,0.000353481795688
1558,8,0.000353481795688
423,435,0.00179067428968
2026,8,0.000353481795688
13,753,0.00304636033066
1971,8,0.000353481795688
1794,125,0.000353481795688
1015,962,0.000539832173892
1210,10,0.000353481795688
2237,435,0.000353481795688
1808,89,0.000353481795688
2073,2,0.000353481795688
221,144,0.000353481795688
1551,262,0.000353481795688
1495,1677,0.000477912898782
1395,1101,0.000353481795688
1355,8,0.000353481795688
2231,4,0.000353481795688
10,323,0.00263460275265
342,2,0.00272407798017
154,8,0.000353481795688
2682,188,0.000353481795688
2502,2541,0.00155268060822
791,125,0.000353481795688
523,10,0.000353481795688
1,2,0.000353481795688
2460,310,0.000353481795688
1950,2,0.000353481795688
2112,125,0.00117527492682
1443,1195,0.000353481795688
1300,89,0.000353481795688
910,259,0.00470689898134
942,943,0.000353481795688
1778,8,0.000353481795688
2487,195,0.000353481795688
1363,112,0.000353481795688
2040,8,0.000353481795688
962,1306,0.0055915910205
515,365,0.000353398525536
2105,2,0.000353481795688
1231,418,0.000353398525536
356,567,0.00179634892752
242,2133,0.000353481795688
2512,2248,0.00199136180685
1728,24,0.000353481795688
2678,37,0.000353481795688
979,962,0.000353481795688
2220,1822,0.00190279703988
336,164,0.00135184121228
669,872,0.000940869448639
351,125,0.00165521499009
2772,13,0.000353481795688
2622,435,0.000353481795688
1477,2308,0.00191362300581
449,125,0.000353481795688
826,246,0.00202613518885
2600,435,0.000353481795688
2677,308,0.000353481795688
164,129,0.00248363966485
2056,2,0.000353481795688
2075,671,0.000353481795688
463,125,0.000353481795688
1567,8,0.00245706101585
595,179,0.000353481795688
2767,228,0.000353481795688
1481,310,0.00169897825439
1379,44,0.000353481795688
2559,89,0.000353481795688
2802,159,0.000353481795688
1192,1158,0.000353481795688
541,718,0.00047105925046
924,112,0.00408967071378
2642,2,0.000353481795688
1194,962,0.000912916380487
1370,2,0.000706713780919
1166,1138,0.000961228557849
1447,262,0.000353481795688
1063,185,0.000353481795688
1120,2336,0.000235654530458
1746,8,0.000353481795688
2,1205,0.00224056238273
1520,1361,0.000353481795688
997,962,0.000353481795688
2795,435,0.0018261643944
755,302,0.0029368834933
813,28,0.000353481795688
2303,1121,0.000353481795688
842,1511,0.0025752913573
54,2,0.000353481795688
632,1419,0.00178985569596
1584,4,0.000353481795688
829,125,0.000353481795688
395,271,0.000353481795688
419,962,0.00271105912887
2283,86,0.000353481795688
2599,435,0.000353481795688
940,44,0.000353481795688
1806,2,0.00213182707489
1048,1102,0.00160401151801
1170,44,0.000353481795688
566,168,0.000874029197407
559,10,0.000353481795688
814,2,0.00306046263394
2308,2795,0.00178812566673
402,8,0.000353481795688
2750,365,0.000353481795688
44,259,0.00545149540347
2587,418,0.000353481795688
2350,742,0.000353481795688
1983,8,0.000353481795688
1677,838,0.000528023401438
2331,859,0.000353481795688
2555,178,0.00105969595569
37,312,0.00254325251518
1450,1179,0.000235654530459
285,260,0.000353481795688
1578,4,0.00218060769185
1327,1121,0.000706713780919
1501,2,0.000353481795688
365,1477,0.00428700213654
1818,446,0.000353481795688
201,181,0.000353481795688
1602,4,0.000353481795688
905,1787,0.00187024694425
690,10,0.000353481795688
755,1739,0.00225137882006
2636,112,0.000353481795688
2753,876,0.000706713780919
2019,876,0.000353481795688
1356,125,0.000353481795688
80,4,0.000353481795688
2288,125,0.000353481795688
1640,310,0.00269250477998
356,557,0.00334966969252
2792,365,0.000353481795688
2234,365,0.000353481795688
287,288,0.000353481795688
365,2191,0.00263091179994
1603,435,0.00301137613361
1666,418,0.000353481795688
1687,418,0.000353481795688
806,771,0.0031897494422
1051,1391,0.00283823147643
1608,418,0.000353481795688
610,61,0.000353481795688
2287,365,0.000353481795688
1154,975,0.000632238875231
2212,356,0.00191631785869
1969,2,0.00247835817371
44,1014,0.00255205560776
484,10,0.000353481795688
898,180,0.000353481795688
2606,840,0.00192736277971
2160,8,0.000353481795688
1478,962,0.000353398525536
1595,2,0.000353481795688
217,751,0.003293337315
2816,34,0.000353481795688
1756,1051,0.000353481795688
1105,1106,0.000353481795688
2103,755,0.000353481795688
2800,249,0.00298218666298
1886,8,0.000353481795688
2582,125,0.00141242832001
1661,418,0.00303004199068
1615,10,0.000353481795688
1996,8,0.000353398525536
1639,4,0.00312778600983
2101,2,0.000353481795688
2424,2248,0.000353481795688
520,125,0.000706713780919
428,427,0.00150908272187
1498,125,0.00367274241762
446,2043,0.00333968430174
56,24,0.000353481795688
356,125,0.00295709278331
1279,89,0.000960693989243
88,89,0.000353481795688
467,466,0.00224099530682
2640,435,0.000353481795688
1939,2,0.00191644351514
1587,4,0.000353481795688
1596,4,0.000353481795688
45,44,0.000353481795688
1444,89,0.000353481795688
300,299,0.000353481795688
2827,34,0.000353481795688
2220,8,0.00202718134387
44,557,0.00510144091205
1248,962,0.0012472154965
597,24,0.000353481795688
2353,2,0.00167941752909
1478,1383,0.000235654530458
658,418,0.00422922055849
655,8,0.00294404886985
1023,262,0.000353481795688
42,814,0.00286300745927
33,34,0.000353481795688
1942,8,0.00211246211029
489,13,0.000353481795688
25,418,0.00140896020436
2005,1796,0.000353481795688
220,414,0.000353481795688
2180,365,0.000353398525536
446,1472,0.00507268623331
851,181,0.000353481795688
2129,2,0.000353481795688
1144,144,0.000353481795688
2139,876,0.000353481795688
2383,418,0.0025324157807
758,125,0.000353398525536
325,37,0.000353481795688
1857,2,0.000353481795688
183,182,0.00257652862234
1357,112,0.000353481795688
717,13,0.000353481795688
710,159,0.0024288821784
2632,418,0.00342022114408
1479,365,0.000353481795688
2333,446,0.000353481795688
1720,260,0.000353481795688
2743,678,0.00113405085801
2614,159,0.00114319965752
1954,8,0.000353481795688
357,365,0.000353481795688
2155,1237,0.000353481795688
1090,8,0.000353481795688
1387,935,0.000353481795688
78,1889,0.00227397976909
1589,418,0.000353481795688
2482,418,0.000353481795688
1686,8,0.000353481795688
1168,13,0.000353481795688
1372,1121,0.000353481795688
186,8,0.00333041703091
2286,418,0.000353481795688
2575,935,0.000353481795688
1704,1051,0.000353481795688
1798,586,0.00147825445225
992,962,0.000353481795688
412,661,0.00176491087387
1354,418,0.000353481795688
2058,8,0.000353481795688
2633,1532,0.000353481795688
2602,365,0.000353481795688
2509,228,0.000353481795688
177,1661,0.00459727984182
36,37,0.000353481795688
663,365,0.000353481795688
1947,8,0.000353481795688
536,125,0.000353481795688
1813,78,0.000353481795688
2134,8,0.000353481795688
2382,446,0.000353481795688
1318,2,0.000353481795688
919,365,0.000353481795688
2468,8,0.000353481795688
788,125,0.000353481795688
1654,125,0.000353481795688
1873,365,0.000353481795688
1409,1410,0.000353481795688
1852,2,0.000353481795688
39,10,0.00291331575685
557,125,0.00453437422294
1428,1427,0.00225909836703
179,359,0.00197497881371
985,954,0.000706713780919
1664,365,0.000353481795688
1535,8,0.000353481795688
804,771,0.00230579600224
2346,2248,0.000353481795688
1315,838,0.000664966727156
2669,435,0.00274459495465
2807,13,0.000353481795688
2609,112,0.00275956919612
2133,1377,0.00112621297893
828,16,0.000353398525536
2549,13,0.000353481795688
2466,288,0.000353481795688
699,182,0.00305392630771
110,8,0.000353481795688
1184,1158,0.000353481795688
862,262,0.000353481795688
1725,1258,0.000353481795688
1798,112,0.00141428123895
2141,288,0.00345505929992
1426,262,0.000353481795688
311,260,0.000353481795688
576,16,0.000353481795688
1968,8,0.000353481795688
2069,8,0.00218776896107
742,588,0.00105692967686
140,34,0.000353481795688
1255,125,0.000353481795688
304,4,0.000353481795688
1441,178,0.000353481795688
2384,365,0.000353481795688
1059,13,0.000353481795688
2300,418,0.000777132745386
2165,418,0.000353481795688
2279,321,0.000353481795688
1169,2370,0.000235654530458
1417,671,0.000353481795688
1348,178,0.000353481795688
2053,8,0.000353481795688
2766,2,0.000353481795688
1663,859,0.000353481795688
670,676,0.000516127618939
1382,16,0.000353481795688
2071,446,0.000353481795688
1544,962,0.000353398525536
2584,37,0.000353481795688
2,1242,0.00281401354994
2502,2,0.00220118052123
1969,8,0.00247887446949
2169,742,0.000353481795688
2536,228,0.00270411404622
2605,435,0.0017879690414
2081,2,0.000353481795688
1770,2,0.000353481795688
1764,249,0.000353481795688
2493,4,0.000353481795688
1312,125,0.000353481795688
1161,1158,0.000353481795688
7,8,0.000353481795688
365,403,0.0040097947953
703,127,0.000353481795688
1903,2,0.000353481795688
1368,975,0.000632238875231
514,125,0.000353481795688
1440,1621,0.000353481795688
886,2,0.000353481795688
483,125,0.000353481795688
1572,365,0.000353481795688
1993,8,0.000353481795688
1205,418,0.00254965783709
1214,178,0.00769092355804
932,127,0.00289727157414
458,10,0.000353481795688
949,1831,0.000706713780919
779,92,0.000353481795688
2272,10,0.000353398525536
741,16,0.000353481795688
585,125,0.000353481795688
2806,34,0.000706713780919
962,1052,0.00375840680015
202,249,0.000326194807385
1051,1639,0.0030998992674
2522,249,0.000353481795688
2439,365,0.000353481795688
382,645,0.000706713780919
44,1140,0.0023759800574
548,125,0.000353481795688
48,16,0.000353481795688
1295,435,0.000353481795688
1014,435,0.00314606486665
332,125,0.00380646320907
1322,446,0.000353481795688
2076,125,0.000353481795688
2467,4,0.000353481795688
2406,365,0.000353481795688
1695,8,0.000353481795688
994,962,0.000880927009369
2687,308,0.000353481795688
815,356,0.000353481795688
1528,232,0.000353481795688
109,182,0.00265230634213
2329,2,0.000353481795688
388,365,0.000353481795688
780,771,0.000353481795688
742,418,0.00271751138744
543,125,0.000353481795688
197,125,0.00209931928376
144,109,0.00320590456027
2731,365,0.000353481795688
129,125,0.00639201999514
1182,112,0.00108502998148
2131,8,0.000353481795688
490,8,0.00251869458658
2556,2,0.000353481795688
179,618,0.0023100735006
167,92,0.000353481795688
2514,435,0.00243683075422
1101,94,0.00330488087924
2364,1148,0.000353481795688
736,13,0.000353481795688
2483,365,0.000353481795688
415,620,0.0025886916591
355,130,0.00188196024375
510,125,0.00197409259032
2,1792,0.00479437040818
1721,182,0.0025332156505
1058,13,0.000353481795688
539,125,0.000353481795688
2437,2345,0.000353481795688
2818,8,0.000353481795688
1482,1361,0.000353481795688
2686,13,0.000353481795688
1089,365,0.000353481795688
1281,28,0.000353481795688
1776,418,0.000706713780919
600,125,0.000353481795688
2312,1472,0.000353481795688
505,13,0.000353481795688
2425,446,0.000353398525536
270,271,0.000353481795688
365,2465,0.00322540435113
962,257,0.00555614087332
1265,2,0.00232979694974
1006,962,0.000353481795688
2395,742,0.00167303805905
2089,125,0.00136972863307
2528,249,0.00367744611659
8,1897,0.00426677459234
1932,8,0.000353481795688
2344,418,0.000353481795688
1749,755,0.0023328831068
2306,89,0.00191824986816
228,2721,0.00176403956951
593,288,0.000706713780919
2029,1871,0.000353481795688
1953,8,0.00375740217448
747,125,0.000353481795688
353,1675,0.00256892497962
200,8,0.00371143413174
397,365,0.000353481795688
1229,8,0.00360709291395
781,435,0.000353481795688
1792,418,0.00492301845314
1717,4,0.000353481795688
400,144,0.000353398525535
2149,1892,0.000706713780919
963,249,0.000353481795688
712,435,0.000353481795688
1332,262,0.000353481795688
1867,742,0.000353481795688
842,2172,0.0026697573703
146,8,0.000353481795688
1519,262,0.000353481795688
980,962,0.000763930305018
326,805,0.00217465762947
988,962,0.00225682648809
1406,127,0.000588803245538
1464,112,0.00253186652634
424,423,0.000353481795688
84,102,0.00231197925353
2523,2524,0.000353481795688
460,10,0.00371356134401
436,315,0.00312078253632
2531,365,0.000353481795688
319,262,0.000353481795688
1088,262,0.000353481795688
1815,13,0.000353481795688
284,262,0.000353481795688
1139,962,0.000353481795688
2193,418,0.000353481795688
1219,1258,0.00248359810891
1389,10,0.000353481795688
247,92,0.000353481795688
1929,8,0.000353481795688
2264,418,0.000706713780919
1428,2372,0.00230278564943
365,2043,0.00367269379415
2568,935,0.000353481795688
869,112,0.00105969595569
237,112,0.00422558326659
1349,365,0.000353481795688
2010,2,0.000353481795688
104,13,0.000706713780919
1668,112,0.000761017983427
935,2511,0.00394801489501
695,8,0.000706713780919
386,259,0.00320011412816
1755,159,0.00204004270056
116,8,0.00392146396092
1026,2,0.0052630650231
2470,288,0.000353481795688
2721,435,0.0017879690414
518,365,0.000353481795688
2083,8,0.000353481795688
1981,1976,0.00683761599006
403,2,0.00484147707654
1264,365,0.000353481795688
2337,24,0.000353481795688
2372,588,0.00121227681156
986,998,0.000506843246504
2773,13,0.000353481795688
22,8,0.000353481795688
2048,4,0.000353481795688
2625,435,0.000353481795688
1437,962,0.000353398525536
910,44,0.00325254090246
1885,1869,0.000353481795688
1225,8,0.00435619618878
1622,8,0.000353481795688
2085,520,0.000353481795688
900,876,0.000353481795688
1459,467,0.000353481795688
113,8,0.00245706101585
2070,962,0.000353481795688
1026,4,0.00405349594993
1638,94,0.000353481795688
21,4,0.000353481795688
1556,1148,0.000353481795688
459,16,0.00141242832001
1464,4,0.00314833086497
3,4,0.000353481795688
692,94,0.000353481795688
1978,112,0.000353481795688
1592,8,0.000353481795688
2442,365,0.000353481795688
356,116,0.0031216683306
178,177,0.00873273579618
1055,1706,0.00313263916463
1219,4,0.00364591402644
1834,365,0.000353481795688
1582,205,0.000353481795688
777,92,0.00400153454627
606,527,0.000235654530458
15,16,0.000353481795688
195,16,0.00246912655023
1912,259,0.000353481795688
2046,1869,0.000353481795688
2063,2,0.000353481795688
106,159,0.00371835562061
1893,1065,0.000353481795688
1712,435,0.00278354235985
1155,262,0.000353481795688
1340,8,0.000353481795688
2055,86,0.000353481795688
2532,2776,0.000192808252194
720,365,0.00391888877576
32,4,0.000353481795688
1543,16,0.000353481795688
2659,446,0.000353481795688
1164,44,0.000353481795688
263,262,0.000353481795688
1849,1869,0.000353481795688
199,200,0.000353481795688
2629,365,0.000353481795688
744,249,0.000353481795688
1148,2650,0.00355391036327
904,443,0.000353481795688
335,4,0.000353481795688
2457,446,0.000353481795688
1189,446,0.000353481795688
436,423,0.00170839928692
2126,8,0.000353481795688
2787,228,0.000353481795688
2361,8,0.000353481795688
1227,127,0.000353481795688
2142,8,0.000353481795688
1064,1065,0.000353481795688
789,446,0.000353481795688
1067,13,0.00370943175666
1424,262,0.000353481795688
878,1051,0.00105969595569
189,4,0.00321037595877
638,181,0.000353481795688
460,125,0.00289284346763
1265,89,0.00156795943126
2086,935,0.00339253660849
142,8,0.000353481795688
10,1660,0.00277745395904
204,901,0.00194036396766
151,164,0.00240973485689
668,125,0.001741954034
128,178,0.00105969595569
2756,13,0.000353481795688
1548,962,0.000353481795688
1236,1237,0.000353481795688
2655,308,0.00102531760589
1598,8,0.00409813680326
1214,1215,0.00381144095424
122,125,0.00226995627793
2295,742,0.00167303805905
1876,1869,0.000353481795688
158,1498,0.0022778902892
1392,365,0.000353481795688
6,2,0.00180284013516
1116,859,0.000353481795688
1542,962,0.000353481795688
2521,2,0.00150009498245
748,670,0.000353481795688
396,13,0.000353481795688
404,365,0.000706713780919
2387,365,0.00453449157914
1921,1869,0.000353481795688
1578,8,0.00218776896107
544,16,0.000353481795688
365,2615,0.00323958226139
1655,8,0.000706713780919
1250,418,0.000353481795688
2059,365,0.000353481795688
516,125,0.000353481795688
214,92,0.000353481795688
534,310,0.000353481795688
761,365,0.000353481795688
2381,962,0.000353481795688
323,2,0.00264587356402
192,13,0.000353398525536
2674,1889,0.000353481795688
1070,13,0.000353481795688
1390,1158,0.000353481795688
771,92,0.00202782171017
2606,24,0.00206160447122
331,246,0.00248510716766
1102,2,0.0017054360666
1253,8,0.000353481795688
239,37,0.000353481795688
2634,446,0.000353481795688
1739,418,0.00222461068704
2228,2,0.000353481795688
1453,2,0.000353481795688
1842,365,0.000353481795688
75,13,0.000353481795688
1621,1148,0.00105969595569
2491,308,0.00102531760589
2822,112,0.000353481795688
972,962,0.000706713780919
212,37,0.000353481795688
1633,962,0.000353481795688
350,459,0.000706713780919
2583,2448,0.000353481795688
1632,962,0.000353481795688
1345,446,0.000353481795688
1606,8,0.000353481795688
1080,962,0.000353398525536
2100,2,0.000353481795688
286,283,0.000353481795688
2729,365,0.000353481795688
37,2754,0.00255355029967
1972,418,0.000353481795688
1892,1148,0.00105969595569
553,552,0.00194352487942
2480,24,0.000353481795688
491,8,0.000353481795688
1933,8,0.000353481795688
765,764,0.000353481795688
1130,8,0.000353481795688
642,699,0.0019195453546
2177,125,0.000353481795688
1416,435,0.00251668417338
1117,8,0.000353481795688
303,262,0.000353481795688
1425,1428,0.000353481795688
161,94,0.000353481795688
2724,436,0.0031756404579
494,125,0.00310957330408
2504,8,0.000353481795688
1850,2,0.000353481795688
917,1175,0.000235654530458
998,962,0.000539832173892
2557,935,0.000353481795688
2355,1869,0.000353481795688
1080,1553,0.000235654530458
1616,365,0.000353481795688
1946,418,0.000353481795688
302,418,0.00379091924095
581,13,0.000353481795688
12,13,0.000353481795688
796,435,0.000353481795688
753,94,0.00303735079672
362,127,0.0029738160561
1261,8,0.00241659482925
34,1191,0.00301308112822
2154,1809,0.000353481795688
2759,1258,0.000353481795688
1025,999,0.00321158616837
1883,8,0.00233499239688
1502,2,0.000353481795688
145,8,0.000353481795688
2194,8,0.000353481795688
2739,365,0.000353481795688
1173,365,0.000353481795688
461,8,0.0033625646041
1504,89,0.000353481795688
1705,8,0.000353481795688
2174,1121,0.000706713780919
2357,446,0.000353481795688
2067,8,0.000353481795688
2354,2,0.000353481795688
2258,365,0.000353481795688
2273,262,0.000353481795688
259,200,0.00365666766811
251,86,0.000353481795688
2376,1072,0.000353481795688
267,268,0.000353481795688
159,678,0.0019330286698
271,116,0.00529646191026
768,731,0.000353481795688
1297,241,0.000353481795688
2680,249,0.000353481795688
230,200,0.000353481795688
1091,112,0.000353481795688
259,498,0.00352308874199
740,412,0.000353481795688
1166,962,0.000998333969127
315,1365,0.00148140413702
1642,962,0.000675519707562
646,415,0.00176491087387
389,8,0.00874736963607
1953,204,0.00242347139804
1523,1237,0.000353481795688
1187,1146,0.000235654530458
1048,125,0.00351507071659
2737,249,0.000353481795688
301,260,0.00226101742765
2082,8,0.000353481795688
2274,4,0.000353481795688
2573,228,0.000353481795688
2758,125,0.000353481795688
365,369,0.00251360810228
1787,1237,0.00275863860884
1217,671,0.000353481795688
2061,4,0.000353481795688
380,365,0.000353481795688
2518,249,0.000353481795688
594,125,0.000353398525536
292,308,0.00279754391213
1337,178,0.000353481795688
1713,125,0.000353306928528
2235,228,0.000353481795688
2712,13,0.000353481795688
377,365,0.00392622414553
1701,125,0.00245686701714
701,127,0.000353481795688
468,337,0.000353481795688
868,112,0.00140199330352
1897,418,0.00381960224292
2525,2,0.000353481795688
1098,8,0.000353481795688
968,962,0.000353481795688
2528,435,0.00374912784073
2781,1288,0.000353481795688
1492,962,0.000353481795688
1330,44,0.00199452665486
1143,278,0.00168001988387
417,418,0.000706713780919
2280,10,0.00105969595569
1831,2291,0.000353481795688
648,8,0.00310986875201
52,44,0.00299823296736
1025,262,0.00329895369544
37,118,0.00247458634794
1002,202,0.000244698950059
1984,2,0.000353481795688
2452,962,0.000353481795688
1942,678,0.00207738672069
1452,1138,0.000353481795688
1887,2,0.00173262888325
2099,310,0.000353481795688
2589,2,0.00219356857628
2783,125,0.000353481795688
1817,125,0.000353481795688
120,92,0.000353481795688
469,8,0.000353481795688
1109,112,0.000353481795688
1927,2086,0.00216563937165
330,44,0.00303086478067
2566,935,0.000353481795688
2143,365,0.00163993635741
1330,910,0.00165356618093
1111,262,0.000353481795688
2311,365,0.000353481795688
2217,418,0.000353481795688
1138,962,0.00164337505217
1057,1051,0.000353481795688
1827,962,0.000353398525536
857,2187,0.00166538443367
711,177,0.000353481795688
1206,112,0.000353481795688
2052,8,0.000353481795688
868,860,0.00127232830797
1593,78,0.000353481795688
2734,13,0.000353481795688
1864,2,0.00247835817371
920,259,0.000353481795688
2768,8,0.000353481795688
2598,365,0.000353481795688
792,8,0.00105969595569
757,10,0.000353481795688
1769,365,0.000353481795688
66,2,0.000353481795688
339,178,0.000353481795688
1838,365,0.000353481795688
1610,4,0.000353481795688
2469,2512,0.00197202936121
1002,2294,0.000244679733876
687,28,0.000706713780919
545,8,0.000353481795688
1278,10,0.000353481795688
943,112,0.000706713780919
410,8,0.000353481795688
136,125,0.00282487271913
1698,125,0.000353481795688
847,8,0.000353481795688
2107,44,0.000353481795688
1733,962,0.000353481795688
1513,127,0.000471059250461
0,10,0.000353481795688
307,16,0.00341081067069
1484,4,0.000353481795688
352,353,0.000353481795688
845,842,0.000353481795688
1541,178,0.000353481795688
1783,962,0.000353306928368
85,86,0.000353481795688
798,160,0.000353481795688
1339,16,0.000353481795688
1670,1237,0.000353481795688
1183,278,0.000353481795688
2185,2,0.000353481795688
840,2646,0.00198158837838
2096,8,0.000353481795688
1193,435,0.000353481795688
2074,130,0.000353481795688
773,92,0.000353481795688
2380,1158,0.000353481795688
2221,8,0.000353481795688
2428,2,0.00235116032892
182,1205,0.0027857958167
1586,755,0.00259948901913
2084,962,0.000353306928368
138,16,0.000353481795688
62,63,0.000353481795688
1963,2,0.000353481795688
225,16,0.000353481795688
1460,8,0.000353481795688
1093,8,0.000353481795688
2269,2,0.00254076650772
158,1676,0.00216360309707
1266,962,0.000675519707562
434,435,0.00235382058247
2611,935,0.00362144641199
2580,182,0.00366278355947
1865,2,0.000353481795688
472,125,0.000353481795688
2414,446,0.000353398525536
1858,1148,0.000353481795688
856,326,0.000353481795688
1824,125,0.0025737748002
2663,418,0.000353481795688
181,183,0.00235729450211
208,209,0.000353481795688
2761,8,0.000353481795688
835,8,0.000353481795688
96,435,0.00250197543434
984,985,0.000353481795688
2176,2,0.000353481795688
1734,2,0.000353481795688
1462,2187,0.00188369994285
607,435,0.00271877920622
2038,418,0.000353481795688
1518,1258,0.000353481795688
510,460,0.00215260615453
1343,13,0.000353398525536
1428,1499,0.00215167465337
1561,1311,0.000353481795688
889,34,0.000353481795688
708,28,0.000353481795688
320,260,0.00310529932381
1516,310,0.000353481795688
2269,1889,0.0022884951476
1046,365,0.000353481795688
2433,842,0.000353481795688
1825,8,0.000353481795688
569,125,0.000353481795688
113,112,0.00245031961327
938,181,0.000353481795688
1051,1201,0.00473635518332
1766,112,0.000353481795688
2068,356,0.000353481795688
2638,89,0.000353481795688
20,8,0.000353481795688
1294,182,0.000353481795688
641,1787,0.00105876061987
1780,962,0.000353481795688
1222,44,0.00145273775641
584,583,0.000353481795688
57,94,0.000353481795688
2589,1889,0.00204563807227
631,632,0.000353481795688
160,822,0.00304626613964
1123,8,0.000353481795688
11,4,0.000353481795688
962,936,0.00527151654857
825,262,0.000353481795688
2507,435,0.00246661255311
41,4,0.000353481795688
627,262,0.000353481795688
2335,446,0.000353481795688
116,310,0.00447896605916
1477,1092,0.00175767628132
433,365,0.00297392887987
570,2,0.000353481795688
1442,2,0.000353481795688
622,125,0.000353481795688
37,2308,0.00275315976806
2649,37,0.000353481795688
2814,4,0.000353481795688
272,435,0.00454937206021
55,24,0.000353481795688
751,2187,0.00356104155253
778,365,0.000353481795688
2664,962,0.000353481795688
2668,435,0.00251658705577
2066,8,0.000353481795688
1628,2,0.000353481795688
2377,435,0.00338064828301
1473,159,0.000353481795688
1777,2,0.000353398525536
983,10,0.000353481795688
564,365,0.000353481795688
1552,446,0.000353481795688
228,1576,0.00344383928589
918,144,0.000353481795688
745,859,0.00515547092204
1832,288,0.000353481795688
121,125,0.00306563102699
28,96,0.00239119293958
130,129,0.00295657375482
1685,1557,0.000706713780919
464,125,0.000353481795688
86,2112,0.0010581138228
1455,288,0.000353481795688
2092,2,0.000353481795688
38,13,0.00309870986016
2201,365,0.000353481795688
1086,8,0.00618248432695
1917,4,0.000353481795688
345,16,0.000353481795688
1902,418,0.00270404264927
2208,1532,0.000353481795688
759,127,0.000353481795688
166,254,0.00212086638194
2472,24,0.000353481795688
844,94,0.000353481795688
2528,241,0.00403317808858
2405,365,0.000353481795688
223,8,0.00318801458302
976,1035,0.000353481795688
1258,435,0.00371795236565
1707,125,0.000353481795688
688,125,0.00222222683274
1731,112,0.000353481795688
1419,197,0.00177065485471
1445,1869,0.00169412813496
1711,217,0.000353481795688
334,127,0.000353481795688
2696,188,0.000706713780919
123,112,0.000353481795688
29,5,0.00154432232699
2386,102,0.000353481795688
1490,1065,0.000353481795688
219,37,0.000353481795688
2507,935,0.00243058463634
2519,2187,0.000353481795688
2683,1158,0.000353481795688
1536,51,0.000353481795688
2,1897,0.00413352810204
911,1102,0.000353481795688
141,44,0.000353481795688
481,494,0.00305584145653
2239,742,0.000353481795688
144,175,0.00202368028302
485,1713,0.00028271049352
1242,1904,0.000848073384203
2774,37,0.000353481795688
1819,365,0.000353481795688
262,1225,0.00521032175655
2315,365,0.000353481795688
1646,962,0.00035318202314
229,200,0.000353481795688
1855,125,0.000353481795688
181,688,0.00220480472965
461,125,0.00347443405844
832,435,0.00208635673435
1964,1869,0.00638153708313
1791,262,0.000353481795688
1928,365,0.000353481795688
653,646,0.000353481795688
1498,8,0.0035270792681
2715,2,0.000353481795688
2224,4,0.000353481795688
1927,1477,0.00243066225162
683,519,0.000353481795688
2313,181,0.000353481795688
346,4,0.000353481795688
850,232,0.000353481795688
2136,418,0.000353481795688
291,292,0.000353481795688
181,106,0.00280763891708
1529,2,0.000353481795688
87,4,0.000353481795688
648,10,0.00294560629185
2533,446,0.000353481795688
1299,8,0.000353398525536
2094,94,0.000353481795688
78,1258,0.00230222547965
2679,1532,0.000353481795688
1143,1138,0.00150697840468
1359,2,0.00331066534314
1202,8,0.000353481795688
1590,8,0.000353481795688
2486,4,0.00326899823544
2558,2,0.000353481795688
1175,962,0.000353398525536
2268,2269,0.000353481795688
1131,8,0.000353398525536
283,271,0.00105969595569
1083,13,0.000353481795688
790,24,0.000353481795688
1259,1258,0.000353481795688
1489,2,0.000353481795688
2828,365,0.000353481795688
165,112,0.000353481795688
241,901,0.00243544946139
1579,8,0.0031128006401
127,392,0.00357874557768
944,446,0.000353481795688
577,8,0.000353481795688
1350,2,0.000353481795688
2552,646,0.000353481795688
2150,1148,0.000353481795688
916,262,0.000353481795688
2396,2248,0.000353481795688
2281,2264,0.000353481795688
101,47,0.00238196470203
519,2000,0.00227545943759
1360,4,0.00316523082312
1643,193,0.000353481795688
1308,217,0.00243973076616
2309,2310,0.000353481795688
2028,112,0.00251038076297
563,125,0.000353481795688
925,924,0.000706713780919
1118,8,0.000353481795688
1657,125,0.000353481795688
1712,2,0.00244123396834
1051,1706,0.00360437266665
1878,2,0.000353481795688
977,876,0.000353481795688
579,125,0.00165521499009
1952,8,0.00218776896107
896,89,0.000353481795688
477,8,0.000353481795688
139,4,0.00313384440614
136,4,0.00281921952455
2688,13,0.000353481795688
2499,4,0.000353481795688
349,125,0.000706713780919
44,78,0.00349076340206
1269,112,0.000353481795688
1188,8,0.000353481795688
1760,232,0.000353481795688
1421,1158,0.00311756077311
510,533,0.00111529775345
2476,446,0.000353481795688
2024,8,0.000353481795688
2684,4,0.000353481795688
2307,418,0.000353481795688
682,13,0.000353481795688
196,84,0.00164520915551
2197,418,0.000353481795688
2479,678,0.00113405085801
2,2655,0.00106955932274
1891,310,0.000353481795688
1394,962,0.000759608480693
2676,188,0.000353481795688
855,310,0.000353481795688
686,365,0.000353481795688
216,217,0.000353481795688
828,824,0.000235654530458
1362,1065,0.000353481795688
1948,418,0.000353481795688
2660,435,0.000353481795688
191,8,0.000353481795688
205,182,0.00251332090575
1977,1051,0.000353481795688
2620,435,0.000353481795688
1214,1869,0.00734756017549
1908,1869,0.000353481795688
1481,1745,0.00170356909028
546,125,0.00276792728561
2741,13,0.000353481795688
2609,435,0.00276023120985
946,947,0.00195212677358
1952,4,0.00218060769185
91,988,0.00345715855599
2265,742,0.000353481795688
719,331,0.00242131175142
677,678,0.00223606089052
924,16,0.00416037040073
1260,8,0.000353398525536
2227,8,0.000353481795688
159,2571,0.00177373546503
1653,262,0.000353481795688
2751,678,0.00113405085801
2776,44,0.000224920250851
837,838,0.000353481795688
158,1700,0.000746819405497
903,112,0.000353481795688
2079,262,0.000353481795688
2190,418,0.000353481795688
164,279,0.00343380718157
456,130,0.000353481795688
2171,8,0.00105969595569
406,1586,0.00249707156039
699,125,0.00271234130333
360,365,0.00371565165047
1204,8,0.00363895272394
330,10,0.0031353284253
2635,308,0.00102531760589
130,490,0.00247643084184
131,8,0.000353481795688
1982,4,0.000353481795688
2319,365,0.000353481795688
436,434,0.00252304612046
603,125,0.000353481795688
702,435,0.000353481795688
365,2580,0.002522948284
1254,962,0.000353481795688
1256,1237,0.000353481795688
807,92,0.00119048416374
1104,4,0.000353481795688
2277,44,0.000353481795688
843,467,0.000353481795688
1224,8,0.000353481795688
2144,89,0.00259777341251
481,125,0.00586570718522
149,125,0.000353481795688
1065,1427,0.00258109707093
2716,418,0.000353481795688
1196,418,0.000353481795688
485,500,0.00028271049344
2578,228,0.00255020753827
426,13,0.000353481795688
1412,44,0.000353481795688
2508,446,0.000353481795688
392,435,0.00335369078748
930,814,0.00205210610835
2144,4,0.00341647753931
1601,8,0.000353481795688
1696,962,0.000353481795688
804,806,0.00266738494464
754,8,0.00261000753231
728,125,0.000353481795688
1003,1004,0.000353481795688
1226,182,0.000353481795688
667,125,0.00116375064813
1061,177,0.000353481795688
2236,2272,0.000235654530458
762,637,0.000353481795688
2002,2187,0.00397844511055
1368,962,0.000659781448196
1420,13,0.000353481795688
784,92,0.000353481795688
1186,446,0.000353481795688
1990,8,0.000353481795688
2050,446,0.000353481795688
541,435,0.000824041425235
1222,1014,0.00141381118805
2023,1981,0.000353481795688
1755,2,0.00206545299487
446,1477,0.00414938003932
1486,130,0.000353481795688
1330,1065,0.00302309279369
1985,8,0.000353481795688
1103,4,0.000353481795688
2049,8,0.000353481795688
2191,94,0.00261504122598
882,519,0.000353481795688
2372,742,0.00138882823803
1480,205,0.000353481795688
1525,10,0.000353481795688
625,125,0.000706713780919
620,125,0.00346778725229
880,876,0.000353481795688
914,365,0.000353481795688
2125,8,0.000353481795688
2461,125,0.000353481795688
2033,2,0.000353481795688
1637,1902,0.00263120828663
2681,2696,0.000353481795688
608,125,0.000353481795688
1012,962,0.000353481795688
547,8,0.000353481795688
498,125,0.00343049804774
462,125,0.000353481795688
525,377,0.00209108648507
492,415,0.00191205358017
1474,365,0.000353481795688
2308,1092,0.00108975360423
129,1640,0.00308280581329
2446,125,0.000353481795688
1744,859,0.000353481795688
162,8,0.000353481795688
1511,8,0.00262624535426
53,8,0.000353481795688
1461,260,0.000353481795688
1277,446,0.000353481795688
1071,8,0.000353481795688
1446,975,0.000632238875231
485,125,0.000353182023193
760,738,0.000353481795688
1228,418,0.00204385214827
1151,1108,0.0022401194319
637,183,0.00214513816876
596,8,0.000353481795688
1141,975,0.000632238875231
13,2611,0.00337352648517
2123,2,0.000353481795688
978,446,0.000353481795688
2166,8,0.00306794355674
1257,1258,0.000353481795688
2009,89,0.000353481795688
2579,2,0.000353481795688
407,365,0.000353481795688
2732,13,0.000353481795688
650,125,0.000353481795688
783,365,0.000353481795688
1599,446,0.000353481795688
433,618,0.00291663305362
246,302,0.00314281514124
885,553,0.000353481795688
1700,112,0.000761017983427
168,125,0.000970830316448
281,658,0.00160755332273
1994,973,0.000353481795688
1710,8,0.000353481795688
1029,365,0.000353481795688
961,962,0.000353481795688
676,669,0.000597431314375
1002,249,0.000298965467649
860,112,0.00209737585768
1032,178,0.000353481795688
656,8,0.000353481795688
2422,2248,0.000353481795688
1679,962,0.00500722894563
2516,435,0.000353481795688
2409,935,0.000353481795688
1549,1051,0.000353481795688
870,13,0.000353481795688
354,125,0.000353481795688
1488,1361,0.000353481795688
238,112,0.000353481795688
2238,2086,0.000353481795688
2534,249,0.00300088932531
181,93,0.00247838809918
1230,262,0.000353481795688
2001,8,0.000353481795688
192,194,0.000235654530458
1566,2,0.000353481795688
1958,8,0.000353481795688
2671,188,0.000353481795688
1569,8,0.000353481795688
1980,159,0.000353481795688
2320,2093,0.000212089077413
2735,228,0.000353481795688
5,25,0.00130941161553
2704,2705,0.000353481795688
2161,1121,0.00195528156572
678,8,0.00387158817525
509,125,0.000353481795688
2544,249,0.0030826808083
1341,2,0.000353481795688
2707,13,0.000353481795688
1034,962,0.000471059250461
2700,112,0.000353481795688
858,859,0.000353481795688
1468,1051,0.000353481795688
211,16,0.000353481795688
2495,2,0.000353481795688
1433,8,0.00247887446949
1305,2,0.00326603253602
1016,8,0.000353481795688
24,1013,0.00286112681686
573,16,0.000353481795688
519,259,0.00309626621186
2290,742,0.000353481795688
2435,1671,0.000353481795688
902,249,0.000353481795688
1000,962,0.000353481795688
2062,646,0.000353481795688
13,186,0.00332083410671
681,125,0.000353481795688
995,962,0.000353481795688
1953,742,0.00272663341412
243,16,0.000353481795688
1986,1796,0.000353481795688
1133,962,0.000396956398517
1603,1889,0.00270689308875
2708,13,0.000353481795688
2025,1158,0.000353481795688
137,112,0.000353481795688
1665,365,0.000353481795688
572,10,0.000353481795688
664,365,0.000353481795688
359,566,0.00203553846151
1647,4,0.000353481795688
106,249,0.0036425303168
2162,262,0.000353481795688
151,344,0.00211962063149
1924,2,0.000353481795688
2002,2248,0.00526782476845
698,178,0.000353481795688
766,125,0.000353481795688
2210,1869,0.000353481795688
797,125,0.000353481795688
446,2166,0.00305649781992
1939,1999,0.00105851906497
122,109,0.00222188488635
1076,16,0.000353481795688
2591,435,0.000353481795688
2613,144,0.000353398525535
1066,1067,0.000353481795688
511,125,0.000353481795688
806,962,0.00556786624834
2434,2031,0.000353481795688
2699,13,0.000353481795688
358,16,0.00718877926253
30,178,0.000353481795688
1290,89,0.000353481795688
1809,278,0.000706713780919
1767,342,0.00112195216382
1143,962,0.00141216336412
1055,125,0.0023861494534
1052,8,0.00691595961644
2117,2,0.00222733654634
1351,1327,0.000353481795688
336,181,0.00137110601497
327,181,0.000353481795688
2701,13,0.000353481795688
2327,418,0.000353481795688
2746,182,0.000353481795688
44,415,0.00326158062121
2672,94,0.000353481795688
1823,2,0.000353481795688
604,537,0.000706713780919
560,125,0.000353481795688
2173,1042,0.000353481795688
2489,8,0.000353481795688
842,373,0.00232143988706
1375,2,0.000353481795688
1626,742,0.00351448118566
44,1204,0.00463009533604
2524,112,0.000706713780919
2416,418,0.000353481795688
365,1579,0.00420031496642
99,13,0.000353481795688
954,262,0.00105969595569
329,262,0.000353481795688
1974,365,0.000353481795688
2120,418,0.000353481795688
2161,2345,0.0018813928608
1512,1798,0.00165317275017
1346,44,0.000353481795688
714,16,0.000353481795688
58,59,0.000353481795688
1898,2248,0.00169958444731
2189,365,0.000353481795688
2567,2582,0.000353481795688
1384,1258,0.000353481795688
986,962,0.000726230611626
782,241,0.000353481795688
70,4,0.0025339347025
966,967,0.000353481795688
666,356,0.000353481795688
2115,8,0.000353481795688
887,182,0.00196770849546
2184,8,0.000353481795688
2789,125,0.000353481795688
2432,446,0.000353481795688
807,771,0.00118895119081
1801,755,0.000353481795688
2295,2,0.00169235847986
370,371,0.000353481795688
2448,2,0.0022653568652
125,2230,0.00596454540704
2202,8,0.00294404886985
2147,8,0.000353481795688
1797,876,0.000353481795688
1554,13,0.00540755508205
2425,2414,0.000235654530459
2819,195,0.000543472255812
950,446,0.000353481795688
1765,962,0.000353481795688
1991,8,0.000353481795688
2769,159,0.000353481795688
1957,365,0.000353481795688
1022,972,0.000353481795688
326,181,0.00228612484485
1475,365,0.000353481795688
139,16,0.00391091564942
2770,435,0.00270362937469
1920,1869,0.000353481795688
431,44,0.000353481795688
193,418,0.00185249308563
1381,86,0.000353481795688
2236,10,0.000353398525536
685,249,0.000353481795688
567,125,0.0018317586833
733,365,0.000353398525536
599,259,0.000353481795688
2110,8,0.000353481795688
833,10,0.000353481795688
1234,755,0.00158615173481
1239,418,0.000353481795688
1522,16,0.000353481795688
1309,2,0.00370347759056
2692,13,0.000353481795688
1869,2248,0.00914010849541
2090,8,0.000706713780919
101,100,0.00246272212757
1514,16,0.000353481795688
937,310,0.000706713780919
1576,2,0.00294596924454
1923,365,0.000353481795688
1727,44,0.000353481795688
1533,16,0.000353481795688
2820,241,0.000353481795688
2617,2582,0.000353481795688
1820,2,0.000353481795688
210,16,0.000353481795688
72,16,0.000353481795688
374,365,0.00326943144906
613,10,0.000353481795688
1271,720,0.000353481795688
1153,962,0.000706713780919
414,923,0.0031693607214
2780,2744,0.000353481795688
419,271,0.00393048154254
1221,446,0.000353481795688
697,365,0.000353481795688
1715,365,0.000353481795688
2314,365,0.000353481795688
654,125,0.000353481795688
1072,1121,0.00469228715142
156,13,0.000353481795688
1021,953,0.000706713780919
1213,671,0.000353481795688
1065,677,0.00218782112065
163,89,0.000353481795688
1248,278,0.00121108964611
1212,89,0.000353481795688
169,158,0.000353481795688
2276,935,0.000353481795688
1208,365,0.000353481795688
1235,1051,0.000353481795688
1467,8,0.000353481795688
2593,1067,0.000353481795688
2475,962,0.000353481795688
2541,418,0.0028031519809
771,259,0.00388381984719
2456,418,0.000353481795688
1784,755,0.000353481795688
432,13,0.000353481795688
2601,241,0.000353481795688
365,121,0.00306441721746
1079,144,0.000353481795688
1641,8,0.000353398525536
1432,8,0.000353481795688
185,177,0.0061725425233
2447,19,0.000353481795688
1605,4,0.00279515505939
818,262,0.000353481795688
2554,2536,0.000353481795688
150,8,0.000353481795688
1863,8,0.00218776896107
1054,1055,0.000353481795688
1358,112,0.000353481795688
1740,112,0.000761017983427
1010,962,0.000539832173892
1033,486,0.000353481795688
591,288,0.000353481795688
43,2580,0.00136740779362
2163,8,0.000353481795688
1094,720,0.000353481795688
2259,8,0.000353481795688
188,1086,0.00850124877995
1162,962,0.000353481795688
115,101,0.000353481795688
2690,13,0.000353481795688
2503,44,0.000353481795688
2500,2248,0.00199136180685
1925,1869,0.000353481795688
1866,2,0.000353481795688
975,481,0.00414309046887
1839,1840,0.000353481795688
2702,13,0.000353481795688
467,259,0.00266099852427
2104,8,0.000353481795688
2365,204,0.00233359574564
1524,869,0.000353481795688
2013,1655,0.000353481795688
1804,2,0.000353481795688
1433,2,0.00247835817371
1934,1869,0.000353481795688
2209,10,0.000353481795688
2098,2,0.00303062462096
2610,435,0.000353481795688
1563,8,0.000353481795688
537,228,0.00105969595569
106,125,0.0036725880635
28,696,0.00288958960014
1296,365,0.000353481795688
1673,8,0.000353481795688
2352,965,0.000659650639747
2754,125,0.00257672195171
1191,1158,0.00303191179147
933,365,0.000353398525536
135,125,0.000353481795688
802,112,0.000353481795688
1038,127,0.000353481795688
390,10,0.010439367086
170,16,0.000353481795688
1869,1981,0.00414224590305
1321,1796,0.000353481795688
1462,2002,0.00156879468195
1630,949,0.000353481795688
848,249,0.00277876567837
1056,125,0.00464926362832
1987,1869,0.000353481795688
203,204,0.000353481795688
428,365,0.00169833203614
255,24,0.000353481795688
877,8,0.000353481795688
2530,8,0.000353481795688
1273,859,0.000353481795688
1359,112,0.00319064696421
320,617,0.00296083323197
288,246,0.00402144365522
2803,2804,0.000353481795688
2170,8,0.000353481795688
2808,34,0.000353481795688
959,553,0.00170317420361
13,2668,0.00251308352042
2462,446,0.000353481795688
2225,365,0.000353481795688
1036,1004,0.000353481795688
1712,755,0.00201791477202
117,4,0.000353398525536
2755,935,0.000353481795688
1767,314,0.00206010310641
413,259,0.00385263222042
1450,8,0.000353398525536
2728,13,0.000353481795688
1309,8,0.0038848018257
365,1604,0.00263091179994
2113,755,0.000353481795688
2,2541,0.00221458943998
17,13,0.000353481795688
1703,418,0.000353481795688
1955,8,0.000353481795688
361,356,0.000353481795688
2711,435,0.000353481795688
1138,1052,0.00345730965262
694,695,0.000353481795688
1493,2,0.000353481795688
2537,130,0.000353481795688
598,125,0.000353481795688
999,16,0.00333454682525
157,13,0.000353481795688
2323,986,0.000353481795688
2585,1234,0.00147277425327
259,531,0.00264899609707
102,125,0.00274812398232
1241,365,0.000353481795688
446,2305,0.00319474537336
1585,4,0.000353481795688
1439,112,0.000353481795688
81,8,0.000353481795688
1115,10,0.000353481795688
906,365,0.000706713780919
260,278,0.0059974447138
1930,8,0.000353481795688
2398,2002,0.00410045123794
2785,125,0.000353481795688
662,408,0.000353481795688
278,838,0.00169770322537
661,94,0.00304483067013
2,2635,0.00106955932274
2436,228,0.000353481795688
1645,4,0.000353481795688
290,24,0.00177065582113
2153,418,0.000353481795688
2616,228,0.000353481795688
787,92,0.000353481795688
2389,8,0.000353481795688
2400,678,0.000353481795688
269,262,0.000353481795688
2703,13,0.000353481795688
1826,260,0.000353481795688
1197,418,0.000353398525536
277,2555,0.000706713780919
34,68,0.00365954753673
497,125,0.000353481795688
742,1879,0.00151985197589
550,8,0.000353481795688
13,65,0.00656356539393
776,10,0.00362673697628
1096,241,0.000353481795688
114,4,0.000353398525536
1268,8,0.000353481795688
1648,94,0.000353481795688
1245,876,0.000353481795688
1889,1859,0.00186429684609
1431,8,0.000353481795688
1729,13,0.000353398525536
617,112,0.0030945430845
2577,588,0.000667553607034
909,310,0.000353481795688
756,127,0.000353481795688
881,876,0.000353481795688
2719,13,0.000353481795688
49,50,0.000353481795688
1559,838,0.000664966727156
2654,876,0.000353481795688
2365,125,0.00434387182534
97,8,0.000353481795688
381,365,0.00396032189267
1454,859,0.000353481795688
1388,365,0.000353481795688
259,125,0.00496906313721
241,328,0.002482370807
1757,2,0.00353594983807
1160,962,0.000353481795688
2751,159,0.00114319965752
273,262,0.000353481795688
1662,125,0.000353481795688
415,125,0.00396616267596
1614,4,0.0032990693656
268,262,0.000706713780919
1009,962,0.000353481795688
982,962,0.000353481795688
465,435,0.00161413429633
18,878,0.000353481795688
2064,2,0.00155682965106
249,302,0.00371332942668
2091,8,0.000353481795688
1894,365,0.000353481795688
1943,4,0.000353481795688
1190,935,0.000353481795688
1649,2,0.000353481795688
389,16,0.00778321609516
1970,418,0.00296394779052
14,8,0.000353481795688
2779,2,0.000353481795688
299,24,0.000706713780919
1415,446,0.000353481795688
795,8,0.000353481795688
601,125,0.000353481795688
745,10,0.00517099102485
2199,112,0.000353481795688
2532,44,0.000481907080277
2627,4,0.00232426902041
2301,8,0.000353481795688
1343,1729,0.000235654530458
1051,1410,0.00334781038374
414,2823,0.000772528093174
383,365,0.00407832869796
2764,159,0.000353481795688
16,302,0.00476669216189
2657,646,0.000353481795688
2375,1889,0.000353481795688
1847,125,0.000353481795688
353,42,0.00243811895334
1951,8,0.000353481795688
1121,2248,0.00558211815097
315,1242,0.0023981500648
640,24,0.000353481795688
624,227,0.000353481795688
307,10,0.00341232606582
1136,962,0.000353481795688
2547,2507,0.000353481795688
2118,8,0.000353481795688
155,13,0.000353481795688
742,2054,0.00191958583431
442,8,0.000353481795688
2675,365,0.000353481795688
1108,755,0.00239009817613
1470,112,0.000353481795688
2560,308,0.000353481795688
126,127,0.000353481795688
288,2202,0.00289624551274
2777,13,0.000353481795688
2786,365,0.000353481795688
1276,8,0.000353398525536
158,1740,0.000746819405496
2214,8,0.000353481795688
44,2514,0.00304909291409
34,1342,0.002836744497
1799,8,0.000353481795688
147,94,0.000353481795688
418,2041,0.00478053256937
1612,1428,0.000353481795688
1659,232,0.000353481795688
365,387,0.00345785928115
23,24,0.000353481795688
2064,2039,0.00147913304285
2631,365,0.000353481795688
1872,1869,0.000353481795688
1617,4,0.000353481795688
290,6,0.00167588596192
129,16,0.00462152405655
1485,2,0.00237089592133
95,94,0.000353481795688
488,125,0.000353481795688
2597,2,0.000353481795688
637,387,0.00216579997503
2539,935,0.000353481795688
921,197,0.000353481795688
2296,1042,0.000353481795688
2733,125,0.000353481795688
1402,418,0.00259208787788
446,1498,0.00413708428956
446,1100,0.00305649781992
1125,8,0.000353481795688
987,771,0.000353398525536
227,44,0.00334138210069
1041,1042,0.000353481795688
439,125,0.00291154980617
466,125,0.00236211592764
2673,188,0.000353481795688
531,125,0.00266117963834
419,1078,0.00146108292891
2022,26,0.000353481795688
39,4,0.00291794159477
310,292,0.0028456366863
680,125,0.000353481795688
1573,8,0.000353481795688
1386,112,0.000353481795688
2117,1796,0.00216215484867
1922,418,0.000353481795688
1498,112,0.00277418591185
1708,262,0.000353481795688
510,667,0.00111529775345
1491,262,0.000353481795688
2408,446,0.000353481795688
1361,2339,0.00234227857834
1258,1859,0.00259486505816
1651,8,0.000353481795688
1306,2,0.00560450156148
249,1661,0.00409718392652
2813,2806,0.000353481795688
385,365,0.00239402419567
2261,2262,0.000353481795688
1207,182,0.000353481795688
386,271,0.00231981257111
1365,193,0.00142204195253
2018,910,0.00126745255178
2397,2299,0.000353481795688
34,310,0.00480227636365
2207,2031,0.000353481795688
2141,24,0.00339892633962
1741,365,0.000353481795688
1276,1260,0.000235654530459
1360,8,0.00344492732561
1914,16,0.000353481795688
2695,435,0.000353481795688
623,8,0.000353481795688
1073,8,0.000353481795688
1218,962,0.000353481795688
1497,112,0.000353481795688
770,541,0.000353481795688
1870,1796,0.000353481795688
1031,262,0.000353481795688
436,460,0.00328492027441
1004,2133,0.00105969595569
2505,446,0.000353481795688
1868,418,0.000353481795688
376,962,0.000879680163346
2324,446,0.000353481795688
661,182,0.00272679951696
398,35,0.000353481795688
2588,365,0.000353481795688
1884,1869,0.000353481795688
158,1793,0.000746819405497
1745,8,0.00386281960632
502,125,0.000353481795688
31,4,0.000353481795688
2156,8,0.000353481795688
2187,2230,0.00974756110016
1581,4,0.000353481795688
709,412,0.000353481795688
786,92,0.000353481795688
1846,4,0.000353481795688
344,77,0.0020854080567
2254,365,0.000353481795688
2752,13,0.000353481795688
953,8,0.00105969595569
1540,112,0.000761017983427
1037,446,0.000353481795688
1882,1869,0.000353481795688
2775,2,0.000353481795688
643,125,0.000353481795688
2402,262,0.000353481795688
739,182,0.000353481795688
2419,94,0.000353481795688
1329,310,0.000353481795688
1326,2,0.000353481795688
819,16,0.000353481795688
1907,2,0.000353481795688
1067,2514,0.00260567276046
2545,935,0.000353481795688
258,16,0.000353481795688
343,125,0.000353481795688
932,10,0.00294999081826
1165,44,0.000353481795688
2192,125,0.000353481795688
2473,2187,0.000353481795688
1334,2,0.000353481795688
568,125,0.000353481795688
1600,8,0.000353481795688
118,8,0.00249926607463
1030,625,0.000353481795688
592,593,0.000353481795688
1422,8,0.000353481795688
2363,418,0.000353481795688
1270,418,0.00308986431566
1960,8,0.000353481795688
478,125,0.000353481795688
2204,365,0.00261317963239
507,16,0.000353481795688
452,125,0.000353481795688
2051,44,0.000353481795688
278,1195,0.00161084331782
2106,8,0.000353481795688
981,962,0.000353481795688
2799,125,0.000353481795688
2747,13,0.000353481795688
1937,1869,0.000353481795688
314,1026,0.00210434464757
2367,365,0.000353481795688
2653,89,0.000353481795688
313,241,0.000353481795688
726,412,0.000353481795688
2378,418,0.000353481795688
528,365,0.000353481795688
755,1228,0.00202967223742
2015,262,0.000353481795688
1411,178,0.000353481795688
1292,2,0.000353481795688
209,506,0.00153324385631
2011,182,0.0021711657576
811,8,0.000706713780919
265,260,0.00416861270904
732,13,0.000353481795688
2540,418,0.000353481795688
2289,1121,0.000353481795688
127,800,0.00307145895718
1851,8,0.000353481795688
553,222,0.00233340538373
347,125,0.000353481795688
1056,16,0.00448853646773
254,125,0.0022760379523
250,188,0.000353481795688
365,1498,0.00411673095453
1895,1869,0.000353481795688
1087,16,0.000353481795688
565,125,0.000353481795688
2294,249,0.000434900788285
2088,8,0.000353481795688
2639,37,0.000353481795688
2302,365,0.00141242832001
2086,310,0.00315682329412
2183,486,0.000353481795688
2698,365,0.000353481795688
2724,288,0.00325547764126
2211,365,0.000353481795688
2412,935,0.000353481795688
379,262,0.000353481795688
2392,8,0.000353481795688
772,92,0.000353481795688
143,16,0.00293858344776
2790,13,0.000353481795688
1204,94,0.00344464855207
1916,1869,0.000353481795688
959,44,0.00179029466801
83,84,0.000353481795688
443,365,0.000706713780919
2401,446,0.000353481795688
2215,307,0.000353481795688
365,166,0.00471963391972
1471,249,0.000353481795688
2569,241,0.000353481795688
2666,249,0.000353481795688
2670,4,0.000353481795688
1796,418,0.00414219374392
2047,2,0.000353481795688
1512,1887,0.00158989309275
2128,288,0.000353481795688
1274,1258,0.00227257462863
2198,2300,0.000738220761613
1745,2,0.00621498143075
158,1305,0.0016379806492
1959,2302,0.00105969595569
1761,4,0.00218060769185
1510,241,0.000353481795688
823,618,0.000353481795688
2691,112,0.000353481795688
1020,1021,0.000353481795688
707,435,0.00251668417338
414,2810,0.000772528093174
2469,2248,0.00362927834798
917,962,0.000353398525536
262,272,0.00451646436285
2007,8,0.000353481795688
2576,1776,0.000353481795688
2438,262,0.000353481795688
2562,125,0.000353481795688
512,125,0.000353481795688
1786,2,0.000353481795688
1367,1153,0.000353481795688
2782,962,0.000353481795688
499,413,0.000353481795688
1394,1195,0.000619620324777
2727,13,0.000353481795688
2043,8,0.00380540291471
1405,467,0.000353481795688
821,365,0.000353481795688
1397,1121,0.000353481795688
1538,962,0.000353481795688
975,962,0.00193220485278
1251,2,0.000353481795688
194,13,0.000353398525536
2794,112,0.000353481795688
386,962,0.00438311074083
612,125,0.000353481795688
470,471,0.000353481795688
1244,1158,0.00247737014826
2506,2632,0.00125670274942
639,436,0.000353481795688
480,125,0.000353481795688
174,94,0.00280785078493
13,2544,0.00308872848734
693,125,0.000353481795688
2336,1121,0.000353398525536
1247,178,0.000353481795688
2284,365,0.000353481795688
1795,2,0.000353481795688
1550,1796,0.00344434026245
1301,859,0.000353481795688
1570,671,0.000353481795688
799,365,0.000353481795688
446,2693,0.00607615598404
574,16,0.000353481795688
524,8,0.000353481795688
1564,246,0.000353481795688
1598,435,0.00330605022425
535,112,0.000353481795688
2292,859,0.000353481795688
1472,1048,0.0028616830697
2565,365,0.000353481795688
1534,125,0.000353481795688
2693,249,0.0060677862512
659,660,0.000353481795688
2248,1981,0.00336045452543
2628,1067,0.000353481795688
1591,962,0.000353481795688
1537,241,0.000353481795688
279,125,0.00357298237878
2318,842,0.000353481795688
1159,962,0.000353481795688
2705,8,0.000706713780919
734,735,0.000353481795688
1562,365,0.000353481795688
2797,8,0.000353481795688
735,1410,0.00193589240155
871,4,0.000353481795688
2030,1981,0.000353481795688
2204,842,0.0025649475196
1209,8,0.000353481795688
890,193,0.000353481795688
2667,188,0.000353481795688
2339,2133,0.00231408773707
2645,2187,0.000353481795688
1676,2,0.0030983792648
158,1464,0.00212289861941
46,8,0.000353481795688
294,4,0.000353481795688
1679,185,0.00491323859699
2144,2,0.0026903982058
958,906,0.000353481795688
606,125,0.000353398525536
264,241,0.000353481795688
2,308,0.00178581682243
1315,962,0.000675519707562
2710,13,0.000353481795688
2148,2149,0.000353481795688
2722,13,0.000353481795688
2218,2,0.000353481795688
2077,2,0.00411958433115
2492,446,0.000353481795688
1400,112,0.000761017983427
1697,89,0.000353481795688
13,2027,0.0033208341067
910,1576,0.00315278228996
1194,278,0.00148985964241
1171,962,0.000998333969127
894,878,0.000353481795688
341,181,0.00190677213009
366,365,0.000353481795688
2248,2187,0.0037977481627
252,253,0.000353481795688
974,249,0.000353481795688
2180,2369,0.000235654530458
316,181,0.000353481795688
1267,1158,0.000353481795688
1861,2,0.000353481795688
1941,742,0.000353481795688
1154,962,0.000659781448196
399,8,0.000353481795688
105,10,0.000353481795688
2243,86,0.000353481795688
496,125,0.000353481795688
1146,962,0.000353398525536
234,16,0.000353481795688
2342,365,0.000353481795688
2536,249,0.00273287056124
750,125,0.000353481795688
672,10,0.000353481795688
660,159,0.000706713780919
2146,8,0.000353481795688
76,77,0.000353481795688
441,356,0.000353481795688
2269,249,0.00329463610281
101,174,0.00324217300638
181,207,0.00290214067817
2574,2041,0.00238217776842
1547,365,0.000353481795688
355,365,0.00271895349422
381,10,0.00283491933041
24,1274,0.0022769949279
1853,178,0.000353481795688
641,905,0.00111183395688
13,1745,0.00471584887422
820,288,0.000353481795688
1574,962,0.000353398525536
892,2,0.000353481795688
651,2,0.000353481795688
1449,112,0.000353481795688
117,114,0.000235654530458
632,893,0.00248233772275
684,10,0.000353481795688
29,2,0.00164766696076
905,8,0.00523699594145
2810,13,0.000819853903539
1629,876,0.000353481795688
2251,418,0.000777132745386
2798,8,0.000353481795688
939,567,0.000353481795688
2445,446,0.000353481795688
1803,2,0.000353481795688
2399,365,0.000353481795688
101,415,0.00297406683669
1785,310,0.000353481795688
440,37,0.000353481795688
1807,2,0.00262277697895
2720,13,0.000353481795688
1299,1174,0.000235654530459
2407,2,0.000353481795688
38,24,0.00308363825306
1167,838,0.000880472449552
1721,125,0.00255327643511
355,356,0.00259820636142
1466,89,0.00239798644922
888,112,0.00239156297936
1462,857,0.00150094406375
2285,2248,0.000353481795688
1762,125,0.000353481795688
61,35,0.000706713780919
891,4,0.000353481795688
1194,1195,0.00103570347273
1203,44,0.000353481795688
447,10,0.000353481795688
1051,1688,0.00290670926808
1142,8,0.000353481795688
1752,2,0.000353481795688
899,249,0.000353481795688
471,8,0.000706713780919
288,1836,0.00284903341108
1642,838,0.000664966727156
321,446,0.0040532839431
1185,8,0.000353481795688
2829,89,0.000353481795688
1997,973,0.000353481795688
383,130,0.00222119941696
2008,1869,0.000353481795688
876,1086,0.00654509924936
2398,2248,0.00541856843716
79,13,0.00292884554423
1152,962,0.000353481795688
1174,8,0.000353398525536
1736,2,0.000353481795688
1962,13,0.000353481795688
2596,435,0.00199770119833
2017,8,0.000353481795688
1875,4,0.000353481795688
1505,2,0.000353481795688
1304,89,0.000353481795688
1027,241,0.000353481795688
158,112,0.00116858352566
189,16,0.00320524498914
2360,446,0.000353481795688
2630,2,0.000353481795688
2203,365,0.000353481795688
