1726,8,0.0004662004662
2064,821,0.00412349521296
1087,1005,0.0004662004662
716,4,0.0004662004662
92,3,0.0004662004662
1367,5,0.0004662004662
515,46,0.00798489993652
1887,8,0.0004662004662
2046,289,0.0004662004662
1734,1,0.0004662004662
108,3,0.0147431356289
115,8,0.0004662004662
1814,593,0.00395537289803
2130,46,0.0004662004662
1072,1073,0.00046605563847
1111,46,0.00381796593639
788,8,0.0004662004662
157,289,0.00588634743135
26,8,0.000466200466201
1582,1,0.0004662004662
1678,1651,0.0004662004662
278,5,0.0004662004662
226,2001,0.00108562867184
2016,41,0.000523633713289
123,851,0.00240355355115
980,8,0.0004662004662
1402,46,0.00532852395013
1787,1,0.0004662004662
198,162,0.0004662004662
1167,41,0.0004662004662
1977,632,0.0004662004662
1454,1313,0.00319695546054
399,400,0.0004662004662
657,411,0.00262963061006
158,289,0.00610001034507
1910,289,0.0004662004662
1974,930,0.0004662004662
5,1133,0.00397274134116
974,1803,0.00186219496564
1293,221,0.00471155230079
1145,41,0.0004662004662
814,289,0.00249335861268
1400,1430,0.00063982066237
793,289,0.00452060054568
1117,117,0.0004662004662
409,8,0.0004662004662
300,289,0.0004662004662
726,117,0.0004662004662
1267,55,0.0004662004662
1766,1744,0.0004662004662
881,289,0.0004662004662
569,306,0.0004662004662
101,99,0.0004662004662
1377,4,0.0004662004662
1426,46,0.0004662004662
1505,8,0.0004662004662
193,1,0.0004662004662
338,289,0.0004662004662
1631,721,0.0004662004662
1373,41,0.0004662004662
1984,2092,0.00027972027972
290,8,0.0004662004662
1276,1116,0.0004662004662
163,156,0.0004662004662
1547,1,0.0004662004662
1306,221,0.0004662004662
742,1128,0.00496334876408
1158,41,0.0004662004662
1645,162,0.0004662004662
1699,162,0.0004662004662
854,160,0.00386405330558
840,4,0.0004662004662
2037,213,0.0004662004662
410,317,0.0004662004662
1564,289,0.0034732399706
1538,2085,0.00046560305181
1916,1913,0.000931966449208
1299,41,0.00278826394101
523,213,0.0004662004662
952,111,0.0004662004662
1879,8,0.0004662004662
2140,289,0.0004662004662
1221,41,0.0004662004662
1970,305,0.00046605563847
648,1419,0.00336233794329
1732,55,0.00394072319219
774,306,0.0124102932495
1109,156,0.0004662004662
1955,3,0.0004662004662
1026,55,0.0004662004662
1623,213,0.0004662004662
2029,289,0.0004662004662
744,5,0.000466200466201
459,72,0.0004662004662
1570,1532,0.0004662004662
917,126,0.000931966449208
703,4,0.0004662004662
413,312,0.0004662004662
1492,289,0.0004662004662
1292,41,0.0004662004662
1898,848,0.0004662004662
1263,41,0.000489822631384
1927,8,0.0004662004662
327,306,0.0004662004662
1199,41,0.0004662004662
604,317,0.0004662004662
1536,884,0.0004662004662
675,46,0.0004662004662
94,4,0.0004662004662
395,213,0.00358037823246
992,817,0.0004662004662
1637,1419,0.0017988752265
1106,1098,0.0004662004662
1440,162,0.000466200466201
1200,41,0.0004662004662
11,5,0.0004662004662
628,46,0.0004662004662
967,299,0.0004662004662
1159,41,0.0004662004662
2100,1183,0.0004662004662
128,8,0.000466200466201
709,8,0.0004662004662
1814,821,0.00384792750603
1003,972,0.0004662004662
852,46,0.0004662004662
1785,1744,0.0004662004662
1316,721,0.0004662004662
1027,509,0.0004662004662
972,971,0.00128020472848
1222,41,0.0004662004662
1982,1901,0.0004662004662
214,49,0.0004662004662
1250,1183,0.00362106792744
52,8,0.000466200466201
1383,41,0.000466200466201
1805,41,0.0004662004662
1485,55,0.0004662004662
2065,289,0.0004662004662
1257,41,0.0004662004662
950,111,0.0004662004662
1025,884,0.0004662004662
182,160,0.0004662004662
1325,1326,0.0004662004662
1051,55,0.00353323227615
171,3,0.0004662004662
1831,213,0.0004662004662
1472,289,0.0004662004662
87,4,0.000466200466201
1314,654,0.0004662004662
641,4,0.0004662004662
1593,55,0.0004662004662
1014,317,0.0004662004662
812,897,0.0004662004662
2010,41,0.000523633713289
1684,3,0.0004662004662
702,714,0.00267334758513
31,8,0.0004662004662
1479,289,0.0004662004662
1540,5,0.0004662004662
41,1215,0.00858874749495
856,306,0.0004662004662
2044,289,0.0004662004662
1922,576,0.00307927850425
1403,46,0.00532852395013
897,41,0.00688389312992
1113,41,0.0004662004662
55,197,0.00493013401907
1242,41,0.0004662004662
473,317,0.0004662004662
971,77,0.00174423277872
318,213,0.00419149744863
317,490,0.00688832903756
1382,41,0.0004662004662
326,306,0.0004662004662
559,46,0.0004662004662
201,8,0.0004662004662
1188,41,0.0004662004662
1664,648,0.0004662004662
1549,821,0.0004662004662
465,1368,0.00715305043086
1488,41,0.0004662004662
190,3,0.00495552696339
617,721,0.00712259993984
1303,41,0.0004662004662
1686,698,0.0004662004662
1953,289,0.00419480680824
347,213,0.0004662004662
733,99,0.00367585760996
384,213,0.0004662004662
180,4,0.0004662004662
1191,99,0.0004662004662
643,644,0.0004662004662
562,912,0.00320925905863
1983,698,0.0004662004662
904,160,0.0004662004662
1971,305,0.00046605563847
1073,424,0.00659603712466
169,3,0.004709554559
1296,3,0.0004662004662
506,46,0.0004662004662
379,213,0.0004662004662
91,3,0.0004662004662
995,1265,0.0004662004662
1457,41,0.0004662004662
415,317,0.0004662004662
414,218,0.00542221997708
328,289,0.00471523017052
2120,1690,0.0004662004662
1459,55,0.0004662004662
1712,289,0.0004662004662
1872,162,0.0004662004662
1435,162,0.0004662004662
962,162,0.00601454172342
1816,509,0.0004662004662
1638,46,0.0004662004662
1509,55,0.00046605563847
476,306,0.0004662004662
1231,55,0.0004662004662
1544,1,0.00046605563847
2125,46,0.0004662004662
234,213,0.00858297760362
517,46,0.0004662004662
715,654,0.00377492725034
157,8,0.00498801864239
1233,99,0.0004662004662
1422,99,0.0004662004662
306,296,0.00549132568817
1559,270,0.0004662004662
2091,1183,0.0004662004662
945,944,0.00566035908563
1082,99,0.0004662004662
1223,55,0.0004662004662
229,213,0.0004662004662
887,289,0.0004662004662
1261,41,0.00328909009634
746,617,0.00653274582094
1254,3,0.0004662004662
537,3,0.0004662004662
844,306,0.0004662004662
1837,156,0.00281096998365
1754,1744,0.0004662004662
437,8,0.0004662004662
447,213,0.0004662004662
1099,160,0.01843398844
1551,1552,0.0004662004662
227,221,0.0004662004662
834,99,0.0004662004662
573,8,0.0004662004662
957,126,0.0004662004662
1432,41,0.0004662004662
394,55,0.00484263386011
710,698,0.0004662004662
1836,509,0.00315610123731
900,306,0.00402865487073
2057,213,0.0004662004662
780,740,0.0004662004662
1759,1744,0.0004662004662
718,188,0.0004662004662
505,411,0.00269742769896
1824,55,0.0004662004662
1005,1036,0.00381781393809
1558,1,0.0004662004662
1944,41,0.0004662004662
934,111,0.0004662004662
477,317,0.0004662004662
521,123,0.0004662004662
427,4,0.00482076421038
4,127,0.0085533400536
426,289,0.0004662004662
249,46,0.0004662004662
1579,1,0.0004662004662
245,4,0.0004662004662
221,793,0.0074406224348
1107,99,0.0004662004662
362,317,0.0004662004662
1081,99,0.0004662004662
1246,41,0.0004662004662
1104,1073,0.00046605563847
930,111,0.000931966449208
1819,1820,0.0004662004662
1301,289,0.00529487318721
2090,2070,0.0004662004662
769,46,0.0004662004662
816,817,0.0004662004662
730,8,0.0004662004662
423,289,0.0004662004662
397,218,0.00299479210761
785,786,0.0004662004662
1882,821,0.0004662004662
240,4,0.0004662004662
450,317,0.0004662004662
53,8,0.0004662004662
1295,414,0.0004662004662
654,1111,0.00378093193338
1217,41,0.0004662004662
1051,1044,0.00510159120801
334,317,0.0004662004662
1270,3,0.00535060923221
33,8,0.0004662004662
110,99,0.00587138518866
692,8,0.0004662004662
1339,41,0.0004662004662
55,547,0.00484815499998
1778,1781,0.0003108003108
207,1,0.0004662004662
1338,221,0.0004662004662
298,8,0.0004662004662
1919,289,0.0004662004662
513,46,0.00674679080894
282,3,0.0004662004662
732,740,0.0053477636
739,740,0.0004662004662
806,270,0.0004662004662
1070,77,0.0004662004662
481,306,0.0004662004662
611,46,0.0004662004662
905,123,0.0004662004662
2048,41,0.0004662004662
1024,884,0.0004662004662
893,289,0.00046605563847
1624,8,0.00556270322059
2106,213,0.00487997106538
1340,41,0.0004662004662
880,55,0.000931966449208
1468,72,0.0004662004662
539,306,0.0004662004662
36,8,0.000466200466201
1786,1744,0.0004662004662
58,5,0.0004662004662
156,1828,0.00724970742834
2084,721,0.0004662004662
819,55,0.0004662004662
1184,1185,0.0004662004662
1683,226,0.0004662004662
1437,1361,0.0004662004662
1216,41,0.0004662004662
1067,1073,0.00468077256821
1387,221,0.0004662004662
287,8,0.0004662004662
47,8,0.0004662004662
1218,41,0.0004662004662
20,5,0.000466200466201
1890,289,0.0004662004662
111,618,0.0080895200191
1763,1744,0.0004662004662
782,740,0.0004662004662
2129,46,0.0004662004662
1288,654,0.00621437550436
172,8,0.0004662004662
1245,41,0.00278826394101
392,213,0.0004662004662
1490,55,0.0004662004662
1310,41,0.0004662004662
799,793,0.00294713811881
2007,2005,0.00027972027972
1543,306,0.00337938928954
1447,8,0.0004662004662
89,8,0.0004662004662
1541,1,0.0004662004662
639,640,0.00364054030938
120,8,0.000466200466201
781,299,0.0004662004662
1976,8,0.00449383209931
45,46,0.0004662004662
1526,289,0.000931966449208
1197,1051,0.00343132309735
899,162,0.0004662004662
333,306,0.00346819965163
808,740,0.0004662004662
2049,289,0.0004662004662
729,123,0.0004662004662
1870,8,0.0004662004662
1142,41,0.0004662004662
41,738,0.00812751908163
1080,317,0.0004662004662
1285,3,0.0004662004662
1326,1744,0.00108649763822
544,213,0.0004662004662
109,8,0.000466200466201
556,8,0.0004662004662
2058,8,0.0004662004662
380,317,0.0004662004662
1817,1818,0.0004662004662
560,317,0.0004662004662
1501,5,0.0004662004662
1390,1,0.0004662004662
966,111,0.0004662004662
1418,67,0.000466200466201
580,576,0.0004662004662
2113,848,0.0004662004662
1450,41,0.0004662004662
467,972,0.0004662004662
695,4,0.0004662004662
339,213,0.0004662004662
2135,721,0.0004662004662
133,46,0.00660881966232
1908,289,0.0004662004662
763,161,0.0004662004662
1951,1078,0.0004662004662
1068,156,0.0004662004662
1798,1,0.0004662004662
2119,289,0.0004662004662
1965,648,0.0004662004662
1529,1454,0.0004662004662
2107,1554,0.0004662004662
723,5,0.0004662004662
1796,1744,0.0004662004662
953,289,0.0004662004662
582,942,0.00280965338893
1710,5,0.0004662004662
1854,55,0.0004662004662
1642,299,0.00260702234696
1255,41,0.0004662004662
2114,289,0.0004662004662
1986,1067,0.0004662004662
1774,1744,0.00046605563847
1119,41,0.00139729794902
688,317,0.00046605563847
514,758,0.00200579511051
798,270,0.0004662004662
1706,99,0.0004662004662
74,4,0.000466200466201
317,515,0.0079736509419
1516,5,0.0004662004662
1392,55,0.0004662004662
168,72,0.00601613129165
310,85,0.0004662004662
2073,289,0.0004662004662
811,317,0.00046605563847
1956,213,0.0004662004662
1328,41,0.0004662004662
1808,1075,0.0004662004662
1461,41,0.0004662004662
1118,72,0.0004662004662
1703,848,0.0004662004662
2080,1803,0.0004662004662
164,160,0.0004662004662
1489,55,0.0004662004662
1826,1419,0.00344312180764
699,4,0.0004662004662
529,306,0.0004662004662
255,162,0.0004662004662
1234,1098,0.0004662004662
247,4,0.0004662004662
123,1463,0.00240355355115
642,123,0.00322813891005
1804,1744,0.0004662004662
357,270,0.0004662004662
1693,72,0.0004662004662
1563,289,0.0004662004662
114,8,0.000466200466201
1797,1,0.0004662004662
875,41,0.0045854407424
2032,213,0.0004662004662
135,8,0.0004662004662
1379,55,0.0004662004662
508,509,0.00453085345524
112,85,0.0004662004662
1394,1073,0.00389849859171
1873,162,0.0004662004662
372,213,0.00446527546601
1616,1073,0.0004662004662
261,162,0.0004662004662
225,226,0.0004662004662
71,168,0.00594623910018
1214,41,0.0004662004662
1098,3,0.00325427911635
1407,41,0.0004662004662
381,8,0.00551255150942
1840,8,0.0004662004662
1885,8,0.0004662004662
1577,468,0.00133283338525
791,884,0.00351458588111
933,99,0.00264872817183
1511,55,0.00046605563847
1483,289,0.000931966449208
1742,289,0.00420625393029
1289,1,0.0004662004662
674,213,0.0004662004662
86,3,0.00527087997478
1115,1005,0.0004662004662
591,41,0.0118953234873
2132,848,0.0004662004662
748,4,0.00609283140032
1038,289,0.0004662004662
654,157,0.00387685603908
1590,289,0.0004662004662
1378,41,0.0004662004662
609,160,0.0004662004662
1914,289,0.00529487318721
1391,746,0.0004662004662
1074,41,0.0004662004662
876,317,0.0004662004662
329,317,0.00717830405607
2104,848,0.0004662004662
2099,848,0.0004662004662
662,3,0.00527087997478
1513,1454,0.0004662004662
117,169,0.00465418715539
162,108,0.00688182106016
2008,41,0.0004662004662
1868,1,0.0004662004662
1576,3,0.0004662004662
1130,317,0.0004662004662
1207,41,0.0004662004662
1454,1413,0.00495094653475
890,289,0.0004662004662
603,99,0.0004662004662
1779,55,0.0004662004662
978,72,0.0004662004662
1046,41,0.0004662004662
1075,41,0.00139729794902
1393,576,0.0004662004662
10,8,0.0004662004662
103,8,0.000466200466201
1646,221,0.0004662004662
916,289,0.0004662004662
1923,99,0.0004662004662
80,8,0.0004662004662
1286,41,0.000466200466201
1697,55,0.0004662004662
2131,289,0.0004662004662
2124,721,0.0004662004662
268,3,0.0004662004662
702,733,0.00211364513661
1580,41,0.0004662004662
885,8,0.00447491340529
1691,72,0.0004662004662
318,289,0.00419480680824
879,880,0.0004662004662
895,289,0.0004662004662
1179,226,0.0004662004662
1745,1744,0.0004662004662
1736,8,0.0004662004662
213,209,0.00869642573115
997,1347,0.000931966449208
2097,55,0.0004662004662
1945,289,0.0004662004662
566,8,0.0004662004662
622,648,0.0004662004662
1007,156,0.0004662004662
1442,8,0.0004662004662
543,221,0.0004662004662
613,545,0.00485544839824
1757,1744,0.0004662004662
2001,317,0.00124015986085
411,289,0.00582182301868
2028,1554,0.0004662004662
1960,41,0.0004662004662
860,8,0.0004662004662
292,99,0.0004662004662
321,289,0.0004662004662
1266,41,0.00278826394101
1143,41,0.0004662004662
765,541,0.0004662004662
1230,5,0.0004662004662
1602,1073,0.0004662004662
1500,1073,0.0004662004662
621,162,0.0004662004662
1881,41,0.000523633713289
1020,77,0.00151178427041
624,317,0.0004662004662
331,317,0.0004662004662
693,306,0.00389821164486
328,213,0.00579442485138
220,221,0.0004662004662
839,270,0.0004662004662
460,461,0.0004662004662
504,46,0.0004662004662
1842,1419,0.000621166138408
1963,289,0.0004662004662
1433,162,0.0004662004662
1935,8,0.0004662004662
329,4,0.00718499048183
530,46,0.0004662004662
237,8,0.0004662004662
768,8,0.0004662004662
722,46,0.0004662004662
1905,46,0.0004662004662
811,688,0.0003108003108
1152,41,0.0004662004662
1047,884,0.0004662004662
681,317,0.0004662004662
25,8,0.0004662004662
1732,299,0.00387290519033
1129,41,0.0004662004662
1354,55,0.00356076041309
954,162,0.0004662004662
1041,213,0.000465983224604
2019,289,0.0004662004662
968,126,0.0004662004662
631,177,0.0004662004662
623,41,0.000466200466201
1193,1183,0.0004662004662
16,8,0.0004662004662
1630,46,0.00454126016616
1066,99,0.0004662004662
1627,162,0.0004662004662
296,3,0.00801606488156
639,5,0.00377402485247
119,1,0.0004662004662
1610,8,0.00445991270222
884,1044,0.0046327912621
547,162,0.0055380704572
491,317,0.0004662004662
1830,8,0.0004662004662
1841,1871,0.0054725400026
1903,1585,0.000466200466199
1283,41,0.0004662004662
1552,1651,0.000931966449208
1705,221,0.0004662004662
897,1333,0.00360528317916
1728,1183,0.0038530225573
896,306,0.00320249604776
1036,160,0.00395865218678
868,306,0.0004662004662
564,541,0.0004662004662
1639,1,0.0004662004662
2094,721,0.0004662004662
1741,1,0.0004662004662
1067,1554,0.00381635234536
1430,912,0.000667138921245
1985,55,0.0004662004662
1790,509,0.0004662004662
1738,55,0.0004662004662
1153,41,0.0004662004662
1851,1744,0.0004662004662
1008,884,0.0004662004662
2033,289,0.0004662004662
1701,593,0.00139729794902
1201,41,0.00278826394101
1371,213,0.000465983224604
1164,41,0.0004662004662
635,636,0.0004662004662
124,85,0.0004662004662
1389,1116,0.0004662004662
2047,41,0.0004662004662
1604,55,0.0004662004662
1343,41,0.0004662004662
65,49,0.0004662004662
1228,41,0.0004662004662
457,317,0.0004662004662
1499,817,0.0004662004662
1293,897,0.00466466097981
56,8,0.0004662004662
534,46,0.0004662004662
706,46,0.0004662004662
420,289,0.0004662004662
707,4,0.0004662004662
235,4,0.0004662004662
5,1128,0.003353462107
654,133,0.00398255704295
1586,1538,0.0004662004662
1280,41,0.000477977247487
928,111,0.0004662004662
1534,156,0.0004662004662
742,156,0.00631732152555
1406,46,0.0004662004662
1841,1603,0.00368312197942
404,289,0.00675788934263
759,99,0.0004662004662
1342,1073,0.0004662004662
906,306,0.0004662004662
2108,1554,0.0004662004662
1135,41,0.0004662004662
1633,289,0.0004662004662
492,317,0.0004662004662
71,70,0.00611925439199
1352,41,0.0004662004662
1784,648,0.0004662004662
159,160,0.0119432819692
711,712,0.0004662004662
102,8,0.0004662004662
1140,41,0.0004662004662
191,85,0.0004662004662
1206,41,0.0004662004662
1730,8,0.0004662004662
188,733,0.00293807597434
1412,41,0.00046605563847
1388,1116,0.0004662004662
293,3,0.0004662004662
959,848,0.0004662004662
612,213,0.0004662004662
1858,8,0.0004662004662
2110,721,0.0004662004662
727,509,0.0004662004662
1006,989,0.0004662004662
259,162,0.00281835944074
1607,126,0.0004662004662
914,1,0.0004662004662
1344,317,0.0004662004662
807,289,0.00249335861268
270,613,0.00487318402636
366,213,0.0004662004662
823,55,0.0004662004662
988,989,0.0004662004662
1099,817,0.017123868038
766,4,0.0004662004662
503,46,0.0004662004662
153,46,0.0004662004662
176,177,0.0004662004662
553,289,0.0004662004662
1305,41,0.0004662004662
1466,289,0.0004662004662
1491,72,0.0004662004662
2122,3,0.0004662004662
1411,5,0.0004662004662
793,933,0.00263593869341
2086,721,0.0004662004662
829,306,0.0004662004662
500,46,0.0004662004662
720,721,0.0004662004662
54,55,0.0004662004662
1605,8,0.00420926616275
571,8,0.00504695978126
771,270,0.0004662004662
1897,289,0.0004662004662
712,133,0.00518176420421
60,8,0.0004662004662
1970,1971,0.0003108003108
1353,41,0.0004662004662
456,213,0.0004662004662
926,111,0.0004662004662
1775,1744,0.0004662004662
1591,162,0.0004662004662
416,289,0.0004662004662
2045,289,0.0004662004662
305,740,0.00372436824741
909,77,0.0004662004662
1394,1395,0.00385007284857
424,117,0.00634785290632
742,1718,0.00444565431038
265,3,0.0004662004662
1114,99,0.0004662004662
1225,41,0.0004662004662
963,945,0.0004662004662
1901,162,0.00139729794902
563,8,0.0004662004662
252,4,0.0004662004662
548,8,0.0004662004662
630,123,0.0004662004662
861,5,0.000466200466201
1853,1550,0.0004662004662
761,4,0.0004662004662
1820,1842,0.000466055638469
475,289,0.0004662004662
1528,289,0.0004662004662
833,306,0.0004662004662
66,8,0.000466200466201
1010,55,0.00533147002231
1841,2050,0.00507758984245
1245,55,0.00278228512771
938,715,0.0004662004662
1247,162,0.0004662004662
1358,241,0.0004662004662
908,8,0.0004662004662
470,289,0.0004662004662
831,414,0.0004662004662
987,111,0.0004662004662
110,306,0.00567258655088
1185,1718,0.00139729794902
684,8,0.0004662004662
810,793,0.00247062840195
479,99,0.0004662004662
1166,41,0.0004662004662
501,46,0.0004662004662
1423,1067,0.00418063150399
364,317,0.0004662004662
24,740,0.00354992769726
1748,1744,0.0004662004662
935,111,0.0004662004662
1345,41,0.0004662004662
262,162,0.00164223351537
2141,289,0.0004662004662
1226,41,0.0004662004662
1713,99,0.0004662004662
1319,41,0.0004662004662
1572,213,0.0004662004662
1640,162,0.0004662004662
1532,1537,0.00139729794902
505,306,0.00347798833259
2067,848,0.0004662004662
1672,593,0.0004662004662
1722,8,0.0004662004662
1183,1871,0.00733990121236
932,111,0.0004662004662
990,817,0.0004662004662
64,8,0.000466200466201
1282,41,0.0004662004662
661,317,0.0004662004662
1906,1419,0.0004662004662
1568,162,0.0004662004662
284,5,0.0004662004662
1827,8,0.0004662004662
121,8,0.0004662004662
1265,1484,0.00232665749907
333,289,0.0034732399706
1663,289,0.0004662004662
526,306,0.0004662004662
1782,648,0.0004662004662
1975,41,0.0004662004662
743,3,0.0004662004662
269,162,0.0004662004662
1995,1,0.0004662004662
1350,41,0.00046605563847
1061,99,0.0004662004662
757,161,0.0004662004662
1829,1803,0.00551021332316
4,264,0.00486811444259
482,4,0.0004662004662
1165,41,0.0004662004662
1333,41,0.00367469475068
664,85,0.0004662004662
1385,1,0.0004662004662
1486,41,0.0004662004662
317,590,0.00688832903756
1454,1261,0.00319695546054
1857,8,0.0004662004662
251,123,0.0116472434492
1950,46,0.0004662004662
2005,5,0.000559266766164
1609,289,0.0004662004662
1861,72,0.0004662004662
535,46,0.0004662004662
579,213,0.0004662004662
1386,41,0.0004662004662
1065,41,0.000466200466201
1967,1419,0.0004662004662
794,740,0.000466200466201
1613,8,0.0004662004662
1772,1744,0.0004662004662
1892,221,0.00758179847772
1933,1863,0.00132268105625
1577,702,0.00208714889866
571,46,0.00560653670831
685,55,0.0004662004662
912,1120,0.0004662004662
1421,5,0.0004662004662
1124,1,0.00655002043015
1100,99,0.0004662004662
610,8,0.0004662004662
1517,465,0.00525547756879
469,317,0.0004662004662
773,177,0.0004662004662
444,213,0.0004662004662
1937,8,0.0004662004662
1652,3,0.00495552696339
1820,1419,0.000776421466077
882,99,0.0004662004662
2042,1803,0.0004662004662
745,732,0.0004662004662
1110,1005,0.0004662004662
147,8,0.0004662004662
927,715,0.0004662004662
1471,55,0.0004662004662
1671,23,0.0004662004662
1288,55,0.00350776166805
439,289,0.0034732399706
1013,793,0.00387532465837
632,4,0.0042062970928
790,3,0.00748223567869
1938,46,0.0004662004662
625,8,0.0004662004662
2103,1690,0.0004662004662
319,213,0.0004662004662
348,289,0.00420625393029
536,289,0.0004662004662
244,3,0.0004662004662
1660,46,0.0004662004662
586,5,0.0004662004662
1307,509,0.0004662004662
1204,41,0.00601390843019
1920,509,0.0004662004662
1059,77,0.0004662004662
753,1,0.0004662004662
1538,1685,0.00046560305181
830,306,0.0004662004662
1329,55,0.0004662004662
445,3,0.0004662004662
1587,468,0.000899466091933
1750,1744,0.0004662004662
243,46,0.0004662004662
136,99,0.0004662004662
1002,1,0.0004662004662
736,732,0.0004662004662
1815,289,0.0004662004662
371,8,0.0004662004662
439,306,0.00346819965163
2062,1962,0.0004662004662
39,8,0.0004662004662
2054,989,0.0004662004662
923,111,0.0004662004662
922,111,0.0004662004662
1415,1161,0.000931966449208
1634,46,0.0004662004662
178,3,0.0004662004662
1351,817,0.0004662004662
1719,1698,0.00483007639421
1239,41,0.0004662004662
1867,41,0.0004662004662
866,1916,0.0004662004662
1953,213,0.00419149744863
374,213,0.00587210062321
160,161,0.00667224252281
263,4,0.0004662004662
185,41,0.00537613150342
161,541,0.0084299881644
749,752,0.0003108003108
1317,41,0.0004662004662
547,8,0.00629426280817
1688,3,0.0004662004662
320,213,0.0004662004662
626,23,0.0117444743291
1875,55,0.0004662004662
1909,289,0.0004662004662
1846,8,0.0004662004662
382,213,0.0004662004662
1727,41,0.0004662004662
1791,1744,0.0004662004662
2061,848,0.0004662004662
1856,41,0.0004662004662
85,158,0.0051963541936
273,289,0.00423522376333
1668,162,0.00470254539025
154,8,0.000466200466201
1952,41,0.0004662004662
1139,41,0.0004662004662
1768,1774,0.0003108003108
1381,596,0.0004662004662
314,8,0.0004662004662
118,85,0.0004662004662
242,67,0.0082443753132
57,8,0.0004662004662
1213,41,0.0004662004662
741,732,0.0004662004662
264,8,0.00488244550251
1439,41,0.0004662004662
471,465,0.0004662004662
1238,41,0.0004662004662
1438,1444,0.0019473139972
531,8,0.0004662004662
1237,55,0.0004662004662
41,514,0.00222240091061
837,46,0.0004662004662
1268,41,0.00278826394101
55,942,0.00617626411837
305,306,0.00424739705796
827,55,0.00575991727644
1630,1,0.0045356499152
1567,8,0.0004662004662
1904,289,0.0004662004662
432,317,0.0004662004662
921,160,0.00279068554931
381,213,0.00461328076648
359,213,0.0004662004662
1361,1674,0.00370309270457
41,513,0.00675551565663
1795,1,0.0004662004662
441,213,0.0004662004662
1425,160,0.0004662004662
1778,1744,0.00046605563847
712,575,0.00390230372624
809,241,0.0004662004662
1617,721,0.00585669307896
325,306,0.0004662004662
1767,1744,0.000465874603806
1205,593,0.0004662004662
1596,1495,0.0004662004662
1357,41,0.0004662004662
1016,111,0.00771237763793
1212,41,0.0004662004662
892,289,0.00046605563847
2012,41,0.0004662004662
256,41,0.0004662004662
656,4,0.00344946045525
1661,289,0.0004662004662
1510,41,0.0004662004662
2053,213,0.00419149744863
673,8,0.0004662004662
2034,289,0.0004662004662
1573,1,0.0004662004662
960,317,0.0004662004662
756,46,0.0004662004662
949,126,0.0004662004662
1767,1770,0.0002331002331
155,715,0.00313256231287
518,46,0.0004662004662
1181,5,0.0004662004662
221,1588,0.00388071938896
2105,46,0.0004662004662
1714,123,0.0004662004662
1949,8,0.0004662004662
1464,55,0.0004662004662
448,306,0.0004662004662
1934,8,0.0004662004662
127,162,0.00713476875549
2076,55,0.0004662004662
1682,289,0.0004662004662
160,863,0.00631006652521
421,289,0.0004662004662
1445,41,0.0004662004662
792,5,0.0004662004662
522,55,0.00770019814219
1103,99,0.0004662004662
442,213,0.0004662004662
499,317,0.0004662004662
795,306,0.000931966449208
655,4,0.0004662004662
1299,55,0.00278228512771
1621,289,0.0004662004662
1376,1,0.0004662004662
2059,126,0.0004662004662
872,99,0.00264872817183
1405,46,0.0004662004662
1064,99,0.0004662004662
85,189,0.00384710074469
1315,1073,0.0004662004662
166,162,0.00375605752613
15,8,0.000466200466201
402,213,0.0004662004662
546,541,0.0004662004662
907,126,0.0004662004662
1553,1554,0.0004662004662
680,41,0.0004662004662
1444,162,0.00202953442586
1032,715,0.0004662004662
428,213,0.0004662004662
1016,5,0.00749674973589
1202,593,0.0004662004662
1636,1701,0.000931966449208
1886,8,0.0004662004662
1933,509,0.00449763826814
1716,8,0.0004662004662
985,46,0.00408956970541
1054,126,0.0004662004662
90,4,0.0004662004662
1899,8,0.0004662004662
2077,162,0.0004662004662
571,289,0.00566503265256
749,740,0.00046605563847
1410,3,0.000931966449208
740,8,0.00669673686647
1629,289,0.0004662004662
717,4,0.0004662004662
1912,99,0.0004662004662
793,1019,0.00263593869341
83,4,0.0004662004662
1687,46,0.0004662004662
740,411,0.00413992281565
873,1119,0.000931966449208
1362,221,0.0004662004662
1597,289,0.0004662004662
751,731,0.0004662004662
1800,1744,0.0004662004662
576,213,0.00608506354027
627,414,0.00352951974778
177,657,0.00300791125375
889,1005,0.0004662004662
155,156,0.0032321393026
186,8,0.000466200466201
311,289,0.0034732399706
184,99,0.00355689279838
1729,8,0.0004662004662
360,289,0.0004662004662
805,221,0.00395224871039
1700,55,0.0004662004662
784,997,0.0004662004662
993,306,0.0004662004662
131,67,0.0004662004662
1566,41,0.0004662004662
272,99,0.0004662004662
2027,5,0.0004662004662
1592,55,0.0004662004662
1984,721,0.000372873476322
1828,8,0.00991776826211
418,289,0.0004662004662
1409,1410,0.0004662004662
1337,213,0.0004662004662
1813,162,0.00755848003214
1458,5,0.0004662004662
78,8,0.0004662004662
846,817,0.0004662004662
22,23,0.0004662004662
383,99,0.000466200466201
1957,213,0.0004662004662
1704,1803,0.00389530920762
1279,55,0.0004662004662
891,848,0.0004662004662
1669,55,0.0004662004662
1375,41,0.0004662004662
994,162,0.0004662004662
2118,3,0.0004662004662
429,317,0.0004662004662
1429,23,0.000466200466201
438,525,0.0003108003108
259,262,0.00155897947384
266,5,0.0004662004662
791,654,0.0035200061877
440,306,0.0004662004662
597,317,0.0004662004662
1210,41,0.0004662004662
2069,1183,0.00279068554931
302,213,0.0004662004662
407,270,0.0004662004662
387,289,0.0004662004662
43,8,0.0004662004662
919,111,0.0004662004662
206,8,0.0004662004662
1356,55,0.0004662004662
487,317,0.0004662004662
951,289,0.0004662004662
1180,55,0.0004662004662
1148,41,0.000466200466201
100,41,0.0004662004662
488,123,0.0004662004662
498,241,0.0004662004662
2038,848,0.0004662004662
1018,925,0.0004662004662
948,111,0.0004662004662
373,213,0.00446527546601
793,872,0.00263593869341
2112,289,0.0004662004662
1302,1,0.0004662004662
1183,1128,0.00392869221818
615,317,0.0004662004662
1321,41,0.00278826394101
7,8,0.000466200466201
1707,848,0.0004662004662
308,8,0.0004662004662
1998,41,0.0004662004662
1009,1,0.0004662004662
999,21,0.00139729794902
48,8,0.0004662004662
1260,397,0.00282622106994
61,8,0.000466200466201
353,3,0.0004662004662
1893,85,0.0036088287975
494,289,0.0004662004662
299,1402,0.00440914683863
1125,41,0.0004662004662
813,306,0.0004662004662
672,8,0.0004662004662
355,306,0.000466200466201
62,8,0.0004662004662
1069,731,0.0004662004662
1312,41,0.0004662004662
368,5,0.0004662004662
2060,1651,0.0004662004662
2093,848,0.0004662004662
221,1594,0.00388071938896
754,8,0.0004662004662
976,111,0.0004662004662
453,99,0.0004662004662
1776,1744,0.000776131810615
435,306,0.0004662004662
1209,41,0.0004662004662
848,1829,0.00407077120707
509,799,0.00597861093904
1029,1,0.0004662004662
0,1,0.00593967348525
195,5,0.000466200466201
490,8,0.00690934652325
1753,1744,0.0004662004662
140,3,0.00535423660122
1833,8,0.0004662004662
370,213,0.0004662004662
431,289,0.0004662004662
1600,414,0.0004662004662
1045,289,0.0004662004662
981,111,0.0004662004662
4,693,0.00389193313636
403,213,0.0004662004662
1506,41,0.0004662004662
209,3,0.00854799520091
1463,912,0.00144473669093
342,317,0.00603201387122
1288,41,0.00608596667345
1001,925,0.0004662004662
1527,41,0.000477977247487
1557,1544,0.0003108003108
223,156,0.0004662004662
1401,3,0.0004662004662
365,306,0.00325510804309
574,8,0.0004662004662
1855,8,0.0004662004662
588,317,0.0004662004662
1039,8,0.0004662004662
151,46,0.0004662004662
99,108,0.00616933100479
502,213,0.0004662004662
1530,162,0.0004662004662
851,912,0.00144473669093
2055,46,0.0004662004662
1635,1636,0.0004662004662
1330,1326,0.0004662004662
361,99,0.0004662004662
815,156,0.0004662004662
1395,1,0.00424572160849
398,299,0.0004662004662
941,126,0.0004662004662
1092,3,0.0118459706036
1969,1841,0.00260648596113
724,8,0.0004662004662
146,8,0.0004662004662
1723,8,0.0004662004662
1507,55,0.0004662004662
2063,1554,0.0004662004662
915,126,0.0004662004662
4,49,0.00452494400086
2126,46,0.0004662004662
865,4,0.0004662004662
668,41,0.000466200466201
1931,8,0.0004662004662
632,1933,0.00407970085083
2014,8,0.0004662004662
1587,1577,0.000852197480981
133,8,0.0117638660634
1128,1133,0.00273907494987
162,253,0.00535392405869
1836,896,0.00303850525741
977,126,0.0004662004662
2,3,0.000466200466203
1460,41,0.0004662004662
772,740,0.0004662004662
702,99,0.00495454059993
29,8,0.0004662004662
1737,8,0.0004662004662
1644,509,0.000466200466201
1260,1116,0.0028892336824
70,72,0.0169721059658
1076,126,0.0004662004662
567,541,0.00486257539398
2138,721,0.0004662004662
28,27,0.000931966449208
1746,1744,0.0004662004662
617,46,0.00680864763062
1013,213,0.00389474550949
1617,1,0.00596481144557
1031,213,0.000465874603806
1294,897,0.0004662004662
2102,721,0.0004662004662
1546,1728,0.00232665749907
1802,1719,0.0004662004662
204,8,0.00518510496858
1615,46,0.0004662004662
1756,1744,0.0004662004662
1438,162,0.00359296043042
49,117,0.00430753130802
142,1,0.00546455961417
1091,41,0.0004662004662
1287,41,0.0004662004662
236,72,0.0004662004662
1624,1,0.0072075348995
2053,289,0.00419480680824
21,4,0.00186219496564
1939,99,0.0004662004662
177,411,0.00377690066205
1704,221,0.00402287624117
2137,3,0.0004662004662
210,3,0.0004662004662
1860,790,0.0004662004662
417,289,0.0004662004662
1042,774,0.0004662004662
1186,41,0.0004662004662
1327,41,0.0004662004662
690,213,0.0004662004662
1936,8,0.0004662004662
376,213,0.0004662004662
979,77,0.0004662004662
4,24,0.00475440168762
1522,41,0.0004662004662
947,160,0.00386405330558
1161,5,0.0055341729521
1575,1,0.0004662004662
365,213,0.00478826630303
1921,1922,0.0004662004662
647,648,0.0004662004662
599,317,0.0004662004662
1518,8,0.00631554350272
572,412,0.000931966449208
797,213,0.0004662004662
1555,41,0.0004662004662
8,86,0.0052841968043
1588,162,0.00389065391081
2004,41,0.0004662004662
1443,162,0.0004662004662
1284,41,0.0004662004662
221,1718,0.00424998722896
433,306,0.0004662004662
2066,648,0.0004662004662
1431,465,0.0004662004662
776,213,0.00259847562011
799,289,0.00460743258594
1657,55,0.0004662004662
241,76,0.00232665749907
2116,721,0.0004662004662
2145,289,0.0004662004662
452,306,0.0004662004662
199,8,0.000466200466201
587,160,0.0004662004662
1071,1,0.0004662004662
814,793,0.00247062840195
836,46,0.0004662004662
665,414,0.0039717786489
390,391,0.0004662004662
691,4,0.0004662004662
1384,1415,0.0004662004662
449,213,0.0004662004662
32,8,0.0004662004662
1033,509,0.0004662004662
545,541,0.00502847291316
2007,5,0.000372873476322
1253,41,0.0004662004662
67,161,0.00939546575303
583,317,0.0004662004662
213,296,0.00584188864786
152,4,0.0004662004662
175,85,0.0004662004662
1198,55,0.0004662004662
1400,851,0.000907272601288
1947,1546,0.0004662004662
649,572,0.0004662004662
1715,3,0.00752791828498
1832,8,0.0004662004662
901,299,0.0004662004662
464,465,0.0004662004662
820,821,0.0004662004662
497,123,0.0004662004662
430,213,0.0004662004662
1012,8,0.0004662004662
1942,99,0.0004662004662
842,46,0.00572425981781
1372,72,0.0004662004662
158,8,0.00532931957697
1718,1719,0.00501080133574
878,46,0.0004662004662
663,123,0.00515842855922
1208,41,0.000931966449208
1771,1744,0.0004662004662
38,1,0.0004662004662
542,123,0.0004662004662
231,1,0.000559266766164
1304,1128,0.00243985857495
689,8,0.0004662004662
705,41,0.0004662004662
1298,41,0.0004662004662
1538,41,0.000581175581176
607,8,0.0004662004662
516,317,0.0004662004662
1850,1,0.0056088503936
2127,46,0.0004662004662
317,372,0.0044505795724
27,67,0.00139729794902
519,46,0.0004662004662
330,213,0.0004662004662
714,99,0.00271029645939
1300,160,0.0004662004662
1416,46,0.0004662004662
1413,221,0.00502056092001
1482,1483,0.0004662004662
1174,41,0.0004662004662
351,8,0.0004662004662
145,8,0.000466200466201
2031,1651,0.0004662004662
1884,41,0.0004662004662
1990,289,0.0004662004662
41,547,0.0120392677726
1622,46,0.0004662004662
1792,1,0.0004662004662
1925,289,0.00508638502731
317,373,0.00445057957239
602,289,0.0004662004662
1864,8,0.0004662004662
1062,8,0.0004662004662
652,306,0.0004662004662
93,8,0.0004662004662
1266,55,0.00278228512771
55,1438,0.00529863283576
2040,85,0.0004662004662
3,1099,0.0355089495093
2092,721,0.000559266766164
1829,1892,0.0034305515506
2036,213,0.0004662004662
1539,41,0.0004662004662
568,8,0.0004662004662
512,3,0.0004662004662
189,8,0.00391348275611
389,8,0.00580419105446
874,8,0.0004662004662
1728,5,0.0035853917107
678,412,0.00430160132888
818,8,0.0004662004662
1764,1744,0.0004662004662
37,4,0.0068032162697
1419,1828,0.00387417115332
601,541,0.0004662004662
1428,46,0.0004662004662
1911,289,0.0004662004662
1263,1495,0.000563993485954
1321,55,0.00278228512771
158,99,0.00705586935872
2024,289,0.0004662004662
1162,177,0.00435448152465
1689,1690,0.0004662004662
1758,1744,0.0004662004662
728,8,0.0004662004662
508,5,0.00455223084287
835,306,0.0004662004662
584,306,0.0004662004662
1434,85,0.0004662004662
888,795,0.0004662004662
634,465,0.0004662004662
670,8,0.0004662004662
1403,8,0.00494403501934
1969,648,0.00254028768919
1504,55,0.0004662004662
208,4,0.0004662004662
1249,126,0.0004662004662
871,306,0.0004662004662
363,77,0.0004662004662
1681,1097,0.0004662004662
1847,648,0.0004662004662
412,213,0.00572227542599
1625,509,0.000931966449208
1252,55,0.0004662004662
1709,213,0.00419149744863
824,55,0.0004662004662
638,213,0.0004662004662
134,289,0.00375566034454
283,5,0.0004662004662
1542,213,0.0004662004662
943,8,0.0004662004662
742,221,0.00918557194133
1331,746,0.0004662004662
295,49,0.0004662004662
897,414,0.0057677320939
1399,46,0.0004662004662
779,712,0.0004662004662
1427,41,0.00570736042469
2009,3,0.0004662004662
8,271,0.0052841968043
75,8,0.000466200466201
1747,1744,0.0004662004662
427,5,0.00481362399868
41,758,0.0057352128025
1954,1744,0.0004662004662
1023,712,0.0004662004662
1793,1,0.0004662004662
106,8,0.000466200466201
838,821,0.0004662004662
424,1,0.0219419801824
660,317,0.0004662004662
1641,1030,0.0004662004662
149,5,0.0004662004662
1760,1304,0.0004662004662
1347,41,0.00139729794902
1122,41,0.0004662004662
455,156,0.0004662004662
1523,41,0.0004662004662
1685,41,0.000523633713289
1997,41,0.0004662004662
1275,1051,0.00217840214907
134,133,0.0037295427625
682,41,0.0004662004662
1448,317,0.0004662004662
746,1871,0.00634303776327
1517,1454,0.00525550700358
1926,698,0.0004662004662
653,654,0.0004662004662
1941,99,0.0054962331633
411,46,0.00772802309486
480,317,0.0004662004662
1134,5,0.00298681387059
1581,306,0.00578234248967
764,306,0.00621569892902
1096,1005,0.0004662004662
1028,317,0.0241099068685
804,306,0.00589777748227
1040,774,0.0004662004662
1022,8,0.00635498919552
358,317,0.0004662004662
747,732,0.0004662004662
1278,1185,0.0004662004662
391,213,0.000931966449208
1090,156,0.0004662004662
1467,1454,0.0004662004662
299,1403,0.00440914683863
640,41,0.00380126169016
1374,5,0.000466200466201
1626,99,0.0004662004662
810,289,0.00249335861268
69,8,0.0004662004662
337,4,0.0004662004662
2143,289,0.0004662004662
1453,1454,0.0004662004662
1121,41,0.0004662004662
81,3,0.0004662004662
540,306,0.0004662004662
1053,884,0.0004662004662
1349,3,0.0004662004662
41,1662,0.00580314741109
984,985,0.0004662004662
1843,1419,0.0004662004662
1514,55,0.0004662004662
925,41,0.00279068554931
1016,41,0.00604812895113
377,41,0.0004662004662
2078,289,0.0004662004662
126,1606,0.00798048821432
1031,1371,0.000349596039251
1783,1744,0.0004662004662
1172,41,0.0004662004662
385,213,0.0004662004662
738,1,0.00999614745656
41,702,0.00735997917525
894,5,0.0004662004662
1263,1178,0.000416669382187
1175,99,0.0004662004662
1496,289,0.0004662004662
1397,41,0.0004662004662
2022,289,0.0004662004662
1556,289,0.0004662004662
2075,289,0.0004662004662
778,221,0.0004662004662
465,1427,0.0056151963541
944,161,0.0105805728458
332,213,0.0004662004662
346,289,0.0004662004662
259,99,0.00412785124633
1564,306,0.00346819965163
1241,41,0.0004662004662
485,289,0.00343503152444
79,3,0.0004662004662
758,790,0.00724836497851
1004,1005,0.0004662004662
911,160,0.00395865218678
1102,162,0.0004662004662
85,166,0.00370330488678
230,4,0.0004662004662
1801,509,0.0004662004662
525,5,0.00046605563847
277,3,0.0004662004662
1569,289,0.0004662004662
946,77,0.0004662004662
462,317,0.0004662004662
1108,774,0.0004662004662
286,3,0.0004662004662
589,8,0.0004662004662
44,8,0.000466200466201
608,541,0.0004662004662
2052,289,0.0004662004662
721,1715,0.00754162194117
1865,77,0.0004662004662
239,3,0.0004662004662
1034,1005,0.0004662004662
2111,162,0.0004662004662
986,306,0.0004662004662
855,317,0.0004662004662
1173,41,0.0004662004662
289,1092,0.0118665797977
378,8,0.0004662004662
800,221,0.0004662004662
1220,55,0.0004662004662
424,289,0.00831616619683
650,5,0.0004662004662
1168,111,0.0004662004662
2013,41,0.0004662004662
1928,99,0.0004662004662
713,8,0.0004662004662
446,213,0.0004662004662
1263,1527,0.000404561021621
732,738,0.00501154885476
937,306,0.0004662004662
1675,5,0.0004662004662
1370,721,0.0004662004662
1088,1083,0.0004662004662
1519,41,0.0004662004662
1313,41,0.00328909009634
786,156,0.000931966449208
1946,593,0.0004662004662
1056,465,0.0004662004662
924,925,0.0004662004662
194,4,0.0004662004662
1095,289,0.0004662004662
1086,1083,0.0004662004662
1365,41,0.0004662004662
354,317,0.0004662004662
1850,985,0.00385461526298
760,161,0.0004662004662
1845,1,0.0004662004662
509,1680,0.00576418070082
551,8,0.0004662004662
1538,2016,0.00046560305181
1877,8,0.0004662004662
1611,3,0.0004662004662
443,306,0.0004662004662
646,8,0.0004662004662
875,715,0.00449259300756
12,8,0.000466200466201
1089,972,0.0004662004662
1161,1162,0.005479454915
1560,41,0.0004662004662
975,111,0.0004662004662
218,365,0.00349352965876
1571,1075,0.0004662004662
1149,41,0.0004662004662
898,289,0.0004662004662
1264,41,0.0004662004662
936,289,0.0004662004662
1441,5,0.0004662004662
116,117,0.00275068014013
1584,1,0.0004662004662
466,317,0.0004662004662
1037,5,0.0004662004662
173,160,0.0004662004662
1653,1546,0.0004662004662
1215,8,0.00870666328382
859,160,0.0004662004662
126,897,0.0087985805184
1400,1463,0.000907272601288
425,317,0.0004662004662
2133,2134,0.0003108003108
1204,111,0.00591833276035
281,77,0.0004662004662
179,1,0.0004662004662
2056,8,0.0004662004662
484,465,0.0004662004662
1162,1871,0.00425804274762
1477,289,0.0004662004662
105,8,0.0004662004662
1318,306,0.0004662004662
1232,41,0.0004662004662
1493,532,0.0013361814768
1348,72,0.000931966449208
221,204,0.00516154107467
1735,1395,0.0004662004662
1531,289,0.0004662004662
324,213,0.0004662004662
1094,1083,0.0004662004662
1084,1005,0.0004662004662
2134,2070,0.00046605563847
340,289,0.0004662004662
1651,1128,0.00561968861413
2139,1690,0.0004662004662
343,213,0.0004662004662
2089,721,0.0004662004662
683,46,0.0004662004662
2041,289,0.0004662004662
1862,974,0.0004662004662
947,817,0.00382553677243
1123,41,0.0004662004662
1880,221,0.0004662004662
196,8,0.0004662004662
258,5,0.0004662004662
1996,41,0.0004662004662
8,108,0.0123860711195
312,242,0.00820244280889
1010,41,0.00534342764893
1346,41,0.00328909009634
701,46,0.0004662004662
454,289,0.0004662004662
1126,41,0.0004662004662
1822,41,0.0004662004662
737,4,0.0004662004662
1251,41,0.0004662004662
396,306,0.0004662004662
1902,1901,0.0004662004662
1170,41,0.0004662004662
1962,213,0.000931966449208
575,162,0.00489049662816
1989,5,0.0004662004662
1940,99,0.0004662004662
1883,821,0.0004662004662
68,8,0.0004662004662
1583,1,0.0004662004662
41,374,0.0058773785719
2079,541,0.0004662004662
99,1652,0.00495589082815
73,8,0.000466200466201
585,400,0.0004662004662
211,8,0.0004662004662
72,626,0.0185691749001
510,72,0.00325427911635
1183,5,0.00523101979679
1809,8,0.0004662004662
1332,72,0.0004662004662
1132,41,0.0004662004662
1243,41,0.0004662004662
522,317,0.00768620311319
1859,77,0.0004662004662
1380,912,0.0004662004662
538,317,0.0004662004662
8,662,0.0052841968043
144,8,0.0004662004662
507,46,0.0004662004662
2146,289,0.0004662004662
1,108,0.00769161131583
1155,41,0.0004662004662
870,160,0.0004662004662
165,1,0.0004662004662
1866,289,0.0004662004662
1262,41,0.0004662004662
1961,289,0.0004662004662
596,510,0.00279068554931
315,99,0.0004662004662
973,974,0.0004662004662
686,46,0.0004662004662
841,306,0.0004662004662
1078,1112,0.00244346428721
719,23,0.000466200466201
983,111,0.0004662004662
1788,1744,0.0004662004662
991,306,0.0004662004662
867,41,0.0004662004662
2142,1,0.0004662004662
1654,221,0.0004662004662
1269,41,0.0004662004662
528,1642,0.00247442228377
1837,509,0.00281222420774
1171,41,0.0004662004662
188,8,0.00536602267823
821,842,0.0038168765241
1894,8,0.0004662004662
279,1,0.000372873476322
620,8,0.0004662004662
1574,289,0.0004662004662
253,3,0.00535423660122
789,790,0.0004662004662
55,1215,0.00374363920606
1396,41,0.0004662004662
1436,162,0.0004662004662
577,160,0.0004662004662
1930,99,0.0004662004662
1749,1744,0.0004662004662
1408,46,0.0004662004662
1308,41,0.000466200466201
77,944,0.0148049649405
1761,1744,0.0004662004662
1680,46,0.00579726086902
1679,289,0.0004662004662
1079,160,0.0004662004662
2023,289,0.0004662004662
793,99,0.00483140090545
1674,5,0.00408444140004
316,317,0.0004662004662
1363,41,0.0004662004662
658,4,0.0004662004662
1049,1,0.0004662004662
1959,46,0.0004662004662
2133,2070,0.00046605563847
1341,3,0.0004662004662
2006,1,0.0004662004662
642,541,0.00321483639677
1891,289,0.0004662004662
1648,99,0.0004662004662
940,317,0.0004662004662
1900,41,0.0004662004662
2051,289,0.0004662004662
1077,817,0.0004662004662
231,279,0.00027972027972
267,41,0.0004662004662
18,8,0.000466200466201
942,306,0.0060884147434
1290,41,0.0004662004662
618,1,0.0081707605903
1632,85,0.00484584893514
511,160,0.0004662004662
1594,162,0.00389065391081
2068,3,0.0004662004662
1677,289,0.0004662004662
1455,4,0.0004662004662
633,541,0.00321483639677
2098,848,0.0004662004662
1773,1744,0.0004662004662
217,8,0.0004662004662
1322,41,0.0004662004662
1134,1128,0.00249465439775
138,8,0.0004662004662
2136,2070,0.0004662004662
825,793,0.00247062840195
205,4,0.0004662004662
1578,221,0.0004662004662
1521,1265,0.0004662004662
858,306,0.0004662004662
552,8,0.0004662004662
1493,213,0.00242874162289
1093,1083,0.0004662004662
1637,1841,0.00181371705467
1101,1098,0.0004662004662
862,41,0.0004662004662
598,177,0.0004662004662
1656,8,0.0004662004662
2085,41,0.000523633713289
116,162,0.0028057350012
920,111,0.0004662004662
478,41,0.0004662004662
1794,1744,0.0004662004662
648,1828,0.00440244088714
1968,1651,0.0004662004662
301,99,0.0004662004662
1744,1028,0.0236662995284
2095,848,0.0004662004662
1605,289,0.00420625393029
1156,41,0.0004662004662
162,140,0.00535392405869
400,541,0.00139729794902
1554,2043,0.00533735255416
1676,1550,0.0004662004662
1304,5,0.00373853366673
1465,1454,0.0004662004662
496,213,0.0004662004662
1561,41,0.00371686784337
1849,41,0.0004662004662
1929,46,0.0004662004662
1557,1,0.00046605563847
1917,99,0.0004662004662
1848,8,0.0004662004662
1011,989,0.0004662004662
1324,221,0.0004662004662
996,1,0.0004662004662
1709,289,0.00419480680824
1762,1744,0.0004662004662
532,213,0.00144741337446
1525,1454,0.0004662004662
1163,41,0.0004662004662
4,5,0.00917854256989
1595,289,0.0004662004662
1189,41,0.0004662004662
1190,41,0.0004662004662
1619,317,0.0004662004662
1366,55,0.0004662004662
629,317,0.0004662004662
405,23,0.0004662004662
677,4,0.0004662004662
1538,1881,0.00046560305181
148,8,0.000466200466201
734,541,0.0004662004662
1606,1183,0.0054368473214
554,299,0.000466200466201
791,712,0.00308671708236
742,41,0.00747928341404
931,289,0.0004662004662
345,289,0.0004662004662
637,412,0.00355395640546
594,162,0.0004662004662
1839,790,0.0004662004662
582,273,0.00358704495984
181,1,0.0004662004662
1311,1,0.0004662004662
1157,41,0.0004662004662
1470,1454,0.0004662004662
1350,1412,0.0003108003108
317,212,0.0044505795724
1019,99,0.00264872817183
23,251,0.0115115340784
375,317,0.0004662004662
1196,41,0.0004662004662
1958,596,0.0004662004662
2123,3,0.0004662004662
85,142,0.00541355634477
495,213,0.0004662004662
762,740,0.0004662004662
1197,156,0.00344859487966
582,575,0.0028061714389
1057,306,0.0004662004662
141,3,0.0004662004662
367,4,0.00541783070139
1538,2021,0.00046560305181
0,306,0.00594699967583
801,317,0.0004662004662
42,5,0.0004662004662
2039,41,0.00490372183448
939,289,0.0004662004662
1533,1532,0.0004662004662
489,317,0.0004662004662
493,123,0.0004662004662
1240,41,0.0004662004662
1812,1803,0.0004662004662
1694,1690,0.0004662004662
254,4,0.0004662004662
273,424,0.00498730195302
422,41,0.0004662004662
2025,1348,0.0004662004662
474,99,0.0004662004662
1670,23,0.0004662004662
1244,41,0.0004662004662
483,306,0.0004662004662
1966,55,0.0004662004662
1717,213,0.0004662004662
1131,41,0.0004662004662
1834,8,0.0004662004662
2088,41,0.000466200466201
725,317,0.0004662004662
309,99,0.0004662004662
666,317,0.0004662004662
1219,55,0.0004662004662
671,8,0.0004662004662
51,8,0.000466200466201
1402,8,0.00494403501934
170,41,0.0004662004662
1124,213,0.0065590775801
84,85,0.0004662004662
547,289,0.00685760746272
98,99,0.0004662004662
644,3,0.000931966449208
1335,41,0.0004662004662
228,8,0.0004662004662
961,77,0.0004662004662
2144,289,0.0004662004662
884,885,0.00422082229327
1154,289,0.00595324669846
1058,5,0.0004662004662
1195,509,0.0004662004662
665,4,0.00403145291406
1248,41,0.0004662004662
356,99,0.0004662004662
4,1022,0.00647767144393
1610,46,0.00445014421116
1520,1454,0.0004662004662
687,4,0.0004662004662
1632,221,0.00488866705264
826,306,0.0004662004662
257,5,0.0004662004662
1925,46,0.00507962876871
468,8,0.00483682347179
130,8,0.000466200466201
1005,945,0.00552465514918
1446,8,0.0004662004662
96,8,0.0004662004662
1320,41,0.0004662004662
187,3,0.0004662004662
1268,55,0.00278228512771
1116,1183,0.00406501183364
555,8,0.0004662004662
1614,289,0.0004662004662
35,8,0.000466200466201
1309,41,0.0004662004662
1000,1,0.0004662004662
221,55,0.00735923516622
17,5,0.0004662004662
1752,1744,0.0004662004662
1364,3,0.0004662004662
59,4,0.0004662004662
107,8,0.0004662004662
19,8,0.000466200466201
1666,289,0.0004662004662
1537,1,0.00186219496564
605,4,0.0004662004662
850,123,0.0004662004662
1271,41,0.00399183213028
388,289,0.0004662004662
404,317,0.0067398840894
13,213,0.0004662004662
424,8,0.00756423816402
1031,1041,0.000349596039251
1334,41,0.0004662004662
200,85,0.0004662004662
411,306,0.00414659377705
1105,912,0.0004662004662
486,289,0.0034732399706
137,8,0.0004662004662
972,1020,0.00127977024529
1550,289,0.00139729794902
274,5,0.0004662004662
1731,698,0.0004662004662
1769,1770,0.0002331002331
203,28,0.0004662004662
1136,55,0.00356076041309
1476,465,0.0004662004662
1972,221,0.0004662004662
1060,884,0.0004662004662
76,77,0.0278240723331
271,3,0.00527087997478
1538,2010,0.00046560305181
270,817,0.00754973936254
1767,1769,0.0002331002331
1291,41,0.0004662004662
1498,1454,0.0004662004662
1420,41,0.0004662004662
864,46,0.0004662004662
697,698,0.0004662004662
656,657,0.00337937889332
438,5,0.00046605563847
335,317,0.0004662004662
436,289,0.0004662004662
1323,41,0.0004662004662
1994,41,0.0004662004662
783,270,0.0004662004662
1192,41,0.0004662004662
1263,1280,0.000404561021621
1980,289,0.0004662004662
1585,999,0.000931966449206
969,317,0.0004662004662
1150,41,0.0004662004662
451,306,0.0004662004662
150,8,0.000466200466201
1649,593,0.0004662004662
401,317,0.0004662004662
1475,55,0.0004662004662
1895,8,0.0004662004662
1799,41,0.000466200466201
627,712,0.00353003614354
1134,1274,0.00413251091317
698,1850,0.00455618364805
1992,226,0.0004662004662
1888,289,0.0004662004662
224,4,0.0004662004662
1136,41,0.00371686784337
1462,5,0.0004662004662
1725,8,0.0004662004662
99,190,0.00495589082815
520,306,0.0004662004662
524,221,0.00341746667638
893,892,0.0003108003108
877,55,0.0004662004662
1503,221,0.0004662004662
63,8,0.0004662004662
606,317,0.0004662004662
288,289,0.0004662004662
1991,46,0.0004662004662
328,8,0.00537908603194
406,213,0.0004662004662
1297,3,0.0004662004662
775,8,0.0004662004662
1823,1030,0.0004662004662
1083,921,0.00232665749907
1454,1346,0.00319695546054
1825,1,0.0004662004662
1598,289,0.0004662004662
807,793,0.00247062840195
1692,72,0.0004662004662
822,306,0.0004662004662
578,5,0.0004662004662
275,162,0.0004662004662
1359,41,0.0004662004662
55,1869,0.00441562526498
557,5,0.0004662004662
55,1740,0.00520956169474
1481,817,0.0004662004662
1030,1073,0.00326981705794
1449,8,0.0004662004662
1187,1098,0.0004662004662
77,159,0.0119256197161
1,70,0.0233452438039
1659,8,0.0004662004662
982,885,0.0004662004662
216,46,0.00461651811865
1137,41,0.0004662004662
1807,8,0.0004662004662
226,317,0.00201498822188
2087,1625,0.0004662004662
770,8,0.0004662004662
1369,126,0.0004662004662
183,1,0.0004662004662
1987,162,0.0004662004662
1354,41,0.00371686784337
1933,156,0.0041028557591
184,8,0.00356984576315
1484,289,0.00519092773682
424,46,0.0125253194752
1183,738,0.00665166793417
1169,41,0.0004662004662
1979,648,0.0004662004662
458,289,0.0004662004662
802,306,0.0004662004662
167,162,0.0004662004662
350,317,0.0004662004662
222,8,0.0004662004662
1456,72,0.0004662004662
845,414,0.0004662004662
322,213,0.0004662004662
352,289,0.0004662004662
122,8,0.0004662004662
1789,289,0.0004662004662
1964,1546,0.0004662004662
1005,911,0.00381781393809
910,126,0.0004662004662
40,41,0.0004662004662
238,77,0.0004662004662
1423,1554,0.003540065562
1733,1526,0.0004662004662
248,270,0.0004662004662
219,8,0.0004662004662
1650,1651,0.0004662004662
468,702,0.00301267356881
2026,289,0.0004662004662
1878,8,0.0004662004662
1177,55,0.00278228512771
767,4,0.0004662004662
645,8,0.0004662004662
1721,8,0.0004662004662
550,8,0.0004662004662
1740,213,0.00521026255935
1821,1818,0.0004662004662
1085,111,0.0004662004662
1813,8,0.00758573877626
349,317,0.0004662004662
1512,721,0.0004662004662
307,3,0.0004662004662
669,317,0.0004662004662
260,241,0.0004662004662
1178,41,0.000637226771528
1803,1581,0.00563926411364
1924,72,0.000931966449208
1423,465,0.0074820911249
1620,46,0.0004662004662
774,213,0.00946181889002
1271,414,0.00391887044856
1355,41,0.0004662004662
97,8,0.0004662004662
958,289,0.0004662004662
139,8,0.0004662004662
1030,1067,0.00315341878104
1728,1128,0.00276727833399
1768,1744,0.00046605563847
848,1892,0.00627598693947
1424,596,0.0004662004662
1806,41,0.0004662004662
2081,721,0.0004662004662
1665,289,0.0004662004662
1273,3,0.0004662004662
955,160,0.0004662004662
600,160,0.0004662004662
903,8,0.0004662004662
1874,226,0.0004662004662
2074,289,0.0004662004662
742,5,0.00597129275146
14,8,0.0004662004662
565,541,0.0004662004662
1478,99,0.0004662004662
962,213,0.00741988342745
731,524,0.00323314851903
157,46,0.00544477913801
1194,41,0.0004662004662
1451,41,0.0004662004662
633,123,0.00322813891005
541,562,0.00331512381354
1368,317,0.00722524065914
1044,306,0.00538007079872
849,289,0.0004662004662
1127,162,0.0004662004662
1502,55,0.0004662004662
1272,41,0.0004662004662
1281,1208,0.0004662004662
218,306,0.00419891323944
1647,41,0.0004662004662
486,306,0.00346819965163
1227,41,0.0004662004662
803,740,0.0004662004662
735,731,0.0004662004662
1419,1841,0.00316219074643
41,234,0.00880558442999
2082,721,0.0004662004662
1606,5,0.00552559012295
1601,126,0.0004662004662
796,306,0.0004662004662
2015,41,0.0004662004662
1743,1744,0.0004662004662
323,317,0.0004662004662
393,8,0.0004662004662
434,289,0.0004662004662
1565,289,0.0004662004662
956,111,0.0004662004662
1673,289,0.0004662004662
1235,41,0.0004662004662
1829,827,0.00563034200344
740,575,0.00556963856798
291,221,0.0004662004662
1751,1744,0.0004662004662
561,317,0.0004662004662
853,4,0.0004662004662
232,4,0.0004662004662
212,213,0.00446527546601
1146,41,0.0004662004662
1702,221,0.0004662004662
679,8,0.0004662004662
303,41,0.0004662004662
1063,126,0.0004662004662
82,4,0.0004662004662
667,8,0.0004662004662
1720,155,0.0004662004662
825,289,0.00249335861268
863,123,0.00974186290653
1993,41,0.0004662004662
698,1976,0.00428600929692
1480,817,0.0004662004662
2030,213,0.0004662004662
1978,1162,0.0004662004662
1052,111,0.0004662004662
1973,3,0.0004662004662
1690,2106,0.00465727589519
294,289,0.0004662004662
752,740,0.00046605563847
1889,1719,0.0004662004662
1336,596,0.0004662004662
369,99,0.0004662004662
285,99,0.0004662004662
197,99,0.00492420351098
750,4,0.0004662004662
1021,873,0.0004662004662
1624,213,0.00689508028338
918,46,0.0004662004662
591,509,0.0116198932773
1932,41,0.0004662004662
4,764,0.00595866534288
2018,1924,0.0004662004662
1495,41,0.000710825937686
1628,1265,0.0004662004662
104,8,0.0004662004662
1739,1,0.0004662004662
1841,1668,0.00455865524671
1473,1454,0.0004662004662
215,213,0.0004662004662
1141,41,0.0004662004662
463,99,0.0004662004662
1548,162,0.0004662004662
125,126,0.0004662004662
1835,1803,0.0004662004662
2096,848,0.0004662004662
1050,289,0.0004662004662
1826,505,0.00341930406116
533,123,0.0004662004662
461,925,0.000931966449208
328,99,0.00483532148037
1708,289,0.0004662004662
1608,126,0.0004662004662
1055,884,0.0004662004662
317,213,0.0254045492086
1907,289,0.0004662004662
1780,1744,0.0004662004662
1203,1183,0.0004662004662
651,636,0.0004662004662
1275,41,0.00223873317136
8,1715,0.00758839077034
1603,8,0.00374549437025
1176,41,0.0004662004662
1535,289,0.0004662004662
1259,1360,0.0004662004662
311,306,0.00346819965163
614,306,0.00295464222221
696,4,0.0004662004662
2020,289,0.0004662004662
592,593,0.0004662004662
344,289,0.0004662004662
989,1484,0.00382430417731
1612,8,0.0004662004662
965,848,0.0004662004662
216,99,0.00461333364494
1618,989,0.0004662004662
1017,213,0.0004662004662
233,162,0.0004662004662
1211,1005,0.0004662004662
636,3,0.00139729794902
1097,1098,0.000931966449208
1043,111,0.0004662004662
348,8,0.00420926616275
1696,55,0.0004662004662
637,654,0.00363557024351
1915,55,0.0004662004662
41,1941,0.0055081424847
704,46,0.0004662004662
1474,55,0.0004662004662
828,270,0.0004662004662
37,299,0.00539468576678
1755,1744,0.0004662004662
113,8,0.0004662004662
1229,817,0.0004662004662
1151,41,0.0004662004662
659,657,0.0004662004662
1250,1112,0.00352401223671
1277,971,0.0004662004662
998,465,0.0004662004662
787,270,0.0004662004662
1400,912,0.00086816172713
570,8,0.0004662004662
1515,72,0.0004662004662
1487,289,0.0004662004662
1258,41,0.0004662004662
2000,648,0.0004662004662
41,389,0.00580314741109
386,213,0.0004662004662
1016,55,0.00540501978018
902,77,0.0004662004662
46,76,0.0288770218165
424,99,0.00719869165292
1896,3,0.0004662004662
336,99,0.0004662004662
1274,41,0.00423573992119
1177,41,0.00278826394101
143,3,0.0004662004662
657,804,0.00309847605373
1398,5,0.0004662004662
576,381,0.00356434310122
1943,289,0.0004662004662
1988,1030,0.0004662004662
755,177,0.0004662004662
1469,55,0.0004662004662
1742,8,0.00420926616275
160,663,0.00521650693618
1452,72,0.0004662004662
2017,41,0.0004662004662
280,99,0.0004662004662
847,848,0.0004662004662
576,575,0.00447868615592
395,306,0.00357864727309
1711,289,0.0004662004662
774,776,0.00257210188468
2121,1554,0.0004662004662
1655,289,0.0004662004662
1404,41,0.0004662004662
581,213,0.0004662004662
1662,8,0.00580419105446
1561,55,0.00356076041309
748,111,0.00601054314703
1144,41,0.0004662004662
1078,1543,0.00324771385077
590,8,0.00690934652324
1182,41,0.0004662004662
1724,8,0.0004662004662
9,8,0.000466200466201
1414,55,0.0004662004662
1562,162,0.0004662004662
817,863,0.00790797120681
2064,156,0.00422669425017
30,8,0.000466200466201
1509,1511,0.0003108003108
1361,1360,0.0033759569011
1863,509,0.00135746157789
1643,3,0.0004662004662
886,289,0.0004662004662
1948,46,0.0004662004662
1769,1744,0.000465874603806
1078,1668,0.00222039471226
708,4,0.0004662004662
1871,289,0.00754221683848
246,46,0.0004662004662
964,126,0.0004662004662
1048,884,0.0004662004662
1667,289,0.0004662004662
1838,8,0.0004662004662
1893,1419,0.00359799658991
527,289,0.0004662004662
883,289,0.0004662004662
132,8,0.0004662004662
312,626,0.00842014753769
485,1493,0.00332049026718
528,177,0.0025802220274
2083,917,0.0004662004662
595,596,0.0004662004662
2011,289,0.0004662004662
1876,974,0.0004662004662
174,8,0.000466200466201
1035,41,0.0004662004662
700,541,0.0004662004662
1497,41,0.0004662004662
805,793,0.00395007016111
558,160,0.0004662004662
1494,1265,0.0004662004662
2021,41,0.000523633713289
1852,1419,0.0004662004662
1658,8,0.0004662004662
857,712,0.00342807586823
1781,1744,0.00046605563847
304,8,0.0004662004662
843,270,0.0004662004662
1147,41,0.0004662004662
854,817,0.00382553677243
1810,1744,0.0004662004662
1922,55,0.00317217748797
88,4,0.0004662004662
2109,1690,0.0004662004662
2128,46,0.0004662004662
1051,41,0.0040113406468
2101,721,0.0004662004662
1770,1744,0.000465874603806
1417,41,0.0004662004662
41,576,0.00674078162812
55,1914,0.00529086296299
419,3,0.0004662004662
989,900,0.00380592459645
1133,162,0.00611151607279
50,8,0.000466200466201
394,5,0.00482818504515
1811,8,0.0004662004662
929,126,0.0004662004662
619,541,0.0004662004662
218,614,0.00302246570975
129,4,0.0004662004662
342,1518,0.00598818497945
1524,317,0.0004662004662
1869,162,0.0044090183496
715,842,0.00465537008264
2072,3,0.0004662004662
1304,702,0.00546454555011
202,3,0.0004662004662
832,414,0.0004662004662
913,123,0.0004662004662
731,732,0.00347560887779
95,8,0.0004662004662
2003,41,0.0004662004662
465,367,0.00533895404736
1695,3,0.0004662004662
1698,3,0.00501945169153
777,123,0.0004662004662
1104,1072,0.0003108003108
1913,509,0.00139729794902
1236,162,0.0004662004662
1508,289,0.0004662004662
1015,1005,0.0004662004662
6,4,0.0004662004662
1651,678,0.00424114880525
1999,156,0.0004662004662
549,46,0.0004662004662
1918,289,0.0004662004662
1818,55,0.00139729794902
1589,41,0.0004662004662
34,8,0.000466200466201
676,289,0.0004662004662
804,8,0.00575047415822
2039,1690,0.0046757487156
1844,55,0.0004662004662
41,1154,0.00595521528755
1201,55,0.00278228512771
593,424,0.00794192459911
1599,289,0.0004662004662
276,3,0.0004662004662
24,306,0.00395241700967
160,567,0.00493395628422
2115,721,0.0004662004662
1256,41,0.0004662004662
55,1301,0.00529086296299
1360,857,0.00326551568337
408,41,0.0004662004662
2070,2069,0.00232665749907
1765,1744,0.0004662004662
2117,721,0.0004662004662
185,188,0.00514236026318
2035,55,0.0004662004662
1138,41,0.0004662004662
37,41,0.00879984643096
970,317,0.0004662004662
616,8,0.0004662004662
547,46,0.00789557636559
2002,41,0.0004662004662
1112,1668,0.00234397370595
192,77,0.0004662004662
127,117,0.00407038102629
156,218,0.00543536227837
1,1270,0.00534854731972
1545,1546,0.0004662004662
1160,41,0.0004662004662
297,8,0.0004662004662
2071,1423,0.0004662004662
472,99,0.0004662004662
341,213,0.0004662004662
1326,1776,0.000621166138408
4,962,0.00931579182559
1777,1744,0.0004662004662
694,99,0.0004662004662
869,821,0.0004662004662
313,8,0.0004662004662
1224,41,0.0004662004662
2043,289,0.0055050727275
2050,1,0.00512458349126
250,85,0.0004662004662
1981,289,0.0004662004662
